	0.049617	0.002777	36.869400
	0.047700	0.045460	36.794900
	0.045783	-0.108217	36.554600
	0.043866	-0.078368	36.150400
	0.041949	0.265946	35.731400
	0.040033	0.044861	35.299200
	0.038116	0.184425	34.857800
	0.036199	0.290932	34.461000
	0.034282	0.403236	33.878000
	0.032365	0.453595	33.295000
	0.030448	0.645093	32.816300
	0.028531	0.695869	32.145800
	0.026614	0.748251	31.609300
	0.024698	0.896905	31.015100
	0.022781	0.990860	30.350100
	0.020864	1.043863	29.672100
	0.018947	1.235994	28.921400
	0.017030	1.351984	28.124200
	0.015113	1.300332	27.345600
	0.013196	1.327614	26.382600
	0.011279	1.647441	25.462500
	0.009363	1.915910	24.382100
	0.007446	2.114451	23.259000
	0.005529	2.058615	22.148800
	0.003612	2.225619	20.915800
	0.001695	2.495435	19.528100
	-0.000222	2.748287	18.153500
	-0.002139	2.906573	16.503200
	-0.004056	2.876934	14.789500
	-0.005972	3.448898	13.059100
	-0.007889	3.610599	11.196400
	-0.009806	3.876702	9.061830
	-0.011723	4.200370	6.569580
	-0.013640	4.794844	3.704820
	-0.015557	5.072124	0.426548
	-0.017474	5.750666	-3.278270
	-0.019391	6.295737	-7.931200
	-0.021307	7.766810	-13.064700
	-0.023224	8.735837	-19.254300
	-0.025141	9.752415	-25.129100
	-0.025141	11.520842	-28.789200
	-0.025148	13.978515	-30.227100
	-0.025155	14.105996	-30.776700
	-0.025161	13.947958	-30.946200
	-0.025168	14.082659	-31.117600
	-0.025175	13.882043	-31.274000
	-0.025182	14.057993	-31.275900
	-0.025189	13.972942	-31.300100
	-0.025195	14.153802	-31.430500
	-0.025202	14.050064	-31.588800
	-0.025209	13.992601	-31.680100
	-0.025216	14.064951	-31.763900
	-0.025223	14.063536	-31.857100
	-0.025229	13.973442	-31.972500
	-0.025236	14.213978	-32.110400
	-0.025243	14.241750	-32.229600
	-0.025250	14.129214	-32.188600
	-0.025256	14.047102	-32.155100
	-0.025263	14.152122	-32.048900
	-0.025270	14.213381	-32.063800
	-0.025277	14.222649	-32.296600
	-0.025284	14.244010	-32.365600
	-0.025290	14.291581	-32.246300
	-0.025297	14.234593	-32.274300
	-0.025304	14.411096	-32.207200
	-0.025311	14.400298	-32.240800
	-0.025317	14.450892	-32.188600
	-0.025324	14.195999	-32.335800
	-0.025331	14.402782	-32.551800
	-0.025338	14.237423	-32.678500
	-0.025345	14.259010	-32.760400
	-0.025351	14.281529	-32.831200
	-0.025358	14.083145	-32.870300
	-0.025365	14.158585	-32.857300
	-0.025372	14.198328	-32.693400
	-0.025378	14.247538	-32.851700
	-0.025385	14.241899	-32.987700
	-0.025392	14.283350	-33.080800
	-0.025399	14.256709	-33.136700
	-0.025406	14.327340	-33.011900
	-0.025412	14.256606	-32.834900
	-0.025419	14.292741	-32.771600
	-0.025426	14.348693	-32.823800
	-0.025433	14.279327	-32.920600
	-0.025439	14.221867	-32.868500
	-0.025446	14.292305	-32.820000
	-0.025453	14.308938	-32.978400
	-0.025460	14.460710	-32.956000
	-0.025467	14.368123	-32.833100
	-0.025473	14.408231	-32.870300
	-0.025480	14.195817	-32.913200
	-0.025487	14.412890	-32.920600
	-0.025494	14.389937	-32.937400
	-0.025501	14.370076	-32.993300
	-0.025507	14.249340	-33.086400
	-0.025514	14.281046	-33.214900
	-0.025521	14.343736	-33.352800
	-0.025528	14.276332	-33.557600
	-0.025534	14.266506	-33.641500
	-0.025541	14.425232	-33.658200
	-0.025548	14.479813	-33.602400
	-0.025555	14.503421	-33.505500
	-0.025562	14.365854	-33.475700
	-0.025568	14.445015	-33.479400
	-0.025575	14.536420	-33.518500
	-0.025582	14.474715	-33.501800
	-0.025589	14.407678	-33.490600
	-0.025595	14.484099	-33.445900
	-0.025602	14.534195	-33.492500
	-0.025609	14.696488	-33.561400
	-0.025616	14.627031	-33.617300
	-0.025623	14.552249	-33.673100
	-0.025629	14.822129	-33.729000
	-0.025636	14.646693	-33.889200
	-0.025643	14.620375	-34.001000
	-0.025650	14.590705	-34.028900
	-0.025656	14.677382	-34.103400
	-0.025663	14.522303	-34.068000
	-0.025670	14.591227	-34.082900
	-0.025677	14.679672	-34.107100
	-0.025684	14.663901	-34.060600
	-0.025690	14.655755	-34.043800
	-0.025697	14.545151	-34.071700
	-0.025704	14.529993	-34.142500
	-0.025711	14.452948	-34.224500
	-0.025718	14.550680	-34.252400
	-0.025724	14.529062	-34.205800
	-0.025731	14.589246	-34.120200
	-0.025738	14.413945	-34.256100
	-0.025745	14.437879	-34.533700
	-0.025751	14.381128	-34.699400
	-0.025758	14.456709	-34.755300
	-0.025765	14.482988	-34.742300
	-0.025772	14.304537	-34.760900
	-0.025779	14.753548	-34.882000
	-0.025785	14.772781	-35.014200
	-0.025792	14.508668	-34.971400
	-0.025799	14.696275	-35.019800
	-0.025806	14.729471	-35.027300
	-0.025812	14.425997	-34.936000
	-0.025819	14.595842	-34.870800
	-0.025826	14.636746	-34.861500
	-0.025833	14.642095	-34.665900
	-0.025840	14.606554	-34.764600
	-0.025846	14.445996	-34.945300
	-0.025853	14.501589	-35.025400
	-0.025860	14.241354	-35.062700
	-0.025867	14.529377	-35.075700
	-0.025873	14.502003	-35.193100
	-0.025880	14.434345	-35.118500
	-0.025887	14.682524	-35.140900
	-0.025894	14.575464	-35.105500
	-0.025901	14.516512	-34.997500
	-0.025907	14.460356	-34.960200
	-0.025914	14.588379	-34.954600
	-0.025921	14.574138	-34.852200
	-0.025928	14.475591	-34.857800
	-0.025935	14.426661	-34.978800
	-0.025941	14.595239	-35.098100
	-0.025948	14.642813	-35.153900
	-0.025955	14.545960	-35.243300
	-0.025962	14.622848	-35.200500
	-0.025968	14.558756	-35.269400
	-0.025975	14.689213	-35.319700
	-0.025982	14.560002	-35.288000
	-0.025989	14.623726	-35.325300
	-0.025996	14.646687	-35.330900
	-0.026002	14.544513	-35.379300
	-0.026009	14.639459	-35.379300
	-0.026016	14.560174	-35.381200
	-0.026023	14.633891	-35.424000
	-0.026029	14.480421	-35.437100
	-0.026036	14.641567	-35.517200
	-0.026043	14.638370	-35.440800
	-0.026050	14.635577	-35.384900
	-0.026057	14.784847	-35.409100
	-0.026063	14.733068	-35.373700
	-0.026070	14.815827	-35.360700
	-0.026077	14.638155	-35.474300
	-0.026084	14.794134	-35.580500
	-0.026090	14.756344	-35.591700
	-0.026097	14.811737	-35.524600
	-0.026104	14.760773	-35.591700
	-0.026111	14.840382	-35.753700
	-0.026118	14.699160	-35.761200
	-0.026124	14.625356	-35.647500
	-0.026131	14.735524	-35.589800
	-0.026138	14.800735	-35.705300
	-0.026145	14.847143	-35.787200
	-0.026151	14.768117	-35.831900
	-0.026158	14.776459	-35.839400
	-0.026165	14.643769	-35.738800
	-0.026172	14.808170	-35.699700
	-0.026179	14.717567	-35.763000
	-0.026185	14.747756	-35.699700
	-0.026192	14.860279	-35.859900
	-0.026199	14.789511	-36.049900
	-0.026206	14.842219	-36.029400
	-0.026213	14.689174	-35.986500
	-0.026219	14.916274	-35.969800
	-0.026226	14.678935	-35.979100
	-0.026233	14.702559	-35.943700
	-0.026240	14.691382	-35.962300
	-0.026246	14.745878	-35.848700
	-0.026253	14.840899	-35.856200
	-0.026260	14.828086	-35.828200
	-0.026267	14.952141	-35.835700
	-0.026274	14.868142	-35.861700
	-0.026280	14.715393	-35.880400
	-0.026287	14.740363	-35.895300
	-0.026294	14.959276	-36.007000
	-0.026301	14.687099	-36.010800
	-0.026307	14.733491	-36.029400
	-0.026314	14.890202	-36.027500
	-0.026321	14.864813	-36.044300
	-0.026328	14.719427	-36.133700
	-0.026335	14.696682	-36.103900
	-0.026341	15.009336	-36.036800
	-0.026348	14.856512	-36.062900
	-0.026355	14.930686	-36.061000
	-0.026362	14.943725	-36.038700
	-0.026368	14.741236	-36.077800
	-0.026375	14.822450	-36.280800
	-0.026382	14.911655	-36.564000
	-0.026389	14.840147	-36.651500
	-0.026396	14.724301	-36.545300
	-0.026402	14.865584	-36.422400
	-0.026409	14.792938	-36.435400
	-0.026416	14.921016	-36.498800
	-0.026423	14.927418	-36.509900
	-0.026430	14.946328	-36.653400
	-0.026436	14.812121	-36.821000
	-0.026443	14.834618	-36.942100
	-0.026450	14.877070	-37.059400
	-0.026457	14.825807	-37.066900
	-0.026463	15.120372	-37.132100
	-0.026470	14.968269	-37.135800
	-0.026477	14.931162	-37.264300
	-0.026484	14.848762	-37.310900
	-0.026491	15.141247	-37.204700
	-0.026497	15.148171	-37.253100
	-0.026504	15.052382	-37.337000
	-0.026511	15.056175	-37.329500
	-0.026518	14.998257	-37.376100
	-0.026524	15.118275	-37.407700
	-0.026531	15.132991	-37.450600
	-0.026538	15.018079	-37.569800
	-0.026545	15.039252	-37.581000
	-0.026552	14.969919	-37.430100
	-0.026558	15.183433	-37.323900
	-0.026565	14.997997	-37.310900
	-0.026572	14.979330	-37.338800
	-0.026579	14.908488	-37.309000
	-0.026585	14.980974	-37.301600
	-0.026592	14.981432	-37.372300
	-0.026599	15.048174	-37.202800
	-0.026606	15.092976	-37.040800
	-0.026613	15.314382	-37.042700
	-0.026619	15.309516	-37.061300
	-0.026626	15.112771	-37.089200
	-0.026633	15.254542	-37.180500
	-0.026640	15.262403	-37.297800
	-0.026647	15.488497	-37.318300
	-0.026653	15.244747	-37.258700
	-0.026660	15.164042	-37.389100
	-0.026667	15.310549	-37.404000
	-0.026674	15.179993	-37.353700
	-0.026680	15.220449	-37.269900
	-0.026687	15.390443	-37.331400
	-0.026694	15.259828	-37.322100
	-0.026701	15.469996	-37.307200
	-0.026708	15.389915	-37.310900
	-0.026714	15.387213	-37.245700
	-0.026721	15.244239	-37.381700
	-0.026728	15.330023	-37.554900
	-0.026735	15.349914	-37.849200
	-0.026741	15.398265	-37.931100
	-0.026748	15.355755	-37.892000
	-0.026755	15.377545	-37.901300
	-0.026762	15.246430	-37.875300
	-0.026769	15.382167	-37.968400
	-0.026775	15.315965	-38.098800
	-0.026782	15.337226	-38.173300
	-0.026789	15.429791	-38.221700
	-0.026796	15.206747	-38.361400
	-0.026802	15.628998	-38.398700
	-0.026809	15.498525	-38.411700
	-0.026816	15.511005	-38.367000
	-0.026823	15.492076	-38.292500
	-0.026830	15.598516	-38.272000
	-0.026836	15.432073	-38.275700
	-0.026843	15.410908	-38.272000
	-0.026850	15.387909	-38.238500
	-0.026857	15.594366	-38.268300
	-0.026863	15.391758	-38.340900
	-0.026870	15.548884	-38.331600
	-0.026877	15.474848	-38.262700
	-0.026884	15.569919	-38.255200
	-0.026891	15.565995	-38.313000
	-0.026897	15.388721	-38.419200
	-0.026904	15.545720	-38.516000
	-0.026911	15.639992	-38.426600
	-0.026918	15.523516	-38.482500
	-0.026925	15.710060	-38.449000
	-0.026931	15.701337	-38.462000
	-0.026938	15.591512	-38.445200
	-0.026945	15.842252	-38.409800
	-0.026952	15.828777	-38.443400
	-0.026958	15.758018	-38.517900
	-0.026965	15.802608	-38.586800
	-0.026972	15.733397	-38.655700
	-0.026979	16.048262	-38.825200
	-0.026986	15.700240	-38.985400
	-0.026992	15.751887	-38.989100
	-0.026999	15.858601	-39.080400
	-0.027006	15.671922	-39.128800
	-0.027013	15.690487	-39.194000
	-0.027019	15.767261	-39.229400
	-0.027026	15.761058	-39.348600
	-0.027033	15.802263	-39.443600
	-0.027040	15.878733	-39.521800
	-0.027047	15.840241	-39.562800
	-0.027053	15.966260	-39.484600
	-0.027060	15.881861	-39.475300
	-0.027067	15.815738	-39.454800
	-0.027074	15.941067	-39.467800
	-0.027080	15.934148	-39.493900
	-0.027087	15.920690	-39.452900
	-0.027094	15.691316	-39.300200
	-0.027101	15.934469	-39.125100
	-0.027108	15.907134	-39.041300
	-0.027114	15.878045	-39.063600
	-0.027121	15.983438	-39.108300
	-0.027128	15.928813	-39.192100
	-0.027135	15.867291	-39.272200
	-0.027142	16.011215	-39.300200
	-0.027148	15.909754	-39.283400
	-0.027155	15.982355	-39.255500
	-0.027162	15.817040	-39.279700
	-0.027169	15.772527	-39.149300
	-0.027175	15.883389	-39.171700
	-0.027182	15.889420	-39.140000
	-0.027189	15.891222	-39.127000
	-0.027196	16.153910	-39.223800
	-0.027203	16.038931	-39.268500
	-0.027209	16.004142	-39.216400
	-0.027216	15.993686	-39.261100
	-0.027223	15.955043	-39.344900
	-0.027230	15.879241	-39.441700
	-0.027236	16.113821	-39.486400
	-0.027243	16.029012	-39.501300
	-0.027250	15.945098	-39.506900
	-0.027257	16.042545	-39.626100
	-0.027264	16.077398	-39.693200
	-0.027270	16.105999	-39.806800
	-0.027277	16.072102	-39.775200
	-0.027284	15.995623	-39.777000
	-0.027291	16.188401	-39.691300
	-0.027297	16.106861	-39.693200
	-0.027304	16.146303	-39.648500
	-0.027311	16.119543	-39.587000
	-0.027318	16.112652	-39.460400
	-0.027325	15.960207	-39.536700
	-0.027331	16.143195	-39.616800
	-0.027338	16.245717	-39.771400
	-0.027345	16.391249	-39.780700
	-0.027352	16.187959	-39.693200
	-0.027359	16.386848	-39.635500
	-0.027365	16.444808	-39.553500
	-0.027372	16.325169	-39.583300
	-0.027379	16.315246	-39.516200
	-0.027386	16.269841	-39.357900
	-0.027392	16.457698	-39.482700
	-0.027399	16.482104	-39.628000
	-0.027406	16.290434	-39.655900
	-0.027413	16.424619	-39.667100
	-0.027420	16.579457	-39.536700
	-0.027426	16.397140	-39.538600
	-0.027433	16.371720	-39.592600
	-0.027440	16.697223	-39.523700
	-0.027447	16.546673	-39.479000
	-0.027453	16.695842	-39.428700
	-0.027460	16.523837	-39.426800
	-0.027467	16.390291	-39.432400
	-0.027474	16.556189	-39.680200
	-0.027481	16.316526	-39.760300
	-0.027487	16.418852	-39.836600
	-0.027494	16.549843	-39.898100
	-0.027501	16.466258	-39.834800
	-0.027508	16.492623	-39.862700
	-0.027514	16.589492	-39.879500
	-0.027521	16.668159	-39.886900
	-0.027528	16.776271	-39.855300
	-0.027535	16.593990	-39.827300
	-0.027542	16.726304	-39.724900
	-0.027548	16.629490	-39.652200
	-0.027555	16.691810	-39.711800
	-0.027562	16.732375	-39.778900
	-0.027569	16.750182	-39.711800
	-0.027575	16.624489	-39.845900
	-0.027582	16.623234	-39.983800
	-0.027589	16.735229	-40.091800
	-0.027596	16.719529	-40.022900
	-0.027603	16.583342	-39.918600
	-0.027609	16.705562	-40.000500
	-0.027616	16.536433	-40.008000
	-0.027623	16.720996	-40.011700
	-0.027630	16.455932	-40.171900
	-0.027637	16.651937	-40.369300
	-0.027643	16.608820	-40.538800
	-0.027650	16.678736	-40.609600
	-0.027657	16.487569	-40.449400
	-0.027664	16.634872	-40.425200
	-0.027670	16.774110	-40.442000
	-0.027677	16.723420	-40.065700
	-0.027684	16.870449	-39.395200
	-0.027691	17.161566	-38.929500
	-0.027698	16.977083	-38.687400
	-0.027704	17.012127	-38.650100
	-0.027711	17.091086	-38.754400
	-0.027718	16.989741	-38.810300
	-0.027725	17.116874	-39.005900
	-0.027731	17.135071	-39.108300
	-0.027738	17.204520	-39.117600
	-0.027745	16.945159	-39.026400
	-0.027752	16.894905	-38.920200
	-0.027759	17.111707	-38.864300
	-0.027765	17.023171	-38.869900
	-0.027772	17.073707	-38.853100
	-0.027779	17.197516	-38.843800
	-0.027786	16.983383	-38.899700
	-0.027792	17.145212	-38.849400
	-0.027799	17.164951	-38.884800
	-0.027806	17.040224	-38.849400
	-0.027813	17.267330	-38.842000
	-0.027820	17.170563	-38.996600
	-0.027826	17.105241	-39.089700
	-0.027833	17.122049	-39.011500
	-0.027840	17.303440	-39.026400
	-0.027847	17.257060	-39.123200
	-0.027854	17.237785	-39.251800
	-0.027860	17.325699	-39.417500
	-0.027867	17.084682	-39.514400
	-0.027874	17.272278	-39.462200
	-0.027881	17.172066	-39.462200
	-0.027887	17.200177	-39.439900
	-0.027894	17.209521	-39.380300
	-0.027901	17.298643	-39.063600
	-0.027908	17.483082	-38.834500
	-0.027915	17.430504	-38.756300
	-0.027921	17.435944	-38.793500
	-0.027928	17.574840	-38.758200
	-0.027935	17.352874	-35.275000
	-0.027942	19.592656	-32.097300
	-0.027948	21.427039	-28.371900
	-0.027955	21.778233	-24.682000
	-0.027962	24.117888	-22.512000
	-0.027969	24.169040	-21.387000
	-0.027976	24.205869	-20.975400
	-0.027982	24.176091	-20.865500
	-0.027989	24.260533	-20.867300
	-0.027996	24.140661	-20.880400
	-0.028003	24.357455	-20.990300
	-0.028009	24.191374	-20.949300
	-0.028016	24.286975	-20.995900
	-0.028023	24.172610	-20.867300
	-0.028030	24.229833	-20.917600
	-0.028037	24.281739	-21.070400
	-0.028043	24.127260	-21.083400
	-0.028050	24.238083	-20.977200
	-0.028057	24.364697	-20.934400
	-0.028064	24.406604	-20.882200
	-0.028071	24.360464	-20.828200
	-0.028077	24.275934	-20.904600
	-0.028084	24.366645	-21.008900
	-0.028091	24.275235	-21.048000
	-0.028098	24.434499	-20.958600
	-0.028104	24.436950	-20.671800
	-0.028111	24.357789	-20.617700
	-0.028118	24.277644	-20.615900
	-0.028125	24.463547	-20.627000
	-0.028132	24.207369	-18.542700
	-0.028138	25.153979	-15.737600
	-0.028145	27.269278	-14.273500
	-0.028152	27.320518	-13.670000
	-0.028159	27.299928	-13.519100
	-0.028165	27.292893	-13.461400
	-0.028172	27.134284	-13.522900
	-0.028179	27.237414	-13.612300
	-0.028186	27.287691	-13.612300
	-0.028193	27.479904	-13.603000
	-0.028199	27.467424	-13.508000
	-0.028206	27.539357	-13.467000
	-0.028213	27.432322	-13.403700
	-0.028220	27.373577	-13.414800
	-0.028226	27.449041	-13.452100
	-0.028233	27.396944	-13.440900
	-0.028240	27.545695	-13.452100
	-0.028247	27.476323	-13.493100
	-0.028254	27.326260	-13.638300
	-0.028260	27.371977	-13.763100
	-0.028267	27.550000	-13.757600
	-0.028274	27.387862	-13.731500
	-0.028281	27.416990	-13.768700
	-0.028288	27.384704	-13.712900
	-0.028294	27.594408	-13.660700
	-0.028301	27.497806	-13.684900
	-0.028308	27.466506	-13.548900
	-0.028315	27.489608	-13.638300
	-0.028321	27.462801	-13.774300
	-0.028328	27.584792	-13.746400
	-0.028335	27.554910	-13.735200
	-0.028342	27.383306	-13.720300
	-0.028349	27.471574	-13.750100
	-0.028355	27.560665	-13.712900
	-0.028362	27.637083	-13.735200
	-0.028369	27.504258	-13.657000
	-0.028376	27.564279	-13.580600
	-0.028382	27.560240	-13.504200
	-0.028389	27.546632	-13.515400
	-0.028396	27.438290	-13.498600
	-0.028403	27.445864	-13.498600
	-0.028410	27.502274	-13.440900
	-0.028416	27.479866	-13.459500
	-0.028423	27.498030	-13.571300
	-0.028430	27.543858	-13.731500
	-0.028437	27.648406	-13.765000
	-0.028443	27.386710	-13.629000
	-0.028450	27.586422	-13.381300
	-0.028457	27.687279	-13.278900
	-0.028464	27.558281	-13.280700
	-0.028471	27.561210	-13.394300
	-0.028477	27.672013	-13.580600
	-0.028484	27.744203	-13.742700
	-0.028491	27.527390	-13.738900
	-0.028498	27.758687	-13.765000
	-0.028504	27.563688	-13.761300
	-0.028511	27.760414	-13.778000
	-0.028518	27.660027	-13.727800
	-0.028525	27.731988	-13.668100
	-0.028532	27.472936	-13.591800
	-0.028538	27.607035	-13.740800
	-0.028545	27.481488	-13.858100
	-0.028552	27.523917	-13.921500
	-0.028559	27.629600	-13.919600
	-0.028566	27.634720	-14.048100
	-0.028572	27.609085	-14.102100
	-0.028579	27.589708	-14.135700
	-0.028586	27.719573	-14.096600
	-0.028593	27.561975	-13.914000
	-0.028599	27.754951	-13.720300
	-0.028606	27.933659	-13.610400
	-0.028613	27.977904	-13.524700
	-0.028620	28.059195	-13.396200
	-0.028627	27.924981	-13.381300
	-0.028633	27.928937	-13.357100
	-0.028640	27.952420	-13.325400
	-0.028647	28.137442	-13.312400
	-0.028654	28.127199	-13.204300
	-0.028660	27.862721	-13.174500
	-0.028667	27.972231	-13.308700
	-0.028674	28.181410	-13.394300
	-0.028681	27.884077	-13.468800
	-0.028688	27.996430	-13.511700
	-0.028694	28.179689	-13.522900
	-0.028701	28.178631	-13.500500
	-0.028708	28.351580	-13.515400
	-0.028715	28.234231	-13.496800
	-0.028721	28.389224	-13.444600
	-0.028728	28.265125	-13.418600
	-0.028735	28.489354	-13.537800
	-0.028742	28.341249	-13.727800
	-0.028749	28.309505	-13.696100
	-0.028755	28.383897	-13.567600
	-0.028762	28.336928	-13.508000
	-0.028769	28.127152	-13.444600
	-0.028776	28.247118	-13.439000
	-0.028783	28.418714	-13.390600
	-0.028789	28.364973	-13.362700
	-0.028796	28.424282	-13.286300
	-0.028803	28.253379	-13.271400
	-0.028810	28.434897	-13.256500
	-0.028816	28.365241	-13.319800
	-0.028823	28.500033	-13.303100
	-0.028830	28.317639	-13.334700
	-0.028837	28.421629	-13.364500
	-0.028844	28.376453	-13.429700
	-0.028850	28.370416	-13.468800
	-0.028857	28.399362	-13.468800
	-0.028864	28.348080	-13.589900
	-0.028871	28.481946	-13.610400
	-0.028877	28.335530	-13.595500
	-0.028884	28.541573	-13.576900
	-0.028891	28.411748	-13.502400
	-0.028898	28.530697	-13.504200
	-0.028905	28.669488	-13.429700
	-0.028911	28.488555	-13.316100
	-0.028918	28.486594	-13.206200
	-0.028925	28.556645	-13.223000
	-0.028932	28.624226	-13.334700
	-0.028938	28.664605	-13.331000
	-0.028945	28.592565	-13.198800
	-0.028952	28.622124	-13.141000
	-0.028959	28.542841	-13.092600
	-0.028966	28.702216	-13.128000
	-0.028972	28.658662	-13.198800
	-0.028979	28.678161	-13.230400
	-0.028986	28.753874	-13.079600
	-0.028993	28.789768	-13.055300
	-0.029000	28.637771	-13.114900
	-0.029006	28.696950	-13.193200
	-0.029013	28.814951	-13.183900
	-0.029020	28.731557	-12.913800
	-0.029027	28.755418	-10.768000
	-0.029033	28.853426	-0.506643
	-0.029040	40.604250	6.189600
	-0.029047	40.784784	9.223880
	-0.029054	40.824044	10.429000
	-0.029061	40.760884	10.980400
	-0.029067	40.894123	11.151700
	-0.029074	40.712282	11.209500
	-0.029081	40.719211	11.179700
	-0.029088	40.694540	11.116300
	-0.029094	40.955255	11.058600
	-0.029101	40.831054	11.028800
	-0.029108	40.821911	11.045500
	-0.029115	40.819640	11.060400
	-0.029122	40.957308	11.066000
	-0.029128	40.778852	11.205700
	-0.029135	40.678976	11.529800
	-0.029142	40.889650	11.671400
	-0.029149	40.863940	11.729100
	-0.029155	40.857259	11.853900
	-0.029162	40.784618	11.788700
	-0.029169	40.794170	11.736600
	-0.029176	40.516509	11.555900
	-0.029183	40.693769	11.606200
	-0.029189	40.645452	11.859500
	-0.029196	40.895082	12.077400
	-0.029203	41.019864	12.215300
	-0.029210	40.845828	12.325200
	-0.029216	41.101417	12.295400
	-0.029223	41.142476	12.338200
	-0.029230	40.988343	12.381100
	-0.029237	41.009668	12.517000
	-0.029244	40.925624	12.477900
	-0.029250	40.999337	12.466700
	-0.029257	40.942788	12.805700
	-0.029264	41.427835	13.167100
	-0.029271	41.845051	13.394300
	-0.029278	41.867316	13.437200
	-0.029284	41.861494	13.433500
	-0.029291	41.721613	13.541500
	-0.029298	41.949005	13.576900
	-0.029305	41.941211	13.670000
	-0.029311	41.950014	13.781800
	-0.029318	41.783201	13.880500
	-0.029325	41.666575	13.932600
	-0.029332	41.751506	13.966200
	-0.029339	41.811491	14.018300
	-0.029345	41.728335	14.003400
	-0.029352	41.890155	13.908400
	-0.029359	41.988265	13.828300
	-0.029366	42.032369	13.830200
	-0.029372	41.797383	13.949400
	-0.029379	42.002699	13.796700
	-0.029386	41.907482	13.729600
	-0.029393	42.180764	13.556400
	-0.029400	41.917523	13.588100
	-0.029406	41.864951	13.623400
	-0.029413	41.944800	13.733300
	-0.029420	41.984345	13.699800
	-0.029427	41.932308	13.677500
	-0.029433	41.750752	13.686800
	-0.029440	41.855584	13.774300
	-0.029447	41.976053	13.768700
	-0.029454	41.936765	13.617900
	-0.029461	41.918371	13.494900
	-0.029467	41.997231	13.489300
	-0.029474	41.963434	13.548900
	-0.029481	41.872875	13.696100
	-0.029488	41.913555	13.766900
	-0.029495	41.904553	13.776200
	-0.029501	41.972839	13.791100
	-0.029508	41.988978	13.889800
	-0.029515	41.896361	13.977300
	-0.029522	42.059419	14.128200
	-0.029528	41.933096	14.159900
	-0.029535	41.977144	14.018300
	-0.029542	42.013390	14.023900
	-0.029549	42.087942	14.122600
	-0.029556	42.096999	14.048100
	-0.029562	41.918305	13.940100
	-0.029569	41.832120	13.822700
	-0.029576	42.106153	13.822700
	-0.029583	42.139755	13.949400
	-0.029589	42.193120	14.029500
	-0.029596	42.254998	14.022100
	-0.029603	42.170107	13.982900
	-0.029610	42.176332	14.059300
	-0.029617	42.206897	14.016500
	-0.029623	42.300141	13.958700
	-0.029630	42.183900	13.914000
	-0.029637	42.220256	13.942000
	-0.029644	42.324210	14.068600
	-0.029650	42.098265	14.104000
	-0.029657	42.124312	14.100300
	-0.029664	42.056894	14.126400
	-0.029671	42.022229	14.055600
	-0.029678	42.188616	14.001600
	-0.029684	42.242460	13.928900
	-0.029691	42.293175	13.794800
	-0.029698	42.234999	13.826500
	-0.029705	42.177664	13.854400
	-0.029712	42.181888	13.908400
	-0.029718	42.275635	13.988500
	-0.029725	42.045814	14.023900
	-0.029732	42.209588	13.850700
	-0.029739	42.094593	13.832100
	-0.029745	42.206247	13.765000
	-0.029752	42.083905	13.806000
	-0.029759	42.258767	14.502600
	-0.029766	42.700232	14.975700
	-0.029773	43.275793	15.275700
	-0.029779	43.414103	15.255100
	-0.029786	43.340103	15.502900
	-0.029793	43.480078	15.750600
	-0.029800	43.362903	15.936900
	-0.029806	43.407515	16.134300
	-0.029813	43.269496	16.249800
	-0.029820	43.515879	16.199500
	-0.029827	43.347604	16.223800
	-0.029834	43.498243	16.166000
	-0.029840	43.393217	16.218200
	-0.029847	43.453169	16.203300
	-0.029854	43.529310	16.275900
	-0.029861	43.472104	16.195800
	-0.029867	43.344969	16.130600
	-0.029874	43.495786	16.143700
	-0.029881	43.304250	16.240500
	-0.029888	43.588600	16.179100
	-0.029895	43.520717	16.004000
	-0.029901	43.454799	15.841900
	-0.029908	43.685447	15.819600
	-0.029915	43.475879	15.843800
	-0.029922	43.388456	15.828900
	-0.029928	43.553100	15.881000
	-0.029935	43.492009	15.925700
	-0.029942	43.346502	16.050500
	-0.029949	43.454990	16.076600
	-0.029956	43.578332	16.058000
	-0.029962	43.472372	16.039400
	-0.029969	43.432792	16.007700
	-0.029976	43.582670	16.028200
	-0.029983	43.433532	16.085900
	-0.029990	43.611503	16.197700
	-0.029996	43.504147	16.337400
	-0.030003	43.543156	16.415600
	-0.030010	43.514976	16.531100
	-0.030017	43.459853	16.499400
	-0.030023	43.567982	16.324300
	-0.030030	43.696737	16.302000
	-0.030037	43.613381	16.255400
	-0.030044	43.498030	16.197700
	-0.030051	43.660309	16.149200
	-0.030057	43.532875	16.281500
	-0.030064	43.678360	16.430500
	-0.030071	43.520505	16.408200
	-0.030078	43.694830	16.318800
	-0.030084	43.613854	16.225600
	-0.030091	43.842167	16.056100
	-0.030098	43.590896	15.983500
	-0.030105	43.770394	15.897800
	-0.030112	43.728070	15.931300
	-0.030118	43.655772	16.007700
	-0.030125	43.601663	16.138100
	-0.030132	43.479598	16.261000
	-0.030139	43.615741	16.410000
	-0.030145	43.608820	16.495700
	-0.030152	43.692761	16.635400
	-0.030159	43.767664	16.862600
	-0.030166	44.079973	16.944600
	-0.030173	44.326196	17.015400
	-0.030179	44.458123	17.037700
	-0.030186	44.293568	16.959500
	-0.030193	44.269532	16.851500
	-0.030200	44.296983	16.909200
	-0.030207	44.256662	16.933400
	-0.030213	44.314293	16.948300
	-0.030220	44.353294	17.140200
	-0.030227	44.494167	17.222100
	-0.030234	44.294640	17.341300
	-0.030240	44.198781	17.373000
	-0.030247	44.186373	17.319000
	-0.030254	44.345178	17.190500
	-0.030261	44.292153	17.181200
	-0.030268	44.201337	17.129000
	-0.030274	44.248229	16.993000
	-0.030281	44.257397	16.851500
	-0.030288	44.465266	16.726700
	-0.030295	44.552937	16.538500
	-0.030301	44.272370	16.391400
	-0.030308	44.419969	16.370900
	-0.030315	44.316819	16.279600
	-0.030322	44.249765	16.212600
	-0.030329	44.281325	16.264700
	-0.030335	44.332399	16.328100
	-0.030342	44.323157	16.372800
	-0.030349	44.332292	16.527400
	-0.030356	44.214708	16.529200
	-0.030362	44.535535	16.503200
	-0.030369	44.472809	16.609300
	-0.030376	44.380534	16.661500
	-0.030383	44.372599	16.724800
	-0.030390	44.347146	16.728500
	-0.030396	44.188658	16.652200
	-0.030403	44.256548	16.519900
	-0.030410	44.341194	16.475200
	-0.030417	44.256662	16.328100
	-0.030424	44.208527	16.160400
	-0.030430	44.257817	16.169700
	-0.030437	44.263033	16.248000
	-0.030444	44.300973	16.434200
	-0.030451	44.283612	16.579500
	-0.030457	44.387047	16.676400
	-0.030464	44.177056	16.609300
	-0.030471	44.240454	16.473400
	-0.030478	44.326500	16.328100
	-0.030485	44.273671	16.307600
	-0.030491	44.262608	16.307600
	-0.030498	44.228772	16.305700
	-0.030505	44.317998	16.244200
	-0.030512	44.352542	16.261000
	-0.030518	44.307546	16.363500
	-0.030525	44.408861	16.426800
	-0.030532	44.507073	16.497600
	-0.030539	44.302169	16.525500
	-0.030546	44.416189	16.581400
	-0.030552	44.379128	16.577700
	-0.030559	44.312680	16.555300
	-0.030566	44.274027	16.533000
	-0.030573	44.345325	16.592600
	-0.030579	44.365744	16.693100
	-0.030586	44.323431	16.763900
	-0.030593	44.421601	16.799300
	-0.030600	44.389080	16.771400
	-0.030607	44.542990	16.804900
	-0.030613	44.567164	16.791900
	-0.030620	44.589235	16.808600
	-0.030627	44.481794	16.726700
	-0.030634	44.339658	16.693100
	-0.030640	44.303177	16.613000
	-0.030647	44.547524	16.518100
	-0.030654	44.419659	16.627900
	-0.030661	44.395571	16.916700
	-0.030668	44.539523	17.021000
	-0.030674	44.408576	16.968800
	-0.030681	44.500461	16.914800
	-0.030688	44.419035	16.963200
	-0.030695	44.491451	17.067500
	-0.030702	44.493584	17.194200
	-0.030708	44.439495	17.354400
	-0.030715	44.432797	17.503400
	-0.030722	44.455460	17.631900
	-0.030729	44.343515	17.672900
	-0.030735	44.394825	17.702700
	-0.030742	44.175572	17.717600
	-0.030749	44.371632	17.728800
	-0.030756	44.387434	17.605800
	-0.030763	44.257314	17.477300
	-0.030769	44.421107	17.425200
	-0.030776	44.195524	17.501500
	-0.030783	44.392625	17.598400
	-0.030790	44.373331	17.741800
	-0.030796	44.423834	17.840500
	-0.030803	44.258273	17.818200
	-0.030810	44.266506	17.659900
	-0.030817	44.314987	17.652400
	-0.030824	44.468485	17.743700
	-0.030830	44.490357	17.792100
	-0.030837	44.292396	17.779100
	-0.030844	44.304136	17.890800
	-0.030851	44.459425	17.857300
	-0.030857	44.343261	17.818200
	-0.030864	44.476039	17.808900
	-0.030871	44.295684	17.868500
	-0.030878	44.408612	17.907600
	-0.030885	44.358618	17.961600
	-0.030891	44.443316	17.987700
	-0.030898	44.439003	18.052900
	-0.030905	44.357759	18.004400
	-0.030912	44.422046	17.943000
	-0.030919	44.538647	17.877800
	-0.030925	44.349271	17.743700
	-0.030932	44.474376	17.728800
	-0.030939	44.490479	17.676600
	-0.030946	44.295734	17.672900
	-0.030952	44.419018	17.594700
	-0.030959	44.593399	17.661700
	-0.030966	44.549027	17.764200
	-0.030973	44.426829	17.820000
	-0.030980	44.645090	17.959700
	-0.030986	44.544463	17.985800
	-0.030993	44.673688	17.907600
	-0.031000	44.492078	18.015600
	-0.031007	44.468493	18.119900
	-0.031013	44.280059	18.041700
	-0.031020	44.473643	18.015600
	-0.031027	44.551785	17.984000
	-0.031034	44.374679	18.038000
	-0.031041	44.382488	18.090100
	-0.031047	44.379786	18.129200
	-0.031054	44.296005	18.080800
	-0.031061	44.451177	17.892700
	-0.031068	44.403147	17.749300
	-0.031074	44.583753	17.689700
	-0.031081	44.604880	17.717600
	-0.031088	44.357101	17.918800
	-0.031095	44.560511	18.038000
	-0.031102	44.649704	18.116200
	-0.031108	44.554559	18.129200
	-0.031115	44.544239	18.203700
	-0.031122	44.606855	18.365800
	-0.031129	44.503578	18.356500
	-0.031136	44.705860	18.356500
	-0.031142	44.833941	18.332300
	-0.031149	44.589793	18.397500
	-0.031156	44.567042	18.356500
	-0.031163	44.416189	18.285700
	-0.031169	44.720905	18.239100
	-0.031176	44.464230	18.252200
	-0.031183	44.514843	18.213100
	-0.031190	44.726492	18.224200
	-0.031197	44.659546	18.244700
	-0.031203	44.667769	18.213100
	-0.031210	44.536193	18.211200
	-0.031217	44.531189	18.222400
	-0.031224	44.732402	18.362100
	-0.031230	44.749406	18.349000
	-0.031237	44.716092	18.317400
	-0.031244	44.794101	18.311800
	-0.031251	44.754612	18.149700
	-0.031258	44.888666	18.004400
	-0.031264	44.561655	17.851700
	-0.031271	44.711503	17.509000
	-0.031278	44.666183	17.343200
	-0.031285	44.680388	17.281700
	-0.031291	44.705277	17.192300
	-0.031298	44.561881	17.149500
	-0.031305	44.738470	17.065700
	-0.031312	44.694706	17.156900
	-0.031319	44.635038	17.361800
	-0.031325	44.726942	17.555500
	-0.031332	44.552647	17.894500
	-0.031339	44.669281	17.970900
	-0.031346	44.557698	17.911300
	-0.031353	44.620853	17.738100
	-0.031359	44.700716	17.672900
	-0.031366	44.691236	17.570400
	-0.031373	44.617802	17.479200
	-0.031380	44.710723	17.410300
	-0.031386	44.457239	17.495900
	-0.031393	44.746770	17.542500
	-0.031400	44.587972	17.494100
	-0.031407	44.679410	17.378600
	-0.031414	44.398453	17.408400
	-0.031420	44.394413	17.533200
	-0.031427	44.587978	17.652400
	-0.031434	44.687166	17.738100
	-0.031441	44.693615	17.782800
	-0.031447	44.632673	17.816300
	-0.031454	44.638544	17.803300
	-0.031461	44.765658	17.881500
	-0.031468	44.781264	17.931800
	-0.031475	44.676865	17.944800
	-0.031481	44.649898	18.026800
	-0.031488	44.542230	18.024900
	-0.031495	44.723630	18.004400
	-0.031502	44.615548	18.017500
	-0.031508	44.508140	18.058500
	-0.031515	44.803984	17.961600
	-0.031522	44.627252	17.875900
	-0.031529	44.670560	17.844300
	-0.031536	44.715106	17.861000
	-0.031542	44.608601	17.894500
	-0.031549	44.715545	17.916900
	-0.031556	44.824295	17.916900
	-0.031563	44.737456	17.892700
	-0.031569	44.698290	17.903900
	-0.031576	44.827241	17.907600
	-0.031583	44.647552	17.980200
	-0.031590	44.871541	17.954200
	-0.031597	44.672911	17.970900
	-0.031603	44.686898	18.026800
	-0.031610	44.745648	17.902000
	-0.031617	44.626337	17.892700
	-0.031624	44.591404	17.939300
	-0.031631	44.668921	18.038000
	-0.031637	44.607283	18.049100
	-0.031644	44.669444	18.175800
	-0.031651	44.803294	18.157200
	-0.031658	44.589321	18.200000
	-0.031664	44.656944	18.291300
	-0.031671	44.884994	18.339700
	-0.031678	44.681800	18.235400
	-0.031685	44.505943	18.170200
	-0.031692	44.642225	18.038000
	-0.031698	44.873809	18.023100
	-0.031705	44.643761	18.026800
	-0.031712	44.734071	18.043600
	-0.031719	44.674771	17.909400
	-0.031725	44.875387	17.922500
	-0.031732	44.712550	17.965300
	-0.031739	44.710179	17.911300
	-0.031746	44.793982	17.827500
	-0.031753	44.721165	17.762300
	-0.031759	44.749677	17.725000
	-0.031766	44.893830	17.693400
	-0.031773	44.702291	17.710100
	-0.031780	44.813837	17.780900
	-0.031786	44.731852	17.743700
	-0.031793	44.712472	17.682200
	-0.031800	44.700594	17.726900
	-0.031807	44.722737	17.713900
	-0.031814	44.776199	17.743700
	-0.031820	44.523129	17.898300
	-0.031827	44.639970	18.010000
	-0.031834	44.613575	18.192600
	-0.031841	44.659825	18.220500
	-0.031848	44.717498	18.302500
	-0.031854	44.614296	18.358300
	-0.031861	44.515266	18.321100
	-0.031868	44.570181	18.248500
	-0.031875	44.723862	18.198200
	-0.031881	44.718778	18.192600
	-0.031888	44.757913	18.343400
	-0.031895	44.770753	18.395600
	-0.031902	44.762273	18.391900
	-0.031909	44.795015	18.395600
	-0.031915	44.706648	18.468200
