	0.049617	0.109549	54.609300
	0.047700	0.020645	54.609300
	0.045783	0.183521	54.609300
	0.043866	0.320493	54.609300
	0.041949	0.385030	54.609300
	0.040033	0.630656	54.609300
	0.038116	0.436740	54.609300
	0.036199	0.410900	54.609300
	0.034282	0.734021	54.609300
	0.032365	0.610693	54.609300
	0.030448	0.856250	54.609300
	0.028531	1.077459	54.609300
	0.026614	1.064448	54.609300
	0.024698	1.063028	54.609300
	0.022781	1.335834	54.609300
	0.020864	1.327233	54.186400
	0.018947	1.285165	53.433900
	0.017030	1.555051	52.558500
	0.015113	1.719833	51.699800
	0.013196	1.881316	50.729400
	0.011279	1.915020	49.682600
	0.009363	2.248812	48.592900
	0.007446	2.308958	47.348700
	0.005529	2.360558	46.078300
	0.003612	2.612829	44.841600
	0.001695	2.967338	43.522800
	-0.000222	3.003736	42.269200
	-0.002139	3.196425	40.723200
	-0.004056	3.139329	38.996600
	-0.005972	3.864785	37.176800
	-0.007889	4.090794	35.085000
	-0.009806	4.159696	32.829400
	-0.011723	4.497013	30.476700
	-0.013640	5.097475	27.930500
	-0.015557	5.589901	24.972600
	-0.017474	6.163561	21.485700
	-0.019391	6.725301	17.240800
	-0.021307	8.140871	12.200400
	-0.023224	8.977752	6.459680
	-0.025141	10.152760	0.517819
	-0.025141	11.521687	-3.349050
	-0.025148	13.974500	-5.131620
	-0.025155	14.250970	-5.891580
	-0.025161	14.103824	-6.185870
	-0.025168	14.169046	-6.275280
	-0.025175	14.066252	-6.435470
	-0.025182	14.340766	-6.550950
	-0.025189	14.215863	-6.523010
	-0.025195	14.255985	-6.532330
	-0.025202	14.129813	-6.541640
	-0.025209	14.009820	-6.472720
	-0.025216	14.326708	-6.558400
	-0.025223	14.181573	-6.569580
	-0.025229	14.044200	-6.651530
	-0.025236	14.104413	-6.776330
	-0.025243	14.213995	-6.834070
	-0.025250	14.277470	-6.778190
	-0.025256	14.074906	-6.888090
	-0.025263	14.176909	-6.951420
	-0.025270	14.180866	-7.005440
	-0.025277	14.178274	-7.096710
	-0.025284	14.296903	-7.158170
	-0.025290	14.228028	-7.079940
	-0.025297	14.289332	-7.221500
	-0.025304	14.318015	-7.357480
	-0.025311	14.271751	-7.335130
	-0.025317	14.130518	-7.443160
	-0.025324	14.264426	-7.342580
	-0.025331	14.249884	-7.281110
	-0.025338	14.057955	-7.281110
	-0.025345	14.151998	-7.350030
	-0.025351	14.273895	-7.487860
	-0.025358	14.083256	-7.487860
	-0.025365	14.111820	-7.489730
	-0.025372	14.157557	-7.500900
	-0.025378	14.130291	-7.648080
	-0.025385	14.288025	-7.664840
	-0.025392	14.435049	-7.664840
	-0.025399	14.292697	-7.666710
	-0.025406	14.296925	-7.713270
	-0.025412	14.383505	-7.752390
	-0.025419	14.176528	-7.718860
	-0.025426	14.278628	-7.752390
	-0.025433	14.070761	-7.856700
	-0.025439	14.035682	-7.905120
	-0.025446	14.084104	-7.841790
	-0.025453	14.046356	-7.802680
	-0.025460	14.094181	-7.731900
	-0.025467	14.323591	-7.774740
	-0.025473	14.117490	-7.921890
	-0.025480	14.142214	-8.085800
	-0.025487	14.374605	-8.255300
	-0.025494	14.358126	-8.482540
	-0.025501	14.275539	-8.789880
	-0.025507	14.220554	-9.119570
	-0.025514	14.365747	-9.244370
	-0.025521	14.274434	-9.436220
	-0.025528	14.390492	-9.641110
	-0.025534	14.465130	-9.844140
	-0.025541	14.496582	-10.117900
	-0.025548	14.535433	-10.373100
	-0.025555	14.367940	-10.449500
	-0.025562	14.640661	-10.479300
	-0.025568	14.315824	-10.563100
	-0.025575	14.421654	-10.566800
	-0.025582	14.581167	-10.488600
	-0.025589	14.465567	-10.363800
	-0.025595	14.515752	-10.248300
	-0.025602	14.518170	-10.103000
	-0.025609	14.568291	-10.168200
	-0.025616	14.427923	-10.240900
	-0.025623	14.295568	-10.268800
	-0.025629	14.273320	-10.416000
	-0.025636	14.231720	-10.410400
	-0.025643	14.429244	-10.252100
	-0.025650	14.275426	-10.086300
	-0.025656	14.266078	-10.037900
	-0.025663	14.356267	-9.959620
	-0.025670	14.372657	-10.008100
	-0.025677	14.506606	-10.095600
	-0.025684	14.375583	-10.235300
	-0.025690	14.491015	-10.252100
	-0.025697	14.540067	-10.216700
	-0.025704	14.429509	-10.239000
	-0.025711	14.493623	-10.240900
	-0.025718	14.464744	-10.304200
	-0.025724	14.508118	-10.442000
	-0.025731	14.358085	-10.579900
	-0.025738	14.470286	-10.537000
	-0.025745	14.444120	-10.395500
	-0.025751	14.691520	-10.237200
	-0.025758	14.638937	-10.103000
	-0.025765	14.526006	-10.006200
	-0.025772	14.597190	-9.959620
	-0.025779	14.834693	-10.073200
	-0.025785	14.626719	-10.134700
	-0.025792	14.729393	-10.086300
	-0.025799	14.642788	-10.127300
	-0.025806	14.592664	-10.179400
	-0.025812	14.857922	-10.140300
	-0.025819	14.599525	-10.063900
	-0.025826	14.670579	-9.991290
	-0.025833	14.573000	-9.941000
	-0.025840	14.650807	-9.983840
	-0.025846	14.736124	-10.117900
	-0.025853	14.598381	-10.207400
	-0.025860	14.738660	-10.214800
	-0.025867	14.769971	-10.183100
	-0.025873	14.572505	-10.194300
	-0.025880	14.740575	-10.255800
	-0.025887	14.648757	-10.425300
	-0.025894	14.548513	-10.533300
	-0.025901	14.828620	-10.544500
	-0.025907	14.601638	-10.609700
	-0.025914	14.670645	-10.585500
	-0.025921	14.825685	-10.624600
	-0.025928	14.807830	-10.695400
	-0.025935	14.631808	-10.740100
	-0.025941	14.640241	-10.691600
	-0.025948	14.746118	-10.596600
	-0.025955	14.765542	-10.561300
	-0.025962	14.700166	-10.559400
	-0.025968	14.777282	-10.544500
	-0.025975	14.810027	-10.518400
	-0.025982	14.706720	-10.507200
	-0.025989	14.694924	-10.512800
	-0.025996	14.713124	-10.514700
	-0.026002	14.702769	-10.611500
	-0.026009	14.938185	-10.615300
	-0.026016	14.725058	-10.477400
	-0.026023	14.744952	-10.427100
	-0.026029	14.838025	-10.445800
	-0.026036	14.794355	-10.535200
	-0.026043	14.877036	-10.628300
	-0.026050	14.850815	-10.686100
	-0.026057	14.937746	-10.745700
	-0.026063	14.876683	-10.792200
	-0.026070	15.029283	-10.764300
	-0.026077	14.946684	-10.825800
	-0.026084	14.894800	-10.738200
	-0.026090	14.798447	-10.684200
	-0.026097	14.921646	-10.648800
	-0.026104	14.992269	-10.728900
	-0.026111	14.861989	-10.766100
	-0.026118	14.927252	-10.846200
	-0.026124	14.882745	-10.939400
	-0.026131	15.046090	-10.984100
	-0.026138	15.081609	-11.023200
	-0.026145	15.129255	-10.974800
	-0.026151	15.021668	-11.019500
	-0.026158	14.771513	-11.004600
	-0.026165	14.698881	-10.999000
	-0.026172	14.903318	-11.043700
	-0.026179	14.905993	-11.222500
	-0.026185	14.949901	-11.377100
	-0.026192	14.858847	-11.516800
	-0.026199	14.826630	-11.609900
	-0.026206	14.857455	-11.663900
	-0.026213	14.834850	-11.624800
	-0.026219	14.842634	-11.652800
	-0.026226	14.794148	-11.520500
	-0.026233	14.969872	-11.563400
	-0.026240	14.900017	-11.568900
	-0.026246	14.915202	-11.602500
	-0.026253	14.939481	-11.630400
	-0.026260	14.906659	-11.663900
	-0.026267	15.006640	-11.814800
	-0.026274	15.073652	-11.811100
	-0.026280	15.078835	-11.818500
	-0.026287	15.045419	-11.718000
	-0.026294	14.803081	-11.539100
	-0.026301	15.193247	-11.470200
	-0.026307	15.371129	-11.304500
	-0.026314	15.130148	-11.379000
	-0.026321	15.337163	-11.418100
	-0.026328	15.235115	-11.360300
	-0.026335	15.297560	-11.261600
	-0.026341	15.344474	-11.159200
	-0.026348	15.196773	-11.228100
	-0.026355	15.180543	-11.248600
	-0.026362	15.335353	-11.231800
	-0.026368	15.377462	-11.207600
	-0.026375	15.326934	-11.120000
	-0.026382	15.258510	-11.153600
	-0.026389	15.467482	-11.306300
	-0.026396	15.420178	-11.375200
	-0.026402	15.490006	-11.526100
	-0.026409	15.352843	-11.671400
	-0.026416	15.447975	-11.691900
	-0.026423	15.430747	-11.779400
	-0.026430	15.471463	-11.960100
	-0.026436	15.452506	-12.161300
	-0.026443	15.402407	-12.282300
	-0.026450	15.281778	-12.276800
	-0.026457	15.515125	-12.252500
	-0.026463	15.452321	-12.133300
	-0.026470	15.445546	-12.129600
	-0.026477	15.339216	-12.191100
	-0.026484	15.574240	-12.198500
	-0.026491	15.390023	-12.250700
	-0.026497	15.502733	-12.204100
	-0.026504	15.363760	-12.153800
	-0.026511	15.187119	-12.152000
	-0.026518	15.509964	-12.070000
	-0.026524	15.390948	-12.116600
	-0.026531	15.395499	-12.133300
	-0.026538	15.272173	-12.172400
	-0.026545	15.311279	-12.211600
	-0.026552	15.423467	-12.336400
	-0.026558	15.529004	-12.399700
	-0.026565	15.569966	-12.364300
	-0.026572	15.376545	-12.282300
	-0.026579	15.617385	-12.185500
	-0.026585	15.525166	-12.237600
	-0.026592	15.531291	-12.289800
	-0.026599	15.571190	-12.304700
	-0.026606	15.513525	-12.256300
	-0.026613	15.755960	-12.310300
	-0.026619	15.585375	-12.334500
	-0.026626	15.517822	-12.412700
	-0.026633	15.539335	-12.446300
	-0.026640	15.613746	-12.524500
	-0.026647	15.739628	-12.464900
	-0.026653	15.716039	-12.429500
	-0.026660	15.734090	-12.423900
	-0.026667	15.882828	-12.552400
	-0.026674	15.486519	-12.710700
	-0.026680	15.738832	-12.744300
	-0.026687	15.604460	-12.755500
	-0.026694	15.629374	-12.837400
	-0.026701	15.643322	-12.980800
	-0.026708	15.769659	-13.092600
	-0.026714	15.781416	-13.206200
	-0.026721	15.609812	-13.267700
	-0.026728	15.576757	-13.301200
	-0.026735	15.787785	-13.366400
	-0.026741	15.723671	-13.297500
	-0.026748	15.590208	-13.340300
	-0.026755	15.799586	-13.392500
	-0.026762	15.760535	-13.426000
	-0.026769	15.699381	-13.372000
	-0.026775	15.778073	-13.291900
	-0.026782	15.816194	-13.249100
	-0.026789	15.693195	-13.198800
	-0.026796	15.781717	-13.163400
	-0.026802	15.737961	-13.066500
	-0.026809	15.692468	-13.023700
	-0.026816	15.748328	-13.034800
	-0.026823	15.832173	-13.202500
	-0.026830	15.754294	-13.424100
	-0.026836	15.880929	-13.455800
	-0.026843	15.849066	-13.278900
	-0.026850	15.973500	-13.109400
	-0.026857	15.798422	-13.131700
	-0.026863	15.626857	-13.135400
	-0.026870	15.819924	-13.206200
	-0.026877	15.683455	-13.364500
	-0.026884	15.763166	-13.370100
	-0.026891	15.796541	-13.265800
	-0.026897	15.741236	-13.180100
	-0.026904	15.976376	-13.146600
	-0.026911	15.959356	-13.155900
	-0.026918	16.015025	-13.126100
	-0.026925	16.057170	-13.254600
	-0.026931	15.890144	-13.334700
	-0.026938	16.084079	-13.381300
	-0.026945	16.086116	-13.405500
	-0.026952	15.821845	-13.358900
	-0.026958	16.157212	-13.485600
	-0.026965	16.002451	-13.528400
	-0.026972	16.192109	-13.634600
	-0.026979	16.168899	-13.718400
	-0.026986	15.972008	-13.735200
	-0.026992	16.059928	-13.681200
	-0.026999	16.133455	-13.632800
	-0.027006	15.959375	-13.608500
	-0.027013	15.986439	-13.640200
	-0.027019	15.993208	-13.621600
	-0.027026	15.969626	-13.483700
	-0.027033	16.201873	-13.373900
	-0.027040	16.014860	-13.358900
	-0.027047	16.202070	-13.265800
	-0.027053	15.933784	-13.349600
	-0.027060	16.237575	-13.414800
	-0.027067	16.119046	-13.487500
	-0.027074	16.160748	-13.616000
	-0.027080	15.988727	-13.753800
	-0.027087	16.120231	-13.817200
	-0.027094	16.203984	-13.930800
	-0.027101	16.297732	-13.932600
	-0.027108	16.210461	-13.889800
	-0.027114	16.232176	-13.861900
	-0.027121	16.244687	-13.839500
	-0.027128	16.082322	-13.813400
	-0.027135	16.188263	-13.811600
	-0.027142	16.136500	-13.835800
	-0.027148	16.197580	-13.748200
	-0.027155	16.412710	-13.668100
	-0.027162	16.517858	-13.742700
	-0.027169	16.223828	-13.776200
	-0.027175	16.365860	-13.763100
	-0.027182	16.266128	-13.731500
	-0.027189	16.408615	-13.824600
	-0.027196	16.338691	-13.951300
	-0.027203	16.325384	-14.051900
	-0.027209	16.294557	-14.077900
	-0.027216	16.363329	-13.988500
	-0.027223	16.507480	-13.897300
	-0.027230	16.533107	-13.966200
	-0.027236	16.467507	-14.046300
	-0.027243	16.640970	-13.997800
	-0.027250	16.398154	-13.917700
	-0.027257	16.539324	-13.942000
	-0.027264	16.673375	-14.009000
	-0.027270	16.470596	-14.200900
	-0.027277	16.337608	-14.441100
	-0.027284	16.508079	-14.644200
	-0.027291	16.368999	-14.659100
	-0.027297	16.307046	-14.718700
	-0.027304	16.401942	-14.871400
	-0.027311	16.612749	-15.018600
	-0.027318	16.517523	-15.076300
	-0.027325	16.415545	-15.026000
	-0.027331	16.353990	-15.033500
	-0.027338	16.473317	-15.137800
	-0.027345	16.563077	-15.257000
	-0.027352	16.562826	-15.191800
	-0.027359	16.603653	-15.186200
	-0.027365	16.459878	-15.147100
	-0.027372	16.605639	-15.132200
	-0.027379	16.474461	-15.046500
	-0.027386	16.555305	-15.061400
	-0.027392	16.887080	-15.191800
	-0.027399	16.525633	-15.249500
	-0.027406	16.497928	-15.150800
	-0.027413	16.526340	-15.193700
	-0.027420	16.483275	-15.197400
	-0.027426	16.424732	-15.182500
	-0.027433	16.567722	-15.277500
	-0.027440	16.375956	-15.184300
	-0.027447	16.559303	-15.072600
	-0.027453	16.543836	-14.649800
	-0.027460	16.629073	-14.215800
	-0.027467	16.985085	-14.031400
	-0.027474	16.907471	-14.085400
	-0.027481	16.937892	-14.260500
	-0.027487	16.913738	-14.394600
	-0.027494	16.940106	-14.364800
	-0.027501	16.928835	-14.236300
	-0.027508	16.857040	-14.204600
	-0.027514	16.992100	-14.120800
	-0.027521	17.192015	-14.027600
	-0.027528	17.089694	-13.910300
	-0.027535	17.084082	-13.731500
	-0.027542	17.109416	-13.698000
	-0.027548	17.213221	-13.718400
	-0.027555	17.203725	-13.785500
	-0.027562	17.315736	-13.778000
	-0.027569	17.293076	-13.698000
	-0.027575	17.408284	-13.705400
	-0.027582	17.167252	-13.675600
	-0.027589	17.333864	-13.632800
	-0.027596	17.457328	-13.599200
	-0.027603	17.365846	-13.630900
	-0.027609	17.345474	-13.617900
	-0.027616	17.450108	-13.675600
	-0.027623	17.320618	-13.655100
	-0.027630	17.144170	-13.673700
	-0.027637	17.392628	-13.735200
	-0.027643	17.427271	-13.742700
	-0.027650	17.453075	-13.709100
	-0.027657	17.398185	-13.781800
	-0.027664	17.355888	-13.930800
	-0.027670	17.360582	-13.930800
	-0.027677	17.391382	-13.871200
	-0.027684	17.468175	-13.711000
	-0.027691	17.559712	-13.524700
	-0.027698	17.613937	-13.455800
	-0.027704	17.523776	-13.429700
	-0.027711	17.535640	-13.453900
	-0.027718	17.766598	-13.487500
	-0.027725	17.416910	-13.444600
	-0.027731	17.610519	-13.494900
	-0.027738	17.505405	-13.435300
	-0.027745	17.431466	-13.463300
	-0.027752	17.244872	-13.392500
	-0.027759	17.480780	-13.340300
	-0.027765	17.597709	-13.345900
	-0.027772	17.477774	-13.332900
	-0.027779	17.521867	-12.965900
	-0.027786	17.539089	-11.315600
	-0.027792	18.955952	-10.330300
	-0.027799	18.948196	-9.894430
	-0.027806	18.884964	-9.883250
	-0.027813	19.025928	-9.857180
	-0.027820	18.807557	-9.903740
	-0.027826	19.031507	-9.896290
	-0.027833	19.034812	-9.305830
	-0.027840	19.182941	-8.683710
	-0.027847	19.399994	-8.415490
	-0.027854	19.755103	-8.449020
	-0.027860	19.756452	-8.605480
	-0.027867	19.591382	-8.683710
	-0.027874	19.705341	-8.661360
	-0.027881	19.667545	-8.652040
	-0.027887	19.590302	-8.884880
	-0.027894	19.690481	-8.950070
	-0.027901	19.767070	-8.843900
	-0.027908	19.890285	-8.730280
	-0.027915	19.698060	-8.588710
	-0.027921	19.836406	-8.458330
	-0.027928	19.951887	-8.532840
	-0.027935	19.861478	-8.663220
	-0.027942	20.093435	-8.713510
	-0.027948	20.156070	-8.683710
	-0.027955	20.186442	-8.625970
	-0.027962	19.968189	-8.437840
	-0.027969	20.108535	-8.454600
	-0.027976	20.023806	-8.396860
	-0.027982	20.131839	-8.408040
	-0.027989	20.025274	-8.329810
	-0.027996	20.217587	-8.277650
	-0.028003	20.162970	-8.279520
	-0.028009	20.311165	-8.320490
	-0.028016	20.207955	-8.247850
	-0.028023	20.348605	-8.253440
	-0.028030	20.270449	-8.257160
	-0.028037	20.287992	-8.281380
	-0.028043	20.402846	-8.417350
	-0.028050	20.201177	-8.471370
	-0.028057	20.230056	-8.292550
	-0.028064	20.371485	-8.249710
	-0.028071	20.305852	-8.245990
	-0.028077	20.238989	-8.331670
	-0.028084	20.307319	-8.355880
	-0.028091	20.082062	-8.395000
	-0.028098	20.146590	-8.443430
	-0.028104	20.210303	-8.361470
	-0.028111	20.453559	-8.318630
	-0.028118	20.403987	-8.443430
	-0.028125	20.316921	-8.393140
	-0.028132	20.355369	-8.361470
	-0.028138	20.472021	-8.313040
	-0.028145	20.471477	-8.380100
	-0.028152	20.306258	-8.367060
	-0.028159	20.335102	-8.452740
	-0.028165	20.329382	-8.551460
	-0.028172	20.455554	-8.583130
	-0.028179	20.470021	-8.674400
	-0.028186	20.371803	-8.799190
	-0.028193	20.449293	-8.897910
	-0.028199	20.450224	-8.871840
	-0.028206	20.449146	-8.938890
	-0.028213	20.441412	-9.011540
	-0.028220	20.278965	-9.026440
	-0.028226	20.704537	-9.058100
	-0.028233	20.487362	-8.851350
	-0.028240	20.576119	-8.696750
	-0.028247	20.688050	-8.674400
	-0.028254	20.700713	-8.696750
	-0.028260	20.658168	-8.825270
	-0.028267	20.735237	-8.871840
	-0.028274	20.612588	-8.899780
	-0.028281	20.734701	-8.933300
	-0.028288	20.778470	-8.611070
	-0.028294	20.915387	-8.251580
	-0.028301	21.147790	-8.050410
	-0.028308	21.253943	-7.996390
	-0.028315	21.201246	-7.975900
	-0.028321	21.217979	-7.916300
	-0.028328	21.140860	-7.771010
	-0.028335	21.241479	-7.616390
	-0.028342	21.301608	-7.206600
	-0.028349	21.683419	-6.970050
	-0.028355	21.814523	-6.783780
	-0.028362	21.845422	-6.787510
	-0.028369	21.702108	-6.744670
	-0.028376	21.744960	-6.724180
	-0.028382	22.002644	-6.752120
	-0.028389	21.758311	-6.508110
	-0.028396	21.933585	-6.364690
	-0.028403	21.882690	-6.234300
	-0.028410	21.965628	-6.191460
	-0.028416	21.818051	-6.204500
	-0.028423	22.012445	-6.100190
	-0.028430	22.112354	-3.470120
	-0.028437	22.076351	0.093133
	-0.028443	25.845753	1.946480
	-0.028450	25.986237	2.706440
	-0.028457	25.840528	2.991420
	-0.028464	25.835547	3.103180
	-0.028471	25.883632	3.166510
	-0.028477	25.947502	3.105040
	-0.028484	25.775909	3.160920
	-0.028491	25.884403	3.395620
	-0.028498	25.917341	3.589330
	-0.028504	25.889299	3.656390
	-0.028511	25.972900	3.786770
	-0.028518	25.848320	3.866880
	-0.028525	25.749793	3.803540
	-0.028532	25.812470	3.738340
	-0.028538	25.864086	4.872710
	-0.028545	26.357565	5.628940
	-0.028552	26.919571	5.902750
	-0.028559	26.710038	6.085290
	-0.028566	26.834483	6.239890
	-0.028572	26.814097	6.400080
	-0.028579	26.809162	8.342850
	-0.028586	26.843667	18.449600
	-0.028593	38.674563	25.324600
	-0.028599	38.605363	28.342100
	-0.028606	38.697104	29.465300
	-0.028613	38.720720	29.763300
	-0.028620	38.628247	29.897400
	-0.028627	38.586013	30.031500
	-0.028633	38.652396	30.126500
	-0.028640	38.589998	30.320300
	-0.028647	38.779733	30.398500
	-0.028654	38.854164	30.320300
	-0.028660	38.867037	30.206600
	-0.028667	38.788307	30.178700
	-0.028674	38.939246	30.143300
	-0.028681	38.890393	30.283000
	-0.028688	38.880844	30.381700
	-0.028694	39.108466	30.340700
	-0.028701	38.884568	30.256900
	-0.028708	39.043554	30.247600
	-0.028715	38.950442	30.353800
	-0.028721	38.964069	30.463700
	-0.028728	38.932054	30.493500
	-0.028735	38.903877	30.467400
	-0.028742	39.020963	30.473000
	-0.028749	38.862856	30.573700
	-0.028755	39.005523	30.624000
	-0.028762	38.962367	30.620300
	-0.028769	39.080988	30.637000
	-0.028776	38.935809	30.685400
	-0.028783	39.025752	30.713400
	-0.028789	38.834767	30.681700
	-0.028796	38.890379	30.605400
	-0.028803	38.879023	30.562500
	-0.028810	39.177420	30.542000
	-0.028816	39.191827	30.437600
	-0.028823	39.240321	30.359400
	-0.028830	39.129645	30.381700
	-0.028837	39.139909	30.497200
	-0.028844	39.067438	30.502800
	-0.028850	39.060334	30.476700
	-0.028857	39.046151	30.407800
	-0.028864	38.970676	30.301600
	-0.028871	39.303539	30.433900
	-0.028877	39.137251	30.482300
	-0.028884	39.041415	30.432000
	-0.028891	38.998690	30.454400
	-0.028898	39.214970	30.461800
	-0.028905	39.119537	30.510200
	-0.028911	38.993203	30.530800
	-0.028918	39.132684	30.538300
	-0.028925	39.141053	30.588600
	-0.028932	39.037309	30.529000
	-0.028938	39.234823	30.413400
	-0.028945	39.122251	30.396600
	-0.028952	39.228716	30.351900
	-0.028959	39.104802	30.202900
	-0.028966	39.103379	30.167500
	-0.028972	39.308949	30.115400
	-0.028979	39.358096	30.175000
	-0.028986	39.451663	30.247600
	-0.028993	39.297265	30.262500
	-0.029000	39.349304	30.351900
	-0.029006	39.456617	30.402200
	-0.029013	39.382585	30.307200
	-0.029020	39.517203	30.325800
	-0.029027	39.407853	30.566200
	-0.029033	39.274221	30.705900
	-0.029040	39.522563	30.717100
	-0.029047	39.566401	30.773000
	-0.029054	39.489404	30.724600
	-0.029061	39.473768	30.659400
	-0.029067	39.754175	30.702200
	-0.029074	39.518164	30.778600
	-0.029081	39.599359	30.923900
	-0.029088	39.548712	30.920100
	-0.029094	39.578429	30.905200
	-0.029101	39.448019	30.882900
	-0.029108	39.366968	30.946200
	-0.029115	39.428166	31.076600
	-0.029122	39.351393	31.201400
	-0.029128	39.546676	31.216300
	-0.029135	39.453722	31.318700
	-0.029142	39.395380	31.389500
	-0.029149	39.429971	31.395100
	-0.029155	39.499812	31.356000
	-0.029162	39.253813	31.365300
	-0.029169	39.542623	31.436100
	-0.029176	39.376144	31.555300
	-0.029183	39.540056	31.562800
	-0.029189	39.546013	31.631700
	-0.029196	39.510685	31.749000
	-0.029203	39.599381	31.769500
	-0.029210	39.611538	31.808600
	-0.029216	39.554736	31.877500
	-0.029223	39.614315	31.927800
	-0.029230	39.555954	32.002300
	-0.029237	39.670480	32.086200
	-0.029244	39.545214	32.166300
	-0.029250	39.717686	32.296600
	-0.029257	39.965561	32.374900
	-0.029264	40.011005	32.412100
	-0.029271	39.961840	32.399100
	-0.029278	40.089340	32.319000
	-0.029284	40.171767	32.324600
	-0.029291	40.340619	32.523900
	-0.029298	40.186049	32.600200
	-0.029305	40.296195	32.685900
	-0.029311	40.326301	32.680300
	-0.029318	40.423914	32.658000
	-0.029325	40.231233	32.726900
	-0.029332	40.327188	32.851700
	-0.029339	40.414570	32.944800
	-0.029345	40.375724	32.935500
	-0.029352	40.332283	32.982100
	-0.029359	40.155631	32.974600
	-0.029366	40.290501	32.754800
	-0.029372	40.176478	32.782800
	-0.029379	40.273936	32.918800
	-0.029386	40.122375	33.092000
	-0.029393	40.348138	33.142300
	-0.029400	40.493126	33.067800
	-0.029406	40.136911	33.201900
	-0.029413	40.401860	33.306200
	-0.029420	40.411914	33.252200
	-0.029427	40.434345	33.302500
	-0.029433	40.448812	33.321100
	-0.029440	40.374699	33.168400
	-0.029447	40.324096	33.064000
	-0.029454	40.468148	33.103200
	-0.029461	40.265760	33.088300
	-0.029467	40.610386	33.112500
	-0.029474	40.603352	33.086400
	-0.029481	40.419833	33.088300
	-0.029488	40.677462	32.976500
	-0.029495	40.507717	32.816300
	-0.029501	40.450658	32.734400
	-0.029508	40.148149	32.749300
	-0.029515	40.325912	32.808900
	-0.029522	40.428136	32.862900
	-0.029528	40.356496	32.926200
	-0.029535	40.542427	32.918800
	-0.029542	40.388779	32.881500
	-0.029549	40.528744	32.833100
	-0.029556	40.374798	32.864700
	-0.029562	40.369217	32.758600
	-0.029569	40.446223	32.531300
	-0.029576	40.449757	32.618900
	-0.029583	40.333215	32.695200
	-0.029589	40.312016	32.773500
	-0.029596	40.390197	32.870300
	-0.029603	40.400713	32.954200
	-0.029610	40.371566	33.114300
	-0.029617	40.541269	34.896900
	-0.029623	41.817902	36.299500
	-0.029630	43.185511	37.048200
	-0.029637	43.322403	37.445000
	-0.029644	43.288279	37.411500
	-0.029650	43.518902	37.273600
	-0.029657	43.233507	37.277400
	-0.029664	43.353843	37.391000
	-0.029671	43.181700	37.398400
	-0.029678	43.223301	37.415200
	-0.029684	43.359944	37.467300
	-0.029691	43.275326	37.651700
	-0.029698	43.220886	37.778400
	-0.029705	43.294374	37.785900
	-0.029712	43.371613	37.709500
	-0.029718	43.276031	37.905100
	-0.029725	43.255515	38.191900
	-0.029732	43.632681	38.324200
	-0.029739	43.892587	38.434100
	-0.029745	44.137055	38.449000
	-0.029752	44.012743	38.411700
	-0.029759	44.125102	38.396800
	-0.029766	43.923226	38.471300
	-0.029773	44.147088	38.575600
	-0.029779	44.309546	38.612900
	-0.029786	44.011179	38.644500
	-0.029793	43.946825	38.674300
	-0.029800	43.872314	38.586800
	-0.029806	44.193098	38.508600
	-0.029813	44.082579	38.484300
	-0.029820	44.142415	38.450800
	-0.029827	44.111776	38.529000
	-0.029834	44.059809	38.577500
	-0.029840	43.980534	38.668700
	-0.029847	44.044922	38.719000
	-0.029854	44.138470	38.728400
	-0.029861	44.123210	38.767500
	-0.029867	44.113019	38.864300
	-0.029874	44.091028	38.950000
	-0.029881	44.194137	38.964900
	-0.029888	43.989230	38.868000
	-0.029895	44.021991	38.771200
	-0.029901	44.292031	38.678100
	-0.029908	44.207236	38.616600
	-0.029915	44.257474	38.620300
	-0.029922	44.144618	38.560700
	-0.029928	44.197171	38.562600
	-0.029935	44.051055	38.650100
	-0.029942	44.171217	38.670600
	-0.029949	44.154918	38.698500
	-0.029956	44.141109	38.728400
	-0.029962	43.998058	38.784200
	-0.029969	44.115498	38.840100
	-0.029976	44.208079	38.873600
	-0.029983	44.279250	38.899700
	-0.029990	44.023232	39.069200
	-0.029996	44.168266	39.171700
	-0.030003	44.020775	39.277800
	-0.030010	44.118899	39.458500
	-0.030017	44.100989	39.456600
	-0.030023	44.151478	39.458500
	-0.030030	44.136312	39.536700
	-0.030037	44.125224	39.592600
	-0.030044	44.096488	39.540500
	-0.030051	44.336892	39.445500
	-0.030057	44.231800	39.473400
	-0.030064	44.042965	39.471500
	-0.030071	44.192228	39.531200
	-0.030078	44.336179	39.529300
	-0.030084	44.278266	39.542300
	-0.030091	44.178805	39.439900
	-0.030098	44.249185	39.395200
	-0.030105	44.309988	39.436200
	-0.030112	44.113445	39.402600
	-0.030118	44.290970	39.276000
	-0.030125	44.398323	39.123200
	-0.030132	44.301271	39.140000
	-0.030139	44.248019	39.201500
	-0.030145	44.193642	39.259200
	-0.030152	44.278935	39.303900
	-0.030159	44.286666	39.257300
	-0.030166	44.321215	39.236900
	-0.030173	44.387787	39.255500
	-0.030179	44.389000	39.125100
	-0.030186	44.290912	39.078500
	-0.030193	44.398922	38.991000
	-0.030200	44.318197	38.858700
	-0.030207	44.270737	38.819600
	-0.030213	44.380587	38.842000
	-0.030220	44.417324	38.905300
	-0.030227	44.129117	38.886700
	-0.030234	44.295203	38.843800
	-0.030240	44.214650	38.849400
	-0.030247	44.258629	38.871800
	-0.030254	44.343336	38.896000
	-0.030261	44.286773	38.903400
	-0.030268	44.403213	38.968600
	-0.030274	44.370477	39.030100
	-0.030281	44.310102	39.009600
	-0.030288	44.300340	38.968600
	-0.030295	44.300138	38.903400
	-0.030301	44.385834	38.957500
	-0.030308	44.321897	38.938800
	-0.030315	44.417031	38.851300
	-0.030322	44.415846	38.832700
	-0.030329	44.169783	38.946300
	-0.030335	44.282551	39.311400
	-0.030342	44.095831	39.680200
	-0.030349	44.342471	39.780700
	-0.030356	44.408908	39.706200
	-0.030362	44.129471	39.601900
	-0.030369	44.338329	39.568400
	-0.030376	44.223342	39.482700
	-0.030383	44.237970	39.428700
	-0.030390	44.293714	39.451100
	-0.030396	44.216161	39.551600
	-0.030403	44.493485	39.620600
	-0.030410	44.230603	39.637300
	-0.030417	44.174072	39.596300
	-0.030424	44.299779	39.615000
	-0.030430	44.392775	39.711800
	-0.030437	44.292661	39.754700
	-0.030444	44.191642	39.801200
	-0.030451	44.311049	39.767700
	-0.030457	44.425058	39.726700
	-0.030464	44.181233	39.732300
	-0.030471	44.254009	39.672700
	-0.030478	44.385245	39.749100
	-0.030485	44.454719	39.853400
	-0.030491	44.356070	39.939100
	-0.030498	44.593007	39.937200
	-0.030505	44.419792	39.994900
	-0.030512	44.331029	39.980000
	-0.030518	44.282305	40.082500
	-0.030525	44.363605	40.116000
	-0.030532	44.475099	40.160700
	-0.030539	44.401307	40.076900
	-0.030546	44.433527	40.000500
	-0.030552	44.394670	40.056400
	-0.030559	44.590078	40.054600
	-0.030566	44.366335	39.931600
	-0.030573	44.434579	39.983800
	-0.030579	44.817150	40.093700
	-0.030586	44.810408	40.049000
	-0.030593	44.997016	40.130900
	-0.030600	44.862279	40.324600
	-0.030607	44.942728	40.496000
	-0.030613	44.810580	40.581700
	-0.030620	44.972743	40.615200
	-0.030627	45.075580	40.652500
	-0.030634	44.815244	40.840600
	-0.030640	44.956720	40.959800
	-0.030647	45.089744	40.984000
	-0.030654	44.968833	40.835000
	-0.030661	44.925343	40.699000
	-0.030668	45.007507	40.557500
	-0.030674	45.246046	40.483000
	-0.030681	45.102208	40.585400
	-0.030688	45.109472	40.686000
	-0.030695	44.989100	40.794000
	-0.030702	44.836433	40.836900
	-0.030708	45.062671	40.766100
	-0.030715	45.136312	40.730700
	-0.030722	44.953111	40.732600
	-0.030729	44.958389	40.732600
	-0.030735	45.006314	40.633800
	-0.030742	45.157424	40.618900
	-0.030749	45.027277	40.680400
	-0.030756	44.842628	40.712100
	-0.030763	44.996601	40.818200
	-0.030769	44.998201	40.993300
	-0.030776	44.852478	41.032400
	-0.030783	44.926442	41.019400
	-0.030790	45.108651	40.961700
	-0.030796	45.101337	40.944900
	-0.030803	45.069952	40.961700
	-0.030810	45.030443	40.920700
	-0.030817	45.040291	40.825700
	-0.030824	45.193841	40.754900
	-0.030830	45.170610	40.648700
	-0.030837	45.012343	40.630100
	-0.030844	45.290238	40.618900
	-0.030851	45.298759	40.618900
	-0.030857	45.188818	40.553700
	-0.030864	45.258872	40.423400
	-0.030871	45.261251	40.343300
	-0.030878	45.111840	40.471800
	-0.030885	45.082695	40.475500
	-0.030891	45.243073	40.570500
	-0.030898	45.193228	40.628200
	-0.030905	45.198165	40.540700
	-0.030912	45.356631	40.397300
	-0.030919	45.350801	40.363800
	-0.030925	45.154205	40.548200
	-0.030932	45.178774	40.781000
	-0.030939	45.244521	40.911400
	-0.030946	45.102871	41.000800
	-0.030952	45.275041	41.188900
	-0.030959	45.098085	41.293200
	-0.030966	45.317084	41.287600
	-0.030973	45.056079	41.418000
	-0.030980	45.306827	41.414300
	-0.030986	45.202984	41.371400
	-0.030993	45.116523	41.447800
	-0.031000	45.212315	41.459000
	-0.031007	45.260411	41.447800
	-0.031013	45.077061	41.395700
	-0.031020	45.151136	41.388200
	-0.031027	45.049679	41.373300
	-0.031034	45.243960	41.453400
	-0.031041	45.118178	41.505600
	-0.031047	45.015158	41.520500
	-0.031054	45.290520	41.289500
	-0.031061	45.078868	41.144200
	-0.031068	45.163760	41.101400
	-0.031074	45.224633	41.105100
	-0.031081	45.344477	41.008200
	-0.031088	45.163713	40.898300
	-0.031095	45.098964	40.920700
	-0.031102	45.293866	40.918800
	-0.031108	45.325345	40.872300
	-0.031115	45.187602	40.961700
	-0.031122	45.307698	40.943000
	-0.031129	45.209171	40.930000
	-0.031136	45.236052	40.896500
	-0.031142	45.219687	40.969100
	-0.031149	45.276962	40.997100
	-0.031156	45.249729	40.944900
	-0.031163	45.155653	40.930000
	-0.031169	45.256452	40.993300
	-0.031176	45.296850	41.008200
	-0.031183	45.434701	40.907600
	-0.031190	45.261787	40.933700
	-0.031197	45.370831	40.991500
	-0.031203	45.397107	41.084600
	-0.031210	45.091051	41.002600
	-0.031217	45.194908	40.941200
	-0.031224	45.392924	40.933700
	-0.031230	45.313846	41.201900
	-0.031237	45.344891	41.475800
	-0.031244	45.500080	41.561400
	-0.031251	45.517664	41.595000
	-0.031258	45.362995	41.615500
	-0.031264	45.429122	41.563300
	-0.031271	45.404559	41.540900
	-0.031278	45.467858	41.658300
	-0.031285	45.246231	41.660200
	-0.031291	45.353962	41.690000
	-0.031298	45.490606	41.628500
	-0.031305	45.325685	41.492500
	-0.031312	45.608071	41.391900
	-0.031319	45.621828	41.405000
	-0.031325	45.397242	41.481300
	-0.031332	45.416531	41.503700
	-0.031339	45.291233	41.537200
	-0.031346	45.419982	41.581900
	-0.031353	45.373884	41.656400
	-0.031359	45.332460	41.598700
	-0.031366	45.594059	41.669500
	-0.031373	45.474583	41.658300
	-0.031380	45.378901	41.634100
	-0.031386	45.486060	41.717900
	-0.031393	45.541382	41.760700
	-0.031400	45.427034	41.719800
	-0.031407	45.381090	41.840800
	-0.031414	45.336652	41.848300
	-0.031420	45.464746	41.814800
	-0.031427	45.425978	41.939600
	-0.031434	45.430736	42.030800
	-0.031441	45.363022	42.138900
	-0.031447	45.367587	42.060600
	-0.031454	45.428788	42.012200
	-0.031461	45.354993	42.068100
	-0.031468	45.357101	42.200300
	-0.031475	45.555280	42.336300
	-0.031481	45.482303	42.259900
	-0.031488	45.419142	42.161200
	-0.031495	45.268424	42.269200
	-0.031502	45.474834	42.386600
	-0.031508	45.455377	42.492800
	-0.031515	45.398781	42.608200
	-0.031522	45.404393	42.556100
	-0.031529	45.260566	42.479700
	-0.031536	45.500906	42.379100
	-0.031542	45.391761	42.401500
	-0.031549	45.318874	42.433200
	-0.031556	45.498665	42.354900
	-0.031563	45.414625	42.224500
	-0.031569	45.371883	42.133300
	-0.031576	45.623129	42.140700
	-0.031583	45.408745	42.250600
	-0.031590	45.415915	42.252500
	-0.031597	45.501694	42.144400
	-0.031603	45.516017	42.015900
	-0.031610	45.465622	41.906000
	-0.031617	45.327514	41.861300
	-0.031624	45.293927	41.846400
	-0.031631	45.429062	41.855700
	-0.031637	45.302036	41.805400
	-0.031644	45.485035	41.753300
	-0.031651	45.536188	41.699300
	-0.031658	45.401721	41.583800
	-0.031664	45.394115	41.477600
	-0.031671	45.639992	41.475800
	-0.031678	45.455675	41.578200
	-0.031685	45.403423	41.622900
	-0.031692	45.513622	41.690000
	-0.031698	45.475666	41.680600
	-0.031705	45.489788	41.630400
	-0.031712	45.391175	41.673200
	-0.031719	45.470198	41.755100
	-0.031725	45.584624	41.792400
	-0.031732	45.459030	41.874400
	-0.031739	45.478885	41.960000
	-0.031746	45.579935	41.969400
	-0.031753	45.508115	41.997300
	-0.031759	45.593664	41.993600
	-0.031766	45.418076	41.976800
	-0.031773	45.489785	42.056900
	-0.031780	45.477586	42.131400
	-0.031786	45.214500	42.090400
	-0.031793	45.508292	42.002900
	-0.031800	45.434684	41.974900
	-0.031807	45.500362	41.947000
	-0.031814	45.638931	41.947000
	-0.031820	45.586047	41.911600
	-0.031827	45.501550	41.900400
	-0.031834	45.597452	41.943300
	-0.031841	45.670922	41.941400
	-0.031848	45.637975	41.911600
	-0.031854	45.491595	41.954500
	-0.031861	45.564641	42.099700
	-0.031868	45.587588	42.211500
	-0.031875	45.406081	42.259900
	-0.031881	45.589238	42.293500
	-0.031888	45.605725	42.243200
	-0.031895	45.615860	42.211500
	-0.031902	45.597497	42.291600
	-0.031909	45.479194	42.312100
	-0.031915	45.703700	42.414500
