	0.049617	0.122881	54.609300
	0.047700	0.132433	54.609300
	0.045783	0.054142	54.609300
	0.043866	0.137329	54.609300
	0.041949	0.199511	54.609300
	0.040033	0.278103	54.609300
	0.038116	0.431656	54.609300
	0.036199	0.231819	54.450900
	0.034282	0.465141	53.912600
	0.032365	0.537953	53.422800
	0.030448	0.738782	52.854700
	0.028531	0.794568	52.374100
	0.026614	0.895936	51.791100
	0.024698	0.840697	51.200600
	0.022781	0.989652	50.662300
	0.020864	1.113887	50.019700
	0.018947	1.515879	49.263500
	0.017030	1.323939	48.497900
	0.015113	1.612378	47.581500
	0.013196	1.947919	46.506800
	0.011279	1.773154	45.415200
	0.009363	2.252163	44.212000
	0.007446	2.233817	43.129800
	0.005529	2.483024	42.064300
	0.003612	2.357538	40.922500
	0.001695	2.774765	39.667100
	-0.000222	2.967750	38.305500
	-0.002139	3.088370	36.703700
	-0.004056	3.248265	35.027300
	-0.005972	3.775832	33.291300
	-0.007889	3.748801	31.436100
	-0.009806	4.023408	29.387100
	-0.011723	4.332369	27.254300
	-0.013640	5.065727	24.575900
	-0.015557	5.405603	21.485700
	-0.017474	5.914373	17.794000
	-0.019391	6.661544	13.386900
	-0.021307	8.043584	8.104430
	-0.023224	8.768731	2.210970
	-0.025141	9.779700	-3.466400
	-0.025141	11.272892	-6.955150
	-0.025148	14.415343	-8.679980
	-0.025155	14.619966	-9.361710
	-0.025161	14.481394	-9.698850
	-0.025168	14.733914	-10.011800
	-0.025175	14.527672	-10.181300
	-0.025182	14.543678	-10.198000
	-0.025189	14.476752	-10.222300
	-0.025195	14.571444	-10.237200
	-0.025202	14.707643	-10.300500
	-0.025209	14.514545	-10.233400
	-0.025216	14.769786	-10.313500
	-0.025223	14.605927	-10.378700
	-0.025229	14.527896	-10.527700
	-0.025236	14.705847	-10.613400
	-0.025243	14.532521	-10.538900
	-0.025250	14.744269	-10.443900
	-0.025256	14.623129	-10.453200
	-0.025263	14.418219	-10.497900
	-0.025270	14.611235	-10.475600
	-0.025277	14.548715	-10.483000
	-0.025284	14.439462	-10.529600
	-0.025290	14.618186	-10.501700
	-0.025297	14.756698	-10.490500
	-0.025304	14.897312	-10.412200
	-0.025311	14.790346	-10.464400
	-0.025317	14.737785	-10.460700
	-0.025324	14.739371	-10.533300
	-0.025331	14.877495	-10.596600
	-0.025338	14.669159	-10.596600
	-0.025345	14.847008	-10.583600
	-0.025351	14.659107	-10.680500
	-0.025358	14.888951	-10.740100
	-0.025365	14.675453	-10.704700
	-0.025372	14.784919	-10.721400
	-0.025378	14.721444	-10.812700
	-0.025385	14.616321	-10.928200
	-0.025392	14.758320	-10.963600
	-0.025399	14.803744	-10.997100
	-0.025406	14.832817	-11.058600
	-0.025412	14.692018	-11.021300
	-0.025419	14.775000	-10.995300
	-0.025426	14.840014	-11.054900
	-0.025433	14.730203	-11.125600
	-0.025439	14.767228	-11.082800
	-0.025446	14.781358	-11.142400
	-0.025453	14.795797	-11.159200
	-0.025460	14.921983	-11.129400
	-0.025467	14.666437	-11.140500
	-0.025473	14.721264	-11.172200
	-0.025480	14.709364	-11.412500
	-0.025487	14.784231	-11.723500
	-0.025494	14.925699	-11.891200
	-0.025501	14.784585	-11.930300
	-0.025507	14.925293	-11.971300
	-0.025514	14.954390	-11.956400
	-0.025521	14.955230	-12.019700
	-0.025528	14.869620	-12.034600
	-0.025534	14.944764	-12.057000
	-0.025541	15.013520	-12.083000
	-0.025548	15.126749	-12.135200
	-0.025555	14.900608	-12.043900
	-0.025562	14.968056	-11.956400
	-0.025568	15.007504	-11.958200
	-0.025575	14.968568	-11.907900
	-0.025582	14.893612	-11.878100
	-0.025589	14.898140	-11.889300
	-0.025595	14.973292	-11.900500
	-0.025602	14.986293	-12.001100
	-0.025609	15.094689	-12.122200
	-0.025616	15.221165	-12.178000
	-0.025623	15.206833	-12.101700
	-0.025629	14.932065	-12.017800
	-0.025636	15.112890	-11.928400
	-0.025643	14.932690	-11.816700
	-0.025650	15.096613	-11.874400
	-0.025656	14.959560	-11.943300
	-0.025663	15.138569	-12.075600
	-0.025670	15.161572	-12.036500
	-0.025677	15.053874	-12.055100
	-0.025684	15.157778	-12.068100
	-0.025690	15.077755	-12.125900
	-0.025697	15.081043	-12.228300
	-0.025704	14.975099	-12.256300
	-0.025711	15.143932	-12.260000
	-0.025718	14.939293	-12.211600
	-0.025724	15.100028	-12.178000
	-0.025731	14.986375	-12.228300
	-0.025738	15.153003	-12.241400
	-0.025745	15.134132	-12.274900
	-0.025751	15.062260	-12.356800
	-0.025758	15.114641	-12.442500
	-0.025765	15.196292	-12.485400
	-0.025772	15.105192	-12.444400
	-0.025779	15.112798	-12.543100
	-0.025785	15.167310	-12.636200
	-0.025792	15.064663	-12.621300
	-0.025799	15.006126	-12.692100
	-0.025806	15.146850	-12.686500
	-0.025812	15.234729	-12.794600
	-0.025819	15.253865	-12.906300
	-0.025826	14.978495	-12.986400
	-0.025833	15.056115	-13.155900
	-0.025840	15.157217	-13.142900
	-0.025846	15.020259	-13.079600
	-0.025853	15.260038	-13.062800
	-0.025860	15.177774	-13.114900
	-0.025867	15.414434	-13.170800
	-0.025873	15.125508	-13.226700
	-0.025880	15.185994	-13.362700
	-0.025887	15.372831	-13.465100
	-0.025894	15.219479	-13.364500
	-0.025901	15.414912	-13.308700
	-0.025907	15.306905	-13.338500
	-0.025914	15.292230	-13.368300
	-0.025921	15.252536	-13.496800
	-0.025928	15.422254	-13.640200
	-0.025935	15.449569	-13.666300
	-0.025941	15.267711	-13.779900
	-0.025948	15.340829	-13.863700
	-0.025955	15.254255	-13.811600
	-0.025962	15.153222	-13.770600
	-0.025968	15.275655	-13.792900
	-0.025975	15.327208	-13.729600
	-0.025982	15.267053	-13.655100
	-0.025989	15.125881	-13.655100
	-0.025996	15.333220	-13.588100
	-0.026002	15.230222	-13.537800
	-0.026009	15.389498	-13.511700
	-0.026016	15.348411	-13.476300
	-0.026023	15.204075	-13.543400
	-0.026029	15.314011	-13.640200
	-0.026036	15.198174	-13.833900
	-0.026043	15.191785	-13.955000
	-0.026050	15.253504	-13.979200
	-0.026057	15.115796	-14.040700
	-0.026063	15.238437	-14.169200
	-0.026070	15.256029	-14.241800
	-0.026077	15.160826	-14.282800
	-0.026084	15.210107	-14.191600
	-0.026090	15.437873	-14.148700
	-0.026097	15.205382	-14.092800
	-0.026104	15.222820	-14.105900
	-0.026111	15.177310	-14.171100
	-0.026118	15.172737	-14.219500
	-0.026124	15.282441	-14.213900
	-0.026131	15.133607	-14.262300
	-0.026138	15.097306	-14.420700
	-0.026145	15.182941	-14.614400
	-0.026151	15.036096	-14.670300
	-0.026158	15.142764	-14.647900
	-0.026165	15.204109	-14.647900
	-0.026172	15.164506	-14.582700
	-0.026179	15.262326	-14.552900
	-0.026185	15.234129	-14.560400
	-0.026192	15.319601	-14.644200
	-0.026199	15.143910	-14.774600
	-0.026206	15.219198	-14.729900
	-0.026213	15.241866	-14.742900
	-0.026219	15.274790	-14.774600
	-0.026226	15.077056	-14.755900
	-0.026233	15.473688	-14.705600
	-0.026240	15.239094	-14.735400
	-0.026246	15.288180	-14.836000
	-0.026253	15.330062	-14.826700
	-0.026260	15.467601	-14.865800
	-0.026267	15.450948	-14.973900
	-0.026274	15.388133	-15.026000
	-0.026280	15.402788	-15.137800
	-0.026287	15.381452	-15.186200
	-0.026294	15.261215	-15.234600
	-0.026301	15.434358	-15.264500
	-0.026307	15.378647	-15.186200
	-0.026314	15.397389	-15.113600
	-0.026321	15.503987	-15.070700
	-0.026328	15.409320	-15.016700
	-0.026335	15.383317	-14.988800
	-0.026341	15.522137	-14.837900
	-0.026348	15.617266	-14.888200
	-0.026355	15.434665	-15.022300
	-0.026362	15.413083	-15.074400
	-0.026368	15.528379	-15.162000
	-0.026375	15.471148	-15.249500
	-0.026382	15.436281	-15.223500
	-0.026389	15.429681	-15.285000
	-0.026396	15.360652	-15.314800
	-0.026402	15.600807	-15.275700
	-0.026409	15.493791	-15.391200
	-0.026416	15.429288	-15.562500
	-0.026423	15.459168	-15.715300
	-0.026430	15.519126	-15.834500
	-0.026436	15.370441	-15.858700
	-0.026443	15.582842	-15.724600
	-0.026450	15.523851	-15.774900
	-0.026457	15.596543	-15.782300
	-0.026463	15.612790	-15.674300
	-0.026470	15.481385	-15.631400
	-0.026477	15.615003	-15.609100
	-0.026484	15.539205	-15.642600
	-0.026491	15.631316	-15.739500
	-0.026497	15.746217	-15.741300
	-0.026504	15.723373	-15.676100
	-0.026511	15.702791	-15.633300
	-0.026518	15.742534	-15.638900
	-0.026524	15.599928	-15.637000
	-0.026531	15.497624	-15.609100
	-0.026538	15.658375	-15.760000
	-0.026545	15.445529	-15.853100
	-0.026552	15.499257	-15.923900
	-0.026558	15.651473	-15.983500
	-0.026565	15.694281	-16.099000
	-0.026572	15.794319	-16.221900
	-0.026579	15.739860	-16.208900
	-0.026585	15.615860	-16.095200
	-0.026592	15.721259	-15.989100
	-0.026599	15.958704	-15.856800
	-0.026606	15.625155	-15.802800
	-0.026613	15.778026	-15.733900
	-0.026619	15.749099	-15.802800
	-0.026626	15.586613	-15.912700
	-0.026633	15.521049	-16.009600
	-0.026640	15.717261	-16.024500
	-0.026647	15.784427	-15.992800
	-0.026653	15.570469	-16.102700
	-0.026660	15.575826	-16.123200
	-0.026667	15.640246	-16.115700
	-0.026674	15.752227	-15.983500
	-0.026680	15.552387	-15.998400
	-0.026687	15.687028	-16.104500
	-0.026694	15.739583	-16.277800
	-0.026701	15.910024	-16.296400
	-0.026708	15.842965	-16.369000
	-0.026714	15.808024	-16.473400
	-0.026721	15.654285	-16.484500
	-0.026728	15.813829	-16.579500
	-0.026735	15.819087	-16.594400
	-0.026741	15.926147	-16.553400
	-0.026748	15.832154	-16.508700
	-0.026755	15.705197	-16.505000
	-0.026762	15.826238	-16.629800
	-0.026769	15.817471	-16.769500
	-0.026775	15.828730	-16.814200
	-0.026782	15.800613	-16.722900
	-0.026789	16.044076	-16.799300
	-0.026796	15.866183	-16.924100
	-0.026802	15.877603	-16.987400
	-0.026809	15.835337	-17.089900
	-0.026816	15.826254	-17.203500
	-0.026823	15.920889	-17.201600
	-0.026830	15.871237	-17.265000
	-0.026836	15.877158	-17.313400
	-0.026843	15.961812	-17.186700
	-0.026850	15.976779	-17.145800
	-0.026857	15.987016	-17.175600
	-0.026863	15.881728	-17.196100
	-0.026870	15.997201	-17.244500
	-0.026877	15.829051	-17.313400
	-0.026884	15.960397	-17.304100
	-0.026891	16.058043	-17.227700
	-0.026897	16.162837	-17.138300
	-0.026904	16.018954	-17.134600
	-0.026911	16.173016	-17.099200
	-0.026918	16.182551	-17.006100
	-0.026925	15.819012	-17.045200
	-0.026931	16.013080	-17.129000
	-0.026938	15.975061	-17.155100
	-0.026945	16.181623	-17.361800
	-0.026952	15.881769	-17.576000
	-0.026958	16.033839	-17.726900
	-0.026965	16.206653	-17.833100
	-0.026972	15.951456	-17.769800
	-0.026979	16.172919	-17.851700
	-0.026986	16.006247	-17.956000
	-0.026992	15.876906	-18.038000
	-0.026999	16.013188	-18.157200
	-0.027006	16.014056	-18.160900
	-0.027013	16.009684	-18.168400
	-0.027019	16.059745	-18.155300
	-0.027026	15.946438	-18.241000
	-0.027033	15.934754	-18.282000
	-0.027040	16.067601	-18.311800
	-0.027047	16.079294	-18.291300
	-0.027053	16.098013	-18.315500
	-0.027060	16.126028	-18.362100
	-0.027067	16.252163	-18.319200
	-0.027074	16.092910	-18.384400
	-0.027080	16.220400	-18.438400
	-0.027087	16.262119	-18.641500
	-0.027094	16.182294	-18.701100
	-0.027101	16.278758	-18.732700
	-0.027108	16.167982	-18.751400
	-0.027114	16.034969	-18.760700
	-0.027121	16.215059	-18.719700
	-0.027128	16.302321	-18.727200
	-0.027135	16.111677	-18.794200
	-0.027142	16.243023	-18.693600
	-0.027148	16.215595	-18.656400
	-0.027155	16.153592	-18.669400
	-0.027162	16.148538	-18.712200
	-0.027169	16.332474	-18.738300
	-0.027175	16.165205	-18.855700
	-0.027182	16.271731	-19.002800
	-0.027189	16.256076	-19.023300
	-0.027196	16.354418	-18.866800
	-0.027203	16.377827	-18.699200
	-0.027209	16.420855	-18.639600
	-0.027216	16.374066	-18.654500
	-0.027223	16.429788	-18.736500
	-0.027230	16.430413	-18.824000
	-0.027236	16.245162	-18.922700
	-0.027243	16.426003	-19.014000
	-0.027250	16.241727	-19.056800
	-0.027257	16.508480	-19.021400
	-0.027264	16.306200	-19.094100
	-0.027270	16.355112	-19.202100
	-0.027277	16.415050	-19.159300
	-0.027284	16.197381	-18.954400
	-0.027291	16.472859	-18.797900
	-0.027297	16.513409	-18.693600
	-0.027304	16.613108	-18.838900
	-0.027311	16.404081	-18.982300
	-0.027318	16.526335	-19.027000
	-0.027325	16.541769	-18.846400
	-0.027331	16.489271	-18.801700
	-0.027338	16.819452	-18.695500
	-0.027345	16.738862	-18.673100
	-0.027352	16.746378	-18.680600
	-0.027359	16.803451	-18.732700
	-0.027365	16.779551	-18.723400
	-0.027372	16.639473	-18.665700
	-0.027379	16.771626	-18.639600
	-0.027386	16.860295	-18.697300
	-0.027392	16.810071	-18.717800
	-0.027399	16.828354	-18.716000
	-0.027406	16.792087	-18.622800
	-0.027413	16.766733	-18.637700
	-0.027420	16.805501	-18.641500
	-0.027426	16.886113	-18.790500
	-0.027433	16.979705	-18.809100
	-0.027440	16.883786	-18.883600
	-0.027447	16.906957	-19.002800
	-0.027453	16.961265	-19.209600
	-0.027460	16.794999	-19.382800
	-0.027467	16.938343	-19.380900
	-0.027474	16.895209	-19.261700
	-0.027481	17.029946	-19.204000
	-0.027487	16.882560	-19.302700
	-0.027494	16.831512	-19.405200
	-0.027501	16.933974	-19.462900
	-0.027508	16.771449	-19.369800
	-0.027514	16.865048	-19.366000
	-0.027521	16.901567	-19.345500
	-0.027528	16.910287	-19.414500
	-0.027535	16.807612	-19.556000
	-0.027542	16.838605	-19.505700
	-0.027548	17.032982	-19.388400
	-0.027555	17.023936	-19.222600
	-0.027562	17.068775	-19.300800
	-0.027569	17.070587	-19.245000
	-0.027575	17.154957	-19.159300
	-0.027582	17.012677	-19.198400
	-0.027589	17.357438	-19.272900
	-0.027596	17.163564	-19.181600
	-0.027603	17.291885	-19.185400
	-0.027609	17.157513	-19.246800
	-0.027616	17.099453	-19.379100
	-0.027623	17.209602	-19.395800
	-0.027630	17.234521	-19.453600
	-0.027637	17.272552	-19.455400
	-0.027643	17.394217	-19.518800
	-0.027650	17.200274	-19.457300
	-0.027657	17.220159	-19.425600
	-0.027664	17.306300	-19.554200
	-0.027670	17.287992	-19.651000
	-0.027677	17.198251	-19.675200
	-0.027684	17.246488	-19.809300
	-0.027691	17.371679	-19.932300
	-0.027698	17.446709	-19.997500
	-0.027704	17.410936	-19.926700
	-0.027711	17.236638	-18.809100
	-0.027718	17.146154	-16.149200
	-0.027725	19.276821	-14.539900
	-0.027731	19.355277	-13.813400
	-0.027738	19.509983	-13.608500
	-0.027745	19.437699	-13.619700
	-0.027752	19.594316	-13.699800
	-0.027759	19.523350	-13.738900
	-0.027765	19.362472	-13.698000
	-0.027772	19.444220	-13.629000
	-0.027779	19.435698	-13.619700
	-0.027786	19.411514	-13.742700
	-0.027792	19.384850	-13.781800
	-0.027799	19.481772	-13.813400
	-0.027806	19.439194	-13.874900
	-0.027813	19.621030	-13.968000
	-0.027820	19.593302	-14.081700
	-0.027826	19.506093	-14.063000
	-0.027833	19.443593	-13.837600
	-0.027840	19.601614	-13.645800
	-0.027847	19.645087	-13.567600
	-0.027854	19.608226	-13.623400
	-0.027860	19.824282	-13.744500
	-0.027867	19.908460	-13.839500
	-0.027874	19.582035	-13.901000
	-0.027881	19.755200	-14.172900
	-0.027887	19.617927	-14.226900
	-0.027894	19.698408	-14.094700
	-0.027901	19.781048	-13.468800
	-0.027908	20.074058	-12.889600
	-0.027915	20.448886	-12.673500
	-0.027921	20.337238	-12.664200
	-0.027928	20.503918	-12.684700
	-0.027935	20.309455	-12.680900
	-0.027942	20.484229	-12.762900
	-0.027948	20.485955	-12.794600
	-0.027955	20.373585	-12.757300
	-0.027962	20.405388	-12.695800
	-0.027969	20.401895	-12.647400
	-0.027976	20.559132	-12.606400
	-0.027982	20.398262	-12.556100
	-0.027989	20.581338	-12.492800
	-0.027996	20.735439	-12.401500
	-0.028003	20.860555	-12.457400
	-0.028009	20.655659	-12.379200
	-0.028016	20.587845	-12.213400
	-0.028023	20.789340	-12.122200
	-0.028030	20.751871	-12.157500
	-0.028037	20.833800	-12.187300
	-0.028043	20.874248	-12.138900
	-0.028050	20.947278	-12.187300
	-0.028057	20.604766	-12.228300
	-0.028064	20.735522	-12.312100
	-0.028071	20.866404	-12.315900
	-0.028077	20.882499	-12.250700
	-0.028084	20.800738	-12.280500
	-0.028091	20.787119	-12.241400
	-0.028098	20.935422	-12.148200
	-0.028104	20.899417	-12.064400
	-0.028111	20.789188	-12.016000
	-0.028118	20.876688	-12.191100
	-0.028125	20.856314	-12.327000
	-0.028132	21.002600	-12.436900
	-0.028138	20.869140	-12.558000
	-0.028145	20.822077	-12.587800
	-0.028152	20.766863	-12.496500
	-0.028159	20.873525	-12.362400
	-0.028165	21.026749	-12.248800
	-0.028172	21.112517	-12.241400
	-0.028179	21.011467	-12.274900
	-0.028186	20.980838	-12.237600
	-0.028193	20.999260	-12.304700
	-0.028199	21.087412	-12.347500
	-0.028206	21.041617	-12.368000
	-0.028213	21.016526	-12.287900
	-0.028220	21.137174	-12.319600
	-0.028226	21.078506	-11.697500
	-0.028233	21.230761	-8.465780
	-0.028240	22.644717	-6.362820
	-0.028247	24.276732	-5.405430
	-0.028254	24.063025	-4.997510
	-0.028260	24.048218	-4.686440
	-0.028267	23.931753	-4.453610
	-0.028274	24.355407	-4.369790
	-0.028281	24.344355	-4.423810
	-0.028288	24.354907	-4.477830
	-0.028294	24.452898	-4.576550
	-0.028301	24.437859	-4.591450
	-0.028308	24.232474	-4.552330
	-0.028315	24.264647	-4.483420
	-0.028321	24.304711	-4.487140
	-0.028328	24.490313	-4.677130
	-0.028335	24.418197	-4.893200
	-0.028342	24.373276	-4.995640
	-0.028349	24.459604	-5.163280
	-0.028355	24.315495	-5.245240
	-0.028362	24.490926	-5.368170
	-0.028369	24.386351	-5.155830
	-0.028376	24.254703	-4.749770
	-0.028382	24.706101	-4.425670
	-0.028389	24.882037	-4.245000
	-0.028396	24.714304	-4.243130
	-0.028403	24.839672	-4.388420
	-0.028410	24.798541	-4.421950
	-0.028416	24.910046	-4.388420
	-0.028423	25.018336	-4.362340
	-0.028430	25.016045	-4.367930
	-0.028437	24.874348	-4.302740
	-0.028443	24.894560	-4.289700
	-0.028450	24.892192	-4.269210
	-0.028457	24.843319	-4.274800
	-0.028464	25.109447	-4.380970
	-0.028471	24.895029	-4.544880
	-0.028477	24.954808	-4.628700
	-0.028484	24.850826	-2.708300
	-0.028491	25.101904	-0.424685
	-0.028498	27.173295	0.843782
	-0.028504	27.384143	1.424930
	-0.028511	27.195195	1.443560
	-0.028518	27.106606	1.527380
	-0.028525	27.191459	1.790010
	-0.028532	27.182761	2.058240
	-0.028538	27.340349	2.143920
	-0.028545	27.399055	2.119700
	-0.028552	27.194214	2.110390
	-0.028559	27.222922	2.244500
	-0.028566	27.378766	2.304110
	-0.028572	27.338533	2.378610
	-0.028579	27.248635	2.451260
	-0.028586	27.424342	2.408410
	-0.028593	27.361655	2.417730
	-0.028599	27.430860	2.451260
	-0.028606	27.598489	2.468020
	-0.028613	27.346820	2.482920
	-0.028620	27.312050	2.574190
	-0.028627	27.567073	2.585370
	-0.028633	27.548710	2.654280
	-0.028640	27.506640	2.695260
	-0.028647	27.378838	2.728790
	-0.028654	27.455241	2.780940
	-0.028660	27.598132	2.799570
	-0.028667	27.474453	2.874080
	-0.028674	27.586685	3.039850
	-0.028681	27.709353	3.092010
	-0.028688	27.539625	3.160920
	-0.028694	27.707314	3.343460
	-0.028701	27.487724	3.566980
	-0.028708	27.740608	3.732760
	-0.028715	27.651777	3.960010
	-0.028721	27.658927	3.961880
	-0.028728	27.744046	4.041970
	-0.028735	27.751362	4.150000
	-0.028742	27.923572	4.194710
	-0.028749	27.957162	4.269210
	-0.028755	28.034389	4.263620
	-0.028762	27.827639	4.258040
	-0.028769	28.005849	4.328820
	-0.028776	27.835729	4.332540
	-0.028783	27.997615	4.615660
	-0.028789	28.006004	5.081330
	-0.028796	28.864575	5.735110
	-0.028803	28.965031	6.051760
	-0.028810	29.144852	6.472720
	-0.028816	29.125533	8.361470
	-0.028823	30.427962	9.693260
	-0.028830	30.747991	10.289300
	-0.028837	30.739572	10.391800
	-0.028844	30.704672	10.473700
	-0.028850	30.850782	10.546400
	-0.028857	30.721176	10.646900
	-0.028864	30.812376	10.665600
	-0.028871	30.756888	10.684200
	-0.028877	30.654681	10.684200
	-0.028884	30.797505	10.682300
	-0.028891	30.721253	10.803400
	-0.028898	30.637387	10.952400
	-0.028905	30.772381	10.924500
	-0.028911	30.712373	10.840700
	-0.028918	30.773337	10.695400
	-0.028925	30.683361	10.771700
	-0.028932	30.846292	10.842500
	-0.028938	30.735453	10.762400
	-0.028945	30.851470	10.755000
	-0.028952	30.820806	10.825800
	-0.028959	30.912832	10.872300
	-0.028966	30.628387	10.842500
	-0.028972	30.645104	10.797800
	-0.028979	30.809662	10.682300
	-0.028986	30.820347	10.527700
	-0.028993	30.987663	10.490500
	-0.029000	30.979454	10.443900
	-0.029006	30.912995	10.442000
	-0.029013	30.851125	10.481200
	-0.029020	30.825647	10.294900
	-0.029027	30.777763	10.037900
	-0.029033	30.895156	9.784530
	-0.029040	31.040915	9.661600
	-0.029047	31.038152	9.659740
	-0.029054	30.885748	9.561020
	-0.029061	30.836235	9.529350
	-0.029067	30.940724	9.529350
	-0.029074	30.965611	9.601990
	-0.029081	30.826254	9.644830
	-0.029088	30.912003	9.609440
	-0.029094	30.939506	9.695130
	-0.029101	31.093642	9.970800
	-0.029108	31.216647	10.069500
	-0.029115	31.169267	10.032300
	-0.029122	31.135093	10.086300
	-0.029128	31.236688	10.078800
	-0.029135	31.158612	10.080700
	-0.029142	31.323113	10.069500
	-0.029149	31.238644	9.981970
	-0.029155	31.041075	9.924230
	-0.029162	31.328890	9.918640
	-0.029169	31.210585	9.967070
	-0.029176	31.037580	9.942860
	-0.029183	31.172991	9.913060
	-0.029189	31.071936	9.924230
	-0.029196	31.294670	10.015500
	-0.029203	31.125721	10.088100
	-0.029210	31.328749	10.142200
	-0.029216	31.224912	10.172000
	-0.029223	31.098386	10.341500
	-0.029230	31.230023	10.458800
	-0.029237	31.198583	10.456900
	-0.029244	31.148411	10.483000
	-0.029250	31.137121	10.538900
	-0.029257	30.972345	10.559400
	-0.029264	31.157021	10.581700
	-0.029271	31.190758	10.753100
	-0.029278	31.348856	10.907700
	-0.029284	31.421834	10.989700
	-0.029291	31.639431	11.131200
	-0.029298	31.947408	11.148000
	-0.029305	31.940434	11.084700
	-0.029311	31.941316	11.127500
	-0.029318	31.957944	11.215000
	-0.029325	32.289238	17.343200
	-0.029332	36.362566	24.343000
	-0.029339	41.733474	28.031100
	-0.029345	41.794985	29.608700
	-0.029352	41.773663	30.253200
	-0.029359	41.894482	30.603500
	-0.029366	41.777045	30.653800
	-0.029372	41.842775	30.650100
	-0.029379	41.898140	30.691000
	-0.029386	42.048624	30.784200
	-0.029393	41.897668	30.728300
	-0.029400	41.954744	30.713400
	-0.029406	42.041672	30.780400
	-0.029413	41.943488	30.907100
	-0.029420	42.036729	31.054300
	-0.029427	41.844347	31.223800
	-0.029433	41.886616	31.223800
	-0.029440	41.993327	31.279600
	-0.029447	42.010516	31.829100
	-0.029454	42.506280	32.274300
	-0.029461	42.815487	32.622600
	-0.029467	42.575663	32.836800
	-0.029474	42.793518	32.890800
	-0.029481	42.725448	32.965300
	-0.029488	42.753053	32.961600
	-0.029495	42.778777	33.045400
	-0.029501	42.637133	33.078900
	-0.029508	42.825696	33.088300
	-0.029515	42.706819	33.067800
	-0.029522	42.572535	33.092000
	-0.029528	42.778100	33.060300
	-0.029535	42.928846	33.017500
	-0.029542	42.689829	32.918800
	-0.029549	42.768344	32.848000
	-0.029556	42.719830	32.678500
	-0.029562	42.713243	32.559300
	-0.029569	42.881068	32.456800
	-0.029576	42.837635	32.466100
	-0.029583	42.947284	32.518300
	-0.029589	42.718059	32.618900
	-0.029596	42.670377	32.769700
	-0.029603	42.749475	32.758600
	-0.029610	42.735917	32.779100
	-0.029617	42.913594	32.751100
	-0.029623	42.669112	32.801400
	-0.029630	42.809135	32.887100
	-0.029637	42.823469	32.868500
	-0.029644	42.727103	32.974600
	-0.029650	42.848660	33.106900
	-0.029657	42.889257	33.190700
	-0.029664	42.978067	33.228000
	-0.029671	42.883101	33.166500
	-0.029678	42.829064	33.203700
	-0.029684	42.875964	33.213100
	-0.029691	42.767766	33.179500
	-0.029698	42.858972	33.323000
	-0.029705	42.812417	33.336000
	-0.029712	43.015233	33.326700
	-0.029718	42.935436	33.401200
	-0.029725	42.814434	33.328500
	-0.029732	42.693308	33.214900
	-0.029739	42.894029	33.205600
	-0.029745	42.768731	33.282000
	-0.029752	42.873497	33.263300
	-0.029759	42.844761	33.228000
	-0.029766	42.779526	33.110600
	-0.029773	42.955733	33.006300
	-0.029779	42.871961	32.995100
	-0.029786	42.978749	33.028700
	-0.029793	42.839525	33.133000
	-0.029800	42.935582	33.514800
	-0.029806	43.676683	33.833300
	-0.029813	44.028349	33.993500
	-0.029820	43.917874	34.122000
	-0.029827	43.975014	34.239400
	-0.029834	43.965528	34.200300
	-0.029840	44.117283	34.285900
	-0.029847	43.982980	34.358600
	-0.029854	43.918581	34.421900
	-0.029861	43.720656	34.405200
	-0.029867	44.086541	34.388400
	-0.029874	44.023864	34.371600
	-0.029881	43.911619	34.407000
	-0.029888	44.045286	34.416300
	-0.029895	44.063166	34.407000
	-0.029901	43.808546	34.254300
	-0.029908	43.948428	34.073600
	-0.029915	43.987771	33.922700
	-0.029922	44.041421	33.900400
	-0.029928	44.082225	33.933900
	-0.029935	43.975669	33.842600
	-0.029942	44.034602	33.697300
	-0.029949	44.057949	33.496200
	-0.029956	44.000052	33.373200
	-0.029962	44.062591	33.285700
	-0.029969	44.145482	33.196300
	-0.029976	43.979542	33.136700
	-0.029983	44.027727	33.268900
	-0.029990	44.011193	33.373200
	-0.029996	43.928562	33.460800
	-0.030003	44.040879	33.438400
	-0.030010	44.006396	33.537200
	-0.030017	44.040575	33.689900
	-0.030023	44.068891	33.682400
	-0.030030	44.037284	33.688000
	-0.030037	43.884383	33.725300
	-0.030044	44.006300	33.725300
	-0.030051	43.933416	33.760700
	-0.030057	43.974831	33.760700
	-0.030064	43.977315	33.822100
	-0.030071	43.931684	33.853800
	-0.030078	44.134792	33.835200
	-0.030084	44.060229	33.777400
	-0.030091	43.922784	33.851900
	-0.030098	44.074633	33.835200
	-0.030105	44.036679	33.885500
	-0.030112	43.972234	33.857500
	-0.030118	44.070745	33.872400
	-0.030125	44.141523	33.909700
	-0.030132	44.004769	33.848200
	-0.030139	44.143852	33.865000
	-0.030145	44.034071	34.071700
	-0.030152	44.351069	34.379100
	-0.030159	44.768225	34.630500
	-0.030166	44.864959	34.710600
	-0.030173	44.766692	34.785100
	-0.030179	44.788116	34.725500
	-0.030186	44.843239	34.684500
	-0.030193	44.925196	34.719900
	-0.030200	44.899539	34.770200
	-0.030207	44.804194	34.787000
	-0.030213	44.952749	34.824200
	-0.030220	44.784919	34.913700
	-0.030227	44.686798	35.023500
	-0.030234	44.848862	35.018000
	-0.030240	44.998442	35.034700
	-0.030247	44.900989	35.111100
	-0.030254	44.974312	35.116700
	-0.030261	44.809135	35.034700
	-0.030268	44.803567	34.906200
	-0.030274	44.760348	34.818700
	-0.030281	44.869112	34.783300
	-0.030288	44.880656	34.839100
	-0.030295	44.786690	34.841000
	-0.030301	44.887066	34.706900
	-0.030308	44.745272	34.673400
	-0.030315	44.798480	34.673400
	-0.030322	45.033049	34.692000
	-0.030329	44.827672	34.660300
	-0.030335	44.738111	34.682700
	-0.030342	44.806850	34.787000
	-0.030349	44.817695	34.852200
	-0.030356	44.872060	34.869000
	-0.030362	44.879332	34.801900
	-0.030369	44.863014	34.665900
	-0.030376	44.770029	34.684500
	-0.030383	44.910168	34.818700
	-0.030390	44.715039	35.144600
	-0.030396	44.807253	35.267600
	-0.030403	44.884897	35.314100
	-0.030410	44.793394	35.276900
	-0.030417	44.862033	35.232200
	-0.030424	44.859621	35.293600
	-0.030430	44.742507	35.360700
	-0.030437	44.827249	35.390500
	-0.030444	44.916512	35.342100
	-0.030451	44.762218	35.358800
	-0.030457	44.651083	35.295500
	-0.030464	44.866180	35.334600
	-0.030471	44.663696	35.403500
	-0.030478	44.624887	35.411000
	-0.030485	45.043651	35.371900
	-0.030491	44.842087	35.293600
	-0.030498	44.806037	35.327200
	-0.030505	44.741258	35.321600
	-0.030512	44.875133	35.321600
	-0.030518	44.880532	35.319700
	-0.030525	44.983883	35.340200
	-0.030532	44.841650	35.392400
	-0.030539	44.926973	35.479900
	-0.030546	44.896461	35.498500
	-0.030552	44.876315	35.504100
	-0.030559	44.740890	35.496700
	-0.030566	44.943010	35.487300
	-0.030573	44.976898	35.452000
	-0.030579	45.105742	35.452000
	-0.030586	45.124807	35.461300
	-0.030593	44.884671	35.502200
	-0.030600	44.792860	35.569300
	-0.030607	44.993877	35.506000
	-0.030613	44.938401	35.504100
	-0.030620	44.926279	35.450100
	-0.030627	45.038984	35.431500
	-0.030634	44.989727	35.466900
	-0.030640	45.013978	35.455700
	-0.030647	44.976937	35.435200
	-0.030654	44.933110	35.500400
	-0.030661	44.970789	35.563700
	-0.030668	44.912193	35.709000
	-0.030674	45.064406	35.763000
	-0.030681	45.063238	35.843100
	-0.030688	44.922168	35.815200
	-0.030695	45.130755	35.764900
	-0.030702	44.956841	35.893400
	-0.030708	44.977932	35.926900
	-0.030715	44.979399	35.926900
	-0.030722	45.026871	35.951100
	-0.030729	44.983546	36.023800
	-0.030735	44.956816	36.053600
	-0.030742	45.100472	36.090800
	-0.030749	45.025157	36.074100
	-0.030756	45.166581	36.124400
	-0.030763	44.995499	36.072200
	-0.030769	44.827268	35.979100
	-0.030776	44.743858	35.921300
	-0.030783	44.973259	35.861700
	-0.030790	44.955993	35.750000
	-0.030796	44.852658	35.723900
	-0.030803	44.950169	35.742500
	-0.030810	45.012528	35.746300
	-0.030817	44.977310	35.785400
	-0.030824	45.015349	35.772300
	-0.030830	44.875180	35.759300
	-0.030837	44.785555	35.768600
	-0.030844	44.869720	35.876600
	-0.030851	44.882460	35.999600
	-0.030857	44.952343	35.997700
	-0.030864	44.932941	35.923200
	-0.030871	44.897828	35.811400
	-0.030878	44.979283	35.697800
	-0.030885	44.946861	35.658700
	-0.030891	44.915865	35.660600
	-0.030898	44.852589	35.699700
	-0.030905	44.933181	35.718300
	-0.030912	44.912213	35.714600
	-0.030919	44.921284	35.664300
	-0.030925	44.784867	35.755600
	-0.030932	44.950279	35.785400
	-0.030939	44.960066	35.733200
	-0.030946	44.928053	35.656800
	-0.030952	44.969618	35.580500
	-0.030959	45.025030	35.610300
	-0.030966	45.051561	35.589800
	-0.030973	44.836851	35.550700
	-0.030980	45.014097	35.489200
	-0.030986	44.812028	35.500400
	-0.030993	45.024293	35.520900
	-0.031000	44.884651	35.403500
	-0.031007	44.940492	35.409100
	-0.031013	44.924345	35.530200
	-0.031020	44.875716	35.677300
	-0.031027	45.074439	35.878500
	-0.031034	45.222897	36.098300
	-0.031041	45.170894	36.141100
	-0.031047	45.234361	36.148600
	-0.031054	45.122596	36.169100
	-0.031061	45.069300	36.154200
	-0.031068	45.164188	36.197000
	-0.031074	45.282786	36.148600
	-0.031081	45.221035	36.079700
	-0.031088	45.291031	36.044300
	-0.031095	45.193449	36.085300
	-0.031102	45.231164	36.305000
	-0.031108	45.358344	36.338600
	-0.031115	45.131385	36.236100
	-0.031122	45.288522	36.249200
	-0.031129	45.378973	36.191400
	-0.031136	45.166283	36.159800
	-0.031142	45.192040	36.116900
	-0.031149	45.346825	36.109500
	-0.031156	45.492963	36.036800
	-0.031163	45.432651	36.102000
	-0.031169	45.472524	36.137400
	-0.031176	45.307640	36.213800
	-0.031183	45.369648	36.200700
	-0.031190	45.312254	36.342300
	-0.031197	45.425083	36.323700
	-0.031203	45.214158	36.172800
	-0.031210	45.306206	36.074100
	-0.031217	45.281919	36.053600
	-0.031224	45.342186	36.079700
	-0.031230	45.187646	36.191400
	-0.031237	45.362254	36.457800
	-0.031244	45.387724	36.727900
	-0.031251	45.324014	36.850800
	-0.031258	45.394358	36.869400
	-0.031264	45.558770	36.897400
	-0.031271	45.517158	36.791200
	-0.031278	45.565550	36.753900
	-0.031285	45.533582	36.796800
	-0.031291	45.443128	36.884300
	-0.031298	45.397743	36.895500
	-0.031305	45.513890	36.979300
	-0.031312	45.377851	36.873200
	-0.031319	45.524066	36.858300
	-0.031325	45.333814	36.955100
	-0.031332	45.397469	37.040800
	-0.031339	45.431501	37.081800
	-0.031346	45.251724	37.109700
	-0.031353	45.541017	37.160000
	-0.031359	45.505239	37.242000
	-0.031366	45.544623	37.201000
	-0.031373	45.512050	37.104100
	-0.031380	45.480330	36.999800
	-0.031386	45.369571	36.964400
	-0.031393	45.434472	36.895500
	-0.031400	45.333844	36.832200
	-0.031407	45.537008	36.878700
	-0.031414	45.351382	36.906700
	-0.031420	45.366498	36.889900
	-0.031427	45.455479	36.854500
	-0.031434	45.330330	36.839600
	-0.031441	45.225467	36.947700
	-0.031447	45.332999	37.091100
	-0.031454	45.355999	37.245700
	-0.031461	45.304863	37.271800
	-0.031468	45.439108	37.275500
	-0.031475	45.313951	37.337000
	-0.031481	45.384369	37.316500
	-0.031488	45.443769	37.242000
	-0.031495	45.203014	37.059400
	-0.031502	45.323436	36.986800
	-0.031508	45.267205	36.871300
	-0.031515	45.455424	36.660800
	-0.031522	45.307662	36.655200
	-0.031529	45.420342	36.753900
	-0.031536	45.361516	36.774400
	-0.031542	45.269286	36.703700
	-0.031549	45.308375	36.711100
	-0.031556	45.404918	36.748400
	-0.031563	45.209944	36.789300
	-0.031569	45.191006	36.746500
	-0.031576	45.239926	36.709200
	-0.031583	45.328965	36.640300
	-0.031590	45.400879	36.645900
	-0.031597	45.106698	36.636600
	-0.031603	45.336594	36.647800
	-0.031610	45.431490	36.765100
	-0.031617	45.148102	36.903000
	-0.031624	45.198226	37.061300
	-0.031631	45.257767	37.018400
	-0.031637	45.330073	36.927200
	-0.031644	45.216545	36.875000
	-0.031651	45.395038	36.843400
	-0.031658	45.524616	36.860100
	-0.031664	45.313848	36.843400
	-0.031671	45.495521	36.800500
	-0.031678	45.392625	36.724100
	-0.031685	45.458027	36.644100
	-0.031692	45.225265	36.560200
	-0.031698	45.343896	36.586300
	-0.031705	45.350881	36.543500
	-0.031712	45.214981	36.565800
	-0.031719	45.363666	36.640300
	-0.031725	45.336757	36.724100
	-0.031732	45.088763	36.724100
	-0.031739	45.350354	36.778200
	-0.031746	45.251136	36.763300
	-0.031753	45.202713	36.714800
	-0.031759	45.229310	36.718600
	-0.031766	45.211373	36.817300
	-0.031773	45.335149	36.934600
	-0.031780	45.414835	36.945800
	-0.031786	45.227009	36.876900
	-0.031793	45.329758	36.865700
	-0.031800	45.402368	36.778200
	-0.031807	45.286384	36.821000
	-0.031814	45.201531	36.880600
	-0.031820	45.263649	36.943900
	-0.031827	45.228421	36.876900
	-0.031834	45.287558	36.863800
	-0.031841	45.285745	36.921600
	-0.031848	45.375011	36.863800
	-0.031854	45.331070	36.865700
	-0.031861	45.353371	36.852700
	-0.031868	45.341385	36.863800
	-0.031875	45.229053	36.932800
	-0.031881	45.324201	36.930900
	-0.031888	45.272306	37.001700
	-0.031895	45.452064	37.001700
	-0.031902	45.377199	36.927200
	-0.031909	45.422541	36.927200
	-0.031915	45.295466	37.029600
