	0.049617	-0.028860	42.464800
	0.047700	-0.183145	42.323300
	0.045783	-0.089500	42.021500
	0.043866	0.258090	41.682500
	0.041949	0.366680	41.401200
	0.040033	0.223679	41.134900
	0.038116	0.077194	40.691600
	0.036199	0.416156	40.192400
	0.034282	0.423787	39.721100
	0.032365	0.579822	39.121400
	0.030448	0.646284	38.583100
	0.028531	0.709839	38.069000
	0.026614	0.755990	37.515800
	0.024698	0.761718	36.940200
	0.022781	1.142037	36.306900
	0.020864	1.169640	35.563700
	0.018947	1.168161	34.740400
	0.017030	1.457742	33.878000
	0.015113	1.497107	33.030500
	0.013196	1.664782	32.043300
	0.011279	1.833046	30.968600
	0.009363	2.013409	29.891800
	0.007446	2.225743	28.832000
	0.005529	2.282969	27.766600
	0.003612	2.354504	26.572600
	0.001695	2.771184	25.343300
	-0.000222	2.879017	24.123200
	-0.002139	2.893742	22.683400
	-0.004056	3.209690	21.007000
	-0.005972	3.599108	19.228200
	-0.007889	3.853807	17.393500
	-0.009806	4.108742	15.402300
	-0.011723	4.265940	13.021800
	-0.013640	4.993534	10.393600
	-0.015557	5.480482	7.217780
	-0.017474	5.828904	3.688050
	-0.019391	6.462975	-0.473114
	-0.021307	8.027758	-5.327190
	-0.023224	8.788578	-11.239300
	-0.025141	9.888481	-17.536900
	-0.025141	11.434077	-21.835900
	-0.025148	13.822027	-23.793500
	-0.025155	13.958949	-24.579600
	-0.025161	13.872756	-24.844100
	-0.025168	14.000097	-25.056400
	-0.025175	13.905675	-25.112300
	-0.025182	13.794397	-25.136500
	-0.025189	13.836182	-25.076900
	-0.025195	13.906543	-25.138400
	-0.025202	14.009560	-25.190500
	-0.025209	13.805661	-25.123500
	-0.025216	13.847726	-25.147700
	-0.025223	14.015128	-25.177500
	-0.025229	13.834113	-25.212900
	-0.025236	13.933397	-25.104800
	-0.025243	13.967429	-25.073200
	-0.025250	14.014221	-25.052700
	-0.025256	13.955189	-25.021000
	-0.025263	14.133170	-25.056400
	-0.025270	13.857330	-25.134700
	-0.025277	13.943023	-25.121600
	-0.025284	14.019350	-25.095500
	-0.025290	13.884372	-25.089900
	-0.025297	13.909253	-25.149600
	-0.025304	13.924342	-25.350700
	-0.025311	13.995002	-25.486700
	-0.025317	13.884684	-25.477400
	-0.025324	13.778993	-25.464300
	-0.025331	13.769225	-25.369300
	-0.025338	13.874851	-25.352600
	-0.025345	13.956269	-25.192400
	-0.025351	13.901318	-25.108600
	-0.025358	13.978932	-25.162600
	-0.025365	13.980794	-25.130900
	-0.025372	13.858201	-25.166300
	-0.025378	13.991150	-25.240800
	-0.025385	13.955609	-25.322800
	-0.025392	13.745668	-25.510900
	-0.025399	13.866164	-25.557500
	-0.025406	14.078849	-25.509000
	-0.025412	13.874796	-25.527700
	-0.025419	13.911619	-25.639400
	-0.025426	13.976031	-25.671100
	-0.025433	13.795004	-25.669200
	-0.025439	13.835967	-25.611500
	-0.025446	13.985765	-25.509000
	-0.025453	13.979161	-25.564900
	-0.025460	13.934919	-25.663600
	-0.025467	13.950837	-25.674800
	-0.025473	13.866089	-25.624500
	-0.025480	13.991628	-25.481100
	-0.025487	14.042678	-25.589100
	-0.025494	13.826304	-25.525800
	-0.025501	13.926898	-25.540700
	-0.025507	13.934519	-25.509000
	-0.025514	13.905114	-25.423400
	-0.025521	13.717896	-25.447600
	-0.025528	14.005894	-25.440100
	-0.025534	13.899959	-25.512800
	-0.025541	13.961326	-25.533300
	-0.025548	13.838169	-25.490400
	-0.025555	13.892429	-25.510900
	-0.025562	13.793938	-25.505300
	-0.025568	13.761751	-25.456900
	-0.025575	14.022323	-25.503500
	-0.025582	14.030206	-25.604000
	-0.025589	13.869394	-25.635700
	-0.025595	13.902857	-25.700900
	-0.025602	14.003017	-25.646900
	-0.025609	13.933853	-25.542600
	-0.025616	13.901044	-25.494100
	-0.025623	13.890001	-25.481100
	-0.025629	13.865484	-25.503500
	-0.025636	13.829153	-25.557500
	-0.025643	13.973011	-25.613300
	-0.025650	13.912423	-25.704600
	-0.025656	14.084057	-25.801500
	-0.025663	13.906623	-25.747500
	-0.025670	13.848978	-25.738100
	-0.025677	13.921132	-25.723200
	-0.025684	13.972953	-25.656200
	-0.025690	13.798480	-25.622700
	-0.025697	13.986585	-25.563100
	-0.025704	13.890503	-25.572400
	-0.025711	13.958773	-25.622700
	-0.025718	13.987867	-25.723200
	-0.025724	13.827103	-25.790300
	-0.025731	13.973058	-25.684100
	-0.025738	13.913721	-25.745600
	-0.025745	13.974768	-25.794000
	-0.025751	14.013672	-25.704600
	-0.025758	13.947591	-25.633800
	-0.025765	13.924555	-25.650600
	-0.025772	13.939467	-25.667400
	-0.025779	13.876517	-25.704600
	-0.025785	13.872323	-25.829400
	-0.025792	13.808740	-25.831300
	-0.025799	14.060323	-25.805200
	-0.025806	13.929888	-25.822000
	-0.025812	14.003379	-25.835000
	-0.025819	14.014849	-25.853600
	-0.025826	14.177724	-25.969100
	-0.025833	13.991857	-26.064100
	-0.025840	14.148688	-25.997100
	-0.025846	14.096997	-25.894600
	-0.025853	14.077155	-25.825700
	-0.025860	13.959082	-25.842500
	-0.025867	14.157930	-25.982200
	-0.025873	14.037867	-26.064100
	-0.025880	14.143463	-25.984000
	-0.025887	14.163006	-26.084600
	-0.025894	14.064658	-26.324900
	-0.025901	13.967523	-26.369600
	-0.025907	14.046115	-26.289500
	-0.025914	14.096709	-26.136800
	-0.025921	13.986226	-26.064100
	-0.025928	14.074403	-26.166600
	-0.025935	14.023798	-26.252200
	-0.025941	14.021955	-26.265300
	-0.025948	13.905719	-25.971000
	-0.025955	13.920668	-25.779100
	-0.025962	14.114920	-25.730700
	-0.025968	13.857554	-25.794000
	-0.025975	14.047660	-26.039900
	-0.025982	13.947278	-26.077100
	-0.025989	14.021303	-26.138600
	-0.025996	14.090987	-26.287600
	-0.026002	13.847303	-26.429200
	-0.026009	13.851600	-26.460900
	-0.026016	14.008228	-26.462700
	-0.026023	14.055985	-26.527900
	-0.026029	13.995369	-26.395700
	-0.026036	14.129081	-26.358400
	-0.026043	14.169167	-26.321200
	-0.026050	13.969745	-26.226200
	-0.026057	14.108510	-26.332300
	-0.026063	14.053296	-26.300700
	-0.026070	14.104578	-26.334200
	-0.026077	13.990769	-26.444100
	-0.026084	14.243648	-26.606100
	-0.026090	14.157217	-26.604300
	-0.026097	13.903175	-26.563300
	-0.026104	14.032021	-26.602400
	-0.026111	13.950326	-26.643400
	-0.026118	14.037472	-26.663900
	-0.026124	14.084193	-26.671300
	-0.026131	13.975843	-26.712300
	-0.026138	14.093899	-26.678800
	-0.026145	14.191990	-26.673200
	-0.026151	14.040481	-26.637800
	-0.026158	14.100812	-26.587500
	-0.026165	14.075630	-26.527900
	-0.026172	14.160610	-26.526000
	-0.026179	14.107372	-26.490700
	-0.026185	14.235978	-26.500000
	-0.026192	13.974925	-26.688100
	-0.026199	14.229852	-26.781200
	-0.026206	14.195024	-26.682500
	-0.026213	14.050464	-26.609900
	-0.026219	14.033496	-26.682500
	-0.026226	14.178285	-26.844600
	-0.026233	14.174011	-27.004700
	-0.026240	14.047212	-27.105300
	-0.026246	14.114100	-27.056900
	-0.026253	14.185732	-26.997300
	-0.026260	13.977078	-27.021500
	-0.026267	14.237207	-27.060600
	-0.026274	14.218874	-27.092300
	-0.026280	14.260765	-26.902300
	-0.026287	14.313760	-26.561400
	-0.026294	14.284474	-26.391900
	-0.026301	14.477896	-26.295100
	-0.026307	14.471588	-26.064100
	-0.026314	14.347287	-25.993300
	-0.026321	14.380391	-26.082700
	-0.026328	14.434546	-26.310000
	-0.026335	14.316285	-26.481300
	-0.026341	14.370886	-26.522300
	-0.026348	14.493932	-26.542800
	-0.026355	14.280543	-26.593100
	-0.026362	14.209361	-26.701100
	-0.026368	14.390020	-26.773800
	-0.026375	14.346715	-26.613600
	-0.026382	14.367112	-26.459000
	-0.026389	14.212622	-26.414300
	-0.026396	14.455540	-26.470200
	-0.026402	14.314371	-26.593100
	-0.026409	14.459720	-26.611700
	-0.026416	14.547624	-26.559600
	-0.026423	14.364393	-26.503700
	-0.026430	14.647359	-26.552100
	-0.026436	14.408378	-26.671300
	-0.026443	14.375343	-26.503700
	-0.026450	14.484579	-26.216800
	-0.026457	14.571585	-26.008200
	-0.026463	14.558267	-25.894600
	-0.026470	14.647231	-25.902100
	-0.026477	14.852186	-26.127400
	-0.026484	14.824406	-26.276500
	-0.026491	14.755396	-26.177700
	-0.026497	14.848085	-26.174000
	-0.026504	14.799005	-26.028700
	-0.026511	15.017893	-25.941200
	-0.026518	14.764840	-26.012000
	-0.026524	14.896900	-26.097600
	-0.026531	14.959314	-26.112500
	-0.026538	14.945435	-25.965400
	-0.026545	14.765854	-25.913200
	-0.026552	14.873163	-26.056700
	-0.026558	14.785066	-26.205700
	-0.026565	14.825928	-26.337900
	-0.026572	14.732137	-26.472000
	-0.026579	14.907783	-26.483200
	-0.026585	15.013285	-26.352800
	-0.026592	14.951379	-26.330500
	-0.026599	14.998143	-26.283900
	-0.026606	14.802854	-26.256000
	-0.026613	15.014365	-26.317400
	-0.026619	14.733665	-26.209400
	-0.026626	14.994723	-26.298800
	-0.026633	14.976500	-26.419900
	-0.026640	14.795162	-26.505600
	-0.026647	14.962019	-26.431100
	-0.026653	14.885038	-26.516700
	-0.026660	14.872030	-26.568900
	-0.026667	14.915050	-26.470200
	-0.026674	14.831700	-26.390100
	-0.026680	14.808402	-26.527900
	-0.026687	15.055405	-26.615500
	-0.026694	14.854650	-26.634100
	-0.026701	14.983140	-26.684400
	-0.026708	14.962155	-26.710400
	-0.026714	14.932524	-26.645300
	-0.026721	14.999069	-26.602400
	-0.026728	15.004426	-26.762600
	-0.026735	14.912804	-26.807300
	-0.026741	14.982781	-26.717900
	-0.026748	14.975564	-26.701100
	-0.026755	15.111323	-26.770100
	-0.026762	15.107242	-26.883700
	-0.026769	15.096922	-26.952600
	-0.026775	14.863964	-26.989800
	-0.026782	15.000426	-27.135100
	-0.026789	15.165321	-27.187300
	-0.026796	14.974152	-27.241300
	-0.026802	14.930841	-27.302800
	-0.026809	15.050367	-27.334400
	-0.026816	15.131247	-27.328800
	-0.026823	14.953852	-27.289700
	-0.026830	14.864871	-27.265500
	-0.026836	15.119209	-27.228300
	-0.026843	15.038003	-27.218900
	-0.026850	15.109455	-27.151900
	-0.026857	15.280026	-27.172400
	-0.026863	15.160350	-27.088600
	-0.026870	15.033223	-27.021500
	-0.026877	14.929274	-27.107200
	-0.026884	15.178440	-27.258100
	-0.026891	15.354211	-27.377300
	-0.026897	15.163633	-27.302800
	-0.026904	15.146718	-27.185400
	-0.026911	15.170087	-27.060600
	-0.026918	15.238202	-27.019600
	-0.026925	15.090158	-27.081100
	-0.026931	15.046110	-27.166800
	-0.026938	15.137677	-27.218900
	-0.026945	15.225489	-27.148200
	-0.026952	15.101998	-27.017800
	-0.026958	15.255750	-27.040100
	-0.026965	15.321621	-27.047600
	-0.026972	15.177644	-27.006600
	-0.026979	15.370228	-26.842700
	-0.026986	15.098478	-26.770100
	-0.026992	15.249997	-26.779400
	-0.026999	15.269888	-26.861300
	-0.027006	15.279208	-27.014100
	-0.027013	15.269228	-27.068100
	-0.027019	15.301451	-27.191000
	-0.027026	15.337392	-27.267400
	-0.027033	15.357104	-27.362400
	-0.027040	15.227020	-27.431300
	-0.027047	15.258869	-27.489000
	-0.027053	15.603012	-27.392200
	-0.027060	15.408789	-27.284100
	-0.027067	15.392703	-27.176100
	-0.027074	15.384723	-27.191000
	-0.027080	15.128498	-27.338200
	-0.027087	15.292117	-27.375400
	-0.027094	15.415882	-27.470400
	-0.027101	15.377802	-27.403400
	-0.027108	15.416852	-27.325100
	-0.027114	15.427821	-27.330700
	-0.027121	15.468819	-27.297200
	-0.027128	15.487682	-27.204000
	-0.027135	15.584839	-27.176100
	-0.027142	15.506684	-27.313900
	-0.027148	15.449956	-27.420100
	-0.027155	15.546897	-27.381000
	-0.027162	15.427313	-27.276700
	-0.027169	15.417504	-26.911600
	-0.027175	15.784392	-26.539100
	-0.027182	15.859027	-26.282000
	-0.027189	15.812144	-26.086500
	-0.027196	15.988462	-25.924400
	-0.027203	16.086491	-25.918800
	-0.027209	15.896386	-25.883400
	-0.027216	15.815479	-25.855500
	-0.027223	16.034886	-25.911400
	-0.027230	15.993966	-25.924400
	-0.027236	15.959975	-25.941200
	-0.027243	16.038439	-25.937500
	-0.027250	16.034157	-25.866700
	-0.027257	16.140407	-25.808900
	-0.027264	16.014995	-25.820100
	-0.027270	15.965722	-25.861100
	-0.027277	16.005670	-26.060400
	-0.027284	16.089451	-26.121900
	-0.027291	16.146781	-26.097600
	-0.027297	16.042899	-26.060400
	-0.027304	16.052791	-26.069700
	-0.027311	15.985295	-26.151700
	-0.027318	16.014354	-26.144200
	-0.027325	16.055772	-25.969100
	-0.027331	15.899003	-25.687900
	-0.027338	16.159585	-25.522100
	-0.027345	16.268534	-25.484800
	-0.027352	16.297569	-25.445700
	-0.027359	16.328675	-25.527700
	-0.027365	16.196002	-25.483000
	-0.027372	16.143150	-25.391700
	-0.027379	16.205449	-25.397300
	-0.027386	16.178086	-25.550000
	-0.027392	16.211610	-25.693400
	-0.027399	16.126586	-25.777300
	-0.027406	16.243333	-25.762400
	-0.027413	16.261331	-25.618900
	-0.027420	16.108709	-25.641300
	-0.027426	16.237575	-25.730700
	-0.027433	16.429675	-25.773500
	-0.027440	16.276672	-25.842500
	-0.027447	16.237149	-25.779100
	-0.027453	16.326520	-25.810800
	-0.027460	16.294253	-25.808900
	-0.027467	16.412086	-25.730700
	-0.027474	16.338467	-25.767900
	-0.027481	16.347571	-25.857400
	-0.027487	16.366661	-25.874100
	-0.027494	16.459010	-25.991500
	-0.027501	16.370237	-26.026900
	-0.027508	16.505363	-26.008200
	-0.027514	16.273279	-25.969100
	-0.027521	16.151133	-25.991500
	-0.027528	16.130753	-26.006400
	-0.027535	16.469394	-26.079000
	-0.027542	16.315139	-26.205700
	-0.027548	16.453780	-26.304400
	-0.027555	16.291537	-26.287600
	-0.027562	16.376746	-26.302500
	-0.027569	16.400000	-26.364000
	-0.027575	16.304808	-26.453400
	-0.027582	16.315191	-26.436600
	-0.027589	16.373652	-26.397500
	-0.027596	16.471742	-26.395700
	-0.027603	16.348229	-26.490700
	-0.027609	16.424058	-26.507400
	-0.027616	16.429490	-26.570700
	-0.027623	16.265346	-26.662000
	-0.027630	16.358643	-26.671300
	-0.027637	16.619717	-26.634100
	-0.027643	16.441797	-26.539100
	-0.027650	16.464675	-26.429200
	-0.027657	16.499240	-26.403100
	-0.027664	16.559988	-26.451500
	-0.027670	16.525707	-26.369600
	-0.027677	16.417805	-26.328600
	-0.027684	16.646032	-26.401200
	-0.027691	16.571508	-26.380800
	-0.027698	16.610967	-26.401200
	-0.027704	16.516520	-26.427300
	-0.027711	16.584527	-26.464600
	-0.027718	16.598223	-26.419900
	-0.027725	16.525757	-26.466400
	-0.027731	16.620344	-26.552100
	-0.027738	16.572933	-26.665700
	-0.027745	16.573933	-26.658300
	-0.027752	16.746458	-26.688100
	-0.027759	16.626788	-26.725300
	-0.027765	16.636760	-26.729100
	-0.027772	16.787094	-26.848300
	-0.027779	16.686663	-26.887400
	-0.027786	16.616658	-26.771900
	-0.027792	16.846217	-26.740300
	-0.027799	16.779263	-26.857600
	-0.027806	16.845140	-26.911600
	-0.027813	16.593620	-26.805400
	-0.027820	16.869982	-26.671300
	-0.027826	16.922510	-26.650800
	-0.027833	16.795844	-26.647100
	-0.027840	16.876854	-26.717900
	-0.027847	16.881548	-26.755200
	-0.027854	16.885010	-26.811000
	-0.027860	17.104935	-26.840800
	-0.027867	16.785770	-26.850100
	-0.027874	16.819665	-26.792400
	-0.027881	16.802227	-26.771900
	-0.027887	16.760143	-26.768200
	-0.027894	16.956764	-26.764500
	-0.027901	17.121759	-26.811000
	-0.027908	17.031233	-26.844600
	-0.027915	17.046615	-26.753300
	-0.027921	17.047002	-26.600600
	-0.027928	16.987124	-26.621000
	-0.027935	16.996585	-26.583800
	-0.027942	17.235588	-26.496200
	-0.027948	17.218905	-26.464600
	-0.027955	17.197975	-26.451500
	-0.027962	17.161027	-26.293200
	-0.027969	17.171654	-26.358400
	-0.027976	17.090468	-26.464600
	-0.027982	17.120112	-26.518600
	-0.027989	17.128890	-26.444100
	-0.027996	17.169985	-26.395700
	-0.028003	17.230134	-26.386300
	-0.028009	17.419908	-26.341600
	-0.028016	17.428039	-26.263400
	-0.028023	17.509060	-26.198200
	-0.028030	17.422549	-26.283900
	-0.028037	17.389230	-26.349100
	-0.028043	17.556338	-26.416100
	-0.028050	17.481949	-26.377000
	-0.028057	17.528095	-26.339800
	-0.028064	17.693758	-26.380800
	-0.028071	17.397149	-26.269000
	-0.028077	17.585676	-26.246600
	-0.028084	17.551550	-25.578000
	-0.028091	17.629355	-24.352300
	-0.028098	18.363467	-23.732100
	-0.028104	18.280907	-23.422900
	-0.028111	18.436674	-23.324200
	-0.028118	18.400984	-23.292500
	-0.028125	18.545681	-23.251500
	-0.028132	18.498002	-23.337200
	-0.028138	18.480490	-21.690600
	-0.028145	18.626315	-19.632400
	-0.028152	19.894993	-18.488700
	-0.028159	20.112472	-18.006300
	-0.028165	20.347298	-17.836800
	-0.028172	20.247596	-17.766000
	-0.028179	20.189536	-17.786500
	-0.028186	20.171659	-17.479200
	-0.028193	20.317518	-17.188600
	-0.028199	20.490061	-17.196100
	-0.028206	20.425865	-17.229600
	-0.028213	20.433339	-17.380500
	-0.028220	20.403935	-17.497800
	-0.028226	20.548022	-17.481000
	-0.028233	20.502923	-17.389800
	-0.028240	20.573433	-17.430700
	-0.028247	20.467993	-17.462400
	-0.028254	20.553390	-17.434500
	-0.028260	20.387262	-17.406500
	-0.028267	20.401437	-17.259400
	-0.028274	20.537685	-17.203500
	-0.028281	20.583499	-17.225900
	-0.028288	20.607253	-17.160700
	-0.028294	20.464655	-17.235200
	-0.028301	20.560331	-17.164400
	-0.028308	20.455051	-12.841100
	-0.028315	22.851166	-9.266720
	-0.028321	24.846706	-7.519530
	-0.028328	24.929849	-6.835940
	-0.028335	25.198544	-6.653400
	-0.028342	24.998240	-6.577030
	-0.028349	25.011566	-6.508110
	-0.028355	24.975823	-6.405670
	-0.028362	24.836370	-6.349790
	-0.028369	24.888238	-6.416840
	-0.028376	25.038567	-6.502520
	-0.028382	25.153976	-6.550950
	-0.028389	25.067310	-6.485760
	-0.028396	24.867860	-6.333020
	-0.028403	25.258891	-6.336750
	-0.028410	25.007051	-6.413120
	-0.028416	25.110947	-6.504390
	-0.028423	25.071273	-6.429880
	-0.028430	25.185212	-6.081570
	-0.028437	25.115379	-5.969810
	-0.028443	25.452581	-5.964220
	-0.028450	25.442189	-4.742320
	-0.028457	25.720109	-3.080830
	-0.028464	27.070516	-1.998630
	-0.028471	27.640664	-1.546000
	-0.028477	27.432292	-1.318760
	-0.028484	27.367675	-1.139950
	-0.028491	27.624011	-1.113870
	-0.028498	27.604169	-1.110140
	-0.028504	27.551241	-1.063580
	-0.028511	27.500674	-1.059850
	-0.028518	27.583811	-1.061720
	-0.028525	27.408496	-1.046810
	-0.028532	27.581604	-1.061720
	-0.028538	27.599185	-1.132500
	-0.028545	27.675600	-1.173470
	-0.028552	27.468352	-1.190240
	-0.028559	27.692438	-1.149260
	-0.028566	27.485254	-1.216310
	-0.028572	27.548541	-1.261020
	-0.028579	27.540072	-1.167890
	-0.028586	27.662821	-1.022600
	-0.028593	27.575771	-0.899661
	-0.028599	27.588964	-0.873584
	-0.028606	27.556449	-0.949953
	-0.028613	27.661969	-0.998385
	-0.028620	27.486514	-0.981621
	-0.028627	27.903459	-1.017010
	-0.028633	27.576987	-1.071030
	-0.028640	27.726459	-1.095240
	-0.028647	27.692697	-1.095240
	-0.028654	27.534118	-1.078480
	-0.028660	27.664575	-1.024460
	-0.028667	27.581361	-1.093380
	-0.028674	27.666401	-1.126910
	-0.028681	27.548975	-1.259160
	-0.028688	27.474704	-1.268470
	-0.028694	27.650840	-1.259160
	-0.028701	27.748105	-1.186510
	-0.028708	27.559505	-1.113870
	-0.028715	27.748978	-1.065440
	-0.028721	27.627487	-1.098970
	-0.028728	27.806250	-1.091520
	-0.028735	27.645996	-1.136220
	-0.028742	27.858071	-1.188370
	-0.028749	27.804954	-1.171610
	-0.028755	27.660370	-1.119460
	-0.028762	27.849561	-1.026320
	-0.028769	27.983295	-0.962995
	-0.028776	28.021237	-0.886623
	-0.028783	27.898002	-0.856820
	-0.028789	27.984977	-0.802804
	-0.028796	28.095803	-0.813980
	-0.028803	28.108068	-0.981621
	-0.028810	28.157253	-1.147400
	-0.028816	28.010842	-1.151120
	-0.028823	28.042556	-0.990934
	-0.028830	28.187141	-0.873584
	-0.028837	28.262262	-0.827018
	-0.028844	28.082604	-0.793490
	-0.028850	28.368242	-0.696633
	-0.028857	28.221397	-0.698496
	-0.028864	28.201672	-0.707809
	-0.028871	28.225600	-0.773001
	-0.028877	28.358756	-0.793490
	-0.028884	28.177396	-0.663105
	-0.028891	28.285115	-0.515956
	-0.028898	28.364995	-0.488017
	-0.028905	28.470913	-0.366943
	-0.028911	28.486414	-0.225381
	-0.028918	28.229642	-0.223518
	-0.028925	28.521093	-0.230969
	-0.028932	28.444543	-0.393020
	-0.028938	28.442241	-0.411646
	-0.028945	28.441987	-0.448899
	-0.028952	28.643073	-0.473114
	-0.028959	28.561602	-0.393020
	-0.028966	28.457753	-0.296162
	-0.028972	28.488602	-0.301750
	-0.028979	28.517363	-0.325965
	-0.028986	28.451625	-0.217930
	-0.028993	28.545046	-0.188128
	-0.029000	28.625771	-0.152738
	-0.029006	28.694866	-0.227244
	-0.029013	28.637630	-0.141562
	-0.029020	28.618319	-0.163914
	-0.029027	28.559983	-0.152738
	-0.029033	28.536453	-0.096858
	-0.029040	28.641548	-0.094995
	-0.029047	28.765769	-0.072644
	-0.029054	28.686301	-0.050292
	-0.029061	28.613699	0.076369
	-0.029067	28.750392	0.253322
	-0.029074	28.670731	0.394883
	-0.029081	28.801296	0.691045
	-0.029088	28.883212	0.843782
	-0.029094	28.857101	0.901524
	-0.029101	28.724912	0.782315
	-0.029108	28.786478	0.882897
	-0.029115	28.719966	0.989072
	-0.029122	28.838147	1.151120
	-0.029128	28.815835	1.257290
	-0.029135	28.924674	1.281510
	-0.029142	28.926873	1.318760
	-0.029149	28.901152	1.221900
	-0.029155	28.831383	1.294550
	-0.029162	28.976332	3.356500
	-0.029169	29.506783	6.403800
	-0.029176	32.772975	8.037370
	-0.029183	33.464335	8.842030
	-0.029189	33.435790	9.248090
	-0.029196	33.361168	9.324460
	-0.029203	33.403053	9.361710
	-0.029210	33.606891	9.398970
	-0.029216	33.446966	9.451120
	-0.029223	33.413735	9.452980
	-0.029230	33.452407	9.503270
	-0.029237	33.649539	9.510720
	-0.029244	33.620259	9.676500
	-0.029250	33.574213	9.981970
	-0.029257	33.480054	10.110500
	-0.029264	33.566918	10.123500
	-0.029271	33.511572	10.216700
	-0.029278	33.657212	11.691900
	-0.029284	33.544187	14.796900
	-0.029291	36.029722	16.678200
	-0.029298	36.583344	17.598400
	-0.029305	36.707217	18.024900
	-0.029311	36.878650	18.220500
	-0.029318	36.654581	18.254000
	-0.029325	36.809281	18.192600
	-0.029332	36.756001	18.144100
	-0.029339	36.687807	18.187000
	-0.029345	36.624235	18.224200
	-0.029352	36.796027	18.181400
	-0.029359	36.739815	18.151600
	-0.029366	36.766987	18.190700
	-0.029372	36.884088	18.317400
	-0.029379	36.703559	18.309900
	-0.029386	36.862948	18.250300
	-0.029393	36.795402	18.274500
	-0.029400	36.746168	18.282000
	-0.029406	37.099085	18.300600
	-0.029413	36.825901	18.302500
	-0.029420	36.802780	18.293200
	-0.029427	37.020317	18.254000
	-0.029433	36.761713	18.339700
	-0.029440	36.870690	18.393700
	-0.029447	36.988716	18.451500
	-0.029454	36.997270	18.574400
	-0.029461	36.842891	18.637700
	-0.029467	36.931756	18.719700
	-0.029474	36.971187	18.820300
	-0.029481	36.773563	18.883600
	-0.029488	36.944377	18.792300
	-0.029495	37.054465	18.868700
	-0.029501	36.883082	18.913400
	-0.029508	36.845629	19.023300
	-0.029515	36.923566	19.220800
	-0.029522	37.062257	19.416300
	-0.029528	37.071267	20.263800
	-0.029535	37.063265	21.830300
	-0.029542	38.772196	22.700200
	-0.029549	38.789644	23.137900
	-0.029556	38.890459	23.344600
	-0.029562	38.948027	23.402400
	-0.029569	39.108234	23.400500
	-0.029576	38.999511	23.439600
	-0.029583	38.820107	23.469400
	-0.029589	39.134870	23.519700
	-0.029596	39.201235	23.527200
	-0.029603	38.903943	23.530900
	-0.029610	39.030051	23.514100
	-0.029617	39.121325	23.542100
	-0.029623	38.961707	23.544000
	-0.029630	39.008408	23.534600
	-0.029637	39.166973	23.611000
	-0.029644	39.097629	23.637100
	-0.029650	39.160994	23.670600
	-0.029657	39.063975	23.817800
	-0.029664	39.210069	23.868100
	-0.029671	39.141009	23.922100
	-0.029678	39.428238	23.909000
	-0.029684	39.493863	23.877400
	-0.029691	39.431698	23.950000
	-0.029698	39.470369	24.104600
	-0.029705	39.471726	24.160500
	-0.029712	39.468159	24.169800
	-0.029718	39.526567	24.186600
	-0.029725	39.371776	24.276000
	-0.029732	39.323439	24.330000
	-0.029739	39.412909	24.404500
	-0.029745	39.418617	24.374700
	-0.029752	39.419526	24.406400
	-0.029759	39.490440	24.411900
	-0.029766	39.467139	24.330000
	-0.029773	39.506449	24.289000
	-0.029779	39.588254	24.318800
	-0.029786	39.660060	24.443600
	-0.029793	39.528926	24.633600
	-0.029800	39.548516	24.700700
	-0.029806	39.611718	24.618700
	-0.029813	39.486804	24.672700
	-0.029820	39.516062	24.832900
	-0.029827	39.637127	24.918600
	-0.029834	39.575091	25.056400
	-0.029840	39.669416	25.268800
	-0.029847	39.695082	25.447600
	-0.029854	39.652832	25.613300
	-0.029861	39.699370	25.570500
	-0.029867	39.629866	25.471800
	-0.029874	39.678050	25.434500
	-0.029881	39.746905	25.564900
	-0.029888	39.829982	25.669200
	-0.029895	39.640114	25.849900
	-0.029901	39.763851	25.896500
	-0.029908	39.745715	25.870400
	-0.029915	39.790147	25.732600
	-0.029922	39.923163	25.678500
	-0.029928	39.685997	25.678500
	-0.029935	39.842614	25.717700
	-0.029942	39.652796	25.719500
	-0.029949	39.982745	25.764200
	-0.029956	39.799185	25.848000
	-0.029962	39.795800	25.933700
	-0.029969	39.672397	25.989600
	-0.029976	39.791062	26.047300
	-0.029983	39.827434	26.039900
	-0.029990	39.967161	25.998900
	-0.029996	40.282789	26.079000
	-0.030003	40.243476	26.120000
	-0.030010	40.013978	26.142300
	-0.030017	40.108383	26.222400
	-0.030023	40.199956	26.334200
	-0.030030	40.132167	26.997300
	-0.030037	41.062945	27.774000
	-0.030044	41.739470	28.258300
	-0.030051	41.933552	28.891600
	-0.030057	41.899378	29.562200
	-0.030064	42.977039	29.843400
	-0.030071	43.054592	29.971900
	-0.030078	42.991785	29.973800
	-0.030084	42.871005	29.893700
	-0.030091	43.212528	29.895600
	-0.030098	43.212870	30.026000
	-0.030105	42.934812	30.109800
	-0.030112	43.058607	30.050200
	-0.030118	42.993537	30.033400
	-0.030125	42.913144	30.059500
	-0.030132	42.995137	30.178700
	-0.030139	43.084325	30.394800
	-0.030145	42.908317	30.460000
	-0.030152	43.058720	30.676100
	-0.030159	43.135127	31.037500
	-0.030166	43.622367	31.288900
	-0.030173	43.504377	31.464000
	-0.030179	43.558867	31.523600
	-0.030186	43.615893	31.674500
	-0.030193	43.594642	31.713600
	-0.030200	43.657632	31.657700
	-0.030207	43.762832	31.644700
	-0.030213	43.634823	31.680100
	-0.030220	43.810276	31.676400
	-0.030227	43.722113	31.713600
	-0.030234	43.759928	31.808600
	-0.030240	43.718863	31.903600
	-0.030247	43.699282	31.907300
	-0.030254	43.690437	31.793700
	-0.030261	43.836055	31.883100
	-0.030268	43.598088	31.872000
	-0.030274	43.759632	31.857100
	-0.030281	43.617846	31.914800
	-0.030288	43.705929	32.011700
	-0.030295	43.639290	32.021000
	-0.030301	43.724442	32.116000
	-0.030308	43.624508	32.082400
	-0.030315	43.693214	32.032100
	-0.030322	43.583278	32.119700
	-0.030329	43.761135	32.125300
	-0.030335	43.577459	31.942700
	-0.030342	43.533029	31.810500
	-0.030349	43.803423	31.739700
	-0.030356	43.770151	31.754600
	-0.030362	43.750348	31.940900
	-0.030369	43.644822	32.123400
	-0.030376	43.701813	32.225900
	-0.030383	43.729471	32.291000
	-0.030390	43.756783	32.266800
	-0.030396	43.881336	32.276100
	-0.030403	43.744745	32.300400
	-0.030410	43.786569	32.378600
	-0.030417	43.772682	32.380500
	-0.030424	43.789224	32.259400
	-0.030430	43.518302	32.220300
	-0.030437	43.750619	32.207200
	-0.030444	43.869902	32.242600
	-0.030451	43.747215	32.227700
	-0.030457	43.919546	32.225900
	-0.030464	43.655766	32.173700
	-0.030471	43.782408	32.177400
	-0.030478	43.928600	32.237000
	-0.030485	43.883502	32.211000
	-0.030491	43.661083	32.220300
	-0.030498	43.701785	32.238900
	-0.030505	43.796560	32.332000
	-0.030512	43.546140	32.393500
	-0.030518	43.826716	32.358100
	-0.030525	43.916929	32.430700
	-0.030532	43.862367	32.445600
	-0.030539	43.761016	32.469900
	-0.030546	43.756079	32.555500
	-0.030552	43.838263	32.427000
	-0.030559	43.714686	32.568600
	-0.030566	43.735209	32.807000
	-0.030573	44.353128	32.961600
	-0.030579	44.177136	33.019300
	-0.030586	44.319115	33.119900
	-0.030593	44.330468	33.228000
	-0.030600	44.387909	33.155300
	-0.030607	44.432051	33.049100
	-0.030613	44.304476	33.013800
	-0.030620	44.272378	33.006300
	-0.030627	44.511041	33.106900
	-0.030634	44.231499	33.259600
	-0.030640	44.296356	33.302500
	-0.030647	44.194112	33.358300
	-0.030654	44.238235	33.242900
	-0.030661	44.359878	33.123700
	-0.030668	44.113191	33.179500
	-0.030674	44.269424	33.218600
	-0.030681	44.221380	33.334100
	-0.030688	44.065680	33.440300
	-0.030695	44.296972	33.431000
	-0.030702	44.219427	33.390000
	-0.030708	44.269236	33.438400
	-0.030715	44.164630	33.460800
	-0.030722	44.238575	33.520400
	-0.030729	44.291962	33.499900
	-0.030735	44.186165	33.445900
	-0.030742	44.304064	33.410500
	-0.030749	44.152100	33.462700
	-0.030756	44.222522	33.468200
	-0.030763	44.217844	33.377000
	-0.030769	44.134557	33.283800
	-0.030776	44.260530	33.229800
	-0.030783	44.203794	33.118100
	-0.030790	44.408886	32.905700
	-0.030796	44.217940	32.946700
	-0.030803	44.439967	33.021200
	-0.030810	44.227034	33.146000
	-0.030817	44.231079	33.190700
	-0.030824	44.307905	33.133000
	-0.030830	44.101166	33.116200
	-0.030837	44.445148	33.108800
	-0.030844	44.282944	33.129200
	-0.030851	44.176069	33.138600
	-0.030857	44.183648	33.239100
	-0.030864	44.221781	33.319200
	-0.030871	44.141307	33.397500
	-0.030878	44.256198	33.378800
	-0.030885	44.265896	33.317400
	-0.030891	44.201829	33.377000
	-0.030898	44.172499	33.358300
	-0.030905	44.163928	33.412400
	-0.030912	44.248143	33.436600
	-0.030919	44.177456	33.475700
	-0.030925	44.429355	33.486900
	-0.030932	44.226702	33.540900
	-0.030939	44.444366	33.583700
	-0.030946	44.224834	33.673100
	-0.030952	44.364630	33.587500
	-0.030959	44.291330	33.561400
	-0.030966	44.341360	33.540900
	-0.030973	44.361646	33.624700
	-0.030980	44.268126	33.712200
	-0.030986	44.076923	33.859400
	-0.030993	44.248024	33.896600
	-0.031000	44.419071	33.917100
	-0.031007	44.409759	33.950700
	-0.031013	44.323936	33.999100
	-0.031020	44.368275	34.090400
	-0.031027	44.450519	34.056800
	-0.031034	44.126268	34.038200
	-0.031041	44.455346	33.967400
	-0.031047	44.270162	33.961800
	-0.031054	44.176755	33.963700
	-0.031061	44.365056	33.969300
	-0.031068	44.428429	34.023300
	-0.031074	44.383828	34.030800
	-0.031081	44.243261	34.036300
	-0.031088	44.351232	34.043800
	-0.031095	44.374870	34.153700
	-0.031102	44.386834	34.306400
	-0.031108	44.100221	34.358600
	-0.031115	44.312340	34.382800
	-0.031122	44.290597	34.509500
	-0.031129	44.385243	34.554200
	-0.031136	44.285886	34.500100
	-0.031142	44.411152	34.513200
	-0.031149	44.472930	34.513200
	-0.031156	44.486903	34.496400
	-0.031163	44.358411	34.448000
	-0.031169	44.447712	34.477800
	-0.031176	44.334544	34.623100
	-0.031183	44.461204	34.628700
	-0.031190	44.419698	34.611900
	-0.031197	44.545212	34.628700
	-0.031203	44.483681	34.546700
	-0.031210	44.572895	34.570900
	-0.031217	44.427793	34.632400
	-0.031224	44.542167	34.656600
	-0.031230	44.350834	34.770200
	-0.031237	44.521679	34.731100
	-0.031244	44.431385	34.787000
	-0.031251	44.603871	34.744200
	-0.031258	44.512693	34.697600
	-0.031264	44.476771	34.831700
	-0.031271	44.526315	35.273100
	-0.031278	44.506532	35.638200
	-0.031285	44.560842	35.755600
	-0.031291	44.705471	35.757400
	-0.031298	44.520709	35.820800
	-0.031305	44.628998	35.841300
	-0.031312	44.685569	35.796500
	-0.031319	44.675157	35.738800
	-0.031325	44.666470	35.718300
	-0.031332	44.605272	35.932500
	-0.031339	44.716062	36.066600
	-0.031346	44.595891	36.098300
	-0.031353	44.527691	36.130000
	-0.031359	44.688893	36.124400
	-0.031366	44.745046	36.036800
	-0.031373	44.616418	35.906400
	-0.031380	44.405866	35.897100
	-0.031386	44.753313	35.926900
	-0.031393	44.534016	35.953000
	-0.031400	44.769866	35.878500
	-0.031407	44.707908	35.848700
	-0.031414	44.427252	35.863600
	-0.031420	44.782151	35.984700
	-0.031427	44.470560	36.109500
	-0.031434	44.525262	36.191400
	-0.031441	44.663453	36.120600
	-0.031447	44.553161	35.954900
	-0.031454	44.789266	35.902700
	-0.031461	44.712207	35.904600
	-0.031468	44.625279	35.900900
	-0.031475	44.774776	35.897100
	-0.031481	44.720366	35.925100
	-0.031488	44.557596	35.887800
	-0.031495	44.650044	35.796500
	-0.031502	44.654197	35.854300
	-0.031508	44.658132	35.941800
	-0.031515	44.554180	35.979100
	-0.031522	44.514578	36.100200
	-0.031529	44.621391	36.156000
	-0.031536	44.721745	36.163500
	-0.031542	44.592609	36.165400
	-0.031549	44.718476	36.092700
	-0.031556	44.626196	36.012600
	-0.031563	44.438246	36.075900
	-0.031569	44.758344	36.260300
	-0.031576	44.509488	36.372100
	-0.031583	44.658358	36.467100
	-0.031590	44.595878	36.532300
	-0.031597	44.545938	36.539700
	-0.031603	44.654846	36.549100
	-0.031610	44.595919	36.465200
	-0.031617	44.628224	36.344200
	-0.031624	44.600923	36.290100
	-0.031631	44.652371	36.347900
	-0.031637	44.599746	36.469000
	-0.031644	44.585569	36.459600
	-0.031651	44.632629	36.459600
	-0.031658	44.574970	36.478300
	-0.031664	44.707364	36.504400
	-0.031671	44.632963	36.439200
	-0.031678	44.569281	36.474600
	-0.031685	44.725785	36.558400
	-0.031692	44.703835	36.580700
	-0.031698	44.586367	36.491300
	-0.031705	44.405128	36.474600
	-0.031712	44.681416	36.480100
	-0.031719	44.736768	36.511800
	-0.031725	44.591529	36.541600
	-0.031732	44.594098	36.509900
	-0.031739	44.538981	36.463400
	-0.031746	44.617670	36.461500
	-0.031753	44.880214	36.493200
	-0.031759	44.639130	36.465200
	-0.031766	44.625196	36.476400
	-0.031773	44.810809	36.502500
	-0.031780	44.691045	36.638500
	-0.031786	44.649295	36.530400
	-0.031793	44.647118	36.603100
	-0.031800	44.802542	36.655200
	-0.031807	44.648768	36.668300
	-0.031814	44.729161	36.623600
	-0.031820	44.635624	36.681300
	-0.031827	44.529670	36.780000
	-0.031834	44.700732	36.830300
	-0.031841	44.637008	36.856400
	-0.031848	44.704100	36.789300
	-0.031854	44.709159	36.828500
	-0.031861	44.712945	36.889900
	-0.031868	44.684019	36.850800
	-0.031875	44.627144	36.692500
	-0.031881	44.628385	36.545300
	-0.031888	44.573718	36.541600
	-0.031895	44.665824	36.642200
	-0.031902	44.701348	36.651500
	-0.031909	44.776768	36.735300
	-0.031915	44.735723	36.839600
