	0.049617	0.002158	54.609300
	0.047700	0.055007	54.609300
	0.045783	-0.086934	54.609300
	0.043866	0.154482	54.609300
	0.041949	0.207156	54.609300
	0.040033	0.280004	54.609300
	0.038116	0.396030	54.609300
	0.036199	0.417147	54.609300
	0.034282	0.509157	54.609300
	0.032365	0.507278	54.609300
	0.030448	0.625003	54.609300
	0.028531	0.839089	54.609300
	0.026614	0.994554	54.609300
	0.024698	1.066785	54.609300
	0.022781	1.115631	54.609300
	0.020864	1.180913	54.609300
	0.018947	1.372231	54.609300
	0.017030	1.450790	54.609300
	0.015113	1.594988	54.609300
	0.013196	1.793874	54.609300
	0.011279	1.937428	54.609300
	0.009363	2.030689	54.609300
	0.007446	2.274577	54.609300
	0.005529	2.378443	54.609300
	0.003612	2.584908	54.609300
	0.001695	2.960654	54.609300
	-0.000222	3.015332	54.609300
	-0.002139	3.214633	53.456300
	-0.004056	3.302459	51.923300
	-0.005972	3.704998	50.273000
	-0.007889	3.892228	48.525900
	-0.009806	4.169803	46.519800
	-0.011723	4.521480	44.290200
	-0.013640	5.279951	41.533500
	-0.015557	5.492689	38.381900
	-0.017474	6.234215	34.904300
	-0.019391	6.766896	30.812100
	-0.021307	8.009198	25.982200
	-0.023224	8.823309	19.984400
	-0.025141	10.049809	13.869300
	-0.025141	11.359908	9.689540
	-0.025148	13.980186	7.873460
	-0.025155	14.241490	7.202880
	-0.025161	14.018170	6.970050
	-0.025168	14.143692	6.912310
	-0.025175	14.193930	6.828490
	-0.025182	14.188586	6.808000
	-0.025189	14.296952	6.755840
	-0.025195	14.246234	6.636630
	-0.025202	14.088652	6.554680
	-0.025209	14.098607	6.435470
	-0.025216	14.031164	6.312530
	-0.025223	14.024834	6.299490
	-0.025229	14.110386	6.256650
	-0.025236	14.201691	6.264100
	-0.025243	14.182703	6.152350
	-0.025250	14.084723	6.120680
	-0.025256	14.377688	6.115090
	-0.025263	14.104064	6.027550
	-0.025270	14.144499	6.098330
	-0.025277	14.221333	6.085290
	-0.025284	14.237580	5.878540
	-0.025290	14.087370	5.764920
	-0.025297	14.170880	5.710900
	-0.025304	14.194546	5.684820
	-0.025311	13.980294	5.645710
	-0.025317	14.199812	5.619630
	-0.025324	14.056769	5.608450
	-0.025331	14.176160	5.580510
	-0.025338	14.143007	5.524630
	-0.025345	13.979338	5.347680
	-0.025351	14.000854	5.444540
	-0.025358	14.121676	5.612180
	-0.025365	14.366954	5.682960
	-0.025372	14.260342	5.805890
	-0.025378	14.185878	5.917650
	-0.025385	14.137257	5.915790
	-0.025392	14.245004	5.882260
	-0.025399	14.123751	5.802170
	-0.025406	14.327011	5.779820
	-0.025412	14.214652	5.824520
	-0.025419	14.189086	5.772370
	-0.025426	14.288191	5.673650
	-0.025433	14.324003	5.560020
	-0.025439	14.154385	5.442680
	-0.025446	14.399146	5.403560
	-0.025453	14.151227	5.383070
	-0.025460	14.112088	5.472480
	-0.025467	14.171546	5.604730
	-0.025473	14.120866	5.643840
	-0.025480	14.308789	5.656880
	-0.025487	14.173765	5.677370
	-0.025494	14.330214	5.750010
	-0.025501	14.154139	5.815210
	-0.025507	14.044902	5.966080
	-0.025514	14.305769	5.984710
	-0.025521	14.116335	5.809620
	-0.025528	14.267219	5.682960
	-0.025534	14.180824	5.729530
	-0.025541	14.144043	5.655020
	-0.025548	14.103918	5.519050
	-0.025555	14.345046	5.571200
	-0.025562	14.222436	5.830110
	-0.025568	14.039655	5.977260
	-0.025575	14.250613	5.925100
	-0.025582	14.033875	5.802170
	-0.025589	14.194839	5.727660
	-0.025595	14.197370	5.722080
	-0.025602	14.165694	5.858050
	-0.025609	14.221419	5.979120
	-0.025616	14.251802	6.064800
	-0.025623	14.034082	5.967940
	-0.025629	14.155612	5.755600
	-0.025636	14.175149	5.671780
	-0.025643	14.121687	5.673650
	-0.025650	14.253183	5.675510
	-0.025656	14.145833	5.746290
	-0.025663	14.086820	5.830110
	-0.025670	14.343123	5.882260
	-0.025677	14.150279	5.949320
	-0.025684	14.271474	5.863640
	-0.025690	14.490448	5.956770
	-0.025697	14.339299	5.940000
	-0.025704	14.321093	5.885990
	-0.025711	14.334532	5.871090
	-0.025718	14.242719	5.835700
	-0.025724	14.109085	5.742560
	-0.025731	14.219565	5.716490
	-0.025738	14.325677	5.748150
	-0.025745	14.251597	5.861770
	-0.025751	14.297911	6.044310
	-0.025758	14.197897	6.072250
	-0.025765	14.296220	6.008920
	-0.025772	14.236986	5.895300
	-0.025779	14.419811	5.861770
	-0.025785	14.232388	5.714620
	-0.025792	14.178783	5.725800
	-0.025799	14.149298	5.725800
	-0.025806	14.291645	5.753740
	-0.025812	14.114710	5.863640
	-0.025819	14.158795	6.016370
	-0.025826	14.242954	5.975390
	-0.025833	14.197881	5.882260
	-0.025840	14.193380	5.837560
	-0.025846	14.068115	5.768640
	-0.025853	14.289423	5.714620
	-0.025860	14.102965	5.660610
	-0.025867	14.226785	5.623350
	-0.025873	14.054335	5.604730
	-0.025880	14.272008	5.561890
	-0.025887	14.263265	5.610320
	-0.025894	14.267874	5.546990
	-0.025901	14.280222	5.504150
	-0.025907	14.277205	5.366310
	-0.025914	14.215573	5.282490
	-0.025921	14.332283	5.258280
	-0.025928	14.193612	5.263860
	-0.025935	14.288257	5.144660
	-0.025941	14.361141	5.018000
	-0.025948	14.224784	4.878300
	-0.025955	14.323768	4.794480
	-0.025962	14.425752	4.828010
	-0.025968	14.372709	4.923000
	-0.025975	14.291164	4.921140
	-0.025982	14.419311	4.950940
	-0.025989	14.364028	4.973290
	-0.025996	14.414934	5.004960
	-0.026002	14.385569	4.958390
	-0.026009	14.402954	4.995640
	-0.026016	14.291012	5.038480
	-0.026023	14.474320	4.939760
	-0.026029	14.326937	4.813100
	-0.026036	14.379114	4.712520
	-0.026043	14.243369	4.734870
	-0.026050	14.374174	4.764680
	-0.026057	14.310350	4.652920
	-0.026063	14.363296	4.606350
	-0.026070	14.328177	4.511360
	-0.026077	14.408303	4.556060
	-0.026084	14.390780	4.559780
	-0.026090	14.466222	4.602630
	-0.026097	14.223787	4.582140
	-0.026104	14.372350	4.645470
	-0.026111	14.417714	4.688310
	-0.026118	14.415382	4.677130
	-0.026124	14.410442	4.595170
	-0.026131	14.349268	4.451750
	-0.026138	14.455929	4.326950
	-0.026145	14.372723	4.282250
	-0.026151	14.339072	4.442440
	-0.026158	14.320267	4.448030
	-0.026165	14.343725	4.330680
	-0.026172	14.420742	4.338130
	-0.026179	14.487041	4.291560
	-0.026185	14.573179	4.107160
	-0.026192	14.260010	4.112750
	-0.026199	14.404017	4.200290
	-0.026206	14.423408	4.297150
	-0.026213	14.449074	4.267350
	-0.026219	14.345065	4.192840
	-0.026226	14.323273	4.064320
	-0.026233	14.364224	3.965600
	-0.026240	14.344264	3.920900
	-0.026246	14.418115	3.987950
	-0.026253	14.395505	4.055010
	-0.026260	14.511964	4.002850
	-0.026267	14.518628	3.943250
	-0.026274	14.574721	3.911580
	-0.026280	14.376055	3.909720
	-0.026287	14.595447	3.930210
	-0.026294	14.255200	3.863160
	-0.026301	14.396875	3.691780
	-0.026307	14.505092	3.641490
	-0.026314	14.302274	3.695500
	-0.026321	14.649563	3.712270
	-0.026328	14.394700	3.632170
	-0.026335	14.471745	3.624720
	-0.026341	14.493258	3.548350
	-0.026348	14.291404	3.570710
	-0.026355	14.495469	3.570710
	-0.026362	14.547638	3.730890
	-0.026368	14.483071	3.892960
	-0.026375	14.524243	3.896680
	-0.026382	14.442421	3.863160
	-0.026389	14.521126	3.768150
	-0.026396	14.625312	3.727170
	-0.026402	14.461793	3.848250
	-0.026409	14.302280	3.894820
	-0.026416	14.531037	3.794220
	-0.026423	14.439694	3.729030
	-0.026430	14.500058	3.747660
	-0.026436	14.460442	3.814730
	-0.026443	14.505670	3.773730
	-0.026450	14.434806	3.738340
	-0.026457	14.522494	3.693640
	-0.026463	14.484784	3.736480
	-0.026470	14.499970	3.663840
	-0.026477	14.584168	3.548350
	-0.026484	14.519579	3.574430
	-0.026491	14.500547	3.734620
	-0.026497	14.414694	3.702950
	-0.026504	14.408383	3.540900
	-0.026511	14.388589	3.576290
	-0.026518	14.432140	3.626580
	-0.026524	14.486928	3.689910
	-0.026531	14.495665	3.632170
	-0.026538	14.495079	3.470120
	-0.026545	14.596320	3.291310
	-0.026552	14.472732	3.244740
	-0.026558	14.609809	3.205630
	-0.026565	14.524956	3.203760
	-0.026572	14.531772	3.213080
	-0.026579	14.454075	3.149750
	-0.026585	14.525691	3.052890
	-0.026592	14.578984	3.030540
	-0.026599	14.704357	2.997010
	-0.026606	14.687467	2.894570
	-0.026613	14.501525	2.888980
	-0.026619	14.635450	2.870350
	-0.026626	14.540106	2.706440
	-0.026633	14.511340	2.514590
	-0.026640	14.558753	2.471740
	-0.026647	14.728446	2.630070
	-0.026653	14.493242	2.743690
	-0.026660	14.520090	2.820060
	-0.026667	14.549237	2.784670
	-0.026674	14.558052	2.648700
	-0.026680	14.680007	2.697120
	-0.026687	14.890119	2.749280
	-0.026694	14.875658	2.810750
	-0.026701	14.887149	2.913190
	-0.026708	14.823798	2.926230
	-0.026714	14.774080	2.879660
	-0.026721	14.842252	2.881530
	-0.026728	14.935591	2.823780
	-0.026735	14.593324	2.667320
	-0.026741	14.833007	2.497820
	-0.026748	14.769361	2.576050
	-0.026755	14.821466	2.674770
	-0.026762	14.904139	2.687810
	-0.026769	14.759889	2.648700
	-0.026775	14.773699	2.618890
	-0.026782	14.700124	2.546250
	-0.026789	14.661080	2.581640
	-0.026796	14.897386	2.659870
	-0.026802	14.770836	2.551840
	-0.026809	14.767717	2.456840
	-0.026816	14.905264	2.581640
	-0.026823	14.824237	2.596540
	-0.026830	14.833447	2.464290
	-0.026836	14.662547	2.490370
	-0.026843	14.946447	2.548110
	-0.026850	15.039277	2.654280
	-0.026857	14.943686	2.687810
	-0.026863	15.023384	2.674770
	-0.026870	15.009278	2.745550
	-0.026877	15.003821	2.730650
	-0.026884	14.968902	2.613310
	-0.026891	15.010323	2.589090
	-0.026897	14.907336	2.693400
	-0.026904	15.109077	2.643110
	-0.026911	15.054799	2.514590
	-0.026918	15.200113	2.499680
	-0.026925	15.120875	2.563010
	-0.026931	14.948903	2.559290
	-0.026938	14.955045	2.633790
	-0.026945	14.997919	2.615170
	-0.026952	15.088044	2.479200
	-0.026958	14.886215	2.484780
	-0.026965	15.003006	2.492230
	-0.026972	15.017893	2.542530
	-0.026979	15.209635	2.440080
	-0.026986	15.158101	2.317150
	-0.026992	15.176592	2.160680
	-0.026999	15.280965	2.041470
	-0.027006	15.189992	1.870100
	-0.027013	15.210743	1.691290
	-0.027019	15.210897	1.424930
	-0.027026	15.110392	1.259160
	-0.027033	15.123975	1.147400
	-0.027040	15.170709	1.126910
	-0.027047	14.985773	1.177200
	-0.027053	15.100978	1.108280
	-0.027060	15.060577	1.078480
	-0.027067	15.229681	1.117590
	-0.027074	15.164594	1.071030
	-0.027080	15.247508	1.030050
	-0.027087	15.239360	0.881035
	-0.027094	15.212229	0.711534
	-0.027101	15.264912	0.705946
	-0.027108	15.187066	0.631440
	-0.027114	15.122745	0.638891
	-0.027121	15.074550	0.679869
	-0.027128	15.160922	0.681732
	-0.027135	15.326047	0.674281
	-0.027142	15.231460	0.735748
	-0.027148	15.236776	0.650067
	-0.027155	15.180769	0.752512
	-0.027162	15.320032	1.091520
	-0.027169	15.338216	1.315030
	-0.027175	15.258524	1.456600
	-0.027182	15.306620	1.566490
	-0.027189	15.477451	1.601880
	-0.027196	15.519308	1.501300
	-0.027203	15.411525	1.458460
	-0.027209	15.621441	1.592570
	-0.027216	15.468217	1.655900
	-0.027223	15.614661	1.641000
	-0.027230	15.613777	1.532960
	-0.027236	15.416086	1.350430
	-0.027243	15.524906	1.346700
	-0.027250	15.517617	1.385820
	-0.027257	15.660784	1.348560
	-0.027264	15.750752	1.326210
	-0.027270	15.627136	1.281510
	-0.027277	15.809115	1.233080
	-0.027284	15.528374	1.059850
	-0.027291	15.666658	0.897799
	-0.027297	15.577824	0.784177
	-0.027304	15.570364	0.776727
	-0.027311	15.722021	0.678006
	-0.027318	15.589959	0.596050
	-0.027325	15.546872	0.709671
	-0.027331	15.524702	0.916425
	-0.027338	15.626337	0.964857
	-0.027345	15.898969	0.994660
	-0.027352	15.592440	1.018870
	-0.027359	15.711055	1.074750
	-0.027365	15.780896	1.139950
	-0.027372	15.599522	1.123180
	-0.027379	15.887193	1.061720
	-0.027386	15.822436	0.987209
	-0.027392	15.773536	0.933189
	-0.027399	15.803031	0.977896
	-0.027406	15.798047	1.063580
	-0.027413	15.825298	1.110140
	-0.027420	15.840130	1.134360
	-0.027426	15.710743	1.138080
	-0.027433	15.789920	1.305720
	-0.027440	15.694261	1.661490
	-0.027447	15.881758	1.681980
	-0.027453	16.066244	1.555320
	-0.027460	16.150122	1.506890
	-0.027467	16.080156	1.436110
	-0.027474	16.209328	1.512480
	-0.027481	16.041001	1.654040
	-0.027487	16.136096	1.661490
	-0.027494	16.200188	1.693150
	-0.027501	16.179109	1.544140
	-0.027508	16.075188	1.369050
	-0.027514	16.060837	1.225630
	-0.027521	16.069479	1.283370
	-0.027528	16.182924	1.452870
	-0.027535	16.146905	2.108530
	-0.027542	16.428821	3.175820
	-0.027548	16.508632	6.159800
	-0.027555	18.170118	8.067170
	-0.027562	19.226158	8.931440
	-0.027569	19.199812	9.270440
	-0.027575	19.346140	9.404550
	-0.027582	19.338818	9.423180
	-0.027589	19.296712	9.404550
	-0.027596	19.137840	9.473470
	-0.027603	19.125467	9.536800
	-0.027609	19.195372	9.529350
	-0.027616	19.171499	9.482780
	-0.027623	19.231612	9.527490
	-0.027630	19.125611	9.525630
	-0.027637	19.068173	9.436220
	-0.027643	19.228926	9.452980
	-0.027650	19.302666	9.467880
	-0.027657	19.482294	9.579640
	-0.027664	19.497215	9.728650
	-0.027670	19.412464	9.814340
	-0.027677	19.290896	9.782670
	-0.027684	19.436326	9.736100
	-0.027691	19.322179	9.678360
	-0.027698	19.284242	9.583370
	-0.027704	19.413102	9.577780
	-0.027711	19.504313	9.691400
	-0.027718	19.378183	9.631800
	-0.027725	19.532645	9.594540
	-0.027731	19.362798	9.514450
	-0.027738	19.616653	9.391520
	-0.027745	19.499986	9.557290
	-0.027752	19.392134	10.421600
	-0.027759	19.893932	11.086500
	-0.027765	20.008477	11.379000
	-0.027772	20.136480	11.375200
	-0.027779	19.986367	11.272800
	-0.027786	20.028647	11.250400
	-0.027792	20.064534	11.388300
	-0.027799	20.232159	11.503800
	-0.027806	20.131700	11.365900
	-0.027813	20.191053	11.308200
	-0.027820	20.123978	11.261600
	-0.027826	20.257015	11.354700
	-0.027833	20.215843	11.427400
	-0.027840	20.032527	11.460900
	-0.027847	20.263218	11.447900
	-0.027854	20.288625	11.421800
	-0.027860	20.405929	11.425500
	-0.027867	20.273920	11.518700
	-0.027874	20.181416	11.418100
	-0.027881	20.323453	11.384500
	-0.027887	20.329548	11.382700
	-0.027894	20.181587	11.304500
	-0.027901	20.341719	11.241100
	-0.027908	20.239277	11.222500
	-0.027915	20.448978	11.304500
	-0.027921	20.311461	11.284000
	-0.027928	20.284262	11.442300
	-0.027935	20.282676	11.840900
	-0.027942	20.660284	11.984300
	-0.027948	20.912884	11.950800
	-0.027955	20.857341	11.853900
	-0.027962	20.809671	11.829700
	-0.027969	20.838489	11.861400
	-0.027976	20.850627	11.887500
	-0.027982	20.774597	11.891200
	-0.027989	20.761782	12.286100
	-0.027996	20.776821	13.606700
	-0.028003	21.345303	14.454200
	-0.028009	21.687052	14.921700
	-0.028016	21.636058	15.139600
	-0.028023	21.745673	15.219700
	-0.028030	21.732731	15.145200
	-0.028037	21.682737	15.100500
	-0.028043	21.562796	15.195500
	-0.028050	21.753183	15.404200
	-0.028057	21.954360	15.512200
	-0.028064	21.951235	15.545800
	-0.028071	22.019112	15.637000
	-0.028077	22.168725	15.655600
	-0.028084	21.888160	15.555100
	-0.028091	22.222892	15.501000
	-0.028098	22.236818	15.290600
	-0.028104	22.105432	15.260800
	-0.028111	22.207336	15.229000
	-0.028118	22.211127	15.221600
	-0.028125	22.117009	15.264500
	-0.028132	22.255725	15.279400
	-0.028138	22.079156	15.260800
	-0.028145	22.267866	15.178800
	-0.028152	22.240470	15.199200
	-0.028159	22.262950	15.188100
	-0.028165	22.145728	15.217900
	-0.028172	22.350279	15.199200
	-0.028179	22.213854	15.135900
	-0.028186	22.252907	15.216000
	-0.028193	22.341860	15.374400
	-0.028199	22.234582	15.380000
	-0.028206	22.316037	15.372500
	-0.028213	22.343048	15.452600
	-0.028220	22.493090	15.432100
	-0.028226	22.365774	15.476800
	-0.028233	22.423743	15.426500
	-0.028240	22.327666	15.476800
	-0.028247	22.340075	15.402300
	-0.028254	22.663533	15.342700
	-0.028260	22.328012	15.326000
	-0.028267	22.490564	15.247700
	-0.028274	22.406264	15.201100
	-0.028281	22.476260	15.201100
	-0.028288	22.447530	15.260800
	-0.028294	22.475008	15.271900
	-0.028301	22.498696	15.171300
	-0.028308	22.660071	15.024200
	-0.028315	22.531504	14.960800
	-0.028321	22.622422	14.947800
	-0.028328	22.559610	14.878900
	-0.028335	22.516100	14.923600
	-0.028342	22.521800	14.925400
	-0.028349	22.451437	14.901200
	-0.028355	22.557120	14.824900
	-0.028362	22.546217	14.798800
	-0.028369	22.525075	14.681400
	-0.028376	22.599644	14.634900
	-0.028382	22.704233	14.651600
	-0.028389	22.667833	14.875100
	-0.028396	22.626221	14.942200
	-0.028403	22.659756	14.925400
	-0.028410	22.738047	14.932900
	-0.028416	22.774177	17.050800
	-0.028423	23.485607	20.794700
	-0.028430	26.319982	22.946000
	-0.028437	26.623373	23.923900
	-0.028443	26.593642	24.266700
	-0.028450	26.572066	24.404500
	-0.028457	26.463520	24.506900
	-0.028464	26.572223	24.607500
	-0.028471	26.389208	24.678300
	-0.028477	26.588252	24.808700
	-0.028484	26.464329	24.805000
	-0.028491	26.454214	24.849700
	-0.028498	26.363636	24.806800
	-0.028504	26.563171	24.765800
	-0.028511	26.513390	24.696900
	-0.028518	26.462392	24.747200
	-0.028525	26.466236	24.747200
	-0.028532	26.572552	24.656000
	-0.028538	26.327973	24.501400
	-0.028545	26.365252	24.426800
	-0.028552	26.450500	24.430600
	-0.028559	26.612343	24.406400
	-0.028566	26.326423	24.458500
	-0.028572	26.508919	24.503200
	-0.028579	26.361693	24.628000
	-0.028586	26.617407	24.663400
	-0.028593	26.575594	24.562800
	-0.028599	26.638625	24.590800
	-0.028606	26.479075	24.585200
	-0.028613	26.607850	24.590800
	-0.028620	26.655018	24.628000
	-0.028627	26.586818	24.672700
	-0.028633	26.604556	24.784500
	-0.028640	26.495612	24.827300
	-0.028647	26.648911	24.743500
	-0.028654	26.585781	24.799400
	-0.028660	26.620278	24.803100
	-0.028667	26.774569	24.860800
	-0.028674	26.501241	24.875700
	-0.028681	26.656278	24.879500
	-0.028688	26.511724	24.849700
	-0.028694	26.805206	24.900000
	-0.028701	26.873936	24.849700
	-0.028708	26.855098	24.750900
	-0.028715	26.906841	24.756500
	-0.028721	26.918410	24.806800
	-0.028728	26.823254	24.782600
	-0.028735	26.850017	24.806800
	-0.028742	26.893576	24.812400
	-0.028749	26.715213	24.819900
	-0.028755	26.736561	24.764000
	-0.028762	27.002349	24.734200
	-0.028769	26.952904	24.954000
	-0.028776	26.833922	25.121600
	-0.028783	27.266664	25.181200
	-0.028789	27.277780	25.285500
	-0.028796	27.138890	25.337700
	-0.028803	27.073527	25.270600
	-0.028810	27.177851	25.302300
	-0.028816	27.306540	25.341400
	-0.028823	27.287569	25.313500
	-0.028830	27.213509	25.376800
	-0.028837	27.224649	25.442000
	-0.028844	27.347273	25.458800
	-0.028850	27.355733	25.455000
	-0.028857	27.357477	25.456900
	-0.028864	27.282853	25.397300
	-0.028871	27.386433	25.415900
	-0.028877	27.813481	25.492300
	-0.028884	27.777871	25.568600
	-0.028891	27.777995	25.669200
	-0.028898	27.631407	25.719500
	-0.028905	27.804932	25.745600
	-0.028911	27.720237	25.790300
	-0.028918	27.463641	25.764200
	-0.028925	27.718576	25.807100
	-0.028932	27.765879	25.833100
	-0.028938	27.760585	25.862900
	-0.028945	27.821273	26.015700
	-0.028952	27.674096	26.211300
	-0.028959	27.703597	26.239200
	-0.028966	27.720364	26.289500
	-0.028972	27.633195	26.336100
	-0.028979	27.554241	26.131200
	-0.028986	27.859756	25.902100
	-0.028993	27.815730	25.896500
	-0.029000	27.788439	25.987700
	-0.029006	27.824508	26.120000
	-0.029013	27.695811	26.123700
	-0.029020	27.874381	26.196400
	-0.029027	27.763906	27.876500
	-0.029033	27.492341	31.577700
	-0.029040	32.104134	33.861300
	-0.029047	32.368684	34.945300
	-0.029054	32.172732	35.284300
	-0.029061	32.148773	35.366300
	-0.029067	32.111392	35.530200
	-0.029074	32.368529	35.595400
	-0.029081	32.259253	35.539500
	-0.029088	32.092385	35.424000
	-0.029094	32.144607	35.399800
	-0.029101	32.203318	35.459400
	-0.029108	32.041821	35.617700
	-0.029115	32.157504	35.789100
	-0.029122	32.191584	35.887800
	-0.029128	31.984447	35.880400
	-0.029135	32.178990	35.954900
	-0.029142	32.232888	35.904600
	-0.029149	32.280620	35.800300
	-0.029155	32.187334	35.781600
	-0.029162	32.122817	35.908300
	-0.029169	32.180189	35.945600
	-0.029176	32.214558	35.997700
	-0.029183	32.167001	36.049900
	-0.029189	32.387710	36.083400
	-0.029196	32.147704	36.075900
	-0.029203	32.293474	35.962300
	-0.029210	32.294944	35.962300
	-0.029216	32.278216	35.856200
	-0.029223	32.165188	35.846800
	-0.029230	32.363995	35.817000
	-0.029237	32.293219	35.839400
	-0.029244	32.037362	35.818900
	-0.029250	31.984566	35.811400
	-0.029257	32.374425	35.895300
	-0.029264	32.553169	35.861700
	-0.029271	32.314423	35.904600
	-0.029278	32.560069	35.986500
	-0.029284	32.446922	36.036800
	-0.029291	32.661920	36.102000
	-0.029298	32.408140	36.115100
	-0.029305	32.127282	36.059200
	-0.029311	32.382866	36.003300
	-0.029318	32.423688	35.900900
	-0.029325	32.408764	35.928800
	-0.029332	32.414639	35.818900
	-0.029339	32.388636	35.720200
	-0.029345	32.426426	35.796500
	-0.029352	32.508386	35.915800
	-0.029359	32.577683	35.951100
	-0.029366	32.477000	35.960500
	-0.029372	32.349809	35.926900
	-0.029379	32.385442	35.923200
	-0.029386	32.686450	36.001400
	-0.029393	32.492112	36.122500
	-0.029400	32.475334	36.124400
	-0.029406	32.654891	36.066600
	-0.029413	32.550658	36.103900
	-0.029420	32.502257	36.001400
	-0.029427	32.585969	36.005200
	-0.029433	32.512298	36.005200
	-0.029440	32.570513	35.858000
	-0.029447	32.417766	35.688500
	-0.029454	32.502197	35.660600
	-0.029461	32.608156	35.641900
	-0.029467	32.569902	35.511600
	-0.029474	32.549345	35.496700
	-0.029481	32.763611	35.591700
	-0.029488	32.410911	35.649400
	-0.029495	32.719485	35.716500
	-0.029501	32.825486	35.655000
	-0.029508	32.920681	35.720200
	-0.029515	32.860157	35.815200
	-0.029522	32.962671	35.889700
	-0.029528	32.927622	36.053600
	-0.029535	32.845894	35.994000
	-0.029542	32.893896	36.085300
	-0.029549	32.859035	36.299500
	-0.029556	33.065332	36.448500
	-0.029562	33.189724	36.455900
	-0.029569	33.150409	36.444700
	-0.029576	33.290642	36.418700
	-0.029583	33.324063	36.280800
	-0.029589	33.074561	36.143000
	-0.029596	33.266971	36.057300
	-0.029603	33.303617	41.678800
	-0.029610	38.885350	48.276300
	-0.029617	42.296632	51.878600
	-0.029623	42.473502	53.407900
	-0.029630	42.599315	54.026300
	-0.029637	42.509176	54.225600
	-0.029644	42.274848	54.355900
	-0.029650	42.379548	54.426700
	-0.029657	42.409151	54.514300
	-0.029664	42.314202	54.512400
	-0.029671	42.462041	54.542200
	-0.029678	42.420438	54.609300
	-0.029684	42.363528	54.609300
	-0.029691	42.487163	54.609300
	-0.029698	42.451009	54.609300
	-0.029705	42.459983	54.609300
	-0.029712	42.416708	54.609300
	-0.029718	42.431294	54.609300
	-0.029725	42.470621	54.547800
	-0.029732	42.596624	54.609300
	-0.029739	42.446477	54.609300
	-0.029745	42.497773	54.609300
	-0.029752	42.640658	54.609300
	-0.029759	42.374353	54.609300
	-0.029766	42.638392	54.609300
	-0.029773	42.384524	54.609300
	-0.029779	42.500616	54.609300
	-0.029786	42.651000	54.609300
	-0.029793	42.701440	54.609300
	-0.029800	42.741667	54.609300
	-0.029806	42.674948	54.609300
	-0.029813	42.826354	54.609300
	-0.029820	42.747154	54.609300
	-0.029827	42.667634	54.609300
	-0.029834	42.698967	54.609300
	-0.029840	42.888967	54.609300
	-0.029847	42.616443	54.609300
	-0.029854	42.701503	54.609300
	-0.029861	42.739174	54.609300
	-0.029867	42.680128	54.609300
	-0.029874	42.855570	54.609300
	-0.029881	42.878830	54.609300
	-0.029888	42.796709	54.609300
	-0.029895	42.901404	54.609300
	-0.029901	42.908778	54.609300
	-0.029908	42.925157	54.609300
	-0.029915	42.959660	54.609300
	-0.029922	43.021248	54.609300
	-0.029928	42.952542	54.609300
	-0.029935	42.962448	54.609300
	-0.029942	42.943214	54.609300
	-0.029949	43.004473	54.609300
	-0.029956	42.956568	54.609300
	-0.029962	42.932637	54.609300
	-0.029969	42.831932	54.609300
	-0.029976	43.073406	54.609300
	-0.029983	42.911201	54.609300
	-0.029990	42.928575	54.609300
	-0.029996	42.954399	54.609300
	-0.030003	42.985033	54.609300
	-0.030010	42.987702	54.609300
	-0.030017	42.952404	54.609300
	-0.030023	42.996449	54.609300
	-0.030030	43.067103	54.609300
	-0.030037	43.066562	54.609300
	-0.030044	43.055084	54.609300
	-0.030051	42.919582	54.609300
	-0.030057	43.099201	54.609300
	-0.030064	42.919239	54.609300
	-0.030071	42.941700	54.609300
	-0.030078	42.851011	54.609300
	-0.030084	42.814824	54.609300
	-0.030091	43.121311	54.609300
	-0.030098	43.186887	54.609300
	-0.030105	43.249190	54.609300
	-0.030112	43.432560	54.609300
	-0.030118	43.675939	54.609300
	-0.030125	43.623417	54.609300
	-0.030132	43.622242	54.609300
	-0.030139	43.575058	54.609300
	-0.030145	43.458156	54.609300
	-0.030152	43.515114	54.609300
	-0.030159	43.520449	54.609300
	-0.030166	43.600006	54.609300
	-0.030173	43.589260	54.609300
	-0.030179	43.613381	54.609300
	-0.030186	43.557933	54.609300
	-0.030193	43.456844	54.609300
	-0.030200	43.647099	54.609300
	-0.030207	43.642004	54.609300
	-0.030213	43.604297	54.609300
	-0.030220	43.662334	54.609300
	-0.030227	43.847779	54.609300
	-0.030234	43.632725	54.609300
	-0.030240	43.527829	54.609300
	-0.030247	43.612544	54.609300
	-0.030254	43.484919	54.609300
	-0.030261	43.553086	54.609300
	-0.030268	43.585552	54.609300
	-0.030274	43.674461	54.609300
	-0.030281	43.637727	54.609300
	-0.030288	43.574160	54.609300
	-0.030295	43.729918	54.609300
	-0.030301	43.662378	54.609300
	-0.030308	43.638962	54.609300
	-0.030315	43.684745	54.609300
	-0.030322	43.628479	54.609300
	-0.030329	43.606543	54.609300
	-0.030335	43.532300	54.609300
	-0.030342	43.666951	54.609300
	-0.030349	43.641841	54.609300
	-0.030356	43.713196	54.609300
	-0.030362	43.816208	54.609300
	-0.030369	43.648298	54.609300
	-0.030376	43.675658	54.609300
	-0.030383	43.610497	54.609300
	-0.030390	43.640117	54.609300
	-0.030396	43.541390	54.609300
	-0.030403	43.656209	54.609300
	-0.030410	43.631540	54.609300
	-0.030417	43.634054	54.609300
	-0.030424	43.704512	54.609300
	-0.030430	43.847563	54.609300
	-0.030437	43.859624	54.609300
	-0.030444	43.838688	54.609300
	-0.030451	43.683306	54.609300
	-0.030457	43.700047	54.609300
	-0.030464	43.784248	54.609300
	-0.030471	43.732493	54.609300
	-0.030478	43.728622	54.609300
	-0.030485	43.764285	54.609300
	-0.030491	43.583043	54.609300
	-0.030498	43.747911	54.609300
	-0.030505	44.324423	54.609300
	-0.030512	44.515882	54.609300
	-0.030518	44.542982	54.609300
	-0.030525	44.563285	54.609300
	-0.030532	44.467880	54.609300
	-0.030539	44.487030	54.609300
	-0.030546	44.346060	54.609300
	-0.030552	44.475757	54.609300
	-0.030559	44.551114	54.609300
	-0.030566	44.498804	54.609300
	-0.030573	44.391515	54.609300
	-0.030579	44.412895	54.609300
	-0.030586	44.231623	54.609300
	-0.030593	44.581394	54.609300
	-0.030600	44.423444	54.609300
	-0.030607	44.489509	54.609300
	-0.030613	44.422345	54.609300
	-0.030620	44.386246	54.609300
	-0.030627	44.688116	54.609300
	-0.030634	44.302769	54.609300
	-0.030640	44.319098	54.609300
	-0.030647	44.477478	54.609300
	-0.030654	44.469026	54.609300
	-0.030661	44.295604	54.609300
	-0.030668	44.486613	54.609300
	-0.030674	44.472795	54.609300
	-0.030681	44.430186	54.609300
	-0.030688	44.382424	54.609300
	-0.030695	44.585621	54.609300
	-0.030702	44.726824	54.609300
	-0.030708	44.310624	54.609300
	-0.030715	44.396800	54.609300
	-0.030722	44.520438	54.609300
	-0.030729	44.389489	54.609300
	-0.030735	44.251254	54.609300
	-0.030742	44.463426	54.609300
	-0.030749	44.579733	54.609300
	-0.030756	44.457792	54.609300
	-0.030763	44.562627	54.609300
	-0.030769	44.619916	54.609300
	-0.030776	44.550865	54.609300
	-0.030783	44.308916	54.609300
	-0.030790	44.463473	54.609300
	-0.030796	44.536878	54.609300
	-0.030803	44.552307	54.609300
	-0.030810	44.637785	54.609300
	-0.030817	44.474345	54.609300
	-0.030824	44.436005	54.609300
	-0.030830	44.432582	54.609300
	-0.030837	44.507134	54.609300
	-0.030844	44.471427	54.609300
	-0.030851	44.485328	54.609300
	-0.030857	44.501920	54.609300
	-0.030864	44.623665	54.609300
	-0.030871	44.608900	54.609300
	-0.030878	44.464255	54.609300
	-0.030885	44.625553	54.609300
	-0.030891	44.680095	54.609300
	-0.030898	44.810931	54.609300
	-0.030905	44.494032	54.609300
	-0.030912	44.567794	54.609300
	-0.030919	44.479338	54.609300
	-0.030925	44.619239	54.609300
	-0.030932	44.403410	54.609300
	-0.030939	44.682927	54.609300
	-0.030946	44.561132	54.609300
	-0.030952	44.596922	54.609300
	-0.030959	44.585820	54.609300
	-0.030966	44.734524	54.609300
	-0.030973	44.483071	54.609300
	-0.030980	44.556667	54.609300
	-0.030986	44.733919	54.609300
	-0.030993	44.504722	54.609300
	-0.031000	44.601992	54.609300
	-0.031007	44.709303	54.609300
	-0.031013	44.595289	54.609300
	-0.031020	44.577860	54.609300
	-0.031027	44.701533	54.609300
	-0.031034	44.679507	54.609300
	-0.031041	44.555824	54.609300
	-0.031047	44.537309	54.609300
	-0.031054	44.486152	54.609300
	-0.031061	44.534776	54.609300
	-0.031068	44.549873	54.609300
	-0.031074	44.515133	54.609300
	-0.031081	44.559513	54.609300
	-0.031088	44.820132	54.609300
	-0.031095	44.687448	54.609300
	-0.031102	44.624094	54.609300
	-0.031108	44.600157	54.609300
	-0.031115	44.798508	54.609300
	-0.031122	44.818529	54.609300
	-0.031129	44.818579	54.609300
	-0.031136	44.784096	54.609300
	-0.031142	44.562591	54.609300
	-0.031149	44.727315	54.609300
	-0.031156	44.804283	54.609300
	-0.031163	44.661608	54.609300
	-0.031169	44.751221	54.609300
	-0.031176	44.763641	54.609300
	-0.031183	44.661782	54.609300
	-0.031190	44.740164	54.609300
	-0.031197	44.789934	54.609300
	-0.031203	44.694670	54.609300
	-0.031210	44.578526	54.609300
	-0.031217	44.709803	54.609300
	-0.031224	44.746610	54.609300
	-0.031230	44.673174	54.609300
	-0.031237	44.781369	54.609300
	-0.031244	44.696842	54.609300
	-0.031251	44.705283	54.609300
	-0.031258	44.743297	54.609300
	-0.031264	44.743236	54.609300
	-0.031271	44.778597	54.609300
	-0.031278	44.868192	54.609300
	-0.031285	44.713843	54.609300
	-0.031291	44.589310	54.609300
	-0.031298	44.878600	54.609300
	-0.031305	44.656537	54.609300
	-0.031312	44.667076	54.609300
	-0.031319	44.789056	54.609300
	-0.031325	44.765631	54.609300
	-0.031332	44.852128	54.609300
	-0.031339	44.797406	54.609300
	-0.031346	44.612348	54.609300
	-0.031353	44.667073	54.609300
	-0.031359	44.790948	54.609300
	-0.031366	44.844427	54.609300
	-0.031373	44.754180	54.609300
	-0.031380	44.642788	54.609300
	-0.031386	44.879678	54.609300
	-0.031393	44.847765	54.609300
	-0.031400	44.845283	54.609300
	-0.031407	44.777172	54.609300
	-0.031414	44.708162	54.609300
	-0.031420	44.800298	54.609300
	-0.031427	44.721336	54.609300
	-0.031434	44.919781	54.609300
	-0.031441	44.792059	54.609300
	-0.031447	44.863467	54.609300
	-0.031454	44.704344	54.609300
	-0.031461	44.790736	54.609300
	-0.031468	44.876697	54.609300
	-0.031475	44.810654	54.609300
	-0.031481	44.855413	54.609300
	-0.031488	44.822867	54.609300
	-0.031495	44.820770	54.609300
	-0.031502	44.770626	54.609300
	-0.031508	44.935527	54.609300
	-0.031515	44.822635	54.609300
	-0.031522	44.828600	54.609300
	-0.031529	44.884383	54.609300
	-0.031536	44.907800	54.609300
	-0.031542	44.944485	54.609300
	-0.031549	44.832637	54.609300
	-0.031556	44.963837	54.609300
	-0.031563	44.868805	54.609300
	-0.031569	44.996237	54.609300
	-0.031576	44.893894	54.609300
	-0.031583	44.939929	54.609300
	-0.031590	44.848732	54.609300
	-0.031597	45.023257	54.609300
	-0.031603	44.895814	54.609300
	-0.031610	44.985535	54.609300
	-0.031617	44.919529	54.609300
	-0.031624	44.997770	54.609300
	-0.031631	44.945068	54.609300
	-0.031637	44.805255	54.609300
	-0.031644	44.951221	54.609300
	-0.031651	44.983737	54.609300
	-0.031658	44.806617	54.609300
	-0.031664	44.975898	54.609300
	-0.031671	45.128719	54.609300
	-0.031678	45.039277	54.609300
	-0.031685	45.187163	54.609300
	-0.031692	44.882792	54.609300
	-0.031698	44.917299	54.609300
	-0.031705	45.094068	54.609300
	-0.031712	44.970855	54.609300
	-0.031719	45.013978	54.609300
	-0.031725	45.253545	54.609300
	-0.031732	45.049177	54.609300
	-0.031739	44.942404	54.609300
	-0.031746	44.953194	54.609300
	-0.031753	44.859085	54.609300
	-0.031759	44.857173	54.609300
	-0.031766	45.070336	54.609300
	-0.031773	45.172610	54.609300
	-0.031780	45.125260	54.609300
	-0.031786	45.097535	54.609300
	-0.031793	44.946162	54.609300
	-0.031800	45.001268	54.609300
	-0.031807	44.869770	54.609300
	-0.031814	44.852879	54.609300
	-0.031820	45.164285	54.609300
	-0.031827	45.082919	54.609300
	-0.031834	45.030393	54.609300
	-0.031841	44.999851	54.609300
	-0.031848	45.088848	54.609300
	-0.031854	45.274627	54.609300
	-0.031861	45.063754	54.609300
	-0.031868	45.231651	54.609300
	-0.031875	45.167241	54.609300
	-0.031881	45.133389	54.609300
	-0.031888	45.064666	54.609300
	-0.031895	45.182618	54.609300
	-0.031902	44.892261	54.609300
	-0.031909	45.194040	54.609300
	-0.031915	44.998359	54.609300
