   0.10240    0.15605 -134.70700
   0.09883    0.72635 -134.23100
   0.09526    0.59340 -134.11100
   0.09169   -0.14818 -133.75400
   0.08812   -0.93322 -133.63500
   0.08455    0.66222 -133.87300
   0.08098    0.67439 -133.87300
   0.07741    0.96304 -134.23100
   0.07384   -0.64614 -133.51500
   0.07027    0.15175 -132.80000
   0.06670   -0.74214 -132.08500
   0.06313   -0.71415 -131.48900
   0.05956    1.05211 -130.77400
   0.05599   -0.29928 -129.70100
   0.05242   -1.89538 -129.10500
   0.04885    0.05081 -127.91200
   0.04528    0.21946 -127.19700
   0.04171    0.31663 -126.36300
   0.03814   -0.23965 -125.52800
   0.03457   -0.41446 -124.57500
   0.03100   -0.14439 -124.33600
   0.02743   -0.80719 -122.78600
   0.02386   -0.96167 -121.59400
   0.02029   -1.72355 -120.40200
   0.01672   -1.23053 -119.56700
   0.01315    0.35384 -117.18300
   0.00958   -1.65866 -115.39500
   0.00601   -0.71910 -112.89200
   0.00244   -2.21556 -110.15000
  -0.00113   -1.62918 -107.17000
  -0.00470   -0.94856 -103.95100
  -0.00827   -0.64834 -100.85200
  -0.01184   -0.90889  -96.79840
  -0.01541   -1.56950  -91.43400
  -0.01898   -0.74130  -86.30800
  -0.02255   -2.13173  -80.70520
  -0.02612   -3.26426  -72.83730
  -0.02969   -2.90752  -63.41980
  -0.03327   -6.35188  -51.73710
  -0.03683  -12.69777  -35.88220
  -0.03683  -17.66432  -33.37880
  -0.03684  -17.85611  -32.90200
  -0.03684  -16.48287  -32.54440
  -0.03685  -17.67738  -32.66360
  -0.03685  -16.14530  -33.14040
  -0.03685  -16.22861  -33.49800
  -0.03685  -16.63286  -33.25960
  -0.03686  -17.43362  -33.73650
  -0.03686  -16.65089  -33.02120
  -0.03687  -16.79677  -33.14040
  -0.03687  -17.26150  -33.14040
  -0.03687  -17.89830  -33.49800
  -0.03688  -16.94479  -33.37880
  -0.03688  -17.17420  -33.37880
  -0.03688  -16.33592  -32.90200
  -0.03689  -17.12923  -33.14040
  -0.03689  -17.00467  -32.78280
  -0.03689  -16.21811  -31.47150
  -0.03690  -16.70316  -32.78280
  -0.03690  -17.45056  -33.37880
  -0.03690  -15.16149  -33.61730
  -0.03691  -14.94512  -33.49800
  -0.03691  -15.60379  -33.14040
  -0.03691  -15.51994  -32.54440
  -0.03692  -17.07356  -31.94830
  -0.03692  -18.13977  -32.30600
  -0.03692  -16.90256  -32.42520
  -0.03693  -17.82782  -32.54440
  -0.03693  -18.17628  -32.54440
  -0.03694  -17.39622  -32.54440
  -0.03694  -17.12050  -31.94830
  -0.03694  -16.78165  -32.90200
  -0.03695  -16.80453  -32.78280
  -0.03695  -17.83914  -32.90200
  -0.03695  -14.86916  -32.54440
  -0.03696  -17.91310  -32.54440
  -0.03696  -16.52039  -32.30600
  -0.03696  -16.89849  -32.66360
  -0.03697  -17.37242  -32.90200
  -0.03697  -16.75431  -32.18670
  -0.03697  -18.16146  -31.82910
  -0.03698  -17.06605  -31.47150
  -0.03698  -15.94218  -31.94830
  -0.03698  -17.16020  -32.30600
  -0.03699  -16.67514  -31.70990
  -0.03699  -16.26402  -31.70990
  -0.03699  -16.57424  -31.35230
  -0.03700  -15.12411  -31.35230
  -0.03700  -15.27397  -31.23310
  -0.03701  -15.39883  -31.35230
  -0.03701  -15.24552  -31.82910
  -0.03701  -16.09948  -31.35230
  -0.03701  -16.18055  -30.87540
  -0.03702  -16.20368  -30.99460
  -0.03702  -17.97430  -31.11390
  -0.03703  -17.26634  -31.35230
  -0.03703  -16.89543  -31.35230
  -0.03703  -17.45963  -31.35230
  -0.03704  -15.52134  -31.23310
  -0.03704  -16.19052  -29.80240
  -0.03704  -16.43165  -30.27930
  -0.03705  -17.32028  -30.27930
  -0.03705  -15.38261  -30.75620
  -0.03705  -16.60471  -31.47150
  -0.03706  -15.79664  -30.99460
  -0.03706  -15.97218  -30.75620
  -0.03706  -17.80522  -31.23310
  -0.03707  -16.15803  -31.11390
  -0.03707  -14.67795  -31.23310
  -0.03707  -16.02449  -30.99460
  -0.03708  -16.07044  -30.63700
  -0.03708  -16.26971  -30.16010
  -0.03708  -15.46886  -29.80240
  -0.03709  -14.31300  -29.92160
  -0.03709  -16.02610  -29.56400
  -0.03710  -15.88285  -29.44480
  -0.03710  -15.93472  -29.20640
  -0.03710  -14.36487  -29.20640
  -0.03710  -15.59279  -29.44480
  -0.03711  -14.50049  -29.56400
  -0.03711  -14.95402  -29.80240
  -0.03712  -16.85247  -29.68320
  -0.03712  -15.54362  -29.80240
  -0.03712  -16.84665  -29.92160
  -0.03713  -16.36888  -29.68320
  -0.03713  -15.39738  -29.08720
  -0.03713  -15.77580  -29.92160
  -0.03714  -15.74040  -30.27930
  -0.03714  -15.64456  -29.80240
  -0.03714  -14.98423  -29.08720
  -0.03715  -14.35106  -29.56400
  -0.03715  -15.99506  -29.56400
  -0.03715  -15.32104  -29.92160
  -0.03716  -16.52746  -28.96800
  -0.03716  -15.06002  -28.72960
  -0.03716  -15.23674  -28.01430
  -0.03717  -15.69249  -28.13350
  -0.03717  -16.71598  -28.01430
  -0.03717  -16.91948  -28.13350
  -0.03718  -16.42097  -28.61030
  -0.03718  -15.76962  -28.49110
  -0.03719  -16.23654  -28.37190
  -0.03719  -16.28473  -28.61030
  -0.03719  -16.19081  -28.49110
  -0.03720  -16.72546  -28.61030
  -0.03720  -16.15831  -28.61030
  -0.03720  -17.18756  -28.84880
  -0.03721  -17.01581  -29.32560
  -0.03721  -16.70114  -29.20640
  -0.03721  -15.86920  -29.44480
  -0.03722  -15.88714  -29.08720
  -0.03722  -16.89232  -29.32560
  -0.03722  -16.32644  -29.20640
  -0.03723  -15.72507  -29.56400
  -0.03723  -16.52202  -29.44480
  -0.03723  -15.32574  -28.49110
  -0.03724  -15.11222  -29.20640
  -0.03724  -14.65134  -29.80240
  -0.03724  -15.65475  -28.72960
  -0.03725  -16.17849  -29.44480
  -0.03725  -15.13532  -29.08720
  -0.03726  -16.69412  -28.84880
  -0.03726  -15.19998  -28.61030
  -0.03726  -15.26348  -28.61030
  -0.03726  -14.97334  -28.84880
  -0.03727  -14.56362  -28.37190
  -0.03727  -16.08717  -28.49110
  -0.03728  -15.51189  -28.49110
  -0.03728  -14.84576  -28.84880
  -0.03728  -16.59552  -29.44480
  -0.03729  -15.96309  -29.68320
  -0.03729  -14.95442  -29.80240
  -0.03729  -15.38015  -30.04090
  -0.03730  -13.89339  -29.56400
  -0.03730  -14.40957  -30.63700
  -0.03730  -14.95401  -30.63700
  -0.03731  -15.22317  -30.87540
  -0.03731  -15.54105  -30.16010
  -0.03731  -15.92681  -30.04090
  -0.03732  -14.24803  -29.80240
  -0.03732  -15.82530  -29.56400
  -0.03732  -15.54594  -29.56400
  -0.03733  -16.21665  -29.56400
  -0.03733  -15.86724  -29.56400
  -0.03733  -15.89356  -29.68320
  -0.03734  -14.55100  -29.56400
  -0.03734  -14.81341  -29.68320
  -0.03735  -14.42455  -29.80240
  -0.03735  -14.10468  -29.44480
  -0.03735  -14.72674  -29.80240
  -0.03735  -15.44700  -29.92160
  -0.03736  -14.71729  -29.68320
  -0.03736  -13.52626  -29.32560
  -0.03737  -15.06594  -29.56400
  -0.03737  -14.71675  -29.44480
  -0.03737  -14.34090  -30.39850
  -0.03738  -14.80555  -30.16010
  -0.03738  -15.41011  -29.92160
  -0.03738  -14.38971  -29.56400
  -0.03739  -14.67204  -29.68320
  -0.03739  -15.56420  -29.32560
  -0.03739  -15.13893  -30.16010
  -0.03740  -14.59937  -30.63700
  -0.03740  -16.25371  -30.63700
  -0.03740  -13.81247  -30.75620
  -0.03741  -14.43496  -30.99460
  -0.03741  -14.13892  -30.99460
  -0.03741  -14.41589  -30.39850
  -0.03742  -14.02657  -30.63700
  -0.03742  -14.09664  -30.51780
  -0.03742  -16.01647  -29.80240
  -0.03743  -14.74967  -29.80240
  -0.03743  -14.73968  -29.68320
  -0.03744  -13.99551  -29.08720
  -0.03744  -15.41753  -29.44480
  -0.03744  -15.25155  -30.27930
  -0.03744  -14.91315  -30.16010
  -0.03745  -14.24734  -30.27930
  -0.03745  -16.00761  -30.16010
  -0.03746  -15.21048  -29.80240
  -0.03746  -13.83984  -30.39850
  -0.03746  -15.04271  -30.39850
  -0.03747  -16.01625  -31.11390
  -0.03747  -15.15830  -30.27930
  -0.03747  -15.57645  -30.04090
  -0.03748  -14.46731  -30.16010
  -0.03748  -15.68015  -30.39850
  -0.03748  -15.20380  -30.75620
  -0.03749  -14.17649  -31.11390
  -0.03749  -15.62640  -31.23310
  -0.03749  -14.53103  -31.23310
  -0.03750  -14.72184  -31.47150
  -0.03750  -15.54459  -31.47150
  -0.03750  -15.75327  -31.11390
  -0.03751  -16.11561  -30.87540
  -0.03751  -15.27128  -31.23310
  -0.03751  -15.13090  -31.23310
  -0.03752  -16.25348  -31.11390
  -0.03752  -15.10316  -31.82910
  -0.03753  -14.42571  -31.70990
  -0.03753  -14.69575  -31.47150
  -0.03753  -14.92730  -31.70990
  -0.03754  -15.50733  -31.70990
  -0.03754  -15.95067  -31.94830
  -0.03754  -16.59907  -31.35230
  -0.03755  -15.49557  -30.75620
  -0.03755  -15.61136  -30.63700
  -0.03755  -15.70968  -30.63700
  -0.03756  -15.64180  -29.68320
  -0.03756  -15.08817  -30.16010
  -0.03756  -15.03176  -29.80240
  -0.03757  -14.44165  -30.63700
  -0.03757  -15.16799  -30.04090
  -0.03757  -15.52953  -30.16010
  -0.03758  -14.80384  -30.39850
  -0.03758  -15.39238  -29.92160
  -0.03758  -15.06916  -29.92160
  -0.03759  -14.70235  -30.16010
  -0.03759  -14.88152  -30.99460
  -0.03760  -15.37264  -30.87540
  -0.03760  -13.99099  -30.75620
  -0.03760  -13.60131  -29.80240
  -0.03760  -14.99390  -30.63700
  -0.03761  -13.88160  -30.63700
  -0.03761  -13.48087  -30.39850
  -0.03762  -14.10607  -29.68320
  -0.03762  -13.13265  -29.92160
  -0.03762  -15.08288  -30.16010
  -0.03763  -13.93296  -30.04090
  -0.03763  -14.60980  -31.11390
  -0.03763  -14.61753  -31.35230
  -0.03764  -14.21911  -31.11390
  -0.03764  -13.30489  -30.27930
  -0.03764  -13.14819  -29.92160
  -0.03765  -14.20113  -30.27930
  -0.03765  -13.82380  -30.63700
  -0.03765  -13.32808  -31.35230
  -0.03766  -13.91218  -31.11390
  -0.03766  -13.40555  -30.51780
  -0.03766  -12.73783  -30.04090
  -0.03767  -13.32048  -29.92160
  -0.03767  -13.70907  -30.39850
  -0.03767  -13.69215  -30.87540
  -0.03768  -14.10814  -30.39850
  -0.03768  -12.18303  -30.51780
  -0.03769  -13.11693  -30.27930
  -0.03769  -13.39006  -30.16010
  -0.03769  -13.11460  -30.39850
  -0.03769  -13.91211  -29.92160
  -0.03770  -13.12128  -30.16010
  -0.03770  -13.03768  -30.39850
  -0.03771  -12.65058  -30.39850
  -0.03771  -13.05096  -30.04090
  -0.03771  -13.77478  -30.04090
  -0.03772  -14.81304  -29.80240
  -0.03772  -13.62004  -30.39850
  -0.03772  -13.58554  -30.27930
  -0.03773  -14.11714  -30.04090
  -0.03773  -14.05361  -29.80240
  -0.03773  -14.30797  -29.92160
  -0.03774  -14.61691  -30.63700
  -0.03774  -14.08838  -30.27930
  -0.03774  -14.14342  -30.63700
  -0.03775  -13.75859  -30.99460
  -0.03775  -14.71743  -30.63700
  -0.03775  -14.74675  -30.27930
  -0.03776  -13.87172  -30.75620
  -0.03776  -13.41307  -30.75620
  -0.03776  -15.11654  -30.27930
  -0.03777  -14.99531  -30.16010
  -0.03777  -15.10278  -30.16010
  -0.03778  -13.82292  -30.63700
  -0.03778  -13.41831  -30.39850
  -0.03778  -13.57015  -30.27930
  -0.03778  -14.00089  -30.16010
  -0.03779  -14.41949  -30.87540
  -0.03779  -14.22729  -30.39850
  -0.03780  -14.52620  -30.04090
  -0.03780  -14.21138  -30.39850
  -0.03780  -14.05339  -30.63700
  -0.03781  -14.57678  -30.51780
  -0.03781  -16.44219  -30.63700
  -0.03781  -15.59448  -30.51780
  -0.03782  -15.40054  -30.39850
  -0.03782  -14.55029  -29.20640
  -0.03782  -13.66075  -29.44480
  -0.03783  -14.17418  -29.68320
  -0.03783  -13.07107  -30.04090
  -0.03783  -13.12377  -30.63700
  -0.03784  -14.05581  -30.75620
  -0.03784  -14.30624  -30.27930
  -0.03784  -13.22349  -29.92160
  -0.03785  -11.98456  -29.44480
  -0.03785  -12.51231  -30.39850
  -0.03785  -12.62909  -30.16010
  -0.03786  -13.11530  -30.51780
  -0.03786  -12.85355  -30.51780
  -0.03787  -12.44993  -30.16010
  -0.03787  -12.61860  -30.39850
  -0.03787  -14.97278  -30.27930
  -0.03788  -14.17206  -29.56400
  -0.03788  -13.73025  -28.96800
  -0.03788  -14.00088  -29.08720
  -0.03789  -13.84051  -29.44480
  -0.03789  -14.83718  -29.08720
  -0.03789  -13.89154  -28.13350
  -0.03790  -13.92420  -28.01430
  -0.03790  -15.07491  -28.37190
  -0.03790  -14.37797  -28.84880
  -0.03791  -12.87806  -29.20640
  -0.03791  -13.59330  -29.20640
  -0.03791  -13.64300  -29.20640
  -0.03792  -13.49133  -29.08720
  -0.03792  -13.17976  -28.37190
  -0.03792  -13.49123  -28.13350
  -0.03793  -12.95344  -28.01430
  -0.03793  -12.21917  -28.01430
  -0.03794  -12.46445  -28.61030
  -0.03794  -13.02834  -29.20640
  -0.03794  -12.29272  -30.63700
  -0.03794  -13.28748  -29.68320
  -0.03795  -13.31605  -28.84880
  -0.03795  -12.87516  -28.37190
  -0.03796  -12.82148  -28.72960
  -0.03796  -12.70807  -29.44480
  -0.03796  -12.42467  -29.68320
  -0.03797  -12.39908  -30.04090
  -0.03797  -12.32470  -29.20640
  -0.03797  -13.22384  -28.49110
  -0.03798  -12.77616  -27.77590
  -0.03798  -13.19417  -28.49110
  -0.03798  -13.13631  -28.01430
  -0.03799  -13.52602  -28.37190
  -0.03799  -13.65187  -29.08720
  -0.03799  -12.12834  -29.56400
  -0.03800  -13.08347  -29.20640
  -0.03800  -12.30868  -28.84880
  -0.03800  -11.97067  -28.84880
  -0.03801  -13.44083  -28.61030
  -0.03801  -13.08663  -28.49110
  -0.03801  -12.74032  -28.13350
  -0.03802  -13.29755  -28.13350
  -0.03802  -12.15395  -28.49110
  -0.03803  -12.69097  -28.49110
  -0.03803  -13.56249  -28.13350
  -0.03803  -12.64661  -27.77590
  -0.03803  -12.16415  -27.65670
  -0.03804  -12.59709  -28.13350
  -0.03804  -13.05707  -27.17980
  -0.03805  -13.56699  -26.82220
  -0.03805  -12.62694  -27.06060
  -0.03805  -12.63105  -27.17980
  -0.03806  -12.52782  -26.58380
  -0.03806  -12.12260  -26.94140
  -0.03806  -12.14886  -26.94140
  -0.03807  -12.90982  -26.58380
  -0.03807  -13.15802  -26.70300
  -0.03807  -12.64223  -26.46460
  -0.03808  -12.92367  -26.82220
  -0.03808  -13.48547  -26.82220
  -0.03808  -13.98668  -27.06060
  -0.03809  -12.24701  -27.89510
  -0.03809  -11.01950  -27.53750
  -0.03809  -12.23529  -28.01430
  -0.03810  -12.05619  -28.13350
  -0.03810  -12.41083  -28.61030
  -0.03810  -12.57162  -28.96800
  -0.03811  -12.90278  -28.37190
  -0.03811  -13.25503  -28.61030
  -0.03812  -12.76508  -28.84880
  -0.03812  -13.85680  -28.61030
  -0.03812  -11.62409  -28.49110
  -0.03813  -13.28303  -27.89510
  -0.03813  -12.49237  -27.77590
  -0.03813  -13.58449  -29.08720
  -0.03814  -11.82851  -28.49110
  -0.03814  -12.28901  -28.61030
  -0.03814  -14.04366  -28.13350
  -0.03815  -12.32684  -28.49110
  -0.03815  -11.87624  -29.08720
  -0.03815  -10.95663  -28.84880
  -0.03816  -12.45764  -28.72960
  -0.03816  -12.48121  -28.61030
  -0.03816  -12.87821  -28.61030
  -0.03817  -12.17211  -27.65670
  -0.03817  -11.38191  -27.41830
  -0.03817  -12.53097  -28.13350
  -0.03818  -12.41060  -27.77590
  -0.03818  -11.57346  -28.01430
  -0.03818  -10.79156  -29.08720
  -0.03819  -10.25446  -29.08720
  -0.03819  -12.54326  -28.61030
  -0.03819  -10.87093  -28.01430
  -0.03820  -12.43385  -27.77590
  -0.03820  -11.60574  -28.37190
  -0.03821  -10.68885  -28.13350
  -0.03821  -10.88115  -28.25270
  -0.03821  -13.06693  -28.37190
  -0.03822  -12.90078  -29.20640
  -0.03822  -11.59379  -28.84880
  -0.03822  -11.85171  -27.89510
  -0.03823  -12.20447  -27.65670
  -0.03823  -10.82561  -27.53750
  -0.03823  -13.02904  -27.41830
  -0.03824  -10.68377  -27.06060
  -0.03824  -10.09981  -26.94140
  -0.03824  -10.95883  -27.06060
  -0.03825  -11.78741  -26.82220
  -0.03825  -11.20338  -27.17980
  -0.03825  -10.71442  -27.41830
  -0.03826  -11.32132  -27.41830
  -0.03826  -10.06275  -27.41830
  -0.03826   -9.69363  -28.37190
  -0.03827  -10.09215  -28.13350
  -0.03827  -10.46347  -29.08720
  -0.03828  -10.68215  -29.08720
  -0.03828  -10.15420  -28.49110
  -0.03828  -10.71317  -28.37190
  -0.03828   -9.92862  -28.13350
  -0.03829   -9.37069  -27.65670
  -0.03829  -10.99614  -27.89510
  -0.03830  -11.05973  -27.29900
  -0.03830  -10.26146  -27.17980
  -0.03830  -12.42981  -27.29900
  -0.03831  -11.92712  -26.94140
  -0.03831  -12.23592  -27.06060
  -0.03831  -11.47346  -27.77590
  -0.03832  -10.35902  -27.41830
  -0.03832  -11.11814  -26.94140
  -0.03832  -11.77165  -27.29900
  -0.03833  -12.07545  -26.82220
  -0.03833  -11.72076  -26.82220
  -0.03833  -13.06407  -26.70300
  -0.03834  -12.38970  -26.58380
  -0.03834  -12.57333  -27.29900
  -0.03834  -11.26672  -26.94140
  -0.03835  -11.56441  -27.06060
  -0.03835  -10.87921  -26.70300
  -0.03836  -10.42106  -25.98770
  -0.03836  -10.50996  -26.46460
  -0.03836  -11.12822  -26.94140
  -0.03837  -11.15158  -27.17980
  -0.03837  -11.23720  -26.58380
  -0.03837  -10.92432  -26.70300
  -0.03837  -11.39195  -26.58380
  -0.03838  -11.01977  -27.06060
  -0.03838  -11.70981  -26.82220
  -0.03839  -10.84533  -26.58380
  -0.03839  -11.09957  -27.17980
  -0.03839  -10.18479  -27.17980
  -0.03840  -10.96814  -27.17980
  -0.03840  -11.66683  -27.29900
  -0.03840  -12.26436  -27.41830
  -0.03841  -11.47648  -27.29900
  -0.03841  -13.00510  -27.17980
  -0.03841  -13.06524  -26.82220
  -0.03842  -10.89185  -27.29900
  -0.03842  -11.30300  -27.77590
  -0.03842  -12.08951  -27.53750
  -0.03843  -12.21064  -28.01430
  -0.03843  -12.04691  -28.13350
  -0.03843  -12.80378  -28.37190
  -0.03844  -11.90096  -28.25270
  -0.03844  -12.38592  -27.89510
  -0.03845  -11.72697  -27.29900
  -0.03845  -10.99649  -27.89510
  -0.03845  -12.24702  -27.17980
  -0.03846  -12.43234  -27.29900
  -0.03846  -12.66931  -27.89510
  -0.03846  -11.63153  -27.89510
  -0.03847  -11.62954  -27.53750
  -0.03847  -12.27866  -27.53750
  -0.03847  -12.02011  -27.17980
  -0.03848  -11.66931  -27.29900
  -0.03848  -11.75482  -27.53750
  -0.03848  -10.83861  -28.25270
  -0.03849  -11.16489  -28.13350
  -0.03849  -11.41166  -27.89510
  -0.03849   -9.92442  -27.53750
  -0.03850  -10.72952  -27.41830
  -0.03850  -12.47358  -27.89510
  -0.03850  -11.80013  -27.65670
  -0.03851  -10.65844  -27.53750
  -0.03851  -11.30361  -27.41830
  -0.03851  -10.73909  -27.89510
  -0.03852   -9.36530  -28.25270
  -0.03852   -9.67880  -29.20640
  -0.03852   -9.42595  -28.49110
  -0.03853  -10.78696  -28.61030
  -0.03853  -11.79846  -28.37190
  -0.03853  -11.04977  -28.37190
  -0.03854  -10.88477  -29.08720
  -0.03854  -10.57455  -29.44480
  -0.03855  -11.07659  -29.68320
  -0.03855  -10.49901  -29.68320
  -0.03855  -11.23061  -29.80240
  -0.03856  -10.26237  -29.32560
  -0.03856  -10.49813  -30.04090
  -0.03856  -10.13920  -30.27930
  -0.03857   -9.31205  -30.04090
  -0.03857  -10.32275  -30.16010
  -0.03857  -10.56737  -29.92160
  -0.03858   -9.28637  -29.68320
  -0.03858  -10.99511  -30.16010
  -0.03858   -9.23719  -29.68320
  -0.03859   -9.96003  -29.08720
  -0.03859   -9.67933  -28.72960
  -0.03859  -10.52820  -28.61030
  -0.03860   -9.85005  -28.84880
  -0.03860  -11.15219  -28.72960
  -0.03860  -11.22006  -28.61030
  -0.03861  -10.32466  -28.01430
  -0.03861  -11.07815  -28.37190
  -0.03861  -10.12779  -28.84880
  -0.03862  -10.87434  -28.96800
  -0.03862  -10.97934  -28.84880
  -0.03862  -10.48448  -27.53750
  -0.03863  -11.17654  -26.70300
  -0.03863  -10.68202  -26.58380
  -0.03864  -10.16907  -26.70300
  -0.03864  -10.35568  -27.89510
  -0.03864  -11.64319  -27.89510
  -0.03865  -11.89112  -28.01430
  -0.03865  -11.32796  -28.13350
  -0.03865   -9.90017  -27.77590
  -0.03866   -8.63085  -28.01430
  -0.03866   -9.83747  -28.01430
  -0.03866   -9.40992  -27.89510
  -0.03867   -8.10695  -27.89510
  -0.03867   -8.73929  -28.37190
  -0.03867  -10.09564  -27.65670
  -0.03868   -9.90317  -27.77590
  -0.03868   -8.92836  -27.89510
  -0.03868   -9.52412  -26.94140
  -0.03869   -8.72604  -27.17980
  -0.03869   -8.77375  -26.94140
  -0.03870  -10.16070  -26.82220
  -0.03870   -9.66217  -27.17980
  -0.03870   -9.47171  -26.70300
  -0.03871  -10.79836  -26.34540
  -0.03871   -9.55624  -27.06060
  -0.03871   -9.50083  -26.82220
  -0.03871  -10.00949  -26.94140
  -0.03872  -10.15080  -26.94140
  -0.03872  -10.17336  -27.53750
  -0.03873  -10.48450  -27.41830
  -0.03873  -10.68397  -26.70300
  -0.03873  -10.00757  -26.46460
  -0.03874  -10.27232  -26.94140
  -0.03874   -8.60186  -27.29900
  -0.03874  -10.35308  -27.53750
  -0.03875   -9.92396  -27.77590
  -0.03875  -10.07433  -27.65670
  -0.03875  -10.11336  -27.17980
  -0.03876  -10.30737  -26.70300
  -0.03876  -11.26909  -26.58380
  -0.03876   -9.66542  -26.58380
  -0.03877  -10.27837  -26.70300
  -0.03877   -9.40329  -26.70300
  -0.03877  -10.53263  -27.17980
  -0.03878  -10.08664  -27.41830
  -0.03878  -10.74925  -26.94140
  -0.03879  -10.76526  -26.70300
  -0.03879   -9.28482  -26.58380
  -0.03879  -10.29936  -26.70300
  -0.03880  -10.48812  -27.29900
  -0.03880   -9.81291  -26.34540
  -0.03880   -9.29244  -26.46460
  -0.03881  -10.18925  -26.70300
  -0.03881   -9.96313  -26.58380
  -0.03881   -9.31404  -26.82220
  -0.03882  -10.84569  -26.94140
  -0.03882   -9.30013  -26.22620
  -0.03882   -9.14530  -26.58380
  -0.03883  -10.51911  -25.86850
  -0.03883  -10.28241  -25.63010
  -0.03883   -9.41904  -24.55720
  -0.03884   -9.08311  -24.79560
  -0.03884   -8.69635  -25.27250
  -0.03884   -9.70114  -25.15330
  -0.03885   -9.69235  -24.43800
  -0.03885   -9.69280  -24.67640
  -0.03885  -10.09394  -24.91490
  -0.03886  -10.96839  -25.27250
  -0.03886   -8.98604  -25.15330
  -0.03886   -9.22112  -24.55720
  -0.03887   -9.93316  -24.79560
  -0.03887   -9.47965  -24.67640
  -0.03887  -10.92553  -25.39170
  -0.03888   -9.12754  -24.55720
  -0.03888   -9.82804  -24.31880
  -0.03889   -8.89953  -24.55720
  -0.03889  -10.01316  -24.43800
  -0.03889   -9.24652  -23.84200
  -0.03890   -8.64927  -23.36510
  -0.03890   -9.34139  -23.00750
  -0.03890  -10.68096  -23.24590
  -0.03891   -9.74912  -22.17300
  -0.03891  -10.00257  -22.88830
  -0.03891   -8.63588  -23.36510
  -0.03892   -9.20646  -22.64990
  -0.03892  -10.20325  -22.64990
  -0.03892  -10.01336  -22.76910
  -0.03893   -8.93700  -22.17300
  -0.03893   -9.54175  -22.88830
  -0.03893  -10.15631  -22.41150
  -0.03894   -9.78342  -22.53070
  -0.03894   -8.92388  -22.41150
  -0.03894   -9.36868  -22.41150
  -0.03895   -9.51432  -22.53070
  -0.03895   -9.50168  -22.53070
  -0.03895  -10.59010  -22.88830
  -0.03896   -9.93107  -23.00750
  -0.03896   -8.55875  -23.84200
  -0.03896   -9.46424  -23.36510
  -0.03897   -8.95633  -23.72280
  -0.03897   -8.49792  -23.48430
  -0.03898   -8.89012  -23.84200
  -0.03898   -8.80430  -23.84200
  -0.03898   -9.62381  -23.00750
  -0.03899   -9.51763  -22.64990
  -0.03899   -8.26679  -22.88830
  -0.03899   -9.08073  -23.24590
  -0.03900   -8.72865  -23.00750
  -0.03900   -8.94862  -22.64990
  -0.03900   -7.94723  -22.41150
  -0.03901   -8.65340  -22.88830
  -0.03901  -10.07836  -23.60360
  -0.03901   -9.72097  -23.24590
  -0.03902   -8.91692  -22.76910
  -0.03902   -7.42086  -23.48430
  -0.03902   -8.33425  -24.19960
  -0.03903   -8.74872  -23.00750
  -0.03903   -9.03835  -23.48430
  -0.03904   -8.25458  -23.96120
  -0.03904   -8.36776  -24.43800
  -0.03904   -7.14926  -24.55720
  -0.03905   -8.31318  -24.19960
  -0.03905   -9.12504  -23.48430
  -0.03905   -7.63701  -23.84200
  -0.03906   -7.97227  -24.08040
  -0.03906   -8.15798  -24.31880
  -0.03906   -8.63597  -24.08040
  -0.03907   -9.97181  -24.43800
  -0.03907   -9.53633  -24.31880
  -0.03907   -8.49440  -23.72280
  -0.03908   -9.23007  -23.48430
  -0.03908   -7.68876  -23.48430
  -0.03908   -7.89957  -23.84200
  -0.03909   -7.58711  -23.24590
  -0.03909   -8.87260  -23.36510
  -0.03909   -7.57832  -23.36510
  -0.03910   -8.00022  -23.60360
  -0.03910   -9.33895  -24.19960
  -0.03910   -8.82325  -23.96120
  -0.03911   -8.22858  -24.43800
  -0.03911   -6.95777  -24.31880
  -0.03911   -8.37243  -24.31880
  -0.03912   -7.82075  -24.19960
  -0.03912   -8.14564  -24.43800
  -0.03913   -6.64016  -23.96120
  -0.03913   -6.06114  -23.24590
  -0.03913   -6.94706  -23.36510
  -0.03914   -6.55248  -23.60360
  -0.03914   -7.62298  -23.72280
  -0.03914   -6.33760  -23.60360
  -0.03915   -6.52864  -24.19960
  -0.03915   -9.09619  -24.31880
  -0.03915   -6.45445  -25.03410
  -0.03916   -7.93603  -24.67640
  -0.03916   -7.43842  -24.43800
  -0.03916   -7.80272  -24.08040
  -0.03917   -9.60239  -24.08040
  -0.03917   -7.98045  -23.84200
  -0.03917   -7.78645  -23.72280
  -0.03918   -9.04114  -24.19960
  -0.03918   -6.31252  -23.60360
  -0.03918   -8.36533  -23.72280
  -0.03919   -7.30957  -23.96120
  -0.03919   -6.97505  -23.60360
  -0.03919   -6.65344  -23.48430
  -0.03920   -7.70917  -23.36510
  -0.03920   -6.83051  -23.00750
  -0.03920   -7.76204  -23.24590
  -0.03921   -8.68043  -23.00750
  -0.03921   -7.71436  -23.36510
  -0.03921   -7.66026  -24.19960
  -0.03922   -7.57049  -24.19960
  -0.03922   -7.15746  -23.00750
  -0.03923   -8.14939  -22.88830
  -0.03923   -8.57330  -22.17300
  -0.03923   -7.49119  -22.64990
  -0.03924   -7.89742  -22.41150
  -0.03924   -8.29464  -23.12670
  -0.03924   -8.95376  -22.88830
  -0.03925   -8.61231  -21.93460
  -0.03925   -8.42565  -21.81540
  -0.03925   -8.38101  -21.93460
  -0.03926   -8.41137  -22.41150
  -0.03926   -8.11778  -22.41150
  -0.03926   -6.85093  -23.00750
  -0.03927   -7.49023  -22.64990
  -0.03927   -7.99467  -22.29230
  -0.03927   -8.54078  -22.29230
  -0.03928   -9.24897  -22.64990
  -0.03928   -7.81824  -22.29230
  -0.03929   -7.46543  -22.29230
  -0.03929   -6.58862  -22.17300
  -0.03929   -7.70781  -22.64990
  -0.03929   -6.82002  -22.64990
  -0.03930   -5.73034  -22.29230
  -0.03930   -7.19646  -22.17300
  -0.03930   -8.01521  -22.88830
  -0.03931   -7.14984  -23.60360
  -0.03931   -8.38888  -23.72280
  -0.03932   -8.86913  -23.60360
  -0.03932   -7.75340  -23.96120
  -0.03932   -7.85588  -23.36510
  -0.03933   -6.12005  -23.24590
  -0.03933   -7.34168  -23.36510
  -0.03933   -7.60441  -22.64990
  -0.03934   -6.20709  -22.41150
  -0.03934   -7.28770  -22.88830
  -0.03934   -7.52882  -22.53070
  -0.03935   -5.97157  -21.93460
  -0.03935   -6.56763  -21.69620
  -0.03935   -6.79155  -21.33860
  -0.03936   -7.16914  -21.10020
  -0.03936   -6.42709  -20.74250
  -0.03936   -7.05057  -21.21940
  -0.03937   -6.58557  -21.10020
  -0.03937   -6.70074  -20.98100
  -0.03938   -6.52299  -20.62330
  -0.03938   -6.55223  -20.50410
  -0.03938   -6.57291  -20.38490
  -0.03939   -6.83448  -20.38490
  -0.03939   -6.41161  -20.02730
  -0.03939   -5.49723  -19.31200
  -0.03940   -6.47599  -18.83520
  -0.03940   -6.00767  -19.55040
  -0.03940   -6.49414  -20.02730
  -0.03941   -7.10457  -20.86170
  -0.03941   -7.09156  -20.14650
  -0.03941   -7.26962  -19.66960
  -0.03942   -6.53025  -19.66960
  -0.03942   -8.19471  -20.50410
  -0.03942   -7.21939  -20.86170
  -0.03943   -6.57924  -20.62330
  -0.03943   -6.44837  -20.02730
  -0.03943   -7.10684  -20.02730
  -0.03944   -5.96835  -19.43120
  -0.03944   -8.85651  -19.31200
  -0.03944   -8.55914  -18.47760
  -0.03945   -9.15193  -19.31200
  -0.03945   -8.81640  -19.31200
  -0.03945   -7.06053  -19.43120
  -0.03946   -8.51151  -19.07360
  -0.03946   -9.46592  -19.78890
  -0.03947   -7.35547  -19.66960
  -0.03947   -8.52165  -20.02730
  -0.03947   -7.83493  -20.14650
  -0.03948   -6.89604  -20.26570
  -0.03948   -8.06178  -19.66960
  -0.03948   -6.09692  -20.26570
  -0.03949   -5.37926  -21.10020
  -0.03949   -6.61503  -20.74250
  -0.03949   -6.83811  -20.74250
  -0.03950   -7.45092  -20.62330
  -0.03950   -7.11287  -20.74250
  -0.03950   -7.61251  -20.98100
  -0.03951   -6.74991  -20.02730
  -0.03951   -5.73986  -20.50410
  -0.03951   -6.77520  -21.57700
  -0.03952   -6.06971  -21.33860
  -0.03952   -6.91286  -21.10020
  -0.03952   -7.13340  -20.98100
  -0.03953   -7.67706  -21.33860
  -0.03953   -6.83170  -21.21940
  -0.03953   -7.57460  -21.21940
  -0.03954   -5.83543  -21.57700
  -0.03954   -7.70848  -20.98100
  -0.03954   -5.71243  -21.21940
  -0.03955   -6.15272  -20.74250
  -0.03955   -6.80839  -21.10020
  -0.03955   -5.77758  -20.86170
  -0.03956   -6.80211  -20.62330
  -0.03956   -7.20684  -20.50410
  -0.03957   -5.21460  -20.74250
  -0.03957   -6.34802  -20.62330
  -0.03957   -6.97574  -20.98100
  -0.03958   -6.47758  -21.10020
  -0.03958   -6.23625  -20.50410
  -0.03958   -4.21453  -20.62330
  -0.03959   -5.97609  -20.62330
  -0.03959   -5.12247  -20.98100
  -0.03959   -6.52698  -20.26570
  -0.03960   -6.48731  -20.98100
  -0.03960   -6.88109  -21.10020
  -0.03960   -7.38959  -20.74250
  -0.03961   -7.03546  -20.74250
  -0.03961   -6.05352  -21.57700
  -0.03961   -6.46133  -21.69620
  -0.03962   -5.90188  -21.69620
  -0.03962   -5.45197  -21.81540
  -0.03963   -6.96528  -20.62330
  -0.03963   -6.01632  -21.33860
  -0.03963   -6.79284  -21.93460
  -0.03963   -6.43955  -21.10020
  -0.03964   -5.54015  -20.50410
  -0.03964   -6.16595  -21.21940
  -0.03964   -6.64207  -20.62330
  -0.03965   -6.48369  -20.50410
  -0.03965   -6.97697  -20.14650
  -0.03966   -5.66511  -20.50410
  -0.03966   -6.22652  -21.10020
  -0.03966   -6.73821  -20.14650
  -0.03967   -5.38890  -20.62330
  -0.03967   -5.51655  -20.62330
  -0.03967   -5.09535  -20.74250
  -0.03968   -5.50943  -20.26570
  -0.03968   -6.63917  -20.50410
  -0.03968   -6.21378  -20.98100
  -0.03969   -5.96254  -20.98100
  -0.03969   -7.24221  -21.10020
  -0.03969   -4.99181  -21.21940
  -0.03970   -5.68380  -20.26570
  -0.03970   -6.01334  -20.26570
  -0.03970   -6.06844  -20.74250
  -0.03971   -6.19643  -21.10020
  -0.03971   -5.61867  -21.21940
  -0.03972   -5.43116  -21.21940
  -0.03972   -6.12337  -21.10020
  -0.03972   -5.57205  -20.62330
  -0.03973   -6.58584  -20.38490
  -0.03973   -6.68502  -20.02730
  -0.03973   -5.24177  -19.66960
  -0.03974   -5.33909  -19.55040
  -0.03974   -5.28210  -20.26570
  -0.03974   -4.29224  -20.02730
  -0.03975   -5.88807  -19.90810
  -0.03975   -5.63493  -19.55040
  -0.03975   -5.58591  -19.43120
  -0.03976   -5.04247  -18.83520
  -0.03976   -4.90043  -19.07360
  -0.03976   -5.61487  -19.43120
  -0.03977   -6.06308  -18.83520
  -0.03977   -5.60221  -18.83520
  -0.03977   -5.13106  -19.55040
  -0.03978   -5.14910  -19.43120
  -0.03978   -6.61959  -19.07360
  -0.03978   -5.26806  -19.43120
  -0.03979   -5.26969  -20.02730
  -0.03979   -6.23311  -20.02730
  -0.03979   -7.23665  -20.62330
  -0.03980   -5.53137  -20.74250
  -0.03980   -5.66590  -21.10020
  -0.03981   -6.72851  -20.86170
  -0.03981   -6.28065  -20.50410
  -0.03981   -5.59804  -20.86170
  -0.03982   -5.99007  -20.62330
  -0.03982   -6.43252  -20.14650
  -0.03982   -6.21603  -20.26570
  -0.03983   -4.73302  -20.74250
  -0.03983   -5.55240  -20.98100
  -0.03983   -5.52212  -20.14650
  -0.03984   -4.81687  -19.43120
  -0.03984   -5.58995  -19.07360
  -0.03984   -6.08006  -19.07360
  -0.03985   -6.04355  -18.95440
  -0.03985   -4.88609  -20.02730
  -0.03985   -4.56828  -19.55040
  -0.03986   -5.64473  -19.66960
  -0.03986   -5.29319  -19.90810
  -0.03986   -5.26981  -19.90810
  -0.03987   -4.73592  -20.38490
  -0.03987   -4.07172  -19.55040
  -0.03987   -5.93173  -19.55040
  -0.03988   -5.51888  -19.55040
  -0.03988   -5.20796  -19.43120
  -0.03988   -4.78171  -19.31200
  -0.03989   -5.53716  -19.31200
  -0.03989   -4.19460  -19.31200
  -0.03989   -3.97167  -19.78890
  -0.03990   -4.67462  -19.90810
  -0.03990   -4.18339  -19.66960
  -0.03991   -3.90544  -19.19280
  -0.03991   -4.26210  -18.71600
  -0.03991   -4.79598  -18.95440
  -0.03992   -4.62713  -18.95440
  -0.03992   -4.58106  -18.35830
  -0.03992   -3.97978  -18.59680
  -0.03993   -3.91441  -18.59680
  -0.03993   -4.41033  -18.71600
  -0.03993   -3.09438  -18.95440
  -0.03994   -3.40011  -19.19280
  -0.03994   -4.21590  -19.19280
  -0.03994   -2.54697  -19.43120
  -0.03995   -1.58380  -19.31200
  -0.03995   -2.57362  -19.43120
  -0.03995   -2.73813  -19.55040
  -0.03996   -3.07345  -19.55040
  -0.03996   -3.37348  -19.78890
  -0.03997   -4.45446  -19.90810
  -0.03997   -3.37422  -19.19280
  -0.03997   -4.20998  -19.19280
  -0.03997   -5.32890  -19.43120
  -0.03998   -4.60529  -18.71600
  -0.03998   -5.08649  -18.71600
  -0.03998   -4.28781  -17.64310
  -0.03999   -2.19178  -17.88150
  -0.03999   -4.33375  -17.28550
  -0.04000   -3.06647  -17.04700
  -0.04000   -6.60701  -17.40470
  -0.04000   -4.43712  -17.76230
  -0.04001   -5.17821  -17.88150
  -0.04001   -3.48700  -17.40470
  -0.04001   -3.76122  -17.28550
  -0.04002   -3.60412  -17.64310
  -0.04002   -3.70829  -17.16630
  -0.04002   -4.42071  -17.04700
  -0.04003   -4.42422  -17.16630
  -0.04003   -3.64054  -16.80860
  -0.04003   -4.91897  -17.04700
  -0.04004   -6.34597  -17.28550
  -0.04004   -5.52456  -17.28550
  -0.04004   -3.70167  -17.40470
  -0.04005   -3.74814  -16.80860
  -0.04005   -4.56190  -17.40470
  -0.04006   -4.82469  -16.80860
  -0.04006   -4.42203  -16.80860
  -0.04006   -5.84332  -16.80860
  -0.04007   -3.91002  -16.45100
  -0.04007   -3.41271  -16.45100
  -0.04007   -3.74335  -16.80860
  -0.04008   -3.64329  -16.45100
  -0.04008   -4.14179  -16.33180
  -0.04008   -4.75881  -15.97420
  -0.04009   -5.67915  -16.33180
  -0.04009   -4.77729  -15.85500
  -0.04009   -4.62148  -15.13960
  -0.04010   -3.25521  -15.13960
  -0.04010   -5.27884  -15.73570
  -0.04010   -3.82362  -15.73570
  -0.04011   -4.69709  -16.45100
  -0.04011   -4.56562  -16.68940
  -0.04011   -4.71475  -16.80860
  -0.04012   -3.74945  -16.21260
  -0.04012   -3.29829  -15.97420
  -0.04012   -3.28567  -16.45100
  -0.04013   -6.08929  -16.21260
  -0.04013   -5.01448  -16.21260
  -0.04013   -4.62742  -16.57020
  -0.04014   -4.55811  -17.04700
  -0.04014   -4.81446  -17.04700
  -0.04015   -4.72220  -16.80860
  -0.04015   -4.72752  -16.57020
  -0.04015   -4.09621  -16.80860
  -0.04016   -5.65125  -16.80860
  -0.04016   -4.39443  -16.68940
  -0.04016   -5.90375  -16.21260
  -0.04017   -3.89575  -16.45100
  -0.04017   -5.56763  -16.57020
  -0.04017   -4.53686  -15.97420
  -0.04018   -4.88842  -16.57020
  -0.04018   -4.25726  -16.68940
  -0.04018   -3.86409  -16.80860
  -0.04019   -4.68492  -16.45100
  -0.04019   -4.22693  -16.57020
  -0.04019   -4.51201  -17.16630
  -0.04020   -2.95345  -16.68940
  -0.04020   -4.86494  -17.04700
  -0.04020   -3.22599  -17.04700
  -0.04021   -2.74364  -16.80860
  -0.04021   -4.92183  -16.09340
  -0.04022   -4.07488  -15.73570
  -0.04022   -3.47717  -16.57020
  -0.04022   -3.69587  -16.80860
  -0.04022   -2.84936  -16.21260
  -0.04023   -3.69245  -16.09340
  -0.04023   -3.75484  -16.57020
  -0.04023   -3.84388  -16.09340
  -0.04024   -3.12752  -15.49730
  -0.04024   -2.63286  -14.90120
  -0.04025   -3.20481  -14.78200
  -0.04025   -2.65112  -15.61650
  -0.04025   -3.32917  -15.73570
  -0.04026   -1.59902  -15.73570
  -0.04026   -2.40577  -15.61650
  -0.04026   -1.61947  -16.21260
  -0.04027   -3.08379  -15.97420
  -0.04027   -2.48756  -15.73570
  -0.04027   -1.69683  -15.49730
  -0.04028   -2.08725  -15.37810
  -0.04028   -1.22192  -15.85500
  -0.04028   -2.14024  -15.37810
  -0.04029   -1.90158  -15.37810
  -0.04029   -2.37272  -15.61650
  -0.04029   -1.86357  -16.57020
  -0.04030   -1.81097  -17.16630
  -0.04030   -0.96230  -17.16630
  -0.04031   -1.64453  -17.04700
  -0.04031   -3.10164  -16.80860
  -0.04031   -1.78960  -16.21260
  -0.04031   -3.99360  -15.97420
  -0.04032   -3.09453  -16.21260
  -0.04032   -2.92020  -15.97420
  -0.04033   -2.14399  -15.61650
  -0.04033   -2.26948  -15.61650
  -0.04033   -3.18106  -15.61650
  -0.04034   -2.63942  -15.61650
  -0.04034   -2.32449  -15.61650
  -0.04034   -3.04450  -15.02040
  -0.04035   -3.17823  -15.02040
  -0.04035   -2.80120  -14.66280
  -0.04035   -3.83481  -15.13960
  -0.04036   -3.92104  -15.37810
  -0.04036   -2.70938  -15.37810
  -0.04036   -3.23392  -15.85500
  -0.04037   -3.61265  -16.45100
  -0.04037   -4.85771  -15.73570
  -0.04037   -4.47459  -15.37810
  -0.04038   -3.74111  -15.97420
  -0.04038   -2.02662  -16.09340
  -0.04038   -2.49690  -16.57020
  -0.04039   -3.67910  -16.57020
  -0.04039   -2.23421  -16.33180
  -0.04040   -3.33584  -16.09340
  -0.04040   -3.20827  -16.57020
  -0.04040   -2.14964  -16.33180
  -0.04041   -2.45835  -15.73570
  -0.04041   -2.99553  -15.25890
  -0.04041   -4.22532  -15.61650
  -0.04042   -4.45156  -15.02040
  -0.04042   -2.30817  -15.49730
  -0.04042   -2.82458  -15.61650
  -0.04043   -2.86875  -15.49730
  -0.04043   -2.62511  -16.21260
  -0.04043   -2.15358  -15.49730
  -0.04044   -1.76363  -14.42440
  -0.04044   -1.19717  -15.49730
  -0.04044   -1.99132  -15.73570
  -0.04045   -1.86109  -15.25890
  -0.04045   -2.43567  -15.37810
  -0.04045   -2.05124  -15.37810
  -0.04046   -2.06148  -15.25890
  -0.04046   -2.73905  -15.49730
  -0.04046   -1.20444  -15.13960
  -0.04047   -2.48835  -15.49730
  -0.04047   -0.60914  -15.73570
  -0.04047   -2.26166  -15.02040
  -0.04048   -1.91166  -15.13960
  -0.04048   -0.97437  -15.13960
  -0.04049   -2.18247  -15.13960
  -0.04049   -2.52751  -14.78200
  -0.04049   -2.02169  -13.47070
  -0.04050   -1.19110  -13.35150
  -0.04050   -2.87079  -13.94750
  -0.04050   -3.57465  -14.06680
  -0.04051   -2.89752  -14.06680
  -0.04051   -3.08458  -14.06680
  -0.04051   -2.50960  -13.94750
  -0.04052   -1.63125  -13.47070
  -0.04052   -1.50845  -13.23230
  -0.04052   -0.82978  -13.11310
  -0.04053   -1.46479  -12.63620
  -0.04053   -0.66543  -13.11310
  -0.04053   -0.41593  -13.94750
  -0.04054   -1.34887  -13.70910
  -0.04054   -0.44700  -13.82830
  -0.04054   -0.01888  -13.23230
  -0.04055   -0.03959  -13.35150
  -0.04055    0.06804  -13.35150
  -0.04056   -2.71373  -12.99390
  -0.04056   -1.07009  -13.82830
  -0.04056   -1.64818  -13.94750
  -0.04056   -2.64100  -13.82830
  -0.04057   -1.45710  -14.06680
  -0.04057   -2.10323  -14.06680
  -0.04057   -1.72195  -14.30520
  -0.04058   -0.91612  -14.18600
  -0.04058   -1.04486  -14.42440
  -0.04059   -2.22947  -14.18600
  -0.04059   -1.95689  -15.02040
  -0.04059   -1.92811  -14.78200
  -0.04060   -1.88259  -14.54360
  -0.04060   -1.08375  -13.82830
  -0.04060   -1.05231  -13.35150
  -0.04061   -1.87337  -13.23230
  -0.04061   -1.58749  -13.70910
  -0.04061   -0.22490  -13.82830
  -0.04062   -1.91840  -13.70910
  -0.04062   -3.10930  -13.47070
  -0.04062   -3.24962  -13.94750
  -0.04063   -2.87096  -13.70910
  -0.04063   -3.47845  -13.94750
  -0.04063   -3.50769  -14.06680
  -0.04064   -2.03890  -14.06680
  -0.04064   -2.04326  -14.30520
  -0.04065   -2.17915  -14.54360
  -0.04065   -2.52077  -14.78200
  -0.04065   -1.79985  -15.13960
  -0.04065   -2.41635  -14.54360
  -0.04066   -1.63413  -14.54360
  -0.04066   -2.25724  -14.54360
  -0.04067   -2.77232  -14.78200
  -0.04067   -3.23016  -14.78200
  -0.04067   -2.24741  -14.18600
  -0.04068   -2.62904  -13.94750
  -0.04068   -2.06299  -13.70910
  -0.04068   -3.70128  -14.06680
  -0.04069   -2.40980  -13.35150
  -0.04069   -2.09971  -13.47070
  -0.04069   -1.68262  -14.06680
  -0.04070   -1.88391  -14.78200
  -0.04070   -1.33646  -15.02040
  -0.04070   -3.28987  -15.37810
  -0.04071   -1.24777  -15.37810
  -0.04071   -1.56704  -15.49730
  -0.04071   -3.03000  -15.02040
  -0.04072   -2.41621  -14.66280
  -0.04072   -2.78437  -15.13960
  -0.04072   -2.53470  -15.49730
  -0.04073   -2.16314  -15.97420
  -0.04073   -2.55778  -14.90120
  -0.04074   -2.40020  -14.06680
  -0.04074   -1.85113  -14.06680
  -0.04074   -3.14446  -13.70910
  -0.04075   -2.22749  -14.42440
  -0.04075   -1.60748  -14.06680
  -0.04075   -2.93889  -13.94750
  -0.04076   -2.58207  -13.23230
  -0.04076   -2.23671  -12.87470
  -0.04076   -2.03514  -12.39780
  -0.04077   -2.91597  -13.23230
  -0.04077   -1.72130  -13.47070
  -0.04077   -2.83656  -12.99390
  -0.04078   -1.34998  -13.23230
  -0.04078   -1.40914  -13.47070
  -0.04078   -1.19199  -13.23230
  -0.04079   -2.13224  -12.51700
  -0.04079   -1.59403  -13.23230
  -0.04079   -2.54298  -13.35150
  -0.04080   -2.84304  -12.87470
  -0.04080   -2.48221  -12.51700
  -0.04080   -1.53121  -12.87470
  -0.04081   -2.22098  -12.75550
  -0.04081   -2.02055  -12.51700
  -0.04081   -1.48744  -12.63620
  -0.04082   -0.70597  -13.47070
  -0.04082   -2.54568  -13.47070
  -0.04083   -1.92165  -13.47070
  -0.04083   -1.08591  -13.82830
  -0.04083   -0.26266  -13.35150
  -0.04084   -0.81746  -13.70910
  -0.04084   -0.83703  -12.75550
  -0.04084   -0.72259  -13.23230
  -0.04085   -1.20244  -13.70910
  -0.04085   -1.27145  -13.58990
  -0.04085   -0.59313  -13.23230
  -0.04086   -2.07187  -13.58990
  -0.04086   -0.33840  -13.47070
  -0.04086    0.33326  -13.70910
  -0.04087   -0.50023  -13.94750
  -0.04087    1.01748  -13.94750
  -0.04087   -0.46919  -13.94750
  -0.04088    0.35950  -13.11310
  -0.04088   -0.43732  -13.47070
  -0.04088   -0.05277  -14.18600
  -0.04089    0.69525  -13.94750
  -0.04089   -0.21899  -13.47070
  -0.04090    0.08511  -13.35150
  -0.04090   -0.92782  -13.94750
  -0.04090    1.18298  -14.42440
  -0.04090   -0.76674  -14.78200
  -0.04091    0.09341  -14.90120
  -0.04091   -2.60938  -14.78200
  -0.04091   -1.28832  -14.42440
  -0.04092   -1.29758  -13.82830
  -0.04092   -1.00689  -13.58990
  -0.04093   -2.35449  -12.75550
  -0.04093   -1.81088  -12.87470
  -0.04093   -1.57153  -13.23230
  -0.04094   -0.07291  -13.23230
  -0.04094   -0.34802  -12.15940
  -0.04094   -0.45533  -12.15940
  -0.04095   -1.62851  -11.80180
  -0.04095   -0.94978  -12.04020
  -0.04095    0.67185  -12.27860
  -0.04096   -0.69641  -12.51700
  -0.04096   -2.10887  -12.15940
  -0.04096   -1.33590  -11.56340
  -0.04097   -1.25444  -12.04020
  -0.04097    0.67716  -11.80180
  -0.04097   -0.95116  -11.80180
  -0.04098    0.06525  -12.15940
  -0.04098   -0.51683  -12.15940
  -0.04099   -0.24649  -12.15940
  -0.04099   -0.97289  -12.04020
  -0.04099   -1.22736  -11.56340
  -0.04099    0.77558  -11.20570
  -0.04100   -1.63161  -11.68260
  -0.04100   -1.04265  -12.63620
  -0.04101    0.00492  -12.51700
  -0.04101   -0.35081  -12.15940
  -0.04101    1.37314  -12.15940
  -0.04102    0.35557  -11.56340
  -0.04102   -0.08061  -12.04020
  -0.04102    0.67132  -11.44420
  -0.04103    1.07718  -10.84810
  -0.04103   -0.61772  -11.20570
  -0.04103   -0.83737  -11.80180
  -0.04104   -0.28201  -11.44420
  -0.04104   -0.93190  -11.44420
  -0.04104   -1.16859  -11.56340
  -0.04105    0.51826  -11.92100
  -0.04105   -1.16117  -11.80180
  -0.04105   -0.50348  -11.68260
  -0.04106   -1.10765  -11.68260
  -0.04106   -0.42921  -11.92100
  -0.04106   -0.29823  -11.56340
  -0.04107   -0.92599  -11.92100
  -0.04107    0.06212  -12.04020
  -0.04108   -0.95023  -12.63620
  -0.04108    0.25643  -11.80180
  -0.04108    0.25723  -12.04020
  -0.04109   -0.66079  -12.51700
  -0.04109   -1.03727  -12.51700
  -0.04109   -2.03679  -11.92100
  -0.04110   -0.89761  -11.92100
  -0.04110   -1.54349  -12.27860
  -0.04110    0.21474  -12.04020
  -0.04111   -1.32486  -12.15940
  -0.04111    0.38587  -12.63620
  -0.04111    0.97584  -12.04020
  -0.04112    0.60896  -12.15940
  -0.04112    0.68433  -12.39780
  -0.04112    0.05896  -11.68260
  -0.04113   -1.05979  -10.96730
  -0.04113   -0.23281  -11.56340
  -0.04113   -0.00858  -12.27860
  -0.04114    0.17555  -11.92100
  -0.04114    0.75115  -11.92100
  -0.04114   -1.02765  -11.80180
  -0.04115    0.99075  -11.44420
  -0.04115   -0.34077  -11.20570
  -0.04115   -0.48620  -11.20570
  -0.04116    0.39317  -11.08650
  -0.04116    0.43643  -11.32490
  -0.04117    0.97440  -11.20570
  -0.04117    0.09418  -10.84810
  -0.04117    0.60497  -10.49050
  -0.04118    1.77563  -10.37130
  -0.04118    0.72781  -10.01360
  -0.04118    0.95134  -10.01360
  -0.04119    1.38091   -9.53680
  -0.04119   -0.79999   -9.89443
  -0.04119    0.95693   -9.77522
  -0.04120   -4.03691  -37.55120
  -0.04120  -28.98702 -101.44800
  -0.04120  -28.59640 -103.11700
  -0.04121  -29.68729 -103.11700
  -0.04121  -30.25153 -103.11700
  -0.04121  -29.97523 -102.99700
  -0.04122  -30.18621 -103.11700
  -0.04122  -31.39540 -102.87800
  -0.04122  -29.81314 -103.35500
  -0.04123  -29.27244 -102.99700
  -0.04123  -29.73337 -103.35500
  -0.04124  -30.39436 -103.47400
  -0.04124  -29.92664 -103.11700
  -0.04124  -30.87987 -103.23600
  -0.04124  -29.89963 -103.11700
  -0.04125  -29.27728 -102.99700
  -0.04125  -29.88931 -102.40100
  -0.04126  -30.35584 -102.75900
  -0.04126  -29.95174 -102.52000
  -0.04126  -30.37174 -102.87800
  -0.04127  -29.16286 -103.23600
  -0.04127  -30.32999 -103.35500
  -0.04127  -30.40911 -102.99700
  -0.04128  -28.83650 -102.64000
  -0.04128  -29.78093 -102.64000
  -0.04128  -31.11212 -102.16300
  -0.04129  -29.91984 -102.04400
  -0.04129  -30.55822 -101.80500
  -0.04129  -29.79019 -102.04400
  -0.04130  -28.74448 -101.68600
  -0.04130  -30.02528 -101.09000
  -0.04130  -30.44192 -101.80500
  -0.04131  -29.93152 -101.80500
  -0.04131  -29.13083 -101.92400
  -0.04131  -29.16718 -102.04400
  -0.04132  -28.48670 -101.92400
  -0.04132  -28.77103 -101.92400
  -0.04133  -28.48409 -101.44800
  -0.04133  -27.41769 -101.09000
  -0.04133  -28.53206 -100.49400
  -0.04133  -28.79650 -100.49400
  -0.04134  -28.91125 -101.09000
  -0.04134  -30.32791 -100.37500
  -0.04135  -29.44852  -99.77860
  -0.04135  -28.72982 -100.61300
  -0.04135  -29.06624 -100.73200
  -0.04136  -28.32676 -100.37500
  -0.04136  -28.62913 -100.73200
  -0.04136  -28.81146 -100.61300
  -0.04137  -28.41435 -100.49400
  -0.04137  -29.05367 -100.49400
  -0.04137  -28.88271  -99.89790
  -0.04138  -28.54913 -100.25500
  -0.04138  -29.48683 -100.97100
  -0.04138  -28.63187 -101.92400
  -0.04139  -28.54551 -101.92400
  -0.04139  -28.17942 -101.32800
  -0.04139  -29.19569 -100.97100
  -0.04140  -28.99814 -101.20900
  -0.04140  -27.77117 -101.20900
  -0.04140  -28.39212 -101.68600
  -0.04141  -28.46628 -102.04400
  -0.04141  -26.57031 -101.44800
  -0.04142  -26.28318 -101.32800
  -0.04142  -29.27316 -101.80500
  -0.04142  -28.52821 -102.16300
  -0.04143  -28.96971 -102.40100
  -0.04143  -28.59497 -102.28200
  -0.04143  -27.80600 -102.64000
  -0.04144  -28.59863 -102.64000
  -0.04144  -27.59089 -102.64000
  -0.04144  -28.43044 -102.87800
  -0.04145  -27.50009 -102.87800
  -0.04145  -28.90207 -102.87800
  -0.04145  -30.26211 -102.99700
  -0.04146  -29.89125 -102.64000
  -0.04146  -30.33640 -102.87800
  -0.04146  -28.60597 -103.23600
  -0.04147  -29.94381 -103.35500
  -0.04147  -29.91158 -104.07000
  -0.04147  -29.37383 -105.14300
  -0.04148  -30.79318 -106.21600
  -0.04148  -29.33798 -105.50100
  -0.04149  -29.17881 -105.26200
  -0.04149  -29.92538 -105.62000
  -0.04149  -29.40975 -105.97800
  -0.04149  -28.77947 -105.97800
  -0.04150  -29.84736 -105.73900
  -0.04150  -28.88029 -104.66600
  -0.04151  -29.65804 -104.66600
  -0.04151  -28.47740 -105.26200
  -0.04151  -28.66746 -105.50100
  -0.04152  -28.94151 -105.02400
  -0.04152  -29.13934 -104.07000
  -0.04152  -29.32511 -104.66600
  -0.04153  -29.47383 -105.02400
  -0.04153  -29.81319 -104.42800
  -0.04153  -29.31046 -104.66600
  -0.04154  -29.77298 -104.78500
  -0.04154  -30.84928 -104.07000
  -0.04154  -30.50909 -104.07000
  -0.04155  -30.11571 -104.78500
  -0.04155  -31.09097 -105.14300
  -0.04155  -30.76694 -105.26200
  -0.04156  -30.09634 -105.26200
  -0.04156  -29.41886 -105.02400
  -0.04156  -28.38059 -105.14300
  -0.04157  -29.86323 -105.02400
  -0.04157  -29.17066 -105.26200
  -0.04158  -29.91399 -104.90500
  -0.04158  -29.90366 -105.14300
  -0.04158  -29.28220 -104.90500
  -0.04158  -29.39347 -104.90500
  -0.04159  -30.04986 -105.02400
  -0.04159  -30.18262 -104.90500
  -0.04160  -31.25365 -104.90500
  -0.04160  -29.53781 -104.66600
  -0.04160  -30.29041 -104.66600
  -0.04161  -30.32158 -105.14300
  -0.04161  -28.65140 -104.90500
  -0.04161  -29.83384 -104.54700
  -0.04162  -29.99122 -104.30900
  -0.04162  -30.80164 -104.42800
  -0.04162  -30.03675 -103.83200
  -0.04163  -30.62881 -103.95100
  -0.04163  -30.28922 -103.59300
  -0.04163  -29.30103 -103.59300
  -0.04164  -27.73004 -103.71300
  -0.04164  -28.99260 -103.83200
  -0.04164  -29.77929 -103.71300
  -0.04165  -29.50533 -103.71300
  -0.04165  -28.18404 -103.95100
  -0.04165  -28.89477 -104.54700
  -0.04166  -29.07998 -104.42800
  -0.04166  -30.99345 -104.54700
  -0.04167  -29.46751 -104.42800
  -0.04167  -28.99722 -104.30900
  -0.04167  -29.94152 -103.95100
  -0.04167  -30.05173 -104.30900
  -0.04168  -29.27620 -105.02400
  -0.04168  -29.82182 -105.14300
  -0.04169  -32.01138 -105.14300
  -0.04169  -30.87828 -105.26200
  -0.04169  -30.99364 -105.26200
  -0.04170  -30.88130 -105.26200
  -0.04170  -30.19656 -104.90500
  -0.04170  -32.05684 -104.42800
  -0.04171  -29.96616 -104.30900
  -0.04171  -30.37661 -103.47400
  -0.04171  -30.01193 -103.23600
  -0.04172  -29.74407 -103.95100
  -0.04172  -30.06177 -104.07000
  -0.04172  -29.55673 -103.95100
  -0.04173  -29.76556 -103.23600
  -0.04173  -28.88143 -103.71300
  -0.04173  -28.49047 -102.87800
  -0.04174  -28.97298 -102.64000
  -0.04174  -28.28951 -102.64000
  -0.04174  -29.70344 -102.99700
  -0.04175  -31.15228 -102.75900
  -0.04175  -31.05406 -103.23600
  -0.04176  -30.13772 -103.23600
  -0.04176  -29.95712 -103.35500
  -0.04176  -31.37374 -103.47400
  -0.04177  -32.27795 -103.47400
  -0.04177  -31.93197 -103.11700
  -0.04177  -30.92546 -102.87800
  -0.04178  -31.24671 -102.99700
  -0.04178  -31.02409 -102.64000
  -0.04178  -30.71253 -102.87800
  -0.04179  -31.29425 -102.75900
  -0.04179  -30.76196 -102.64000
  -0.04179  -30.03565 -102.99700
  -0.04180  -31.06536 -102.99700
  -0.04180  -30.20763 -102.87800
  -0.04180  -31.05980 -102.28200
  -0.04181  -30.62124 -102.75900
  -0.04181  -30.71682 -102.87800
  -0.04181  -30.28513 -103.71300
  -0.04182  -31.03916 -104.18900
  -0.04182  -31.63615 -103.83200
  -0.04183  -30.59952 -103.95100
  -0.04183  -30.55469 -103.95100
  -0.04183  -30.65063 -104.18900
  -0.04183  -31.12178 -103.83200
  -0.04184  -30.54163 -103.35500
  -0.04184  -30.92690 -103.71300
  -0.04185  -29.49433 -103.95100
  -0.04185  -29.83445 -104.18900
  -0.04185  -30.82385 -104.07000
  -0.04186  -30.87539 -104.66600
  -0.04186  -30.29380 -105.50100
  -0.04186  -28.67525 -104.54700
  -0.04187  -30.58089 -103.83200
  -0.04187  -29.63000 -103.71300
  -0.04187  -30.19738 -103.83200
  -0.04188  -30.42682 -103.47400
  -0.04188  -30.34215 -103.35500
  -0.04188  -29.66667 -103.47400
  -0.04189  -29.76341 -103.71300
  -0.04189  -29.43383 -102.87800
  -0.04189  -29.49050 -102.64000
  -0.04190  -29.69224 -102.99700
  -0.04190  -30.21055 -103.47400
  -0.04190  -30.03309 -103.23600
  -0.04191  -28.56493 -103.11700
  -0.04191  -29.34357 -103.83200
  -0.04192  -29.89031 -104.07000
  -0.04192  -29.43392 -103.95100
  -0.04192  -28.53624 -104.42800
  -0.04192  -29.99430 -105.26200
  -0.04193  -29.62174 -104.90500
  -0.04193  -29.79267 -103.71300
  -0.04194  -29.21483 -103.71300
  -0.04194  -30.21029 -103.59300
  -0.04194  -28.35168 -103.95100
  -0.04195  -30.17450 -104.07000
  -0.04195  -29.07273 -104.30900
  -0.04195  -29.40813 -104.66600
  -0.04196  -30.42312 -104.90500
  -0.04196  -28.45427 -104.54700
  -0.04196  -29.91944 -104.54700
  -0.04197  -29.07606 -105.26200
  -0.04197  -27.09225 -105.38100
  -0.04197  -27.98081 -105.14300
  -0.04198  -28.53599 -104.90500
  -0.04198  -29.73615 -104.30900
  -0.04198  -29.86923 -103.83200
  -0.04199  -28.28475 -104.07000
  -0.04199  -27.84388 -104.18900
  -0.04199  -28.67955 -104.07000
  -0.04200  -28.95506 -103.71300
  -0.04200  -29.00109 -103.35500
  -0.04201  -29.80500 -103.71300
  -0.04201  -29.08256 -104.66600
  -0.04201  -28.96791 -104.42800
  -0.04201  -28.28918 -104.30900
  -0.04202  -30.38269 -104.42800
  -0.04202  -28.79997 -103.95100
  -0.04203  -29.19051 -103.71300
  -0.04203  -29.34391 -103.35500
  -0.04203  -29.10820 -103.35500
  -0.04204  -28.98001 -103.71300
