	-0.071022	-0.091664	115.161951	-13.172700
	-0.068270	0.266965	115.161951	-13.172700
	-0.065518	0.608981	115.161951	-13.351500
	-0.062767	-0.413421	115.161951	-13.470700
	-0.060015	-0.081462	115.161951	-13.589900
	-0.057264	1.430942	115.161951	-13.768700
	-0.054512	-0.629766	115.161951	-14.007100
	-0.051760	0.911020	115.161951	-14.245600
	-0.049009	-0.343883	115.161951	-14.484000
	-0.046257	-0.328418	115.161951	-14.722400
	-0.043506	-0.793529	115.161951	-15.080000
	-0.040754	-0.435234	115.161951	-15.378100
	-0.038002	-0.434321	115.161951	-15.616500
	-0.035251	-0.250318	115.161951	-15.855000
	-0.032499	-0.466167	115.161951	-16.153000
	-0.029748	-0.773856	115.161951	-16.510600
	-0.026996	-1.375578	115.161951	-16.808600
	-0.024245	-1.140484	115.161951	-17.285500
	-0.021493	-1.730851	115.161951	-17.583500
	-0.018741	-0.462091	115.161951	-17.941100
	-0.015990	-2.130851	115.161951	-18.418000
	-0.013238	-2.671207	115.161951	-18.954400
	-0.010487	-2.243262	115.161951	-19.550400
	-0.007735	-3.145889	115.161951	-20.146500
	-0.004984	-3.530660	115.161951	-20.802100
	-0.002232	-3.363875	115.161951	-21.517400
	0.000520	-3.384109	115.161951	-22.292300
	0.003271	-4.191678	115.161951	-23.245900
	0.006023	-4.504742	115.161951	-24.199600
	0.008774	-6.421904	115.161951	-25.332100
	0.011526	-6.745999	115.161951	-26.703000
	0.014278	-6.490669	115.161951	-28.073900
	0.017029	-7.283602	115.161951	-29.802400
	0.019781	-8.813402	115.161951	-31.769500
	0.022532	-8.262704	115.161951	-33.915300
	0.025284	-11.247188	115.161951	-36.478300
	0.028036	-11.589026	115.161951	-39.339300
	0.030787	-12.052966	115.161951	-43.511600
	0.033539	-15.524647	115.161951	-48.041600
	0.036290	-18.294341	115.161951	-54.180900
	0.036290	-21.020044	115.161951	-59.187600
	0.036300	-21.139079	115.161951	-60.856600
	0.036309	-20.359444	115.161951	-61.154800
	0.036319	-20.276395	115.161951	-61.214400
	0.036328	-19.464578	115.161951	-61.214400
	0.036338	-19.893166	115.161951	-61.274000
	0.036347	-19.863715	115.161951	-61.333600
	0.036357	-19.839525	115.161951	-61.333600
	0.036366	-19.774115	115.161951	-61.393200
	0.036376	-21.146424	115.161951	-61.452900
	0.036385	-19.663323	115.161951	-61.452900
	0.036394	-20.668982	115.161951	-61.512500
	0.036404	-20.806876	115.161951	-61.572100
	0.036413	-18.644422	115.161951	-61.572100
	0.036423	-21.474549	115.161951	-61.572100
	0.036432	-20.014002	115.161951	-61.631700
	0.036442	-19.217842	115.161951	-61.631700
	0.036451	-18.896278	115.161951	-61.631700
	0.036461	-20.143292	115.161951	-61.631700
	0.036470	-20.254087	115.161951	-61.750900
	0.036480	-19.386029	115.161951	-61.750900
	0.036489	-19.349393	115.161951	-61.810500
	0.036499	-21.132195	115.161951	-61.810500
	0.036508	-20.574099	115.161951	-61.810500
	0.036518	-20.017795	115.161951	-61.810500
	0.036527	-20.946067	115.161951	-61.870100
	0.036537	-19.401818	115.161951	-61.870100
	0.036546	-19.973539	115.161951	-61.929700
	0.036555	-19.829109	115.161951	-61.989300
	0.036565	-19.322110	115.161951	-61.989300
	0.036574	-19.454190	115.161951	-61.989300
	0.036584	-19.839165	115.161951	-61.989300
	0.036593	-19.767647	115.161951	-61.989300
	0.036603	-20.209647	115.161951	-61.870100
	0.036612	-19.374106	115.161951	-61.870100
	0.036622	-19.928944	115.161951	-61.810500
	0.036631	-20.693604	115.161951	-61.810500
	0.036641	-21.051838	115.161951	-61.810500
	0.036650	-20.717464	115.161951	-61.810500
	0.036660	-20.752326	115.161951	-61.810500
	0.036669	-21.336369	115.161951	-61.870100
	0.036679	-20.909666	115.161951	-61.929700
	0.036688	-20.799055	115.161951	-61.989300
	0.036697	-20.317737	115.161951	-61.989300
	0.036707	-20.437166	115.161951	-61.989300
	0.036716	-20.173512	115.161951	-62.048900
	0.036726	-20.043401	115.161951	-62.048900
	0.036735	-19.822748	115.161951	-62.108500
	0.036745	-19.839591	115.161951	-62.108500
	0.036754	-19.808619	115.161951	-62.048900
	0.036764	-19.415992	115.161951	-62.048900
	0.036773	-19.427997	115.161951	-62.108500
	0.036783	-19.574014	115.161951	-62.048900
	0.036792	-19.707955	115.161951	-62.108500
	0.036802	-19.413184	115.161951	-62.168100
	0.036811	-19.838845	115.161951	-62.227700
	0.036821	-21.018801	115.161951	-62.168100
	0.036830	-19.412081	115.161951	-62.168100
	0.036840	-20.312064	115.161951	-62.168100
	0.036849	-19.683797	115.161951	-62.287300
	0.036858	-20.609335	115.161951	-62.346900
	0.036868	-19.600682	115.161951	-62.346900
	0.036877	-20.429900	115.161951	-62.406500
	0.036887	-19.848285	115.161951	-62.466100
	0.036896	-19.373634	115.161951	-62.525700
	0.036906	-19.684552	115.161951	-62.525700
	0.036915	-19.899634	115.161951	-62.585300
	0.036925	-18.327848	115.161951	-62.585300
	0.036934	-19.697150	115.161951	-62.585300
	0.036944	-19.919367	115.161951	-62.585300
	0.036953	-19.454742	115.161951	-62.644900
	0.036963	-20.038489	115.161951	-62.704600
	0.036972	-19.831582	115.161951	-62.644900
	0.036982	-20.030125	115.161951	-62.644900
	0.036991	-20.400490	115.161951	-62.704600
	0.037000	-19.882408	115.161951	-62.704600
	0.037010	-19.354356	115.161951	-62.704600
	0.037019	-20.507534	115.161951	-62.704600
	0.037029	-20.567657	115.161951	-62.764200
	0.037038	-19.800955	115.161951	-62.764200
	0.037048	-21.155142	115.161951	-62.764200
	0.037057	-20.140882	115.161951	-62.764200
	0.037067	-20.023063	115.161951	-62.764200
	0.037076	-20.079560	115.161951	-62.704600
	0.037086	-19.843274	115.161951	-62.704600
	0.037095	-20.460218	115.161951	-62.644900
	0.037105	-20.128560	115.161951	-62.644900
	0.037114	-19.970162	115.161951	-62.644900
	0.037124	-20.579916	115.161951	-62.644900
	0.037133	-19.864042	115.161951	-62.704600
	0.037143	-20.424020	115.161951	-62.883400
	0.037152	-20.154824	115.161951	-62.943000
	0.037161	-20.810251	115.161951	-62.883400
	0.037171	-20.941042	115.161951	-62.883400
	0.037180	-20.293304	115.161951	-62.943000
	0.037190	-19.784902	115.161951	-62.943000
	0.037199	-20.172893	115.161951	-63.002600
	0.037209	-20.120070	115.161951	-62.943000
	0.037218	-20.666300	115.161951	-63.002600
	0.037228	-20.625861	115.161951	-63.121800
	0.037237	-20.721468	115.161951	-63.181400
	0.037247	-21.575786	115.161951	-63.241000
	0.037256	-20.603853	115.161951	-63.181400
	0.037266	-20.259719	115.161951	-63.241000
	0.037275	-21.287427	115.161951	-63.181400
	0.037285	-22.193515	115.161951	-63.241000
	0.037294	-21.980920	115.161951	-63.300600
	0.037303	-20.424647	115.161951	-63.360200
	0.037313	-20.278086	115.161951	-63.419800
	0.037322	-21.427003	115.161951	-63.419800
	0.037332	-21.071057	115.161951	-63.539000
	0.037341	-20.570497	115.161951	-63.598600
	0.037351	-20.095308	115.161951	-63.598600
	0.037360	-20.973213	115.161951	-63.598600
	0.037370	-21.179539	115.161951	-63.717800
	0.037379	-19.610884	115.161951	-63.717800
	0.037389	-20.576601	115.161951	-63.837000
	0.037398	-19.895059	115.161951	-63.896600
	0.037408	-21.425908	115.161951	-63.837000
	0.037417	-19.956893	115.161951	-63.837000
	0.037427	-19.572979	115.161951	-63.837000
	0.037436	-20.324870	115.161951	-63.896600
	0.037446	-20.556933	115.161951	-63.896600
	0.037455	-19.533356	115.161951	-63.896600
	0.037464	-20.840112	115.161951	-63.896600
	0.037474	-21.078003	115.161951	-63.837000
	0.037483	-21.656267	115.161951	-63.896600
	0.037493	-20.815291	115.161951	-63.956200
	0.037502	-20.027445	115.161951	-64.015900
	0.037512	-21.554047	115.161951	-64.075500
	0.037521	-21.641377	115.161951	-64.075500
	0.037531	-21.391937	115.161951	-64.015900
	0.037540	-20.520022	115.161951	-64.075500
	0.037550	-20.989934	115.161951	-64.075500
	0.037559	-21.111901	115.161951	-64.075500
	0.037569	-21.498733	115.161951	-64.075500
	0.037578	-20.646185	115.161951	-64.135100
	0.037588	-21.106689	115.161951	-64.254300
	0.037597	-21.244280	115.161951	-64.254300
	0.037606	-21.425266	115.161951	-64.194700
	0.037616	-21.586721	115.161951	-64.135100
	0.037625	-22.951453	115.161951	-64.135100
	0.037635	-21.167997	115.161951	-64.135100
	0.037644	-22.685412	115.161951	-64.075500
	0.037654	-21.362981	115.161951	-64.075500
	0.037663	-21.727269	115.161951	-64.075500
	0.037673	-21.105640	115.161951	-64.015900
	0.037682	-21.653724	115.161951	-63.956200
	0.037692	-22.184927	115.161951	-63.896600
	0.037701	-21.297167	115.161951	-63.896600
	0.037711	-21.376770	115.161951	-63.837000
	0.037720	-21.600064	115.161951	-63.837000
	0.037730	-21.638161	115.161951	-63.777400
	0.037739	-21.478103	115.161951	-63.777400
	0.037748	-20.927348	115.161951	-63.777400
	0.037758	-21.142100	115.161951	-63.777400
	0.037767	-21.214324	115.161951	-63.717800
	0.037777	-21.080269	115.161951	-63.658200
	0.037786	-20.988537	115.161951	-63.717800
	0.037796	-21.406716	115.161951	-63.717800
	0.037805	-21.376618	115.161951	-63.777400
	0.037815	-21.511814	115.161951	-63.837000
	0.037824	-20.788439	115.161951	-63.896600
	0.037834	-21.717851	115.161951	-63.956200
	0.037843	-21.137256	115.161951	-64.075500
	0.037853	-21.519168	115.161951	-64.135100
	0.037862	-21.199583	115.161951	-64.075500
	0.037872	-20.203532	115.161951	-64.075500
	0.037881	-20.981897	115.161951	-64.135100
	0.037891	-21.862307	115.161951	-64.254300
	0.037900	-20.913192	115.161951	-64.254300
	0.037909	-20.300153	115.161951	-64.313900
	0.037919	-20.596042	115.161951	-64.313900
	0.037928	-19.851497	115.161951	-64.313900
	0.037938	-20.664254	115.161951	-64.373500
	0.037947	-20.533454	115.161951	-64.373500
	0.037957	-19.794616	115.161951	-64.313900
	0.037966	-21.605080	115.161951	-64.433100
	0.037976	-21.409040	115.161951	-64.433100
	0.037985	-21.854591	115.161951	-64.492700
	0.037995	-20.923579	115.161951	-64.552300
	0.038004	-21.706745	115.161951	-64.611900
	0.038014	-21.457942	115.161951	-64.671500
	0.038023	-22.756488	115.161951	-64.671500
	0.038033	-21.757309	115.161951	-64.671500
	0.038042	-21.852469	115.161951	-64.731100
	0.038051	-21.289315	115.161951	-64.790700
	0.038061	-21.997250	115.161951	-64.850300
	0.038070	-22.207566	115.161951	-64.850300
	0.038080	-22.784613	115.161951	-64.909900
	0.038089	-22.071994	115.161951	-64.969500
	0.038099	-22.111999	115.161951	-65.088700
	0.038108	-22.145114	115.161951	-65.088700
	0.038118	-21.812343	115.161951	-65.148300
	0.038127	-22.497651	115.161951	-65.207900
	0.038137	-21.946673	115.161951	-65.207900
	0.038146	-22.078207	115.161951	-65.327200
	0.038156	-21.842065	115.161951	-65.386800
	0.038165	-21.397734	115.161951	-65.386800
	0.038175	-21.728184	115.161951	-65.446400
	0.038184	-21.480949	115.161951	-65.446400
	0.038194	-21.571239	115.161951	-65.386800
	0.038203	-21.797514	115.161951	-65.446400
	0.038212	-20.644787	115.161951	-65.506000
	0.038222	-21.462598	115.161951	-65.506000
	0.038231	-20.630601	115.161951	-65.565600
	0.038241	-21.784353	115.161951	-65.684800
	0.038250	-20.760480	115.161951	-65.804000
	0.038260	-21.797384	115.161951	-65.804000
	0.038269	-20.921299	115.161951	-65.863600
	0.038279	-21.529112	115.161951	-65.863600
	0.038288	-21.877168	115.161951	-65.863600
	0.038298	-21.437703	115.161951	-65.982800
	0.038307	-21.277987	115.161951	-65.982800
	0.038317	-21.358968	115.161951	-66.042400
	0.038326	-20.989234	115.161951	-66.102000
	0.038336	-20.612464	115.161951	-66.221200
	0.038345	-20.651572	115.161951	-66.221200
	0.038354	-21.851494	115.161951	-66.280800
	0.038364	-21.924493	115.161951	-66.280800
	0.038373	-20.426074	115.161951	-66.280800
	0.038383	-22.135904	115.161951	-66.280800
	0.038392	-21.464861	115.161951	-66.340400
	0.038402	-22.383898	115.161951	-66.400000
	0.038411	-21.247766	115.161951	-66.400000
	0.038421	-22.310842	115.161951	-66.400000
	0.038430	-21.391963	115.161951	-66.459600
	0.038440	-21.313434	115.161951	-66.519200
	0.038449	-22.451649	115.161951	-66.459600
	0.038459	-21.599089	115.161951	-66.519200
	0.038468	-21.228774	115.161951	-66.578900
	0.038478	-21.267825	115.161951	-66.638500
	0.038487	-21.168615	115.161951	-66.698100
	0.038497	-21.894315	115.161951	-66.817300
	0.038506	-21.729612	115.161951	-66.817300
	0.038515	-22.903549	115.161951	-66.817300
	0.038525	-21.905522	115.161951	-66.817300
	0.038534	-21.310825	115.161951	-66.817300
	0.038544	-21.109967	115.161951	-66.936500
	0.038553	-21.069922	115.161951	-67.055700
	0.038563	-22.266469	115.161951	-67.055700
	0.038572	-21.868164	115.161951	-67.055700
	0.038582	-22.375999	115.161951	-67.115300
	0.038591	-23.443831	115.161951	-67.174900
	0.038601	-21.880966	115.161951	-67.174900
	0.038610	-22.209250	115.161951	-67.174900
	0.038620	-23.330475	115.161951	-67.115300
	0.038629	-23.951686	115.161951	-67.174900
	0.038639	-22.998925	115.161951	-67.234500
	0.038648	-22.609367	115.161951	-67.294100
	0.038657	-23.192477	115.161951	-67.294100
	0.038667	-22.947310	115.161951	-67.294100
	0.038676	-21.701164	115.161951	-67.353700
	0.038686	-22.391721	115.161951	-67.413300
	0.038695	-21.598765	115.161951	-67.472900
	0.038705	-22.181899	115.161951	-67.472900
	0.038714	-23.197268	115.161951	-67.413300
	0.038724	-22.143395	115.161951	-67.472900
	0.038733	-21.859581	115.161951	-67.532500
	0.038743	-22.172627	115.161951	-67.651700
	0.038752	-22.010842	115.161951	-67.711300
	0.038762	-21.429533	115.161951	-67.711300
	0.038771	-22.518248	115.161951	-67.711300
	0.038781	-21.868179	115.161951	-67.770900
	0.038790	-22.172664	115.161951	-67.830600
	0.038800	-21.871562	115.161951	-67.830600
	0.038809	-22.591411	115.161951	-67.890200
	0.038818	-20.875811	115.161951	-67.949800
	0.038828	-22.185086	115.161951	-68.009400
	0.038837	-22.108560	115.161951	-68.009400
	0.038847	-21.924222	115.161951	-68.069000
	0.038856	-21.911728	115.161951	-68.069000
	0.038866	-21.783093	115.161951	-68.009400
	0.038875	-22.091474	115.161951	-68.009400
	0.038885	-22.022791	115.161951	-68.009400
	0.038894	-21.885491	115.161951	-68.069000
	0.038904	-22.253015	115.161951	-68.128600
	0.038913	-22.057737	115.161951	-68.128600
	0.038923	-21.085304	115.161951	-68.128600
	0.038932	-21.694975	115.161951	-68.247800
	0.038942	-21.317849	115.161951	-68.247800
	0.038951	-22.118418	115.161951	-68.247800
	0.038960	-22.336218	115.161951	-68.247800
	0.038970	-22.276234	115.161951	-68.247800
	0.038979	-20.994767	115.161951	-68.247800
	0.038989	-21.471129	115.161951	-68.307400
	0.038998	-21.979829	115.161951	-68.367000
	0.039008	-21.195871	115.161951	-68.426600
	0.039017	-22.868232	115.161951	-68.486200
	0.039027	-22.740151	115.161951	-68.545800
	0.039036	-22.593506	115.161951	-68.605400
	0.039046	-22.171217	115.161951	-68.605400
	0.039055	-22.492866	115.161951	-68.605400
	0.039065	-22.684012	115.161951	-68.665000
	0.039074	-21.882780	115.161951	-68.665000
	0.039084	-22.886050	115.161951	-68.665000
	0.039093	-22.961985	115.161951	-68.724600
	0.039103	-23.670120	115.161951	-68.665000
	0.039112	-23.372352	115.161951	-68.665000
	0.039121	-23.628792	115.161951	-68.665000
	0.039131	-23.245310	115.161951	-68.724600
	0.039140	-24.435692	115.161951	-68.784200
	0.039150	-23.939741	115.161951	-68.784200
	0.039159	-23.547338	115.161951	-68.843800
	0.039169	-23.473299	115.161951	-68.843800
	0.039178	-22.866570	115.161951	-68.784200
	0.039188	-22.646669	115.161951	-68.843800
	0.039197	-23.861508	115.161951	-68.843800
	0.039207	-23.042471	115.161951	-68.843800
	0.039216	-22.497188	115.161951	-68.903400
	0.039226	-23.703091	115.161951	-68.903400
	0.039235	-22.565896	115.161951	-68.963000
	0.039245	-23.962387	115.161951	-69.022600
	0.039254	-23.694990	115.161951	-68.963000
	0.039263	-23.492686	115.161951	-68.963000
	0.039273	-23.219966	115.161951	-69.082200
	0.039282	-23.875908	115.161951	-69.141900
	0.039292	-23.141248	115.161951	-69.201500
	0.039301	-22.632259	115.161951	-69.201500
	0.039311	-23.537841	115.161951	-69.320700
	0.039320	-23.327314	115.161951	-69.320700
	0.039330	-22.800007	115.161951	-69.380300
	0.039339	-22.641258	115.161951	-69.380300
	0.039349	-24.536878	115.161951	-69.439900
	0.039358	-22.624314	115.161951	-69.439900
	0.039368	-22.491654	115.161951	-69.439900
	0.039377	-23.497738	115.161951	-69.499500
	0.039387	-22.218981	115.161951	-69.618700
	0.039396	-23.479207	115.161951	-69.678300
	0.039406	-23.157864	115.161951	-69.678300
	0.039415	-23.294179	115.161951	-69.737900
	0.039424	-23.255479	115.161951	-69.916700
	0.039434	-23.163044	115.161951	-69.976300
	0.039443	-22.761044	115.161951	-70.095500
	0.039453	-23.674143	115.161951	-70.155100
	0.039462	-22.782217	115.161951	-70.214700
	0.039472	-22.860387	115.161951	-70.155100
	0.039481	-22.640321	115.161951	-70.155100
	0.039491	-23.029043	115.161951	-70.214700
	0.039500	-23.716925	115.161951	-70.214700
	0.039510	-23.041840	115.161951	-70.155100
	0.039519	-23.729057	115.161951	-70.155100
	0.039529	-23.343571	115.161951	-69.976300
	0.039538	-24.092721	115.161951	-69.797500
	0.039548	-22.573483	115.161951	-69.797500
	0.039557	-21.907795	115.161951	-69.797500
	0.039566	-24.231188	115.161951	-69.737900
	0.039576	-23.146565	115.161951	-69.737900
	0.039585	-24.431028	115.161951	-69.678300
	0.039595	-25.313199	115.161951	-69.618700
	0.039604	-24.940815	115.161951	-69.618700
	0.039614	-23.980005	115.161951	-69.618700
	0.039623	-24.338678	115.161951	-69.678300
	0.039633	-24.674879	115.161951	-69.678300
	0.039642	-26.042943	115.161951	-69.737900
	0.039652	-25.224568	115.161951	-69.737900
	0.039661	-24.322488	115.161951	-69.797500
	0.039671	-25.015166	115.161951	-69.797500
	0.039680	-25.536092	115.161951	-69.797500
	0.039690	-25.300402	115.161951	-69.916700
	0.039699	-25.558540	115.161951	-69.916700
	0.039709	-26.439351	115.161951	-69.916700
	0.039718	-24.655732	115.161951	-69.976300
	0.039727	-26.215459	115.161951	-69.976300
	0.039737	-26.170225	115.161951	-70.095500
	0.039746	-25.239515	115.161951	-70.155100
	0.039756	-24.933347	115.161951	-70.155100
	0.039765	-24.454615	115.161951	-70.214700
	0.039775	-24.826174	115.161951	-70.214700
	0.039784	-24.584959	115.161951	-70.095500
	0.039794	-25.783376	115.161951	-70.035900
	0.039803	-26.162323	115.161951	-70.035900
	0.039813	-25.876723	115.161951	-70.035900
	0.039822	-24.302632	115.161951	-70.035900
	0.039832	-24.521541	115.161951	-70.035900
	0.039841	-25.557366	115.161951	-70.155100
	0.039851	-26.068735	115.161951	-70.155100
	0.039860	-24.433851	115.161951	-70.155100
	0.039869	-24.768437	115.161951	-70.155100
	0.039879	-25.457618	115.161951	-70.155100
	0.039888	-26.803225	115.161951	-70.214700
	0.039898	-25.094459	115.161951	-70.214700
	0.039907	-25.860667	115.161951	-70.274300
	0.039917	-24.880531	115.161951	-70.214700
	0.039926	-25.285083	115.161951	-70.274300
	0.039936	-24.926221	115.161951	-70.333900
	0.039945	-24.996796	115.161951	-70.333900
	0.039955	-26.420472	115.161951	-70.333900
	0.039964	-25.695118	115.161951	-70.333900
	0.039974	-25.019856	115.161951	-70.333900
	0.039983	-25.292426	115.161951	-70.333900
	0.039993	-27.327418	115.161951	-70.333900
	0.040002	-26.470629	115.161951	-70.333900
	0.040012	-26.573556	115.161951	-70.393600
	0.040021	-26.296794	115.161951	-70.453200
	0.040030	-25.988715	115.161951	-70.512800
	0.040040	-25.171209	115.161951	-70.512800
	0.040049	-26.146941	115.161951	-70.512800
	0.040059	-25.498414	115.161951	-70.572400
	0.040068	-26.169197	115.161951	-70.572400
	0.040078	-25.022128	115.161951	-70.572400
	0.040087	-26.256045	115.161951	-70.691600
	0.040097	-25.780493	115.161951	-70.751200
	0.040106	-25.251604	115.161951	-70.751200
	0.040116	-25.765591	115.161951	-70.870400
	0.040125	-26.011269	115.161951	-70.810800
	0.040135	-26.284853	115.161951	-70.810800
	0.040144	-26.431029	115.161951	-70.870400
	0.040154	-25.936920	115.161951	-70.870400
	0.040163	-26.278794	115.161951	-70.930000
	0.040172	-25.498998	115.161951	-70.930000
	0.040182	-27.042077	115.161951	-71.049200
	0.040191	-26.381947	115.161951	-71.168400
	0.040201	-26.684746	115.161951	-71.168400
	0.040210	-26.673736	115.161951	-71.168400
	0.040220	-26.800712	115.161951	-71.228000
	0.040229	-27.343965	115.161951	-71.168400
	0.040239	-26.671660	115.161951	-71.108800
	0.040248	-27.123444	115.161951	-71.108800
	0.040258	-26.424383	115.161951	-71.049200
	0.040267	-26.941931	115.161951	-71.049200
	0.040277	-27.278224	115.161951	-71.049200
	0.040286	-26.573359	115.161951	-71.108800
	0.040296	-26.922703	115.161951	-71.168400
	0.040305	-26.384004	115.161951	-71.168400
	0.040315	-27.381223	115.161951	-71.168400
	0.040324	-27.221145	115.161951	-71.168400
	0.040333	-27.015328	115.161951	-71.168400
	0.040343	-28.234034	115.161951	-71.228000
	0.040352	-27.527378	115.161951	-71.228000
	0.040362	-26.499004	115.161951	-71.168400
	0.040371	-28.076262	115.161951	-71.168400
	0.040381	-27.520420	115.161951	-71.168400
	0.040390	-27.663393	115.161951	-71.168400
	0.040400	-27.964184	115.161951	-71.168400
	0.040409	-26.889704	115.161951	-71.168400
	0.040419	-26.843601	115.161951	-71.168400
	0.040428	-27.039690	115.161951	-71.168400
	0.040438	-26.900704	115.161951	-71.228000
	0.040447	-26.722732	115.161951	-71.287600
	0.040457	-26.304483	115.161951	-71.287600
	0.040466	-26.747050	115.161951	-71.347200
	0.040475	-27.191516	115.161951	-71.347200
	0.040485	-27.100784	115.161951	-71.347200
	0.040494	-27.640612	115.161951	-71.406800
	0.040504	-26.942136	115.161951	-71.466400
	0.040513	-26.267796	115.161951	-71.585600
	0.040523	-26.939859	115.161951	-71.645200
	0.040532	-27.301017	115.161951	-71.585600
	0.040542	-28.154506	115.161951	-71.645200
	0.040551	-27.005200	115.161951	-71.704900
	0.040561	-27.385744	115.161951	-71.704900
	0.040570	-28.006087	115.161951	-71.764500
	0.040580	-26.979872	115.161951	-71.824100
	0.040589	-28.290092	115.161951	-71.824100
	0.040599	-27.525130	115.161951	-71.824100
	0.040608	-27.817033	115.161951	-71.943300
	0.040618	-27.748949	115.161951	-71.943300
	0.040627	-28.577100	115.161951	-71.883700
	0.040636	-27.738246	115.161951	-71.943300
	0.040646	-27.961030	115.161951	-72.002900
	0.040655	-28.340956	115.161951	-72.062500
	0.040665	-28.405977	115.161951	-72.002900
	0.040674	-27.735749	115.161951	-71.943300
	0.040684	-28.688299	115.161951	-72.002900
	0.040693	-27.292145	115.161951	-72.002900
	0.040703	-27.668106	115.161951	-72.122100
	0.040712	-29.000044	115.161951	-72.181700
	0.040722	-26.985254	115.161951	-72.181700
	0.040731	-27.311260	115.161951	-72.181700
	0.040741	-27.976725	115.161951	-72.122100
	0.040750	-28.460492	115.161951	-72.181700
	0.040760	-28.550795	115.161951	-72.241300
	0.040769	-27.040912	115.161951	-72.241300
	0.040778	-27.230062	115.161951	-72.300900
	0.040788	-27.743865	115.161951	-72.360500
	0.040797	-27.419336	115.161951	-72.300900
	0.040807	-27.139633	115.161951	-72.420100
	0.040816	-26.714929	115.161951	-72.420100
	0.040826	-26.527881	115.161951	-72.420100
	0.040835	-28.200323	115.161951	-72.420100
	0.040845	-28.460218	115.161951	-72.479700
	0.040854	-29.504326	115.161951	-72.479700
	0.040864	-28.918998	115.161951	-72.420100
	0.040873	-28.612960	115.161951	-72.420100
	0.040883	-28.732616	115.161951	-72.420100
	0.040892	-29.156941	115.161951	-72.420100
	0.040902	-28.981020	115.161951	-72.479700
	0.040911	-29.121637	115.161951	-72.479700
	0.040921	-29.174394	115.161951	-72.479700
	0.040930	-28.519730	115.161951	-72.539300
	0.040939	-28.448457	115.161951	-72.539300
	0.040949	-29.241949	115.161951	-72.539300
	0.040958	-29.285038	115.161951	-72.479700
	0.040968	-29.640706	115.161951	-72.479700
	0.040977	-28.993847	115.161951	-72.539300
	0.040987	-29.255673	115.161951	-72.598900
	0.040996	-29.324586	115.161951	-72.598900
	0.041006	-29.711063	115.161951	-72.658500
	0.041015	-30.905827	115.161951	-72.718100
	0.041025	-30.941931	115.161951	-72.777700
	0.041034	-29.834256	115.161951	-72.837300
	0.041044	-30.055041	115.161951	-72.837300
	0.041053	-29.164499	115.161951	-72.896900
	0.041063	-30.247452	115.161951	-73.016200
	0.041072	-29.294088	115.161951	-73.016200
	0.041081	-29.575212	115.161951	-73.016200
	0.041091	-29.277075	115.161951	-73.075800
	0.041100	-29.424992	115.161951	-73.135400
	0.041110	-28.836017	115.161951	-73.135400
	0.041119	-29.741468	115.161951	-73.135400
	0.041129	-28.098355	115.161951	-73.135400
	0.041138	-29.294660	115.161951	-73.254600
	0.041148	-29.078636	115.161951	-73.373800
	0.041157	-27.882063	115.161951	-73.433400
	0.041167	-28.573265	115.161951	-73.493000
	0.041176	-28.365629	115.161951	-73.612200
	0.041186	-29.705631	115.161951	-73.671800
	0.041195	-29.860454	115.161951	-73.671800
	0.041205	-30.592079	115.161951	-73.612200
	0.041214	-30.097894	115.161951	-73.433400
	0.041224	-29.266860	115.161951	-73.314200
	0.041233	-30.893495	115.161951	-73.373800
	0.041242	-30.317579	115.161951	-73.373800
	0.041252	-30.220354	115.161951	-73.373800
	0.041261	-30.349756	115.161951	-73.373800
	0.041271	-30.326337	115.161951	-73.314200
	0.041280	-29.766164	115.161951	-73.373800
	0.041290	-29.014066	115.161951	-73.373800
	0.041299	-29.718874	115.161951	-73.373800
	0.041309	-29.568363	115.161951	-73.373800
	0.041318	-29.621818	115.161951	-73.373800
	0.041328	-31.621505	115.161951	-73.254600
	0.041337	-31.384652	115.161951	-73.075800
	0.041347	-31.732682	115.161951	-73.075800
	0.041356	-32.588713	115.161951	-73.075800
	0.041366	-30.961550	115.161951	-73.075800
	0.041375	-31.625573	115.161951	-73.016200
	0.041384	-31.843599	115.161951	-73.016200
	0.041394	-31.259663	115.161951	-72.956600
	0.041403	-31.601931	115.161951	-72.956600
	0.041413	-31.933109	115.161951	-73.016200
	0.041422	-32.011146	115.161951	-73.016200
	0.041432	-30.784394	115.161951	-73.075800
	0.041441	-30.962148	115.161951	-73.135400
	0.041451	-30.848313	115.161951	-73.135400
	0.041460	-31.932182	115.161951	-73.135400
	0.041470	-31.532722	115.161951	-73.195000
	0.041479	-32.029206	115.161951	-73.135400
	0.041489	-30.781691	115.161951	-73.075800
	0.041498	-31.022571	115.161951	-73.016200
	0.041508	-31.065196	115.161951	-73.016200
	0.041517	-31.326505	115.161951	-73.016200
	0.041527	-30.981382	115.161951	-73.016200
	0.041536	-30.983516	115.161951	-73.135400
	0.041545	-31.523595	115.161951	-73.135400
	0.041555	-31.405467	115.161951	-73.135400
	0.041564	-32.231088	115.161951	-73.135400
	0.041574	-31.750587	115.161951	-72.420100
	0.041583	-31.672738	115.161951	-71.764500
	0.041593	-31.857968	115.161951	-71.645200
	0.041602	-33.439941	115.161951	-71.645200
	0.041612	-32.401308	115.161951	-71.645200
	0.041621	-32.257861	115.161951	-71.645200
	0.041631	-31.730411	115.161951	-71.645200
	0.041640	-33.388974	115.161951	-71.645200
	0.041650	-31.841665	115.161951	-71.645200
	0.041659	-31.853664	115.161951	-71.645200
	0.041669	-32.384587	115.161951	-71.526000
	0.041678	-32.654962	115.161951	-71.347200
	0.041687	-31.586610	115.161951	-71.347200
	0.041697	-32.276786	115.161951	-71.287600
	0.041706	-32.778961	115.161951	-71.168400
	0.041716	-32.387417	115.161951	-71.049200
	0.041725	-33.069239	115.161951	-70.930000
	0.041735	-32.272617	115.161951	-70.870400
	0.041744	-32.251120	115.161951	-70.810800
	0.041754	-32.383274	115.161951	-70.691600
	0.041763	-33.060516	115.161951	-70.453200
	0.041773	-32.557044	115.161951	-70.274300
	0.041782	-33.190368	115.161951	-70.214700
	0.041792	-32.243835	115.161951	-70.214700
	0.041801	-32.441599	115.161951	-70.214700
	0.041811	-33.325498	115.161951	-70.214700
	0.041820	-33.002731	115.161951	-70.214700
	0.041829	-34.120530	115.161951	-70.214700
	0.041839	-33.483800	115.161951	-70.214700
	0.041848	-33.345701	115.161951	-70.214700
	0.041858	-32.109149	115.161951	-70.274300
	0.041867	-32.927168	115.161951	-70.274300
	0.041877	-33.282048	115.161951	-70.214700
	0.041886	-31.818962	115.161951	-70.035900
	0.041896	-32.184218	115.161951	-70.035900
	0.041905	-32.458609	115.161951	-69.916700
	0.041915	-32.014359	115.161951	-69.976300
	0.041924	-32.268165	115.161951	-69.916700
	0.041934	-32.644632	115.161951	-70.035900
	0.041943	-32.406503	115.161951	-70.035900
	0.041953	-33.958637	115.161951	-69.976300
	0.041962	-33.414387	115.161951	-69.916700
	0.041972	-33.122288	115.161951	-69.916700
	0.041981	-33.457115	115.161951	-69.976300
	0.041990	-33.962253	115.161951	-70.035900
	0.042000	-33.660059	115.161951	-69.976300
	0.042009	-34.368908	115.161951	-69.916700
	0.042019	-34.377256	115.161951	-69.797500
	0.042028	-34.268734	115.161951	-69.857100
	0.042038	-33.776544	115.161951	-69.857100
	0.042047	-34.104865	115.161951	-69.857100
	0.042057	-34.113458	115.161951	-69.857100
	0.042066	-34.690541	115.161951	-69.797500
	0.042076	-34.329754	115.161951	-69.737900
	0.042085	-35.563789	115.161951	-69.797500
	0.042095	-35.235819	115.161951	-69.797500
	0.042104	-34.564419	115.161951	-69.797500
	0.042114	-35.043109	115.161951	-69.857100
	0.042123	-35.980251	115.161951	-69.916700
	0.042132	-34.429136	115.161951	-69.916700
	0.042142	-36.971772	115.161951	-69.916700
	0.042151	-35.538410	115.161951	-69.916700
	0.042161	-35.209998	115.161951	-69.916700
	0.042170	-34.566491	115.161951	-69.916700
	0.042180	-33.756575	115.161951	-69.976300
	0.042189	-34.760205	115.161951	-70.035900
	0.042199	-33.671161	115.161951	-70.095500
	0.042208	-35.404521	115.161951	-70.155100
	0.042218	-33.790524	115.161951	-70.155100
	0.042227	-34.017840	115.161951	-70.155100
	0.042237	-34.248892	115.161951	-70.155100
	0.042246	-33.121676	115.161951	-70.155100
	0.042256	-34.456285	115.161951	-70.155100
	0.042265	-33.695187	115.161951	-70.214700
	0.042275	-34.944139	115.161951	-69.916700
	0.042284	-36.628226	115.161951	-68.486200
	0.042293	-35.903647	115.161951	-67.830600
	0.042303	-36.750488	115.161951	-67.770900
	0.042312	-36.489986	115.161951	-67.770900
	0.042322	-36.515301	115.161951	-67.770900
	0.042331	-36.521785	115.161951	-67.651700
	0.042341	-37.622894	115.161951	-67.592100
	0.042350	-38.228672	115.161951	-67.651700
	0.042360	-38.826831	115.161951	-67.711300
	0.042369	-38.293159	115.161951	-67.711300
	0.042379	-37.557673	115.161951	-67.711300
	0.042388	-37.435221	115.161951	-67.770900
	0.042398	-36.245495	115.161951	-67.830600
	0.042407	-37.723690	115.161951	-67.890200
	0.042417	-37.219228	115.161951	-67.949800
	0.042426	-37.460511	115.161951	-67.949800
	0.042435	-37.322335	115.161951	-68.009400
	0.042445	-37.979309	115.161951	-68.069000
	0.042454	-37.381036	115.161951	-68.069000
	0.042464	-37.941546	115.161951	-68.069000
	0.042473	-37.998549	115.161951	-68.009400
	0.042483	-37.888433	115.161951	-68.128600
	0.042492	-37.843233	115.161951	-68.128600
	0.042502	-38.354652	115.161951	-68.128600
	0.042511	-37.838080	115.161951	-68.188200
	0.042521	-39.731359	115.161951	-68.188200
	0.042530	-39.578805	115.161951	-68.188200
	0.042540	-40.330544	115.161951	-68.009400
	0.042549	-40.221488	115.161951	-67.949800
	0.042559	-39.914772	115.161951	-67.949800
	0.042568	-39.601064	115.161951	-68.069000
	0.042578	-39.499072	115.161951	-68.188200
	0.042587	-39.556691	115.161951	-68.188200
	0.042596	-40.289135	115.161951	-68.128600
	0.042606	-39.331407	115.161951	-68.188200
	0.042615	-38.779026	115.161951	-68.247800
	0.042625	-40.438633	115.161951	-68.188200
	0.042634	-42.414831	115.161951	-67.592100
	0.042644	-43.654621	115.161951	-67.353700
	0.042653	-43.603185	115.161951	-67.353700
	0.042663	-43.357465	115.161951	-67.353700
	0.042672	-43.659080	115.161951	-67.353700
	0.042682	-42.395453	115.161951	-67.353700
	0.042691	-42.911654	115.161951	-67.353700
	0.042701	-43.130426	115.161951	-67.413300
	0.042710	-42.881676	115.161951	-67.413300
	0.042720	-43.974397	115.161951	-67.472900
	0.042729	-42.732442	115.161951	-67.472900
	0.042738	-43.197172	115.161951	-67.472900
	0.042748	-43.432032	115.161951	-67.532500
	0.042757	-44.019734	115.161951	-67.532500
	0.042767	-47.178390	115.161951	-66.936500
	0.042776	-47.226318	115.161951	-66.340400
	0.042786	-48.186585	115.161951	-66.280800
	0.042795	-47.680932	115.161951	-66.221200
	0.042805	-47.248815	115.161951	-66.280800
	0.042814	-47.704282	115.161951	-66.280800
	0.042824	-47.082581	115.161951	-66.340400
	0.042833	-47.356381	115.161951	-66.221200
	0.042843	-48.198105	115.161951	-66.221200
	0.042852	-48.748883	115.161951	-66.221200
	0.042862	-48.905084	115.161951	-66.221200
	0.042871	-48.969071	115.161951	-66.221200
	0.042881	-49.529973	115.161951	-66.102000
	0.042890	-48.632456	115.161951	-66.221200
	0.042899	-50.333006	115.161951	-66.221200
	0.042909	-49.640517	115.161951	-66.221200
	0.042918	-49.331179	115.161951	-66.221200
	0.042928	-49.412316	115.161951	-66.280800
	0.042937	-48.205487	115.161951	-66.400000
	0.042947	-49.736118	115.161951	-66.459600
	0.042956	-49.196153	115.161951	-66.519200
	0.042966	-49.193963	115.161951	-66.519200
	0.042975	-48.532213	115.161951	-66.578900
	0.042985	-48.186758	115.161951	-66.638500
	0.042994	-49.804029	115.161951	-66.698100
	0.043004	-48.674639	115.161951	-66.698100
	0.043013	-48.918671	115.161951	-66.698100
	0.043023	-48.680329	115.161951	-66.698100
	0.043032	-49.695592	115.161951	-66.638500
	0.043041	-49.898254	115.161951	-66.638500
	0.043051	-49.658419	115.161951	-66.698100
	0.043060	-50.302642	115.161951	-66.698100
	0.043070	-50.417412	115.161951	-66.578900
	0.043079	-63.000245	115.161951	-61.989300
	0.043089	-63.294679	115.161951	-58.830000
	0.043098	-63.347017	115.161951	-58.055200
	0.043108	-62.995350	115.161951	-57.995600
	0.043117	-63.286364	115.161951	-57.995600
	0.043127	-63.474294	115.161951	-57.935900
	0.043136	-62.103011	115.161951	-57.995600
	0.043146	-63.585289	115.161951	-58.055200
	0.043155	-62.699954	115.161951	-58.114800
	0.043165	-62.769155	115.161951	-58.055200
	0.043174	-63.978984	115.161951	-58.055200
	0.043184	-64.139063	115.161951	-58.055200
	0.043193	-63.461669	115.161951	-58.055200
	0.043202	-63.878728	115.161951	-58.055200
	0.043212	-62.962582	115.161951	-58.055200
	0.043221	-62.913818	115.161951	-58.055200
	0.043231	-63.135703	115.161951	-58.055200
	0.043240	-61.450487	115.161951	-58.055200
	0.043250	-62.549171	115.161951	-57.995600
	0.043259	-62.398869	115.161951	-57.459100
	0.043269	-63.614305	115.161951	-56.922700
	0.043278	-62.883922	115.161951	-56.684300
	0.043288	-62.874170	115.161951	-56.624600
	0.043297	-63.379570	115.161951	-56.624600
	0.043307	-64.077380	115.161951	-56.505400
	0.043316	-63.045765	115.161951	-56.505400
	0.043326	-64.661261	115.161951	-56.565000
	0.043335	-64.304374	115.161951	-56.684300
	0.043344	-64.124077	115.161951	-56.684300
	0.043354	-63.471313	115.161951	-56.624600
	0.043363	-63.543348	115.161951	-56.565000
	0.043373	-63.717830	115.161951	-56.565000
	0.043382	-63.010796	115.161951	-56.565000
	0.043392	-63.973369	115.161951	-56.684300
	0.043401	-63.763468	115.161951	-56.684300
	0.043411	-63.470499	115.161951	-56.684300
	0.043420	-63.637441	115.161951	-56.684300
	0.043430	-62.733662	115.161951	-56.684300
	0.043439	-64.339359	115.161951	-56.743900
	0.043449	-63.396602	115.161951	-56.743900
	0.043458	-63.978653	115.161951	-56.743900
	0.043468	-64.461159	115.161951	-56.743900
	0.043477	-63.886519	115.161951	-56.684300
	0.043487	-63.900733	115.161951	-56.743900
	0.043496	-62.524804	115.161951	-56.743900
	0.043505	-63.235911	115.161951	-56.743900
	0.043515	-62.832277	115.161951	-56.743900
	0.043524	-63.980378	115.161951	-56.743900
	0.043534	-64.252785	115.161951	-56.743900
	0.043543	-63.976352	115.161951	-56.743900
	0.043553	-64.779181	115.161951	-56.743900
	0.043562	-65.523539	115.161951	-56.743900
	0.043572	-66.302459	115.161951	-56.684300
	0.043581	-66.949898	115.161951	-56.445800
	0.043591	-67.298039	115.161951	-56.326600
	0.043600	-67.701784	115.161951	-56.267000
	0.043610	-68.890248	115.161951	-56.088200
	0.043619	-69.100254	115.161951	-55.909400
	0.043629	-68.124486	115.161951	-55.849800
	0.043638	-69.044276	115.161951	-55.909400
	0.043647	-69.550578	115.161951	-55.909400
	0.043657	-69.066192	115.161951	-55.909400
	0.043666	-68.308596	115.161951	-55.909400
	0.043676	-69.941722	115.161951	-55.909400
	0.043685	-69.092154	115.161951	-55.909400
	0.043695	-69.708542	115.161951	-55.909400
	0.043704	-70.224002	115.161951	-55.909400
	0.043714	-69.430549	115.161951	-55.909400
	0.043723	-70.122581	115.161951	-55.909400
	0.043733	-68.821768	115.161951	-55.909400
	0.043742	-70.168108	115.161951	-55.849800
	0.043752	-71.690950	115.161951	-55.730600
	0.043761	-71.433966	115.161951	-55.730600
	0.043771	-70.562363	115.161951	-55.730600
	0.043780	-71.800314	115.161951	-55.730600
	0.043790	-73.087590	115.161951	-55.611400
	0.043799	-71.836644	115.161951	-55.671000
	0.043808	-70.016598	115.161951	-55.730600
	0.043818	-71.047902	115.161951	-55.730600
	0.043827	-71.547290	115.161951	-55.730600
	0.043837	-72.246902	115.161951	-55.790200
	0.043846	-71.026038	115.161951	-55.790200
	0.043856	-71.353809	115.161951	-55.849800
	0.043865	-70.337380	115.161951	-55.849800
	0.043875	-76.883530	115.161951	-54.836500
	0.043884	-85.276261	115.161951	-51.379400
	0.043894	-84.224555	115.161951	-49.591300
	0.043903	-83.372507	115.161951	-49.352900
	0.043913	-83.252797	115.161951	-49.352900
	0.043922	-82.893742	115.161951	-49.233700
	0.043932	-83.199621	115.161951	-49.233700
	0.043941	-83.792753	115.161951	-49.233700
	0.043950	-84.981702	115.161951	-49.293300
	0.043960	-83.520133	115.161951	-49.352900
	0.043969	-84.334630	115.161951	-49.412500
	0.043979	-85.177608	115.161951	-49.412500
	0.043988	-84.988004	115.161951	-49.412500
	0.043998	-85.252038	115.161951	-49.472100
	0.044007	-84.014781	115.161951	-49.472100
	0.044017	-84.250295	115.161951	-49.472100
	0.044026	-84.133627	115.161951	-49.531700
	0.044036	-85.086534	115.161951	-49.591300
	0.044045	-85.166329	115.161951	-49.650900
	0.044055	-85.692986	115.161951	-49.650900
	0.044064	-85.064553	115.161951	-49.531700
	0.044074	-85.046343	115.161951	-49.531700
	0.044083	-83.482432	115.161951	-49.531700
	0.044093	-85.811910	115.161951	-49.531700
	0.044102	-85.123233	115.161951	-49.591300
	0.044111	-84.522633	115.161951	-49.650900
	0.044121	-84.678264	115.161951	-49.710500
	0.044130	-85.077842	115.161951	-49.710500
	0.044140	-85.047516	115.161951	-49.770100
	0.044149	-84.685947	115.161951	-49.889300
	0.044159	-85.293201	115.161951	-49.889300
	0.044168	-85.034165	115.161951	-49.889300
	0.044178	-85.333488	115.161951	-50.008500
	0.044187	-85.400017	115.161951	-50.187300
	0.044197	-90.214734	115.161951	-49.412500
	0.044206	-89.987808	115.161951	-48.756800
	0.044216	-90.936999	115.161951	-48.578000
	0.044225	-90.258246	115.161951	-48.518400
	0.044235	-89.896015	115.161951	-48.458800
	0.044244	-90.044002	115.161951	-48.399200
	0.044253	-90.898010	115.161951	-48.458800
	0.044263	-90.530975	115.161951	-48.518400
	0.044272	-89.843574	115.161951	-48.518400
	0.044282	-90.510997	115.161951	-48.399200
	0.044291	-89.480675	115.161951	-48.339600
	0.044301	-89.576165	115.161951	-48.339600
	0.044310	-91.710468	115.161951	-48.399200
	0.044320	-90.404653	115.161951	-48.399200
	0.044329	-90.811742	115.161951	-48.399200
	0.044339	-90.933582	115.161951	-48.458800
	0.044348	-90.223886	115.161951	-48.399200
	0.044358	-90.618439	115.161951	-48.280000
	0.044367	-91.429976	115.161951	-48.220400
	0.044377	-91.668423	115.161951	-48.160800
	0.044386	-91.331571	115.161951	-48.160800
	0.044396	-92.109937	115.161951	-48.041600
	0.044405	-91.342237	115.161951	-48.041600
	0.044414	-91.658930	115.161951	-47.982000
	0.044424	-91.349864	115.161951	-48.041600
	0.044433	-91.415494	115.161951	-48.041600
	0.044443	-93.086196	115.161951	-47.982000
	0.044452	-92.708441	115.161951	-47.803200
	0.044462	-92.823862	115.161951	-47.922400
	0.044471	-91.391992	115.161951	-47.922400
	0.044481	-92.297524	115.161951	-47.862800
	0.044490	-93.445956	115.161951	-47.803200
	0.044500	-103.864432	115.161951	-45.836200
	0.044509	-104.094228	115.161951	-44.167300
	0.044519	-103.747464	115.161951	-43.750000
	0.044528	-104.911838	115.161951	-43.571200
	0.044538	-103.892733	115.161951	-43.511600
	0.044547	-104.092678	115.161951	-43.511600
	0.044556	-104.171844	115.161951	-43.571200
	0.044566	-104.669217	115.161951	-43.571200
	0.044575	-102.653288	115.161951	-43.630800
	0.044585	-103.458397	115.161951	-43.630800
	0.044594	-103.031693	115.161951	-43.571200
	0.044604	-103.169279	115.161951	-43.630800
	0.044613	-103.410771	115.161951	-43.630800
	0.044623	-103.113230	115.161951	-43.571200
	0.044632	-102.803002	115.161951	-43.571200
	0.044642	-103.035806	115.161951	-43.511600
	0.044651	-104.263820	115.161951	-43.511600
	0.044661	-103.460275	115.161951	-43.511600
	0.044670	-104.624159	115.161951	-43.452000
	0.044680	-103.869562	115.161951	-43.332800
	0.044689	-103.834624	115.161951	-43.332800
	0.044699	-103.472662	115.161951	-43.332800
	0.044708	-103.317112	115.161951	-43.332800
	0.044717	-103.757141	115.161951	-43.332800
	0.044727	-103.952068	115.161951	-43.273200
	0.044736	-104.052840	115.161951	-43.273200
	0.044746	-102.696782	115.161951	-43.332800
	0.044755	-103.925264	115.161951	-43.332800
	0.044765	-103.091873	115.161951	-43.332800
	0.044774	-104.790290	115.161951	-43.332800
	0.044784	-104.460319	115.161951	-43.273200
	0.044793	-102.848103	115.161951	-43.332800
	0.044803	-104.057069	115.161951	-43.332800
	0.044812	-102.746951	115.161951	-43.332800
	0.044822	-103.602455	115.161951	-43.273200
	0.044831	-103.476019	115.161951	-43.273200
	0.044841	-103.268025	115.161951	-43.273200
	0.044850	-104.100378	115.161951	-43.213600
	0.044859	-105.283401	115.161951	-43.154000
	0.044869	-105.194168	115.161951	-43.154000
	0.044878	-104.786542	115.161951	-43.213600
	0.044888	-104.503439	115.161951	-43.213600
	0.044897	-104.634631	115.161951	-43.213600
	0.044907	-105.183255	115.161951	-43.213600
	0.044916	-104.815905	115.161951	-43.273200
	0.044926	-105.424838	115.161951	-43.213600
	0.044935	-104.836593	115.161951	-43.034800
	0.044945	-114.515475	115.161951	-41.485100
	0.044954	-115.891401	115.161951	-39.756500
	0.044964	-115.482561	115.161951	-39.279700
	0.044973	-114.673268	115.161951	-39.100900
	0.044983	-115.526927	115.161951	-39.041300
	0.044992	-115.703919	115.161951	-39.041300
	0.045002	-116.002355	115.161951	-39.041300
	0.045011	-116.488429	115.161951	-38.922100
	0.045020	-117.126796	115.161951	-38.683600
	0.045030	-116.662987	115.161951	-38.504800
	0.045039	-117.069538	115.161951	-38.564400
	0.045049	-117.415732	115.161951	-38.564400
	0.045058	-115.483602	115.161951	-38.564400
	0.045068	-115.830001	115.161951	-38.564400
	0.045077	-116.643173	115.161951	-38.564400
	0.045087	-116.083854	115.161951	-38.504800
	0.045096	-116.150177	115.161951	-38.504800
	0.045106	-115.547426	115.161951	-38.504800
	0.045115	-116.804953	115.161951	-38.504800
	0.045125	-115.888341	115.161951	-38.504800
	0.045134	-116.783194	115.161951	-38.504800
	0.045144	-116.138818	115.161951	-38.504800
	0.045153	-116.272591	115.161951	-38.445200
	0.045162	-116.240462	115.161951	-38.445200
	0.045172	-116.362455	115.161951	-38.445200
	0.045181	-116.116526	115.161951	-38.504800
	0.045191	-116.245916	115.161951	-38.504800
	0.045200	-116.487616	115.161951	-38.504800
	0.045210	-115.266449	115.161951	-38.445200
	0.045219	-116.283491	115.161951	-38.504800
	0.045229	-116.499676	115.161951	-38.445200
	0.045238	-116.718869	115.161951	-38.445200
	0.045248	-116.503741	115.161951	-38.445200
	0.045257	-116.352511	115.161951	-38.385600
	0.045267	-116.327417	115.161951	-38.385600
	0.045276	-117.820088	115.161951	-38.087600
	0.045286	-117.252741	115.161951	-37.968400
	0.045295	-118.618301	115.161951	-37.908800
	0.045305	-117.484330	115.161951	-37.968400
	0.045314	-117.998614	115.161951	-37.968400
	0.045323	-118.944510	115.161951	-37.968400
	0.045333	-117.972839	115.161951	-37.968400
	0.045342	-120.637653	115.161951	-38.028000
	0.045352	-120.862254	115.161951	-37.849200
	0.045361	-120.213162	115.161951	-37.789600
	0.045371	-120.433405	115.161951	-37.789600
	0.045380	-120.511443	115.161951	-37.849200
	0.045390	-119.329022	115.161951	-37.849200
	0.045399	-120.035831	115.161951	-37.908800
	0.045409	-119.956717	115.161951	-37.908800
	0.045418	-120.677598	115.161951	-37.908800
	0.045428	-120.564787	115.161951	-37.849200
	0.045437	-122.097770	115.161951	-37.431900
	0.045447	-122.757305	115.161951	-37.014700
	0.045456	-123.659664	115.161951	-36.955100
	0.045465	-123.514811	115.161951	-36.895500
	0.045475	-123.013260	115.161951	-36.955100
	0.045484	-122.715404	115.161951	-36.955100
	0.045494	-123.885740	115.161951	-36.895500
	0.045503	-123.280770	115.161951	-36.835900
	0.045513	-123.169949	115.161951	-36.835900
	0.045522	-123.182404	115.161951	-36.955100
	0.045532	-123.514537	115.161951	-36.955100
	0.045541	-122.383329	115.161951	-36.955100
	0.045551	-123.838650	115.161951	-36.835900
	0.045560	-123.389144	115.161951	-36.835900
	0.045570	-123.079054	115.161951	-36.835900
	0.045579	-123.440286	115.161951	-36.835900
	0.045589	-124.061026	115.161951	-36.835900
	0.045598	-125.049012	115.161951	-36.835900
	0.045608	-124.669812	115.161951	-36.895500
	0.045617	-124.869637	115.161951	-36.895500
	0.045626	-124.388396	115.161951	-36.895500
	0.045636	-124.153194	115.161951	-36.895500
	0.045645	-124.237103	115.161951	-36.895500
	0.045655	-123.893160	115.161951	-36.835900
	0.045664	-124.287168	115.161951	-36.835900
	0.045674	-123.374608	115.161951	-36.776300
	0.045683	-123.866390	115.161951	-36.776300
	0.045693	-123.705390	115.161951	-36.835900
	0.045702	-123.469195	115.161951	-36.955100
	0.045712	-122.404037	115.161951	-36.955100
	0.045721	-122.833865	115.161951	-36.895500
	0.045731	-123.182374	115.161951	-36.955100
	0.045740	-124.211767	115.161951	-37.014700
	0.045750	-124.570230	115.161951	-37.014700
	0.045759	-124.181091	115.161951	-37.014700
	0.045768	-123.237284	115.161951	-37.014700
	0.045778	-122.672555	115.161951	-37.014700
	0.045787	-123.426076	115.161951	-37.014700
	0.045797	-124.167901	115.161951	-37.014700
	0.045806	-124.887051	115.161951	-36.299500
	0.045816	-125.625804	115.161951	-35.703400
	0.045825	-126.475380	115.161951	-35.524600
	0.045835	-126.508659	115.161951	-35.465000
	0.045844	-126.287590	115.161951	-35.584200
	0.045854	-126.181259	115.161951	-35.584200
	0.045863	-126.620338	115.161951	-35.643800
	0.045873	-127.287253	115.161951	-35.584200
	0.045882	-127.613426	115.161951	-35.584200
	0.045892	-126.804532	115.161951	-35.524600
	0.045901	-126.709411	115.161951	-35.465000
	0.045910	-128.064379	115.161951	-35.345800
	0.045920	-127.757052	115.161951	-34.988200
	0.045929	-128.624913	115.161951	-34.869000
	0.045939	-127.257272	115.161951	-34.809300
	0.045948	-128.640018	115.161951	-34.869000
	0.045958	-127.633519	115.161951	-34.809300
	0.045967	-127.782519	115.161951	-34.809300
	0.045977	-127.116649	115.161951	-34.809300
	0.045986	-127.059662	115.161951	-34.809300
	0.045996	-127.488099	115.161951	-34.809300
	0.046005	-126.702915	115.161951	-34.630500
	0.046015	-128.837101	115.161951	-34.451700
	0.046024	-129.171539	115.161951	-34.392100
	0.046034	-127.625203	115.161951	-34.451700
	0.046043	-128.163738	115.161951	-34.451700
	0.046053	-127.494477	115.161951	-34.392100
	0.046062	-127.583365	115.161951	-34.451700
	0.046071	-128.793722	115.161951	-34.392100
	0.046081	-128.427866	115.161951	-34.392100
	0.046090	-129.465118	115.161951	-34.392100
	0.046100	-128.305064	115.161951	-34.332500
	0.046109	-128.617479	115.161951	-34.451700
	0.046119	-128.590528	115.161951	-34.392100
	0.046128	-129.419098	115.161951	-34.392100
	0.046138	-129.309532	115.161951	-34.451700
	0.046147	-129.584828	115.161951	-34.392100
	0.046157	-128.023646	115.161951	-34.332500
	0.046166	-129.353797	115.161951	-34.332500
	0.046176	-128.566228	115.161951	-34.511300
	0.046185	-129.291517	115.161951	-34.272900
	0.046195	-132.692569	115.161951	-33.557600
	0.046204	-132.384856	115.161951	-33.140400
	0.046213	-131.094866	115.161951	-33.080800
	0.046223	-131.562341	115.161951	-33.080800
	0.046232	-131.560633	115.161951	-33.080800
	0.046242	-131.370019	115.161951	-33.021200
	0.046251	-133.384234	115.161951	-32.902000
	0.046261	-133.615776	115.161951	-32.723200
	0.046270	-133.380584	115.161951	-32.663600
	0.046280	-132.868973	115.161951	-32.663600
	0.046289	-133.495342	115.161951	-32.663600
	0.046299	-132.934380	115.161951	-32.663600
	0.046308	-133.724631	115.161951	-32.604000
	0.046318	-133.355832	115.161951	-32.544400
	0.046327	-133.054204	115.161951	-32.425200
	0.046337	-133.379002	115.161951	-32.365600
	0.046346	-133.990813	115.161951	-32.365600
	0.046356	-134.183342	115.161951	-32.186700
	0.046365	-135.650723	115.161951	-32.127100
	0.046374	-134.658949	115.161951	-32.067500
	0.046384	-135.111434	115.161951	-32.007900
	0.046393	-134.143708	115.161951	-31.948300
	0.046403	-135.020054	115.161951	-31.888700
	0.046412	-134.608232	115.161951	-31.650300
	0.046422	-136.447948	115.161951	-31.113900
	0.046431	-136.507324	115.161951	-30.815800
	0.046441	-136.932964	115.161951	-30.696600
	0.046450	-135.439396	115.161951	-30.637000
	0.046460	-136.085222	115.161951	-30.637000
	0.046469	-135.900223	115.161951	-30.637000
	0.046479	-135.246058	115.161951	-30.577400
	0.046488	-136.277090	115.161951	-30.577400
	0.046498	-135.341571	115.161951	-30.577400
	0.046507	-136.305072	115.161951	-30.577400
	0.046516	-135.124905	115.161951	-30.577400
	0.046526	-135.773777	115.161951	-30.517800
	0.046535	-135.840141	115.161951	-30.577400
	0.046545	-134.591406	115.161951	-30.637000
	0.046554	-135.281301	115.161951	-30.637000
	0.046564	-134.951973	115.161951	-30.577400
	0.046573	-135.938042	115.161951	-30.577400
	0.046583	-135.437520	115.161951	-30.517800
	0.046592	-134.470235	115.161951	-30.577400
	0.046602	-135.983469	115.161951	-30.577400
	0.046611	-139.650614	115.161951	-29.683200
	0.046621	-142.562267	115.161951	-28.610300
	0.046630	-143.228695	115.161951	-28.431500
	0.046640	-142.456110	115.161951	-28.491100
	0.046649	-147.429272	115.161951	-27.835500
	0.046659	-147.440849	115.161951	-27.239400
	0.046668	-147.881721	115.161951	-27.060600
	0.046677	-147.210881	115.161951	-27.120200
	0.046687	-147.178543	115.161951	-27.120200
	0.046696	-146.995409	115.161951	-27.179800
	0.046706	-147.037974	115.161951	-27.179800
	0.046715	-147.017418	115.161951	-27.120200
	0.046725	-148.448754	115.161951	-27.179800
	0.046734	-147.284637	115.161951	-27.239400
	0.046744	-146.747175	115.161951	-27.239400
	0.046753	-146.854308	115.161951	-27.299000
	0.046763	-147.710840	115.161951	-27.299000
	0.046772	-146.861889	115.161951	-27.299000
	0.046782	-146.072845	115.161951	-27.299000
	0.046791	-148.203216	115.161951	-27.358600
	0.046801	-147.247955	115.161951	-27.299000
	0.046810	-148.286939	115.161951	-27.299000
	0.046819	-147.410258	115.161951	-27.299000
	0.046829	-146.825061	115.161951	-27.299000
	0.046838	-147.186454	115.161951	-27.299000
	0.046848	-147.589332	115.161951	-27.299000
	0.046857	-147.459323	115.161951	-27.358600
	0.046867	-147.276944	115.161951	-27.299000
	0.046876	-147.426849	115.161951	-27.299000
	0.046886	-147.638462	115.161951	-27.358600
	0.046895	-147.519075	115.161951	-27.358600
	0.046905	-147.754713	115.161951	-27.358600
	0.046914	-147.886324	115.161951	-27.358600
	0.046924	-147.288880	115.161951	-27.299000
	0.046933	-149.554499	115.161951	-27.060600
	0.046943	-149.196974	115.161951	-26.941400
	0.046952	-148.612120	115.161951	-26.941400
	0.046962	-149.468556	115.161951	-26.941400
	0.046971	-148.663333	115.161951	-26.822200
	0.046980	-148.986324	115.161951	-26.703000
	0.046990	-149.742917	115.161951	-26.583800
	0.046999	-149.514180	115.161951	-26.583800
	0.047009	-148.799810	115.161951	-26.524200
	0.047018	-149.225126	115.161951	-26.405000
	0.047028	-149.021414	115.161951	-26.345400
	0.047037	-148.886298	115.161951	-26.285800
	0.047047	-149.494150	115.161951	-26.345400
	0.047056	-149.775692	115.161951	-26.345400
	0.047066	-148.699151	115.161951	-26.345400
	0.047075	-148.881365	115.161951	-26.405000
	0.047085	-149.140487	115.161951	-26.524200
	0.047094	-148.927366	115.161951	-26.583800
	0.047104	-148.977576	115.161951	-26.643400
	0.047113	-149.422912	115.161951	-26.703000
	0.047122	-148.797650	115.161951	-26.703000
	0.047132	-148.740605	115.161951	-26.822200
	0.047141	-148.806340	115.161951	-26.703000
	0.047151	-149.782054	115.161951	-26.703000
	0.047160	-148.903153	115.161951	-26.762600
	0.047170	-148.817609	115.161951	-26.822200
	0.047179	-148.437631	115.161951	-26.762600
	0.047189	-148.680687	115.161951	-26.822200
	0.047198	-149.068613	115.161951	-26.822200
	0.047208	-149.261894	115.161951	-26.762600
	0.047217	-148.666999	115.161951	-26.762600
	0.047227	-147.328246	115.161951	-26.822200
	0.047236	-147.785629	115.161951	-26.762600
	0.047246	-148.283051	115.161951	-26.703000
	0.047255	-148.313883	115.161951	-26.703000
	0.047265	-149.652617	115.161951	-26.703000
	0.047274	-149.406912	115.161951	-26.703000
	0.047283	-150.369886	115.161951	-26.703000
	0.047293	-150.282680	115.161951	-26.703000
	0.047302	-149.984805	115.161951	-26.703000
	0.047312	-149.769423	115.161951	-26.703000
	0.047321	-151.125663	115.161951	-26.762600
	0.047331	-150.760648	115.161951	-26.703000
	0.047340	-150.111763	115.161951	-26.643400
	0.047350	-150.237408	115.161951	-26.524200
	0.047359	-154.974001	115.161951	-25.868500
	0.047369	-154.981958	115.161951	-25.332100
	0.047378	-153.976413	115.161951	-25.212900
	0.047388	-155.718215	115.161951	-25.212900
	0.047397	-154.819315	115.161951	-25.272500
	0.047407	-154.507681	115.161951	-25.212900
	0.047416	-154.643616	115.161951	-25.212900
	0.047425	-155.001400	115.161951	-25.212900
	0.047435	-156.043591	115.161951	-24.974500
	0.047444	-155.904592	115.161951	-24.497600
	0.047454	-156.096888	115.161951	-24.378400
	0.047463	-155.328034	115.161951	-24.318800
	0.047473	-155.227940	115.161951	-24.318800
	0.047482	-155.270144	115.161951	-24.378400
	0.047492	-155.095677	115.161951	-24.438000
	0.047501	-155.167602	115.161951	-24.438000
	0.047511	-154.132608	115.161951	-24.438000
	0.047520	-155.610207	115.161951	-24.497600
	0.047530	-154.517686	115.161951	-24.497600
	0.047539	-154.181120	115.161951	-24.497600
	0.047549	-154.810959	115.161951	-24.497600
	0.047558	-154.426496	115.161951	-24.497600
	0.047568	-155.355636	115.161951	-24.438000
	0.047577	-155.348847	115.161951	-24.497600
	0.047586	-155.134954	115.161951	-24.438000
	0.047596	-154.929044	115.161951	-24.438000
	0.047605	-153.816015	115.161951	-24.438000
	0.047615	-155.246830	115.161951	-24.378400
	0.047624	-155.393608	115.161951	-24.378400
	0.047634	-155.099566	115.161951	-24.318800
	0.047643	-155.526132	115.161951	-24.318800
	0.047653	-154.575471	115.161951	-24.318800
	0.047662	-154.015373	115.161951	-24.318800
	0.047672	-155.798554	115.161951	-24.318800
	0.047681	-154.255853	115.161951	-24.318800
	0.047691	-155.182467	115.161951	-24.259200
	0.047700	-156.073123	115.161951	-24.318800
	0.047710	-155.117080	115.161951	-24.318800
	0.047719	-156.190572	115.161951	-24.318800
	0.047728	-155.086328	115.161951	-24.199600
	0.047738	-156.241394	115.161951	-24.199600
	0.047747	-156.226812	115.161951	-24.199600
	0.047757	-154.854137	115.161951	-24.199600
	0.047766	-156.316990	115.161951	-24.259200
	0.047776	-156.116911	115.161951	-24.318800
	0.047785	-155.649269	115.161951	-24.259200
	0.047795	-155.933506	115.161951	-24.259200
	0.047804	-155.334642	115.161951	-24.259200
	0.047814	-155.480972	115.161951	-24.199600
	0.047823	-155.385663	115.161951	-24.259200
	0.047833	-155.027627	115.161951	-24.318800
	0.047842	-155.975925	115.161951	-24.259200
	0.047852	-155.230986	115.161951	-24.318800
	0.047861	-156.353012	115.161951	-24.318800
	0.047871	-154.762481	115.161951	-24.378400
	0.047880	-156.132562	115.161951	-24.378400
	0.047889	-154.925980	115.161951	-24.318800
	0.047899	-155.667283	115.161951	-24.318800
	0.047908	-155.554918	115.161951	-24.318800
	0.047918	-156.423362	115.161951	-24.318800
	0.047927	-154.689640	115.161951	-24.378400
	0.047937	-155.395179	115.161951	-24.378400
	0.047946	-156.215134	115.161951	-24.438000
	0.047956	-156.622184	115.161951	-24.438000
	0.047965	-156.099716	115.161951	-24.438000
	0.047975	-155.313325	115.161951	-24.438000
	0.047984	-155.965129	115.161951	-24.557200
	0.047994	-155.380283	115.161951	-24.557200
	0.048003	-155.304119	115.161951	-24.557200
	0.048013	-156.248169	115.161951	-24.497600
	0.048022	-155.874925	115.161951	-24.557200
	0.048031	-158.275205	115.161951	-24.140000
	0.048041	-160.253920	115.161951	-23.186300
	0.048050	-160.893861	115.161951	-22.947900
	0.048060	-161.393772	115.161951	-22.947900
	0.048069	-161.751428	115.161951	-22.888300
	0.048079	-161.285059	115.161951	-22.888300
	0.048088	-160.630723	115.161951	-22.947900
	0.048098	-161.980321	115.161951	-22.947900
	0.048107	-163.044359	115.161951	-22.411500
	0.048117	-164.946039	115.161951	-21.696200
	0.048126	-164.496886	115.161951	-21.577000
	0.048136	-165.222324	115.161951	-21.517400
	0.048145	-164.646084	115.161951	-21.457800
	0.048155	-164.840103	115.161951	-21.338600
	0.048164	-164.825684	115.161951	-21.338600
	0.048174	-164.608586	115.161951	-21.279000
	0.048183	-163.955996	115.161951	-21.279000
	0.048192	-164.461520	115.161951	-21.219400
	0.048202	-163.745083	115.161951	-21.219400
	0.048211	-163.923410	115.161951	-21.219400
	0.048221	-164.855552	115.161951	-21.159800
	0.048230	-164.301793	115.161951	-21.100200
	0.048240	-163.479518	115.161951	-21.100200
	0.048249	-163.779566	115.161951	-20.921300
	0.048259	-164.147085	115.161951	-20.682900
	0.048268	-164.788064	115.161951	-20.682900
	0.048278	-164.733509	115.161951	-20.623300
	0.048287	-164.838700	115.161951	-20.682900
	0.048297	-164.675821	115.161951	-20.682900
	0.048306	-166.147061	115.161951	-20.682900
	0.048316	-166.102788	115.161951	-20.682900
	0.048325	-166.580363	115.161951	-20.682900
	0.048334	-165.156811	115.161951	-20.623300
	0.048344	-165.211544	115.161951	-20.623300
	0.048353	-165.687030	115.161951	-20.563700
	0.048363	-166.354846	115.161951	-20.504100
	0.048372	-165.526609	115.161951	-20.563700
	0.048382	-166.455138	115.161951	-20.563700
	0.048391	-166.124095	115.161951	-20.623300
	0.048401	-165.768001	115.161951	-20.623300
	0.048410	-166.907135	115.161951	-20.265700
	0.048420	-167.612110	115.161951	-19.729300
	0.048429	-166.966652	115.161951	-19.610000
	0.048439	-168.005200	115.161951	-19.073600
	0.048448	-168.461516	115.161951	-18.716000
	0.048458	-168.868243	115.161951	-18.716000
	0.048467	-168.097336	115.161951	-18.716000
	0.048477	-168.185957	115.161951	-18.716000
	0.048486	-168.324486	115.161951	-18.716000
	0.048495	-167.316078	115.161951	-18.775600
	0.048505	-168.073652	115.161951	-18.775600
	0.048514	-169.207948	115.161951	-18.775600
	0.048524	-168.141395	115.161951	-18.835200
	0.048533	-168.170771	115.161951	-18.775600
	0.048543	-168.633016	115.161951	-18.656400
	0.048552	-168.149140	115.161951	-18.537200
	0.048562	-168.090853	115.161951	-18.418000
	0.048571	-167.584429	115.161951	-18.358300
	0.048581	-166.772524	115.161951	-18.358300
	0.048590	-167.984403	115.161951	-18.239100
	0.048600	-167.679182	115.161951	-18.239100
	0.048609	-168.006148	115.161951	-18.179500
	0.048619	-168.825992	115.161951	-18.179500
	0.048628	-167.610257	115.161951	-18.119900
	0.048637	-168.090902	115.161951	-18.119900
	0.048647	-168.554479	115.161951	-18.000700
	0.048656	-167.984985	115.161951	-17.941100
	0.048666	-167.758597	115.161951	-18.000700
	0.048675	-168.071259	115.161951	-17.941100
	0.048685	-166.919137	115.161951	-17.881500
	0.048694	-167.651806	115.161951	-17.941100
	0.048704	-168.825390	115.161951	-18.000700
	0.048713	-168.070097	115.161951	-18.119900
	0.048723	-168.749275	115.161951	-18.179500
	0.048732	-168.979805	115.161951	-18.179500
	0.048742	-168.302507	115.161951	-18.239100
	0.048751	-168.420496	115.161951	-18.358300
	0.048761	-168.582085	115.161951	-18.298700
	0.048770	-168.076278	115.161951	-18.298700
	0.048780	-168.647884	115.161951	-18.358300
	0.048789	-167.893336	115.161951	-18.477600
	0.048798	-168.595628	115.161951	-18.537200
	0.048808	-168.564816	115.161951	-18.656400
	0.048817	-168.498685	115.161951	-18.477600
	0.048827	-169.010706	115.161951	-18.119900
	0.048836	-170.397962	115.161951	-18.000700
	0.048846	-168.967205	115.161951	-18.000700
	0.048855	-170.582096	115.161951	-18.000700
	0.048865	-170.542348	115.161951	-18.000700
	0.048874	-169.267752	115.161951	-18.000700
	0.048884	-169.456396	115.161951	-18.000700
	0.048893	-169.919979	115.161951	-18.060300
	0.048903	-169.949057	115.161951	-18.000700
	0.048912	-171.202988	115.161951	-17.702700
	0.048922	-170.770057	115.161951	-17.643100
	0.048931	-171.544983	115.161951	-17.821900
	0.048940	-171.480618	115.161951	-18.000700
	0.048950	-172.546178	115.161951	-18.000700
	0.048959	-171.530488	115.161951	-18.060300
	0.048969	-171.194444	115.161951	-18.060300
	0.048978	-171.478001	115.161951	-17.941100
	0.048988	-170.688184	115.161951	-18.000700
	0.048997	-171.421027	115.161951	-18.060300
	0.049007	-171.960305	115.161951	-18.000700
	0.049016	-172.617301	115.161951	-18.060300
	0.049026	-171.483771	115.161951	-18.119900
	0.049035	-172.599560	115.161951	-18.060300
	0.049045	-172.056892	115.161951	-18.000700
	0.049054	-171.321642	115.161951	-18.000700
	0.049064	-171.295168	115.161951	-18.000700
	0.049073	-171.790433	115.161951	-17.941100
	0.049083	-170.552465	115.161951	-18.000700
	0.049092	-171.285574	115.161951	-18.060300
	0.049101	-172.377963	115.161951	-18.060300
	0.049111	-172.036858	115.161951	-18.119900
	0.049120	-171.769021	115.161951	-18.060300
	0.049130	-172.177343	115.161951	-17.941100
	0.049139	-171.609473	115.161951	-18.000700
	0.049149	-171.577427	115.161951	-18.000700
	0.049158	-171.704992	115.161951	-18.000700
	0.049168	-171.228106	115.161951	-18.000700
	0.049177	-172.001376	115.161951	-18.000700
	0.049187	-171.697827	115.161951	-18.000700
	0.049196	-171.850123	115.161951	-18.060300
	0.049206	-172.882061	115.161951	-18.060300
	0.049215	-172.143736	115.161951	-18.119900
	0.049225	-172.057787	115.161951	-18.119900
	0.049234	-171.970892	115.161951	-18.119900
	0.049243	-171.605878	115.161951	-18.179500
	0.049253	-172.622158	115.161951	-18.119900
	0.049262	-171.760607	115.161951	-18.000700
	0.049272	-170.710451	115.161951	-18.000700
	0.049281	-170.278725	115.161951	-18.000700
	0.049291	-171.411647	115.161951	-17.941100
	0.049300	-172.258734	115.161951	-18.000700
	0.049310	-170.290120	115.161951	-17.941100
	0.049319	-170.556162	115.161951	-18.000700
	0.049329	-171.140781	115.161951	-18.060300
	0.049338	-171.450279	115.161951	-18.060300
	0.049348	-170.772769	115.161951	-18.060300
	0.049357	-170.679182	115.161951	-18.060300
	0.049367	-170.521649	115.161951	-18.060300
	0.049376	-171.789433	115.161951	-18.119900
	0.049386	-172.235135	115.161951	-18.060300
	0.049395	-172.003202	115.161951	-18.060300
	0.049404	-171.894190	115.161951	-18.000700
	0.049414	-171.549391	115.161951	-18.060300
	0.049423	-171.259663	115.161951	-18.000700
	0.049433	-171.293604	115.161951	-18.119900
	0.049442	-171.341300	115.161951	-18.060300
	0.049452	-170.875067	115.161951	-18.060300
	0.049461	-171.717248	115.161951	-18.060300
	0.049471	-170.866117	115.161951	-18.000700
	0.049480	-172.092417	115.161951	-17.941100
	0.049490	-171.820361	115.161951	-17.941100
	0.049499	-171.816520	115.161951	-17.941100
	0.049509	-172.479350	115.161951	-17.821900
	0.049518	-171.339451	115.161951	-17.821900
	0.049528	-172.066242	115.161951	-17.762300
	0.049537	-170.773968	115.161951	-17.702700
	0.049546	-172.314675	115.161951	-17.643100
	0.049556	-172.601361	115.161951	-17.643100
	0.049565	-171.028424	115.161951	-17.702700
	0.049575	-171.463177	115.161951	-17.643100
	0.049584	-172.387248	115.161951	-17.523900
	0.049594	-171.358364	115.161951	-17.285500
	0.049603	-174.364413	115.161951	-16.510600
	0.049613	-173.968152	115.161951	-16.272200
	0.049622	-174.231973	115.161951	-16.331800
	0.049632	-173.571881	115.161951	-16.272200
	0.049641	-173.709773	115.161951	-16.272200
	0.049651	-172.885480	115.161951	-16.331800
	0.049660	-173.357337	115.161951	-16.451000
	0.049670	-174.909706	115.161951	-16.331800
	0.049679	-174.380726	115.161951	-16.093400
	0.049689	-174.168713	115.161951	-16.033800
	0.049698	-175.373926	115.161951	-15.855000
	0.049707	-175.110335	115.161951	-15.616500
	0.049717	-175.290621	115.161951	-15.556900
	0.049726	-176.079322	115.161951	-15.556900
	0.049736	-175.720031	115.161951	-15.497300
	0.049745	-175.600190	115.161951	-15.437700
	0.049755	-174.830960	115.161951	-15.437700
	0.049764	-175.667017	115.161951	-15.378100
	0.049774	-175.086090	115.161951	-15.318500
	0.049783	-175.803445	115.161951	-15.318500
	0.049793	-176.927882	115.161951	-15.378100
	0.049802	-176.106675	115.161951	-15.378100
	0.049812	-175.839429	115.161951	-15.258900
	0.049821	-176.995704	115.161951	-15.258900
	0.049831	-175.331751	115.161951	-15.258900
	0.049840	-176.523889	115.161951	-14.841600
	0.049849	-178.645310	115.161951	-14.603200
	0.049859	-178.018811	115.161951	-14.543600
	0.049868	-178.680271	115.161951	-14.484000
	0.049878	-179.207875	115.161951	-14.543600
	0.049887	-178.418041	115.161951	-14.484000
	0.049897	-178.733742	115.161951	-14.543600
	0.049906	-179.435885	115.161951	-14.543600
	0.049916	-179.122312	115.161951	-14.603200
	0.049925	-177.795275	115.161951	-14.722400
	0.049935	-178.946571	115.161951	-14.722400
	0.049944	-179.634461	115.161951	-14.722400
	0.049954	-179.517014	115.161951	-14.782000
	0.049963	-178.982668	115.161951	-14.782000
	0.049973	-178.620668	115.161951	-14.782000
	0.049982	-179.229422	115.161951	-14.782000
	0.049991	-178.891824	115.161951	-14.722400
	0.050001	-178.802742	115.161951	-14.603200
	0.050010	-178.830811	115.161951	-14.603200
	0.050020	-179.323711	115.161951	-14.603200
	0.050029	-179.064293	115.161951	-14.603200
	0.050039	-179.193892	115.161951	-14.603200
	0.050048	-178.830802	115.161951	-14.484000
	0.050058	-178.891469	115.161951	-14.484000
	0.050067	-178.714328	115.161951	-14.603200
	0.050077	-180.338811	115.161951	-14.662800
	0.050086	-179.984933	115.161951	-14.722400
	0.050096	-180.011538	115.161951	-14.722400
	0.050105	-180.098802	115.161951	-14.722400
	0.050115	-180.258075	115.161951	-14.782000
	0.050124	-179.797208	115.161951	-14.782000
	0.050134	-179.653451	115.161951	-14.782000
	0.050143	-178.875076	115.161951	-14.722400
	0.050152	-180.076773	115.161951	-14.722400
	0.050162	-179.574334	115.161951	-14.662800
	0.050171	-179.382755	115.161951	-14.722400
	0.050181	-180.146212	115.161951	-14.722400
	0.050190	-179.763187	115.161951	-14.722400
	0.050200	-178.566522	115.161951	-14.603200
	0.050209	-178.681751	115.161951	-14.484000
	0.050219	-180.282193	115.161951	-14.484000
	0.050228	-178.224794	115.161951	-14.424400
	0.050238	-178.842530	115.161951	-14.305200
	0.050247	-178.945440	115.161951	-14.305200
	0.050257	-179.448410	115.161951	-14.305200
	0.050266	-179.014488	115.161951	-14.245600
	0.050276	-178.039633	115.161951	-14.245600
	0.050285	-178.803815	115.161951	-14.186000
	0.050294	-178.471502	115.161951	-14.186000
	0.050304	-179.226887	115.161951	-14.186000
	0.050313	-178.601622	115.161951	-14.186000
	0.050323	-178.478589	115.161951	-14.126400
	0.050332	-178.144237	115.161951	-14.066800
	0.050342	-179.349349	115.161951	-14.007100
	0.050351	-179.731218	115.161951	-13.947500
	0.050361	-179.883198	115.161951	-13.947500
	0.050370	-179.312241	115.161951	-13.947500
	0.050380	-179.635540	115.161951	-13.947500
	0.050389	-179.641802	115.161951	-13.947500
	0.050399	-179.463933	115.161951	-13.947500
	0.050408	-179.176630	115.161951	-13.947500
	0.050418	-179.732941	115.161951	-13.947500
	0.050427	-179.377190	115.161951	-13.828300
	0.050437	-179.085396	115.161951	-13.828300
	0.050446	-178.540346	115.161951	-13.768700
	0.050455	-178.282269	115.161951	-13.768700
	0.050465	-179.068475	115.161951	-13.709100
	0.050474	-179.145067	115.161951	-13.709100
	0.050484	-178.505381	115.161951	-13.709100
