	-0.071022	0.132458	115.161951	-50.068100
	-0.068270	0.297413	115.161951	-50.068100
	-0.065518	0.033697	115.161951	-50.187300
	-0.062767	-0.337458	115.161951	-50.366200
	-0.060015	-0.011340	115.161951	-50.604600
	-0.057264	-1.374496	115.161951	-50.664200
	-0.054512	-0.567399	115.161951	-50.962200
	-0.051760	-0.230014	115.161951	-51.141000
	-0.049009	-1.416312	115.161951	-51.439000
	-0.046257	-0.608410	115.161951	-51.737100
	-0.043506	-1.779138	115.161951	-51.975500
	-0.040754	-1.518596	115.161951	-52.273500
	-0.038002	-2.131010	115.161951	-52.631100
	-0.035251	-1.303637	115.161951	-52.929200
	-0.032499	-1.951977	115.161951	-53.346400
	-0.029748	-2.571779	115.161951	-53.823200
	-0.026996	-2.875611	115.161951	-54.240500
	-0.024245	-2.735479	115.161951	-54.717300
	-0.021493	-2.929395	115.161951	-55.074900
	-0.018741	-2.895407	115.161951	-55.671000
	-0.015990	-4.238441	115.161951	-56.207400
	-0.013238	-3.143384	115.161951	-56.743900
	-0.010487	-3.232521	115.161951	-57.339900
	-0.007735	-4.515861	115.161951	-58.174400
	-0.004984	-4.476511	115.161951	-58.889600
	-0.002232	-5.324461	115.161951	-59.664500
	0.000520	-4.607865	115.161951	-60.737400
	0.003271	-4.782731	115.161951	-61.512500
	0.006023	-6.726173	115.161951	-62.346900
	0.008774	-6.573932	115.161951	-63.419800
	0.011526	-7.605674	115.161951	-65.148300
	0.014278	-7.527339	115.161951	-66.280800
	0.017029	-7.521627	115.161951	-67.770900
	0.019781	-8.900104	115.161951	-69.559100
	0.022532	-9.605687	115.161951	-71.466400
	0.025284	-10.440492	115.161951	-75.161900
	0.028036	-11.514336	115.161951	-77.784500
	0.030787	-12.845373	115.161951	-80.705200
	0.033539	-15.695736	115.161951	-85.533100
	0.036290	-16.417570	115.161951	-92.983700
	0.036290	-21.360440	115.161951	-97.573300
	0.036300	-21.353813	115.161951	-98.825000
	0.036309	-19.579969	115.161951	-99.123000
	0.036319	-21.018174	115.161951	-99.182600
	0.036328	-22.476349	115.161951	-99.242200
	0.036338	-20.847710	115.161951	-99.301800
	0.036347	-20.634968	115.161951	-99.361400
	0.036357	-21.743994	115.161951	-99.301800
	0.036366	-20.386250	115.161951	-99.301800
	0.036376	-21.898885	115.161951	-99.301800
	0.036385	-21.445345	115.161951	-99.361400
	0.036394	-21.785110	115.161951	-99.301800
	0.036404	-21.435362	115.161951	-99.361400
	0.036413	-20.649809	115.161951	-99.361400
	0.036423	-21.951396	115.161951	-99.421000
	0.036432	-22.378047	115.161951	-99.421000
	0.036442	-23.393270	115.161951	-99.421000
	0.036451	-21.435651	115.161951	-99.480600
	0.036461	-22.365716	115.161951	-99.480600
	0.036470	-21.917069	115.161951	-99.480600
	0.036480	-22.163079	115.161951	-99.540200
	0.036489	-22.469510	115.161951	-99.599800
	0.036499	-22.265482	115.161951	-99.540200
	0.036508	-22.242512	115.161951	-99.540200
	0.036518	-21.069507	115.161951	-99.480600
	0.036527	-21.656200	115.161951	-99.421000
	0.036537	-21.927677	115.161951	-99.480600
	0.036546	-22.429909	115.161951	-99.480600
	0.036555	-20.947796	115.161951	-99.540200
	0.036565	-21.409768	115.161951	-99.540200
	0.036574	-21.283972	115.161951	-99.540200
	0.036584	-21.252076	115.161951	-99.599800
	0.036593	-20.288748	115.161951	-99.599800
	0.036603	-22.000795	115.161951	-99.599800
	0.036612	-21.385706	115.161951	-99.599800
	0.036622	-19.242542	115.161951	-99.599800
	0.036631	-20.721729	115.161951	-99.599800
	0.036641	-20.938796	115.161951	-99.599800
	0.036650	-21.728749	115.161951	-99.719000
	0.036660	-22.064227	115.161951	-99.719000
	0.036669	-22.012319	115.161951	-99.599800
	0.036679	-22.140055	115.161951	-99.599800
	0.036688	-21.446661	115.161951	-99.719000
	0.036697	-20.949412	115.161951	-99.719000
	0.036707	-21.262191	115.161951	-99.719000
	0.036716	-22.248960	115.161951	-99.719000
	0.036726	-21.284967	115.161951	-99.719000
	0.036735	-21.978503	115.161951	-99.719000
	0.036745	-21.625517	115.161951	-99.778600
	0.036754	-20.681540	115.161951	-99.838200
	0.036764	-22.429505	115.161951	-99.838200
	0.036773	-21.915190	115.161951	-99.778600
	0.036783	-21.885411	115.161951	-99.778600
	0.036792	-22.727586	115.161951	-99.778600
	0.036802	-22.225590	115.161951	-99.838200
	0.036811	-21.306036	115.161951	-99.838200
	0.036821	-21.422859	115.161951	-99.897900
	0.036830	-21.105757	115.161951	-99.897900
	0.036840	-20.992555	115.161951	-99.897900
	0.036849	-20.895230	115.161951	-99.838200
	0.036858	-20.320641	115.161951	-99.778600
	0.036868	-21.284772	115.161951	-99.778600
	0.036877	-21.550325	115.161951	-99.778600
	0.036887	-21.235211	115.161951	-99.838200
	0.036896	-21.237563	115.161951	-99.897900
	0.036906	-22.566192	115.161951	-99.838200
	0.036915	-21.627248	115.161951	-99.838200
	0.036925	-22.180332	115.161951	-99.778600
	0.036934	-20.664725	115.161951	-99.838200
	0.036944	-21.335566	115.161951	-99.838200
	0.036953	-22.094629	115.161951	-99.838200
	0.036963	-21.795914	115.161951	-99.838200
	0.036972	-21.914136	115.161951	-99.838200
	0.036982	-21.213311	115.161951	-99.838200
	0.036991	-21.250399	115.161951	-99.838200
	0.037000	-21.025550	115.161951	-99.897900
	0.037010	-20.305817	115.161951	-99.897900
	0.037019	-20.710631	115.161951	-99.897900
	0.037029	-20.461186	115.161951	-99.897900
	0.037038	-21.317860	115.161951	-99.897900
	0.037048	-22.134156	115.161951	-99.897900
	0.037057	-22.689583	115.161951	-99.897900
	0.037067	-21.108850	115.161951	-99.957500
	0.037076	-21.785357	115.161951	-99.957500
	0.037086	-22.814521	115.161951	-99.897900
	0.037095	-21.763041	115.161951	-99.957500
	0.037105	-21.328931	115.161951	-100.017000
	0.037114	-22.185734	115.161951	-99.957500
	0.037124	-21.661960	115.161951	-99.957500
	0.037133	-22.322251	115.161951	-99.957500
	0.037143	-22.142329	115.161951	-100.017000
	0.037152	-21.698858	115.161951	-99.957500
	0.037161	-22.081079	115.161951	-99.957500
	0.037171	-22.033309	115.161951	-99.897900
	0.037180	-20.811130	115.161951	-99.838200
	0.037190	-22.118233	115.161951	-99.897900
	0.037199	-21.228693	115.161951	-99.957500
	0.037209	-22.341410	115.161951	-100.017000
	0.037218	-21.479281	115.161951	-100.017000
	0.037228	-21.211922	115.161951	-99.957500
	0.037237	-21.370738	115.161951	-100.017000
	0.037247	-21.388350	115.161951	-100.017000
	0.037256	-21.806328	115.161951	-99.957500
	0.037266	-21.821952	115.161951	-99.957500
	0.037275	-22.628949	115.161951	-100.017000
	0.037285	-21.996277	115.161951	-100.077000
	0.037294	-21.645709	115.161951	-100.136000
	0.037303	-21.697224	115.161951	-100.136000
	0.037313	-21.185582	115.161951	-100.136000
	0.037322	-21.386393	115.161951	-100.196000
	0.037332	-20.994172	115.161951	-100.196000
	0.037341	-21.681185	115.161951	-100.196000
	0.037351	-21.017329	115.161951	-100.255000
	0.037360	-21.534329	115.161951	-100.315000
	0.037370	-22.261631	115.161951	-100.255000
	0.037379	-22.023733	115.161951	-100.315000
	0.037389	-20.879173	115.161951	-100.315000
	0.037398	-21.566489	115.161951	-100.315000
	0.037408	-21.628502	115.161951	-100.315000
	0.037417	-21.916311	115.161951	-100.315000
	0.037427	-21.394434	115.161951	-100.315000
	0.037436	-20.947778	115.161951	-100.375000
	0.037446	-21.950948	115.161951	-100.375000
	0.037455	-20.904074	115.161951	-100.375000
	0.037464	-20.572069	115.161951	-100.434000
	0.037474	-20.869001	115.161951	-100.434000
	0.037483	-20.666730	115.161951	-100.434000
	0.037493	-21.332562	115.161951	-100.434000
	0.037502	-21.524287	115.161951	-100.434000
	0.037512	-21.378794	115.161951	-100.434000
	0.037521	-21.243095	115.161951	-100.375000
	0.037531	-20.427225	115.161951	-100.434000
	0.037540	-21.375763	115.161951	-100.554000
	0.037550	-22.147583	115.161951	-100.554000
	0.037559	-21.342244	115.161951	-100.554000
	0.037569	-22.018839	115.161951	-100.554000
	0.037578	-21.410616	115.161951	-100.494000
	0.037588	-22.963038	115.161951	-100.554000
	0.037597	-23.247328	115.161951	-100.613000
	0.037606	-23.338981	115.161951	-100.673000
	0.037616	-21.943198	115.161951	-100.673000
	0.037625	-22.059180	115.161951	-100.613000
	0.037635	-22.433776	115.161951	-100.673000
	0.037644	-22.627830	115.161951	-100.673000
	0.037654	-21.585320	115.161951	-100.673000
	0.037663	-22.160691	115.161951	-100.792000
	0.037673	-22.425135	115.161951	-100.792000
	0.037682	-22.007110	115.161951	-100.852000
	0.037692	-23.130202	115.161951	-100.911000
	0.037701	-22.402262	115.161951	-100.911000
	0.037711	-22.406376	115.161951	-100.971000
	0.037720	-21.878538	115.161951	-100.971000
	0.037730	-22.045636	115.161951	-100.971000
	0.037739	-22.819817	115.161951	-100.971000
	0.037748	-21.731301	115.161951	-101.030000
	0.037758	-22.147355	115.161951	-101.090000
	0.037767	-22.527254	115.161951	-101.150000
	0.037777	-22.628545	115.161951	-101.209000
	0.037786	-22.558764	115.161951	-101.209000
	0.037796	-22.373769	115.161951	-101.209000
	0.037805	-22.023502	115.161951	-101.269000
	0.037815	-21.409149	115.161951	-101.209000
	0.037824	-22.285429	115.161951	-101.209000
	0.037834	-22.118775	115.161951	-101.209000
	0.037843	-23.200449	115.161951	-101.209000
	0.037853	-22.218021	115.161951	-101.269000
	0.037862	-21.846310	115.161951	-101.269000
	0.037872	-22.088183	115.161951	-101.209000
	0.037881	-22.023646	115.161951	-101.269000
	0.037891	-21.160326	115.161951	-101.328000
	0.037900	-21.841987	115.161951	-101.269000
	0.037909	-22.112773	115.161951	-101.209000
	0.037919	-22.423040	115.161951	-101.209000
	0.037928	-21.330743	115.161951	-101.269000
	0.037938	-21.995262	115.161951	-101.328000
	0.037947	-23.060416	115.161951	-101.328000
	0.037957	-20.859182	115.161951	-101.328000
	0.037966	-21.902115	115.161951	-101.328000
	0.037976	-22.071406	115.161951	-101.328000
	0.037985	-21.930198	115.161951	-101.328000
	0.037995	-21.003610	115.161951	-101.388000
	0.038004	-21.714588	115.161951	-101.448000
	0.038014	-21.753619	115.161951	-101.448000
	0.038023	-21.727155	115.161951	-101.388000
	0.038033	-21.710668	115.161951	-101.388000
	0.038042	-23.031780	115.161951	-101.448000
	0.038051	-22.052309	115.161951	-101.448000
	0.038061	-22.404042	115.161951	-101.388000
	0.038070	-21.746737	115.161951	-101.328000
	0.038080	-23.135556	115.161951	-101.448000
	0.038089	-23.325573	115.161951	-101.507000
	0.038099	-23.184306	115.161951	-101.507000
	0.038108	-22.120030	115.161951	-101.507000
	0.038118	-23.287070	115.161951	-101.567000
	0.038127	-23.434009	115.161951	-101.567000
	0.038137	-23.238239	115.161951	-101.626000
	0.038146	-23.346728	115.161951	-101.686000
	0.038156	-23.035284	115.161951	-101.686000
	0.038165	-23.014090	115.161951	-101.626000
	0.038175	-22.990080	115.161951	-101.686000
	0.038184	-23.742191	115.161951	-101.686000
	0.038194	-23.254262	115.161951	-101.686000
	0.038203	-23.496313	115.161951	-101.746000
	0.038212	-23.005990	115.161951	-101.746000
	0.038222	-22.081327	115.161951	-101.805000
	0.038231	-22.539797	115.161951	-101.805000
	0.038241	-23.880153	115.161951	-101.805000
	0.038250	-23.895555	115.161951	-101.805000
	0.038260	-23.610612	115.161951	-101.686000
	0.038269	-23.594065	115.161951	-101.686000
	0.038279	-23.283712	115.161951	-101.686000
	0.038288	-23.857994	115.161951	-101.746000
	0.038298	-22.962287	115.161951	-101.746000
	0.038307	-23.008869	115.161951	-101.746000
	0.038317	-23.937435	115.161951	-101.746000
	0.038326	-24.725116	115.161951	-101.746000
	0.038336	-23.317271	115.161951	-101.746000
	0.038345	-24.290200	115.161951	-101.805000
	0.038354	-23.468571	115.161951	-101.865000
	0.038364	-24.158282	115.161951	-101.865000
	0.038373	-23.930657	115.161951	-101.865000
	0.038383	-23.697006	115.161951	-101.805000
	0.038392	-23.559656	115.161951	-101.865000
	0.038402	-24.044694	115.161951	-101.805000
	0.038411	-23.237632	115.161951	-101.805000
	0.038421	-24.080214	115.161951	-101.746000
	0.038430	-23.545048	115.161951	-101.746000
	0.038440	-22.851662	115.161951	-101.805000
	0.038449	-23.399975	115.161951	-101.865000
	0.038459	-24.074372	115.161951	-101.924000
	0.038468	-23.482252	115.161951	-101.924000
	0.038478	-22.745970	115.161951	-101.924000
	0.038487	-23.972976	115.161951	-102.044000
	0.038497	-22.778031	115.161951	-102.044000
	0.038506	-23.085691	115.161951	-102.044000
	0.038515	-22.448123	115.161951	-102.044000
	0.038525	-21.934281	115.161951	-102.044000
	0.038534	-23.077220	115.161951	-102.044000
	0.038544	-22.549396	115.161951	-102.103000
	0.038553	-21.708998	115.161951	-102.103000
	0.038563	-22.996391	115.161951	-102.163000
	0.038572	-22.085742	115.161951	-102.282000
	0.038582	-23.232414	115.161951	-102.222000
	0.038591	-22.847055	115.161951	-102.222000
	0.038601	-21.984587	115.161951	-102.282000
	0.038610	-23.052263	115.161951	-102.282000
	0.038620	-22.143425	115.161951	-102.342000
	0.038629	-22.830955	115.161951	-102.282000
	0.038639	-22.141005	115.161951	-102.342000
	0.038648	-22.100036	115.161951	-102.342000
	0.038657	-22.827091	115.161951	-102.342000
	0.038667	-23.246754	115.161951	-102.401000
	0.038676	-23.686433	115.161951	-102.401000
	0.038686	-23.950433	115.161951	-102.461000
	0.038695	-23.481382	115.161951	-102.461000
	0.038705	-24.420307	115.161951	-102.401000
	0.038714	-22.268561	115.161951	-102.520000
	0.038724	-23.699586	115.161951	-102.580000
	0.038733	-23.745006	115.161951	-102.640000
	0.038743	-24.147345	115.161951	-102.640000
	0.038752	-22.771377	115.161951	-102.699000
	0.038762	-23.486020	115.161951	-102.699000
	0.038771	-23.135715	115.161951	-102.759000
	0.038781	-23.630540	115.161951	-102.699000
	0.038790	-22.564811	115.161951	-102.759000
	0.038800	-23.203262	115.161951	-102.818000
	0.038809	-21.744404	115.161951	-102.878000
	0.038818	-22.791568	115.161951	-102.938000
	0.038828	-23.033315	115.161951	-102.878000
	0.038837	-22.316940	115.161951	-102.878000
	0.038847	-22.540154	115.161951	-102.938000
	0.038856	-22.254441	115.161951	-102.938000
	0.038866	-23.877813	115.161951	-102.938000
	0.038875	-22.327286	115.161951	-102.938000
	0.038885	-22.745601	115.161951	-102.997000
	0.038894	-21.985229	115.161951	-103.117000
	0.038904	-23.415364	115.161951	-103.117000
	0.038913	-22.827943	115.161951	-103.117000
	0.038923	-22.449016	115.161951	-103.117000
	0.038932	-23.046148	115.161951	-103.117000
	0.038942	-23.518958	115.161951	-103.057000
	0.038951	-22.425640	115.161951	-103.117000
	0.038960	-23.229574	115.161951	-103.176000
	0.038970	-24.038118	115.161951	-103.176000
	0.038979	-24.797911	115.161951	-103.236000
	0.038989	-23.468590	115.161951	-103.176000
	0.038998	-24.110477	115.161951	-103.057000
	0.039008	-23.913726	115.161951	-103.057000
	0.039017	-23.924739	115.161951	-103.176000
	0.039027	-23.854858	115.161951	-103.176000
	0.039036	-23.868048	115.161951	-103.236000
	0.039046	-23.450881	115.161951	-103.236000
	0.039055	-24.931813	115.161951	-103.176000
	0.039065	-23.510574	115.161951	-103.176000
	0.039074	-24.363668	115.161951	-103.176000
	0.039084	-24.775949	115.161951	-103.176000
	0.039093	-23.879034	115.161951	-103.236000
	0.039103	-23.544058	115.161951	-103.295000
	0.039112	-23.855499	115.161951	-103.295000
	0.039121	-24.558364	115.161951	-103.295000
	0.039131	-22.849176	115.161951	-103.355000
	0.039140	-24.230691	115.161951	-103.474000
	0.039150	-24.421697	115.161951	-103.474000
	0.039159	-24.927936	115.161951	-103.415000
	0.039169	-24.160468	115.161951	-103.295000
	0.039178	-24.052819	115.161951	-103.295000
	0.039188	-25.851072	115.161951	-103.415000
	0.039197	-24.659008	115.161951	-103.415000
	0.039207	-24.895761	115.161951	-103.474000
	0.039216	-24.881842	115.161951	-103.474000
	0.039226	-23.773597	115.161951	-103.534000
	0.039235	-23.740885	115.161951	-103.534000
	0.039245	-23.983070	115.161951	-103.534000
	0.039254	-24.145779	115.161951	-103.534000
	0.039263	-24.112249	115.161951	-103.593000
	0.039273	-24.290885	115.161951	-103.474000
	0.039282	-23.895767	115.161951	-103.474000
	0.039292	-24.837155	115.161951	-103.474000
	0.039301	-24.071991	115.161951	-103.534000
	0.039311	-24.128277	115.161951	-103.474000
	0.039320	-24.910705	115.161951	-103.474000
	0.039330	-24.931037	115.161951	-103.474000
	0.039339	-25.403038	115.161951	-103.534000
	0.039349	-24.303116	115.161951	-103.534000
	0.039358	-25.285232	115.161951	-103.534000
	0.039368	-25.428115	115.161951	-103.474000
	0.039377	-24.293397	115.161951	-103.474000
	0.039387	-25.278447	115.161951	-103.534000
	0.039396	-25.433121	115.161951	-103.593000
	0.039406	-24.298249	115.161951	-103.593000
	0.039415	-25.307906	115.161951	-103.534000
	0.039424	-25.003672	115.161951	-103.593000
	0.039434	-24.212890	115.161951	-103.653000
	0.039443	-25.409560	115.161951	-103.653000
	0.039453	-25.373938	115.161951	-103.653000
	0.039462	-25.590027	115.161951	-103.653000
	0.039472	-26.474291	115.161951	-103.653000
	0.039481	-25.038130	115.161951	-103.653000
	0.039491	-25.500233	115.161951	-103.713000
	0.039500	-24.785084	115.161951	-103.713000
	0.039510	-25.401338	115.161951	-103.772000
	0.039519	-24.796843	115.161951	-103.772000
	0.039529	-25.766707	115.161951	-103.772000
	0.039538	-24.963090	115.161951	-103.832000
	0.039548	-25.831227	115.161951	-103.832000
	0.039557	-25.850034	115.161951	-103.832000
	0.039566	-26.284630	115.161951	-103.832000
	0.039576	-26.883815	115.161951	-103.891000
	0.039585	-27.101409	115.161951	-103.951000
	0.039595	-26.481512	115.161951	-104.011000
	0.039604	-25.171991	115.161951	-104.070000
	0.039614	-26.310800	115.161951	-104.070000
	0.039623	-25.883115	115.161951	-104.070000
	0.039633	-26.031878	115.161951	-104.070000
	0.039642	-26.160792	115.161951	-104.070000
	0.039652	-25.626548	115.161951	-104.130000
	0.039661	-26.514523	115.161951	-104.130000
	0.039671	-26.272795	115.161951	-104.130000
	0.039680	-25.924616	115.161951	-104.189000
	0.039690	-25.492376	115.161951	-104.189000
	0.039699	-26.109996	115.161951	-104.249000
	0.039709	-24.245397	115.161951	-104.189000
	0.039718	-25.160480	115.161951	-104.189000
	0.039727	-25.376255	115.161951	-104.189000
	0.039737	-25.764980	115.161951	-104.249000
	0.039746	-26.133048	115.161951	-104.309000
	0.039756	-25.969610	115.161951	-104.309000
	0.039765	-25.175036	115.161951	-104.309000
	0.039775	-25.727927	115.161951	-104.309000
	0.039784	-25.224526	115.161951	-104.309000
	0.039794	-25.100581	115.161951	-104.368000
	0.039803	-26.099036	115.161951	-104.368000
	0.039813	-24.873750	115.161951	-104.428000
	0.039822	-25.270300	115.161951	-104.368000
	0.039832	-25.865914	115.161951	-104.428000
	0.039841	-26.007339	115.161951	-104.428000
	0.039851	-24.272485	115.161951	-104.428000
	0.039860	-25.372490	115.161951	-104.428000
	0.039869	-25.631150	115.161951	-104.487000
	0.039879	-25.655372	115.161951	-104.547000
	0.039888	-26.121820	115.161951	-104.607000
	0.039898	-26.220737	115.161951	-104.607000
	0.039907	-25.123972	115.161951	-104.607000
	0.039917	-26.720444	115.161951	-104.607000
	0.039926	-25.788991	115.161951	-104.607000
	0.039936	-24.704551	115.161951	-104.607000
	0.039945	-25.467681	115.161951	-104.607000
	0.039955	-25.159464	115.161951	-104.666000
	0.039964	-25.215162	115.161951	-104.666000
	0.039974	-25.918205	115.161951	-104.726000
	0.039983	-25.558644	115.161951	-104.785000
	0.039993	-23.536820	115.161951	-104.845000
	0.040002	-25.730781	115.161951	-104.845000
	0.040012	-24.979193	115.161951	-104.845000
	0.040021	-24.871681	115.161951	-104.845000
	0.040030	-25.096717	115.161951	-104.845000
	0.040040	-24.842952	115.161951	-104.905000
	0.040049	-24.653286	115.161951	-104.964000
	0.040059	-25.102073	115.161951	-104.964000
	0.040068	-24.653192	115.161951	-104.964000
	0.040078	-25.908236	115.161951	-104.964000
	0.040087	-26.378372	115.161951	-104.964000
	0.040097	-25.905068	115.161951	-105.024000
	0.040106	-25.716876	115.161951	-105.083000
	0.040116	-24.690021	115.161951	-105.083000
	0.040125	-25.320065	115.161951	-105.083000
	0.040135	-25.462421	115.161951	-105.143000
	0.040144	-25.844260	115.161951	-105.143000
	0.040154	-26.241949	115.161951	-105.143000
	0.040163	-25.346286	115.161951	-105.203000
	0.040172	-25.877487	115.161951	-105.143000
	0.040182	-26.251564	115.161951	-105.143000
	0.040191	-25.303911	115.161951	-105.203000
	0.040201	-26.378154	115.161951	-105.262000
	0.040210	-26.033971	115.161951	-105.262000
	0.040220	-24.433521	115.161951	-105.262000
	0.040229	-26.744720	115.161951	-105.203000
	0.040239	-24.888793	115.161951	-105.203000
	0.040248	-26.386189	115.161951	-105.203000
	0.040258	-25.440332	115.161951	-105.203000
	0.040267	-26.645920	115.161951	-105.203000
	0.040277	-26.233310	115.161951	-105.262000
	0.040286	-26.425068	115.161951	-105.381000
	0.040296	-26.065212	115.161951	-105.381000
	0.040305	-26.099809	115.161951	-105.381000
	0.040315	-24.974462	115.161951	-105.381000
	0.040324	-25.323408	115.161951	-105.381000
	0.040333	-25.420255	115.161951	-105.441000
	0.040343	-25.759255	115.161951	-105.501000
	0.040352	-25.675144	115.161951	-105.501000
	0.040362	-25.229921	115.161951	-105.560000
	0.040371	-26.081473	115.161951	-105.501000
	0.040381	-26.182016	115.161951	-105.501000
	0.040390	-26.399547	115.161951	-105.560000
	0.040400	-26.176697	115.161951	-105.560000
	0.040409	-26.431874	115.161951	-105.501000
	0.040419	-27.176071	115.161951	-105.560000
	0.040428	-26.251438	115.161951	-105.560000
	0.040438	-26.640403	115.161951	-105.680000
	0.040447	-25.903973	115.161951	-105.680000
	0.040457	-26.607240	115.161951	-105.560000
	0.040466	-25.485333	115.161951	-105.620000
	0.040475	-26.148959	115.161951	-105.560000
	0.040485	-26.378822	115.161951	-105.620000
	0.040494	-25.816153	115.161951	-105.739000
	0.040504	-26.437997	115.161951	-105.739000
	0.040513	-24.779452	115.161951	-105.739000
	0.040523	-27.115280	115.161951	-105.739000
	0.040532	-26.217899	115.161951	-105.799000
	0.040542	-25.174022	115.161951	-105.918000
	0.040551	-26.980390	115.161951	-105.978000
	0.040561	-25.074467	115.161951	-106.037000
	0.040570	-25.849846	115.161951	-106.037000
	0.040580	-25.764466	115.161951	-106.037000
	0.040589	-26.076580	115.161951	-106.037000
	0.040599	-26.720099	115.161951	-106.037000
	0.040608	-26.294842	115.161951	-106.097000
	0.040618	-27.242636	115.161951	-106.037000
	0.040627	-25.995187	115.161951	-106.037000
	0.040636	-27.516130	115.161951	-106.037000
	0.040646	-26.964140	115.161951	-106.097000
	0.040655	-27.018957	115.161951	-106.156000
	0.040665	-26.872524	115.161951	-106.216000
	0.040674	-26.641772	115.161951	-106.216000
	0.040684	-27.416425	115.161951	-106.276000
	0.040693	-27.140375	115.161951	-106.276000
	0.040703	-27.842258	115.161951	-106.395000
	0.040712	-27.719508	115.161951	-106.395000
	0.040722	-28.081247	115.161951	-106.395000
	0.040731	-27.254547	115.161951	-106.395000
	0.040741	-27.927989	115.161951	-106.395000
	0.040750	-28.216153	115.161951	-106.514000
	0.040760	-26.547337	115.161951	-106.574000
	0.040769	-27.426610	115.161951	-106.633000
	0.040778	-26.245126	115.161951	-106.633000
	0.040788	-27.462555	115.161951	-106.633000
	0.040797	-26.900473	115.161951	-106.693000
	0.040807	-28.276645	115.161951	-106.752000
	0.040816	-28.009325	115.161951	-106.633000
	0.040826	-28.880991	115.161951	-106.633000
	0.040835	-27.331291	115.161951	-106.574000
	0.040845	-27.292838	115.161951	-106.633000
	0.040854	-27.075969	115.161951	-106.633000
	0.040864	-28.255709	115.161951	-106.693000
	0.040873	-28.830407	115.161951	-106.693000
	0.040883	-28.051626	115.161951	-106.752000
	0.040892	-28.069680	115.161951	-106.752000
	0.040902	-27.050120	115.161951	-106.752000
	0.040911	-28.110474	115.161951	-106.812000
	0.040921	-28.432318	115.161951	-106.812000
	0.040930	-28.037950	115.161951	-106.812000
	0.040939	-28.024005	115.161951	-106.872000
	0.040949	-27.607494	115.161951	-106.812000
	0.040958	-28.182529	115.161951	-106.812000
	0.040968	-28.784700	115.161951	-106.752000
	0.040977	-28.793405	115.161951	-106.752000
	0.040987	-28.674714	115.161951	-106.872000
	0.040996	-27.654492	115.161951	-106.931000
	0.041006	-29.318243	115.161951	-106.872000
	0.041015	-29.904615	115.161951	-106.872000
	0.041025	-29.047136	115.161951	-106.931000
	0.041034	-28.645678	115.161951	-106.931000
	0.041044	-30.661005	115.161951	-107.050000
	0.041053	-29.866672	115.161951	-106.991000
	0.041063	-28.429642	115.161951	-107.050000
	0.041072	-28.814963	115.161951	-107.110000
	0.041081	-28.575757	115.161951	-107.170000
	0.041091	-29.333623	115.161951	-107.170000
	0.041100	-29.132764	115.161951	-107.289000
	0.041110	-30.766955	115.161951	-107.229000
	0.041119	-29.959445	115.161951	-107.170000
	0.041129	-31.471834	115.161951	-107.229000
	0.041138	-29.642875	115.161951	-107.170000
	0.041148	-31.243764	115.161951	-107.110000
	0.041157	-32.154399	115.161951	-107.110000
	0.041167	-30.391606	115.161951	-107.170000
	0.041176	-30.790044	115.161951	-107.170000
	0.041186	-30.837600	115.161951	-107.229000
	0.041195	-30.858626	115.161951	-107.229000
	0.041205	-31.638512	115.161951	-107.170000
	0.041214	-31.085204	115.161951	-107.170000
	0.041224	-31.612273	115.161951	-107.110000
	0.041233	-30.795379	115.161951	-107.050000
	0.041242	-30.221506	115.161951	-107.110000
	0.041252	-31.256617	115.161951	-107.110000
	0.041261	-31.252445	115.161951	-107.050000
	0.041271	-31.061176	115.161951	-107.110000
	0.041280	-31.924637	115.161951	-107.170000
	0.041290	-31.039302	115.161951	-107.289000
	0.041299	-30.888236	115.161951	-107.408000
	0.041309	-30.363925	115.161951	-107.348000
	0.041318	-31.433538	115.161951	-107.348000
	0.041328	-31.839173	115.161951	-107.289000
	0.041337	-32.778776	115.161951	-107.050000
	0.041347	-32.807037	115.161951	-106.872000
	0.041356	-32.080176	115.161951	-106.752000
	0.041366	-32.213160	115.161951	-106.752000
	0.041375	-31.669630	115.161951	-106.752000
	0.041384	-32.628275	115.161951	-106.872000
	0.041394	-32.073714	115.161951	-106.872000
	0.041403	-31.202592	115.161951	-106.872000
	0.041413	-31.290139	115.161951	-106.931000
	0.041422	-31.186035	115.161951	-106.991000
	0.041432	-31.562811	115.161951	-107.050000
	0.041441	-31.227023	115.161951	-107.110000
	0.041451	-31.109448	115.161951	-107.170000
	0.041460	-32.176485	115.161951	-107.170000
	0.041470	-32.342855	115.161951	-107.170000
	0.041479	-31.902974	115.161951	-107.229000
	0.041489	-32.336368	115.161951	-107.348000
	0.041498	-32.120788	115.161951	-107.348000
	0.041508	-31.784469	115.161951	-107.348000
	0.041517	-31.856663	115.161951	-107.348000
	0.041527	-32.788357	115.161951	-107.408000
	0.041536	-34.534984	115.161951	-107.229000
	0.041545	-33.378848	115.161951	-106.991000
	0.041555	-34.291553	115.161951	-106.872000
	0.041564	-33.960451	115.161951	-106.872000
	0.041574	-34.312451	115.161951	-106.872000
	0.041583	-33.908205	115.161951	-106.872000
	0.041593	-34.189594	115.161951	-106.931000
	0.041602	-33.550608	115.161951	-107.050000
	0.041612	-34.657464	115.161951	-107.050000
	0.041621	-33.536760	115.161951	-106.931000
	0.041631	-34.110170	115.161951	-107.050000
	0.041640	-33.719415	115.161951	-107.110000
	0.041650	-34.711890	115.161951	-107.110000
	0.041659	-33.958190	115.161951	-107.050000
	0.041669	-34.601548	115.161951	-107.050000
	0.041678	-34.323038	115.161951	-107.050000
	0.041687	-33.766859	115.161951	-107.110000
	0.041697	-33.829663	115.161951	-107.170000
	0.041706	-35.496792	115.161951	-107.170000
	0.041716	-34.889703	115.161951	-107.110000
	0.041725	-35.095656	115.161951	-107.110000
	0.041735	-35.432808	115.161951	-107.170000
	0.041744	-36.065629	115.161951	-107.229000
	0.041754	-36.164307	115.161951	-107.229000
	0.041763	-35.201755	115.161951	-107.229000
	0.041773	-35.967096	115.161951	-107.229000
	0.041782	-36.466280	115.161951	-107.229000
	0.041792	-35.901048	115.161951	-107.348000
	0.041801	-36.848439	115.161951	-107.348000
	0.041811	-36.228259	115.161951	-107.170000
	0.041820	-35.492752	115.161951	-107.110000
	0.041829	-35.636949	115.161951	-107.110000
	0.041839	-35.496278	115.161951	-107.170000
	0.041848	-36.483435	115.161951	-107.170000
	0.041858	-36.172900	115.161951	-106.752000
	0.041867	-35.719432	115.161951	-106.574000
	0.041877	-36.276382	115.161951	-106.574000
	0.041886	-36.032520	115.161951	-106.574000
	0.041896	-35.688023	115.161951	-106.574000
	0.041905	-35.970699	115.161951	-106.514000
	0.041915	-35.744349	115.161951	-106.633000
	0.041924	-35.957245	115.161951	-106.633000
	0.041934	-36.581291	115.161951	-106.633000
	0.041943	-37.727201	115.161951	-106.633000
	0.041953	-36.102177	115.161951	-106.752000
	0.041962	-37.251975	115.161951	-106.693000
	0.041972	-36.343574	115.161951	-106.752000
	0.041981	-36.686326	115.161951	-106.693000
	0.041990	-36.443023	115.161951	-106.574000
	0.042000	-36.977292	115.161951	-106.335000
	0.042009	-36.851566	115.161951	-106.395000
	0.042019	-36.932728	115.161951	-106.454000
	0.042028	-37.804178	115.161951	-106.454000
	0.042038	-38.202665	115.161951	-106.454000
	0.042047	-38.390655	115.161951	-106.395000
	0.042057	-37.418939	115.161951	-106.395000
	0.042066	-38.831401	115.161951	-106.395000
	0.042076	-38.404492	115.161951	-106.395000
	0.042085	-37.540167	115.161951	-106.574000
	0.042095	-37.547859	115.161951	-106.693000
	0.042104	-37.414561	115.161951	-106.752000
	0.042114	-38.176852	115.161951	-106.693000
	0.042123	-37.373040	115.161951	-106.633000
	0.042132	-38.833234	115.161951	-106.693000
	0.042142	-37.894555	115.161951	-106.752000
	0.042151	-38.040076	115.161951	-106.812000
	0.042161	-37.907497	115.161951	-106.752000
	0.042170	-37.164074	115.161951	-106.752000
	0.042180	-38.729855	115.161951	-106.812000
	0.042189	-36.506320	115.161951	-106.931000
	0.042199	-37.599748	115.161951	-107.170000
	0.042208	-36.456619	115.161951	-107.170000
	0.042218	-37.073310	115.161951	-107.170000
	0.042227	-36.641606	115.161951	-107.170000
	0.042237	-37.356191	115.161951	-106.216000
	0.042246	-38.111818	115.161951	-105.441000
	0.042256	-38.382062	115.161951	-105.203000
	0.042265	-38.596448	115.161951	-105.143000
	0.042275	-38.166982	115.161951	-105.143000
	0.042284	-39.386686	115.161951	-105.203000
	0.042293	-39.089760	115.161951	-105.203000
	0.042303	-39.148534	115.161951	-105.203000
	0.042312	-39.766885	115.161951	-105.024000
	0.042322	-39.847636	115.161951	-104.905000
	0.042331	-39.846138	115.161951	-104.845000
	0.042341	-41.281203	115.161951	-104.905000
	0.042350	-40.328272	115.161951	-104.905000
	0.042360	-40.198918	115.161951	-104.964000
	0.042369	-40.158492	115.161951	-104.964000
	0.042379	-40.952755	115.161951	-104.964000
	0.042388	-39.165351	115.161951	-104.666000
	0.042398	-39.470986	115.161951	-104.011000
	0.042407	-40.524644	115.161951	-103.713000
	0.042417	-41.803093	115.161951	-103.713000
	0.042426	-40.282838	115.161951	-103.713000
	0.042435	-42.415543	115.161951	-103.772000
	0.042445	-41.640622	115.161951	-103.713000
	0.042454	-41.454827	115.161951	-103.713000
	0.042464	-41.703113	115.161951	-103.713000
	0.042473	-42.386317	115.161951	-103.772000
	0.042483	-41.382763	115.161951	-103.772000
	0.042492	-42.212635	115.161951	-103.832000
	0.042502	-41.595698	115.161951	-103.832000
	0.042511	-39.867188	115.161951	-103.891000
	0.042521	-41.064351	115.161951	-103.951000
	0.042530	-41.466825	115.161951	-103.891000
	0.042540	-41.812083	115.161951	-103.713000
	0.042549	-46.365914	115.161951	-101.567000
	0.042559	-47.236363	115.161951	-100.673000
	0.042568	-46.899003	115.161951	-100.434000
	0.042578	-46.968257	115.161951	-100.375000
	0.042587	-47.550588	115.161951	-100.434000
	0.042596	-47.945705	115.161951	-100.434000
	0.042606	-48.988501	115.161951	-100.434000
	0.042615	-47.964417	115.161951	-100.375000
	0.042625	-47.792514	115.161951	-100.375000
	0.042634	-48.053946	115.161951	-100.375000
	0.042644	-46.973628	115.161951	-100.434000
	0.042653	-47.355859	115.161951	-100.434000
	0.042663	-48.127484	115.161951	-100.434000
	0.042672	-47.576643	115.161951	-100.434000
	0.042682	-47.207135	115.161951	-100.375000
	0.042691	-47.252453	115.161951	-100.434000
	0.042701	-47.926611	115.161951	-100.554000
	0.042710	-47.383487	115.161951	-100.613000
	0.042720	-46.149215	115.161951	-100.554000
	0.042729	-46.208092	115.161951	-100.554000
	0.042738	-47.901826	115.161951	-100.554000
	0.042748	-48.784676	115.161951	-100.554000
	0.042757	-48.711301	115.161951	-100.494000
	0.042767	-48.499422	115.161951	-100.494000
	0.042776	-49.038639	115.161951	-100.554000
	0.042786	-48.917242	115.161951	-100.494000
	0.042795	-48.201060	115.161951	-100.434000
	0.042805	-48.851873	115.161951	-100.434000
	0.042814	-48.131597	115.161951	-100.434000
	0.042824	-48.786357	115.161951	-100.434000
	0.042833	-48.674785	115.161951	-100.494000
	0.042843	-48.150011	115.161951	-100.494000
	0.042852	-48.278726	115.161951	-100.434000
	0.042862	-49.674420	115.161951	-100.434000
	0.042871	-47.937761	115.161951	-100.434000
	0.042881	-47.347704	115.161951	-100.434000
	0.042890	-47.989860	115.161951	-100.494000
	0.042899	-47.187307	115.161951	-100.494000
	0.042909	-46.063321	115.161951	-100.554000
	0.042918	-46.982377	115.161951	-100.494000
	0.042928	-46.488368	115.161951	-100.434000
	0.042937	-45.197270	115.161951	-100.494000
	0.042947	-45.919860	115.161951	-100.554000
	0.042956	-46.819189	115.161951	-100.554000
	0.042966	-46.901068	115.161951	-100.554000
	0.042975	-47.648526	115.161951	-100.613000
	0.042985	-47.130992	115.161951	-100.673000
	0.042994	-47.542190	115.161951	-100.673000
	0.043004	-47.595894	115.161951	-100.732000
	0.043013	-47.876718	115.161951	-100.732000
	0.043023	-47.568178	115.161951	-100.732000
	0.043032	-47.671800	115.161951	-100.732000
	0.043041	-46.822925	115.161951	-100.732000
	0.043051	-46.885515	115.161951	-100.852000
	0.043060	-46.884548	115.161951	-100.852000
	0.043070	-47.489433	115.161951	-100.852000
	0.043079	-46.404876	115.161951	-100.792000
	0.043089	-46.266157	115.161951	-100.852000
	0.043098	-46.539208	115.161951	-100.852000
	0.043108	-47.239111	115.161951	-100.852000
	0.043117	-47.304115	115.161951	-100.911000
	0.043127	-46.758434	115.161951	-100.911000
	0.043136	-47.383393	115.161951	-100.911000
	0.043146	-48.141743	115.161951	-100.911000
	0.043155	-48.307993	115.161951	-100.971000
	0.043165	-49.431737	115.161951	-100.911000
	0.043174	-48.154995	115.161951	-100.911000
	0.043184	-47.867830	115.161951	-100.911000
	0.043193	-47.460227	115.161951	-100.971000
	0.043202	-48.094678	115.161951	-100.971000
	0.043212	-47.588038	115.161951	-100.971000
	0.043221	-47.597724	115.161951	-101.030000
	0.043231	-47.854189	115.161951	-101.030000
	0.043240	-53.334059	115.161951	-99.897900
	0.043250	-59.442810	115.161951	-98.407700
	0.043259	-59.767248	115.161951	-97.573300
	0.043269	-60.298011	115.161951	-97.156000
	0.043278	-60.392430	115.161951	-96.262000
	0.043288	-59.050687	115.161951	-96.142800
	0.043297	-60.506840	115.161951	-96.202400
	0.043307	-61.033284	115.161951	-96.202400
	0.043316	-60.653195	115.161951	-96.142800
	0.043326	-60.559964	115.161951	-96.083200
	0.043335	-60.408701	115.161951	-96.083200
	0.043344	-60.577604	115.161951	-96.083200
	0.043354	-62.337586	115.161951	-95.904300
	0.043363	-61.739465	115.161951	-95.844700
	0.043373	-62.341626	115.161951	-95.904300
	0.043382	-62.883824	115.161951	-95.904300
	0.043392	-61.857660	115.161951	-95.844700
	0.043401	-63.065672	115.161951	-95.844700
	0.043411	-62.185140	115.161951	-95.844700
	0.043420	-63.859462	115.161951	-95.844700
	0.043430	-61.902956	115.161951	-95.844700
	0.043439	-62.962694	115.161951	-95.904300
	0.043449	-62.787554	115.161951	-95.546700
	0.043458	-69.081271	115.161951	-93.818200
	0.043468	-69.131952	115.161951	-92.864500
	0.043477	-68.382339	115.161951	-92.685700
	0.043487	-68.705905	115.161951	-92.626100
	0.043496	-69.481915	115.161951	-92.566500
	0.043505	-69.501789	115.161951	-92.566500
	0.043515	-70.739475	115.161951	-92.506900
	0.043524	-70.271251	115.161951	-92.506900
	0.043534	-69.338498	115.161951	-92.506900
	0.043543	-69.338096	115.161951	-92.447300
	0.043553	-70.393823	115.161951	-92.387700
	0.043562	-69.946313	115.161951	-92.328100
	0.043572	-70.815661	115.161951	-92.328100
	0.043581	-70.110785	115.161951	-92.328100
	0.043591	-70.345577	115.161951	-91.672400
	0.043600	-73.865954	115.161951	-90.241900
	0.043610	-74.742720	115.161951	-89.824700
	0.043619	-73.949121	115.161951	-89.705500
	0.043629	-73.143190	115.161951	-89.645900
	0.043638	-73.306603	115.161951	-89.645900
	0.043647	-73.191343	115.161951	-89.645900
	0.043657	-73.046751	115.161951	-89.586200
	0.043666	-73.035062	115.161951	-89.586200
	0.043676	-73.419700	115.161951	-89.645900
	0.043685	-72.897298	115.161951	-89.705500
	0.043695	-73.645676	115.161951	-89.705500
	0.043704	-72.711534	115.161951	-89.705500
	0.043714	-73.733699	115.161951	-89.645900
	0.043723	-73.867180	115.161951	-89.586200
	0.043733	-72.792372	115.161951	-89.586200
	0.043742	-77.476012	115.161951	-88.215300
	0.043752	-77.701715	115.161951	-87.678900
	0.043761	-78.234951	115.161951	-87.619300
	0.043771	-77.838856	115.161951	-87.500100
	0.043780	-77.775381	115.161951	-87.500100
	0.043790	-78.314260	115.161951	-87.500100
	0.043799	-78.878138	115.161951	-87.500100
	0.043808	-77.912826	115.161951	-87.500100
	0.043818	-78.077330	115.161951	-87.500100
	0.043827	-78.772465	115.161951	-87.500100
	0.043837	-77.726352	115.161951	-87.500100
	0.043846	-77.693651	115.161951	-87.559700
	0.043856	-76.289116	115.161951	-87.559700
	0.043865	-78.132064	115.161951	-87.500100
	0.043875	-77.093434	115.161951	-87.321300
	0.043884	-82.955686	115.161951	-86.248400
	0.043894	-83.063279	115.161951	-85.592700
	0.043903	-82.880164	115.161951	-85.473500
	0.043913	-83.393428	115.161951	-85.413900
	0.043922	-82.232655	115.161951	-85.354300
	0.043932	-83.427856	115.161951	-85.294700
	0.043941	-82.226559	115.161951	-85.235100
	0.043950	-82.771103	115.161951	-85.235100
	0.043960	-84.353725	115.161951	-85.235100
	0.043969	-82.618103	115.161951	-85.235100
	0.043979	-82.850430	115.161951	-85.235100
	0.043988	-82.909747	115.161951	-85.354300
	0.043998	-83.268767	115.161951	-85.294700
	0.044007	-83.215428	115.161951	-85.354300
	0.044017	-83.454028	115.161951	-85.354300
	0.044026	-82.104789	115.161951	-85.413900
	0.044036	-83.233981	115.161951	-85.354300
	0.044045	-82.480256	115.161951	-85.354300
	0.044055	-83.206962	115.161951	-85.354300
	0.044064	-86.374091	115.161951	-84.698700
	0.044074	-86.189709	115.161951	-84.579500
	0.044083	-85.712216	115.161951	-84.579500
	0.044093	-88.322808	115.161951	-83.804600
	0.044102	-90.236852	115.161951	-82.552900
	0.044111	-90.904230	115.161951	-82.076100
	0.044121	-90.524197	115.161951	-81.897200
	0.044130	-89.549990	115.161951	-81.897200
	0.044140	-89.719138	115.161951	-81.897200
	0.044149	-89.687460	115.161951	-81.897200
	0.044159	-89.792835	115.161951	-81.897200
	0.044168	-89.510456	115.161951	-81.837600
	0.044178	-89.362834	115.161951	-81.837600
	0.044187	-89.862199	115.161951	-81.897200
	0.044197	-90.016403	115.161951	-81.897200
	0.044206	-91.182943	115.161951	-82.016500
	0.044216	-90.898075	115.161951	-82.076100
	0.044225	-92.093528	115.161951	-82.135700
	0.044235	-92.454481	115.161951	-82.135700
	0.044244	-91.225538	115.161951	-82.195300
	0.044253	-92.954276	115.161951	-81.778000
	0.044263	-97.252630	115.161951	-80.347500
	0.044272	-96.991687	115.161951	-79.751500
	0.044282	-97.594534	115.161951	-79.632300
	0.044291	-100.909348	115.161951	-79.095800
	0.044301	-100.737929	115.161951	-78.738200
	0.044310	-100.388884	115.161951	-78.619000
	0.044320	-101.228767	115.161951	-78.559400
	0.044329	-101.132912	115.161951	-78.559400
	0.044339	-101.380379	115.161951	-78.559400
	0.044348	-100.850276	115.161951	-78.559400
	0.044358	-100.765124	115.161951	-78.499800
	0.044367	-100.269928	115.161951	-78.440200
	0.044377	-100.466998	115.161951	-78.440200
	0.044386	-101.552006	115.161951	-78.440200
	0.044396	-102.066687	115.161951	-78.440200
	0.044405	-101.364469	115.161951	-78.380600
	0.044414	-100.872142	115.161951	-78.380600
	0.044424	-100.301206	115.161951	-78.380600
	0.044433	-100.955857	115.161951	-78.440200
	0.044443	-101.153311	115.161951	-78.440200
	0.044452	-101.287715	115.161951	-78.440200
	0.044462	-101.394440	115.161951	-78.380600
	0.044471	-100.789032	115.161951	-78.321000
	0.044481	-100.244307	115.161951	-78.201800
	0.044490	-101.362646	115.161951	-78.142200
	0.044500	-101.556202	115.161951	-78.380600
	0.044509	-102.603979	115.161951	-78.440200
	0.044519	-101.300889	115.161951	-78.440200
	0.044528	-101.556523	115.161951	-78.559400
	0.044538	-104.075772	115.161951	-77.784500
	0.044547	-107.854001	115.161951	-76.711600
	0.044556	-108.418258	115.161951	-76.175200
	0.044566	-107.097857	115.161951	-76.115600
	0.044575	-108.442356	115.161951	-75.996400
	0.044585	-108.661088	115.161951	-75.638800
	0.044594	-108.622266	115.161951	-75.519600
	0.044604	-109.173191	115.161951	-75.519600
	0.044613	-108.650707	115.161951	-75.519600
	0.044623	-109.633991	115.161951	-75.459900
	0.044632	-109.168921	115.161951	-75.519600
	0.044642	-109.562606	115.161951	-75.579200
	0.044651	-109.768360	115.161951	-75.579200
	0.044661	-107.366802	115.161951	-75.638800
	0.044670	-108.227598	115.161951	-75.698400
	0.044680	-107.988293	115.161951	-75.638800
	0.044689	-108.925826	115.161951	-75.698400
	0.044699	-109.601654	115.161951	-75.698400
	0.044708	-109.303793	115.161951	-75.698400
	0.044717	-109.151053	115.161951	-75.638800
	0.044727	-108.708655	115.161951	-75.638800
	0.044736	-108.770393	115.161951	-75.638800
	0.044746	-109.718316	115.161951	-75.400300
	0.044755	-109.253071	115.161951	-75.340700
	0.044765	-110.387030	115.161951	-75.221500
	0.044774	-110.905709	115.161951	-75.102300
	0.044784	-111.130465	115.161951	-75.042700
	0.044793	-110.441013	115.161951	-74.983100
	0.044803	-110.993512	115.161951	-74.983100
	0.044812	-111.356235	115.161951	-75.042700
	0.044822	-110.716569	115.161951	-75.042700
	0.044831	-111.923614	115.161951	-74.983100
	0.044841	-112.397817	115.161951	-74.863900
	0.044850	-110.322131	115.161951	-74.863900
	0.044859	-111.475675	115.161951	-74.804300
	0.044869	-111.582956	115.161951	-74.744700
	0.044878	-111.359655	115.161951	-74.625500
	0.044888	-118.048950	115.161951	-73.671800
	0.044897	-119.366327	115.161951	-72.479700
	0.044907	-120.521216	115.161951	-72.241300
	0.044916	-120.129897	115.161951	-72.181700
	0.044926	-119.956061	115.161951	-72.181700
	0.044935	-119.528340	115.161951	-72.241300
	0.044945	-120.296054	115.161951	-72.241300
	0.044954	-119.532538	115.161951	-72.241300
	0.044964	-119.174762	115.161951	-72.241300
	0.044973	-119.988365	115.161951	-72.181700
	0.044983	-120.064846	115.161951	-72.181700
	0.044992	-121.410686	115.161951	-72.062500
	0.045002	-119.619995	115.161951	-72.062500
	0.045011	-121.555884	115.161951	-72.002900
	0.045020	-122.336751	115.161951	-71.704900
	0.045030	-121.801860	115.161951	-71.585600
	0.045039	-120.641979	115.161951	-71.466400
	0.045049	-121.325762	115.161951	-71.466400
	0.045058	-122.378763	115.161951	-71.466400
	0.045068	-121.106269	115.161951	-71.466400
	0.045077	-121.847604	115.161951	-71.526000
	0.045087	-121.168409	115.161951	-71.585600
	0.045096	-120.475469	115.161951	-71.526000
	0.045106	-121.137606	115.161951	-71.526000
	0.045115	-121.833058	115.161951	-71.466400
	0.045125	-122.572390	115.161951	-71.466400
	0.045134	-120.787301	115.161951	-71.466400
	0.045144	-120.608015	115.161951	-71.466400
	0.045153	-120.890384	115.161951	-71.526000
	0.045162	-121.731122	115.161951	-71.526000
	0.045172	-122.198180	115.161951	-71.526000
	0.045181	-120.783134	115.161951	-71.526000
	0.045191	-120.222477	115.161951	-71.585600
	0.045200	-121.359621	115.161951	-71.585600
	0.045210	-122.669051	115.161951	-71.585600
	0.045219	-122.509446	115.161951	-71.585600
	0.045229	-121.556512	115.161951	-71.585600
	0.045238	-122.009034	115.161951	-71.645200
	0.045248	-121.396953	115.161951	-71.645200
	0.045257	-120.678501	115.161951	-71.645200
	0.045267	-121.812948	115.161951	-71.645200
	0.045276	-121.187128	115.161951	-71.704900
	0.045286	-121.996217	115.161951	-71.764500
	0.045295	-121.737799	115.161951	-71.824100
	0.045305	-121.534440	115.161951	-71.824100
	0.045314	-121.556534	115.161951	-71.704900
	0.045323	-120.987246	115.161951	-71.704900
	0.045333	-123.332339	115.161951	-71.645200
	0.045342	-122.501884	115.161951	-71.585600
	0.045352	-122.832490	115.161951	-71.526000
	0.045361	-122.679341	115.161951	-71.526000
	0.045371	-121.338581	115.161951	-71.585600
	0.045380	-122.722315	115.161951	-71.526000
	0.045390	-122.104721	115.161951	-71.526000
	0.045399	-123.422594	115.161951	-71.526000
	0.045409	-123.377368	115.161951	-71.585600
	0.045418	-121.558069	115.161951	-71.466400
	0.045428	-122.793934	115.161951	-71.466400
	0.045437	-123.514300	115.161951	-71.466400
	0.045447	-123.051032	115.161951	-71.466400
	0.045456	-122.887690	115.161951	-71.406800
	0.045465	-122.909306	115.161951	-71.347200
	0.045475	-123.251948	115.161951	-71.347200
	0.045484	-122.950163	115.161951	-71.406800
	0.045494	-122.981208	115.161951	-71.406800
	0.045503	-122.171561	115.161951	-71.347200
	0.045513	-124.181607	115.161951	-70.989600
	0.045522	-123.904968	115.161951	-70.751200
	0.045532	-124.515813	115.161951	-70.632000
	0.045541	-125.439758	115.161951	-70.572400
	0.045551	-124.046854	115.161951	-70.572400
	0.045560	-125.092884	115.161951	-70.572400
	0.045570	-126.291391	115.161951	-70.572400
	0.045579	-124.030490	115.161951	-70.512800
	0.045589	-124.917472	115.161951	-70.512800
	0.045598	-125.267108	115.161951	-70.453200
	0.045608	-124.774278	115.161951	-70.393600
	0.045617	-125.511221	115.161951	-70.512800
	0.045626	-124.903639	115.161951	-70.572400
	0.045636	-125.757534	115.161951	-70.632000
	0.045645	-124.322523	115.161951	-70.632000
	0.045655	-123.355521	115.161951	-70.632000
	0.045664	-124.738155	115.161951	-70.572400
	0.045674	-124.452592	115.161951	-70.572400
	0.045683	-124.520905	115.161951	-70.572400
	0.045693	-124.232810	115.161951	-70.572400
	0.045702	-123.530660	115.161951	-70.572400
	0.045712	-123.996484	115.161951	-70.572400
	0.045721	-124.728271	115.161951	-70.632000
	0.045731	-124.350128	115.161951	-70.632000
	0.045740	-124.539749	115.161951	-70.512800
	0.045750	-125.885560	115.161951	-70.274300
	0.045759	-125.972138	115.161951	-69.797500
	0.045768	-125.684538	115.161951	-69.559100
	0.045778	-126.257878	115.161951	-69.439900
	0.045787	-127.482759	115.161951	-69.201500
	0.045797	-128.427233	115.161951	-68.545800
	0.045806	-129.305728	115.161951	-68.367000
	0.045816	-129.425108	115.161951	-68.367000
	0.045825	-127.797763	115.161951	-68.307400
	0.045835	-128.364087	115.161951	-68.307400
	0.045844	-128.302464	115.161951	-68.307400
	0.045854	-129.137991	115.161951	-68.307400
	0.045863	-128.897641	115.161951	-68.367000
	0.045873	-128.879005	115.161951	-68.367000
	0.045882	-128.832682	115.161951	-68.307400
	0.045892	-129.614340	115.161951	-68.307400
	0.045901	-129.671550	115.161951	-68.307400
	0.045910	-129.866156	115.161951	-68.307400
	0.045920	-129.902204	115.161951	-68.307400
	0.045929	-129.752811	115.161951	-68.307400
	0.045939	-131.753151	115.161951	-67.770900
	0.045948	-141.007302	115.161951	-66.340400
	0.045958	-141.551475	115.161951	-65.684800
	0.045967	-141.362851	115.161951	-65.386800
	0.045977	-140.859767	115.161951	-65.386800
	0.045986	-141.323772	115.161951	-65.386800
	0.045996	-141.082006	115.161951	-65.327200
	0.046005	-141.453674	115.161951	-65.327200
	0.046015	-140.170213	115.161951	-65.386800
	0.046024	-139.886255	115.161951	-65.386800
	0.046034	-141.542492	115.161951	-65.386800
	0.046043	-141.673334	115.161951	-65.386800
	0.046053	-144.934698	115.161951	-64.969500
	0.046062	-143.911427	115.161951	-64.671500
	0.046071	-144.070151	115.161951	-64.611900
	0.046081	-144.269035	115.161951	-64.433100
	0.046090	-144.002015	115.161951	-64.313900
	0.046100	-144.214302	115.161951	-64.194700
	0.046109	-144.104017	115.161951	-64.313900
	0.046119	-144.427066	115.161951	-64.373500
	0.046128	-143.449187	115.161951	-64.433100
	0.046138	-145.001990	115.161951	-64.433100
	0.046147	-145.492584	115.161951	-64.433100
	0.046157	-144.285262	115.161951	-64.492700
	0.046166	-144.396053	115.161951	-64.552300
	0.046176	-143.536178	115.161951	-64.492700
	0.046185	-144.214321	115.161951	-64.075500
	0.046195	-144.492092	115.161951	-63.837000
	0.046204	-144.499182	115.161951	-63.837000
	0.046213	-144.954640	115.161951	-63.777400
	0.046223	-144.153350	115.161951	-63.777400
	0.046232	-145.530724	115.161951	-63.419800
	0.046242	-145.931806	115.161951	-63.241000
	0.046251	-146.512128	115.161951	-63.181400
	0.046261	-146.147093	115.161951	-63.181400
	0.046270	-146.122359	115.161951	-63.181400
	0.046280	-146.439575	115.161951	-63.181400
	0.046289	-147.399090	115.161951	-63.181400
	0.046299	-146.151969	115.161951	-63.121800
	0.046308	-145.649051	115.161951	-63.121800
	0.046318	-145.390951	115.161951	-63.121800
	0.046327	-146.355296	115.161951	-63.121800
	0.046337	-145.717703	115.161951	-63.121800
	0.046346	-145.848725	115.161951	-63.121800
	0.046356	-146.039466	115.161951	-63.062200
	0.046365	-146.641210	115.161951	-63.002600
	0.046374	-146.349541	115.161951	-63.062200
	0.046384	-146.343421	115.161951	-63.121800
	0.046393	-146.904189	115.161951	-63.121800
	0.046403	-147.875495	115.161951	-63.121800
	0.046412	-147.483606	115.161951	-63.062200
	0.046422	-146.969750	115.161951	-63.062200
	0.046431	-147.926998	115.161951	-62.943000
	0.046441	-148.231680	115.161951	-62.823800
	0.046450	-148.677406	115.161951	-62.764200
	0.046460	-149.304602	115.161951	-62.704600
	0.046469	-147.418001	115.161951	-62.644900
	0.046479	-147.897361	115.161951	-62.585300
	0.046488	-148.700743	115.161951	-62.585300
	0.046498	-148.104580	115.161951	-62.585300
	0.046507	-148.849573	115.161951	-62.585300
	0.046516	-148.722992	115.161951	-62.466100
	0.046526	-147.871997	115.161951	-62.406500
	0.046535	-148.173677	115.161951	-62.466100
	0.046545	-147.774312	115.161951	-62.466100
	0.046554	-147.409327	115.161951	-62.466100
	0.046564	-148.781283	115.161951	-62.466100
	0.046573	-147.744142	115.161951	-62.406500
	0.046583	-147.904582	115.161951	-62.406500
	0.046592	-147.514277	115.161951	-62.406500
	0.046602	-147.333625	115.161951	-62.406500
	0.046611	-147.769561	115.161951	-62.346900
	0.046621	-147.757568	115.161951	-62.346900
	0.046630	-147.532836	115.161951	-62.346900
	0.046640	-147.677370	115.161951	-62.346900
	0.046649	-147.137151	115.161951	-62.346900
	0.046659	-147.520261	115.161951	-62.346900
	0.046668	-147.184489	115.161951	-62.287300
	0.046677	-146.852160	115.161951	-62.287300
	0.046687	-147.575455	115.161951	-62.287300
	0.046696	-146.907091	115.161951	-62.287300
	0.046706	-147.627034	115.161951	-62.168100
	0.046715	-146.544461	115.161951	-62.227700
	0.046725	-146.597195	115.161951	-62.287300
	0.046734	-146.038697	115.161951	-62.227700
	0.046744	-147.409249	115.161951	-62.168100
	0.046753	-148.243417	115.161951	-62.168100
	0.046763	-147.730052	115.161951	-62.168100
	0.046772	-148.125949	115.161951	-62.168100
	0.046782	-146.617022	115.161951	-62.108500
	0.046791	-148.266948	115.161951	-62.048900
	0.046801	-147.711860	115.161951	-62.048900
	0.046810	-148.066880	115.161951	-61.989300
	0.046819	-148.208015	115.161951	-61.989300
	0.046829	-148.389059	115.161951	-61.989300
	0.046838	-148.700219	115.161951	-61.810500
	0.046848	-149.444239	115.161951	-61.512500
	0.046857	-149.511836	115.161951	-61.333600
	0.046867	-150.695274	115.161951	-61.274000
	0.046876	-150.110184	115.161951	-61.214400
	0.046886	-149.578199	115.161951	-61.154800
	0.046895	-149.901078	115.161951	-61.154800
	0.046905	-149.830915	115.161951	-61.035600
	0.046914	-149.494522	115.161951	-61.035600
	0.046924	-150.466521	115.161951	-60.975800
	0.046933	-149.852756	115.161951	-60.916200
	0.046943	-150.922639	115.161951	-60.916200
	0.046952	-149.753808	115.161951	-60.677800
	0.046962	-154.506409	115.161951	-59.306900
	0.046971	-154.726387	115.161951	-58.710800
	0.046980	-154.426627	115.161951	-58.532000
	0.046990	-154.854351	115.161951	-58.412800
	0.046999	-156.750717	115.161951	-58.234000
	0.047009	-155.707132	115.161951	-58.174400
	0.047018	-156.009526	115.161951	-58.114800
	0.047028	-156.305089	115.161951	-58.114800
	0.047037	-156.222421	115.161951	-58.114800
	0.047047	-155.461091	115.161951	-58.174400
	0.047056	-156.544575	115.161951	-58.174400
	0.047066	-155.373976	115.161951	-58.174400
	0.047075	-156.580841	115.161951	-58.114800
	0.047085	-155.542271	115.161951	-58.114800
	0.047094	-155.232000	115.161951	-58.055200
	0.047104	-156.485549	115.161951	-57.995600
	0.047113	-155.361339	115.161951	-57.995600
	0.047122	-155.947697	115.161951	-57.995600
	0.047132	-155.806473	115.161951	-58.055200
	0.047141	-155.375704	115.161951	-57.995600
	0.047151	-155.743195	115.161951	-58.055200
	0.047160	-156.171883	115.161951	-58.055200
	0.047170	-155.289811	115.161951	-58.055200
	0.047179	-156.647487	115.161951	-58.055200
	0.047189	-156.238362	115.161951	-58.055200
	0.047198	-155.641351	115.161951	-58.055200
	0.047208	-156.501209	115.161951	-58.174400
	0.047217	-156.635022	115.161951	-58.114800
	0.047227	-155.141089	115.161951	-58.114800
	0.047236	-156.103674	115.161951	-58.114800
	0.047246	-155.946532	115.161951	-58.055200
	0.047255	-156.579029	115.161951	-58.055200
	0.047265	-156.110387	115.161951	-58.114800
	0.047274	-156.181599	115.161951	-58.055200
	0.047283	-156.101664	115.161951	-58.055200
	0.047293	-156.351787	115.161951	-58.055200
	0.047302	-156.270222	115.161951	-58.055200
	0.047312	-155.136030	115.161951	-58.055200
	0.047321	-156.116648	115.161951	-58.055200
	0.047331	-156.290774	115.161951	-58.055200
	0.047340	-156.194793	115.161951	-58.114800
	0.047350	-156.150163	115.161951	-58.114800
	0.047359	-156.164437	115.161951	-58.114800
	0.047369	-156.151138	115.161951	-58.114800
	0.047378	-155.530495	115.161951	-58.114800
	0.047388	-155.967591	115.161951	-58.174400
	0.047397	-155.106174	115.161951	-58.234000
	0.047407	-155.255568	115.161951	-58.234000
	0.047416	-154.834446	115.161951	-58.293600
	0.047425	-155.370457	115.161951	-58.353200
	0.047435	-155.185571	115.161951	-58.353200
	0.047444	-155.998148	115.161951	-58.353200
	0.047454	-156.523227	115.161951	-58.353200
	0.047463	-155.618856	115.161951	-58.353200
	0.047473	-155.751200	115.161951	-58.353200
	0.047482	-155.682003	115.161951	-58.412800
	0.047492	-156.367050	115.161951	-58.412800
	0.047501	-155.900911	115.161951	-58.412800
	0.047511	-156.791089	115.161951	-58.472400
	0.047520	-155.625571	115.161951	-58.472400
	0.047530	-155.227964	115.161951	-58.412800
	0.047539	-155.754135	115.161951	-58.412800
	0.047549	-156.226147	115.161951	-58.472400
	0.047558	-155.836493	115.161951	-58.412800
	0.047568	-155.530287	115.161951	-58.412800
	0.047577	-155.796589	115.161951	-58.412800
	0.047586	-155.621039	115.161951	-58.472400
	0.047596	-156.497641	115.161951	-58.532000
	0.047605	-154.494095	115.161951	-58.532000
	0.047615	-155.421355	115.161951	-58.472400
	0.047624	-155.829960	115.161951	-58.472400
	0.047634	-156.457068	115.161951	-58.472400
	0.047643	-157.087091	115.161951	-58.412800
	0.047653	-155.967215	115.161951	-58.353200
	0.047662	-155.525184	115.161951	-58.353200
	0.047672	-156.496517	115.161951	-58.472400
	0.047681	-155.422174	115.161951	-58.532000
	0.047691	-155.748470	115.161951	-58.472400
	0.047700	-155.897658	115.161951	-58.412800
	0.047710	-155.849832	115.161951	-58.412800
	0.047719	-156.860805	115.161951	-58.293600
	0.047728	-157.418043	115.161951	-58.234000
	0.047738	-157.675622	115.161951	-58.234000
	0.047747	-156.888573	115.161951	-58.234000
	0.047757	-156.723657	115.161951	-58.174400
	0.047766	-156.957377	115.161951	-58.174400
	0.047776	-156.724507	115.161951	-58.114800
	0.047785	-157.165385	115.161951	-58.114800
	0.047795	-157.413507	115.161951	-58.055200
	0.047804	-156.992847	115.161951	-58.055200
	0.047814	-158.110867	115.161951	-58.055200
	0.047823	-157.139350	115.161951	-58.114800
	0.047833	-158.137155	115.161951	-58.055200
	0.047842	-158.007470	115.161951	-58.055200
	0.047852	-157.288892	115.161951	-58.055200
	0.047861	-158.129653	115.161951	-57.995600
	0.047871	-158.003095	115.161951	-58.055200
	0.047880	-157.904997	115.161951	-58.114800
	0.047889	-157.214066	115.161951	-58.055200
	0.047899	-157.751392	115.161951	-57.995600
	0.047908	-157.921069	115.161951	-57.995600
	0.047918	-158.664157	115.161951	-58.114800
	0.047927	-157.984761	115.161951	-58.234000
	0.047937	-158.402883	115.161951	-58.114800
	0.047946	-161.457552	115.161951	-57.637900
	0.047956	-161.707357	115.161951	-57.220700
	0.047965	-162.132312	115.161951	-56.982300
	0.047975	-160.692461	115.161951	-56.922700
	0.047984	-161.984542	115.161951	-56.922700
	0.047994	-161.339484	115.161951	-56.922700
	0.048003	-162.141623	115.161951	-56.863100
	0.048013	-161.221468	115.161951	-56.803500
	0.048022	-161.395500	115.161951	-56.684300
	0.048031	-161.517647	115.161951	-56.147800
	0.048041	-161.597634	115.161951	-55.969000
	0.048050	-162.482227	115.161951	-55.730600
	0.048060	-163.571529	115.161951	-55.611400
	0.048069	-162.980776	115.161951	-55.551800
	0.048079	-163.572086	115.161951	-55.492200
	0.048088	-162.667311	115.161951	-55.492200
	0.048098	-162.778833	115.161951	-55.551800
	0.048107	-164.521261	115.161951	-55.611400
	0.048117	-162.331537	115.161951	-55.611400
	0.048126	-162.230127	115.161951	-55.671000
	0.048136	-163.165642	115.161951	-55.611400
	0.048145	-162.355570	115.161951	-55.611400
	0.048155	-162.137080	115.161951	-55.611400
	0.048164	-163.585925	115.161951	-55.551800
	0.048174	-163.200144	115.161951	-55.492200
	0.048183	-163.284317	115.161951	-55.551800
	0.048192	-162.049448	115.161951	-55.551800
	0.048202	-163.035240	115.161951	-55.432600
	0.048211	-162.816727	115.161951	-55.432600
	0.048221	-163.474014	115.161951	-55.074900
	0.048230	-166.044452	115.161951	-54.657700
	0.048240	-165.969725	115.161951	-54.478900
	0.048249	-166.446656	115.161951	-54.419300
	0.048259	-165.660632	115.161951	-54.359700
	0.048268	-166.768567	115.161951	-54.359700
	0.048278	-167.048050	115.161951	-54.359700
	0.048287	-167.226044	115.161951	-54.359700
	0.048297	-167.478604	115.161951	-54.300100
	0.048306	-166.064170	115.161951	-54.240500
	0.048316	-166.691424	115.161951	-54.240500
	0.048325	-166.143299	115.161951	-54.240500
	0.048334	-167.000446	115.161951	-54.300100
	0.048344	-166.462532	115.161951	-54.300100
	0.048353	-167.364047	115.161951	-54.240500
	0.048363	-166.459147	115.161951	-54.240500
	0.048372	-166.561421	115.161951	-54.240500
	0.048382	-168.074033	115.161951	-54.240500
	0.048391	-167.377607	115.161951	-54.180900
	0.048401	-167.249639	115.161951	-54.240500
	0.048410	-166.807167	115.161951	-54.180900
	0.048420	-167.456517	115.161951	-54.180900
	0.048429	-166.693134	115.161951	-54.240500
	0.048439	-167.096801	115.161951	-54.240500
	0.048448	-167.766836	115.161951	-54.180900
	0.048458	-166.612812	115.161951	-54.180900
	0.048467	-166.938553	115.161951	-54.121300
	0.048477	-167.916870	115.161951	-54.121300
	0.048486	-167.167834	115.161951	-54.061600
	0.048495	-167.412596	115.161951	-54.002000
	0.048505	-167.119592	115.161951	-54.002000
	0.048514	-166.420516	115.161951	-53.942400
	0.048524	-166.737519	115.161951	-54.002000
	0.048533	-168.099858	115.161951	-53.763600
	0.048543	-168.261590	115.161951	-53.167600
	0.048552	-169.524653	115.161951	-52.929200
	0.048562	-168.445629	115.161951	-52.869600
	0.048571	-168.555365	115.161951	-52.869600
	0.048581	-168.787163	115.161951	-52.929200
	0.048590	-168.620326	115.161951	-52.988800
	0.048600	-170.138150	115.161951	-52.988800
	0.048609	-169.352168	115.161951	-52.929200
	0.048619	-169.928005	115.161951	-52.988800
	0.048628	-168.879618	115.161951	-52.869600
	0.048637	-170.712459	115.161951	-52.929200
	0.048647	-168.547689	115.161951	-52.929200
	0.048656	-168.234343	115.161951	-52.869600
	0.048666	-168.098405	115.161951	-52.809900
	0.048675	-168.635842	115.161951	-52.809900
	0.048685	-168.063166	115.161951	-52.750300
	0.048694	-167.839085	115.161951	-52.750300
	0.048704	-168.624630	115.161951	-52.690700
	0.048713	-169.236808	115.161951	-52.631100
	0.048723	-169.022761	115.161951	-52.631100
	0.048732	-168.398147	115.161951	-52.631100
	0.048742	-169.941504	115.161951	-52.571500
	0.048751	-170.045440	115.161951	-52.452300
	0.048761	-169.075135	115.161951	-52.333100
	0.048770	-169.769714	115.161951	-52.273500
	0.048780	-170.524165	115.161951	-52.273500
	0.048789	-170.828444	115.161951	-52.273500
	0.048798	-170.729353	115.161951	-52.273500
	0.048808	-170.017131	115.161951	-52.273500
	0.048817	-170.412546	115.161951	-52.333100
	0.048827	-169.939642	115.161951	-52.392700
	0.048836	-171.199088	115.161951	-52.333100
	0.048846	-170.888401	115.161951	-52.333100
	0.048855	-170.704406	115.161951	-52.333100
	0.048865	-169.724115	115.161951	-52.333100
	0.048874	-169.703007	115.161951	-52.333100
	0.048884	-169.996590	115.161951	-52.273500
	0.048893	-169.829398	115.161951	-52.333100
	0.048903	-169.516951	115.161951	-52.333100
	0.048912	-168.608643	115.161951	-52.333100
	0.048922	-169.896679	115.161951	-52.333100
	0.048931	-169.377337	115.161951	-52.333100
	0.048940	-169.697702	115.161951	-52.333100
	0.048950	-168.269326	115.161951	-52.333100
	0.048959	-169.968796	115.161951	-52.333100
	0.048969	-168.859129	115.161951	-52.273500
	0.048978	-169.749164	115.161951	-52.273500
	0.048988	-169.568625	115.161951	-52.273500
	0.048997	-169.404011	115.161951	-52.273500
	0.049007	-169.521253	115.161951	-52.213900
	0.049016	-170.380437	115.161951	-52.213900
	0.049026	-171.446084	115.161951	-52.213900
	0.049035	-170.278703	115.161951	-52.213900
	0.049045	-170.132167	115.161951	-52.213900
	0.049054	-169.178048	115.161951	-52.154300
	0.049064	-170.706569	115.161951	-52.154300
	0.049073	-170.535248	115.161951	-52.094700
	0.049083	-171.087813	115.161951	-52.094700
	0.049092	-170.740114	115.161951	-52.094700
	0.049101	-169.064313	115.161951	-52.094700
	0.049111	-170.511797	115.161951	-52.035100
	0.049120	-169.881668	115.161951	-52.035100
	0.049130	-170.556930	115.161951	-51.915900
	0.049139	-171.169858	115.161951	-51.737100
	0.049149	-171.010683	115.161951	-51.737100
	0.049158	-171.187969	115.161951	-51.856300
	0.049168	-170.671920	115.161951	-51.856300
	0.049177	-169.450513	115.161951	-51.856300
	0.049187	-170.849423	115.161951	-51.796700
	0.049196	-170.721532	115.161951	-51.737100
	0.049206	-172.087311	115.161951	-51.737100
	0.049215	-169.777916	115.161951	-51.737100
	0.049225	-171.009993	115.161951	-51.856300
	0.049234	-169.051867	115.161951	-51.737100
	0.049243	-169.763149	115.161951	-51.737100
	0.049253	-169.885422	115.161951	-51.737100
	0.049262	-170.400542	115.161951	-51.617900
	0.049272	-169.280673	115.161951	-51.617900
	0.049281	-169.941532	115.161951	-51.677500
	0.049291	-170.505093	115.161951	-51.677500
	0.049300	-171.207443	115.161951	-51.737100
	0.049310	-170.917178	115.161951	-51.677500
	0.049319	-170.424427	115.161951	-51.677500
	0.049329	-170.621779	115.161951	-51.677500
	0.049338	-170.096048	115.161951	-51.737100
	0.049348	-169.850240	115.161951	-51.677500
	0.049357	-169.642688	115.161951	-51.617900
	0.049367	-171.369328	115.161951	-51.498600
	0.049376	-172.418544	115.161951	-50.902600
	0.049386	-172.608931	115.161951	-50.604600
	0.049395	-172.593664	115.161951	-50.545000
	0.049404	-173.015455	115.161951	-50.485400
	0.049414	-173.114330	115.161951	-50.485400
	0.049423	-171.852077	115.161951	-50.485400
	0.049433	-173.058481	115.161951	-50.485400
	0.049442	-172.682870	115.161951	-50.485400
	0.049452	-172.635095	115.161951	-50.366200
	0.049461	-171.998619	115.161951	-50.366200
	0.049471	-172.459430	115.161951	-50.366200
	0.049480	-173.330243	115.161951	-50.425800
	0.049490	-171.773515	115.161951	-50.366200
	0.049499	-172.487183	115.161951	-50.366200
	0.049509	-172.527722	115.161951	-50.366200
	0.049518	-172.424660	115.161951	-50.306600
	0.049528	-173.063028	115.161951	-50.306600
	0.049537	-173.472336	115.161951	-50.306600
	0.049546	-172.378362	115.161951	-50.366200
	0.049556	-173.758832	115.161951	-50.366200
	0.049565	-172.894792	115.161951	-50.366200
	0.049575	-171.870244	115.161951	-50.306600
	0.049584	-172.501557	115.161951	-50.306600
	0.049594	-172.303480	115.161951	-50.366200
	0.049603	-172.312680	115.161951	-50.306600
	0.049613	-173.618401	115.161951	-50.306600
	0.049622	-172.061500	115.161951	-50.366200
	0.049632	-173.640983	115.161951	-50.306600
	0.049641	-178.165661	115.161951	-49.650900
	0.049651	-177.638798	115.161951	-49.233700
	0.049660	-177.584431	115.161951	-49.174100
	0.049670	-178.382906	115.161951	-49.174100
	0.049679	-177.882743	115.161951	-49.174100
	0.049689	-177.961697	115.161951	-49.174100
	0.049698	-177.616273	115.161951	-49.174100
	0.049707	-177.357634	115.161951	-49.174100
	0.049717	-177.742915	115.161951	-49.174100
	0.049726	-177.580535	115.161951	-49.174100
	0.049736	-177.076703	115.161951	-49.174100
	0.049745	-177.679261	115.161951	-49.174100
	0.049755	-177.778008	115.161951	-49.174100
	0.049764	-177.326813	115.161951	-49.114500
	0.049774	-177.558362	115.161951	-49.233700
	0.049783	-177.530486	115.161951	-49.233700
	0.049793	-177.270209	115.161951	-49.233700
	0.049802	-177.722365	115.161951	-49.352900
	0.049812	-178.090580	115.161951	-49.352900
	0.049821	-176.353056	115.161951	-49.352900
	0.049831	-177.279626	115.161951	-49.352900
	0.049840	-176.832030	115.161951	-49.412500
	0.049849	-177.080367	115.161951	-49.352900
	0.049859	-176.625323	115.161951	-49.352900
	0.049868	-175.958430	115.161951	-49.352900
	0.049878	-176.036123	115.161951	-49.352900
	0.049887	-176.907621	115.161951	-49.352900
	0.049897	-177.578108	115.161951	-49.293300
	0.049906	-176.680232	115.161951	-49.293300
	0.049916	-177.002579	115.161951	-49.352900
	0.049925	-176.722911	115.161951	-49.412500
	0.049935	-177.438231	115.161951	-49.412500
	0.049944	-176.515614	115.161951	-49.352900
	0.049954	-177.503992	115.161951	-49.412500
	0.049963	-177.751073	115.161951	-49.352900
	0.049973	-177.430744	115.161951	-49.293300
	0.049982	-177.443121	115.161951	-49.293300
	0.049991	-176.725188	115.161951	-49.293300
	0.050001	-178.678381	115.161951	-49.174100
	0.050010	-178.900876	115.161951	-48.697200
	0.050020	-179.141155	115.161951	-48.518400
	0.050029	-178.917029	115.161951	-48.518400
	0.050039	-179.190713	115.161951	-48.458800
	0.050048	-178.894544	115.161951	-48.458800
	0.050058	-180.342079	115.161951	-48.399200
	0.050067	-180.073591	115.161951	-48.339600
	0.050077	-180.942532	115.161951	-48.339600
	0.050086	-179.958584	115.161951	-48.339600
	0.050096	-180.173766	115.161951	-48.339600
	0.050105	-179.904660	115.161951	-48.339600
	0.050115	-179.770269	115.161951	-48.339600
	0.050124	-179.818067	115.161951	-48.399200
	0.050134	-179.536899	115.161951	-48.339600
	0.050143	-180.067186	115.161951	-48.280000
	0.050152	-179.298801	115.161951	-48.280000
	0.050162	-180.436970	115.161951	-48.220400
	0.050171	-180.587368	115.161951	-48.280000
	0.050181	-180.800679	115.161951	-48.280000
	0.050190	-180.296154	115.161951	-48.280000
	0.050200	-178.911374	115.161951	-48.339600
	0.050209	-181.184781	115.161951	-48.399200
	0.050219	-181.348971	115.161951	-48.399200
	0.050228	-180.549245	115.161951	-48.399200
	0.050238	-180.357836	115.161951	-48.399200
	0.050247	-180.122050	115.161951	-48.399200
	0.050257	-180.651690	115.161951	-48.339600
	0.050266	-180.988220	115.161951	-48.339600
	0.050276	-179.359485	115.161951	-48.339600
	0.050285	-179.671708	115.161951	-48.339600
	0.050294	-180.713912	115.161951	-48.339600
	0.050304	-180.172209	115.161951	-48.339600
	0.050313	-179.886509	115.161951	-48.339600
	0.050323	-179.797704	115.161951	-48.339600
	0.050332	-179.438581	115.161951	-48.399200
	0.050342	-180.238270	115.161951	-48.399200
	0.050351	-180.438747	115.161951	-48.399200
	0.050361	-180.038288	115.161951	-48.339600
	0.050370	-179.987663	115.161951	-48.339600
	0.050380	-180.137249	115.161951	-48.339600
	0.050389	-179.617967	115.161951	-48.339600
	0.050399	-179.064443	115.161951	-48.339600
	0.050408	-180.243129	115.161951	-48.339600
	0.050418	-180.193870	115.161951	-48.339600
	0.050427	-180.397269	115.161951	-48.339600
	0.050437	-180.649684	115.161951	-48.339600
	0.050446	-180.510087	115.161951	-48.280000
	0.050455	-179.740540	115.161951	-48.280000
	0.050465	-180.906595	115.161951	-48.280000
	0.050474	-179.824050	115.161951	-48.220400
	0.050484	-179.985280	115.161951	-48.220400
