	-0.071022	-1.294723	115.161951	71.168400
	-0.068270	-1.633028	115.161951	71.108800
	-0.065518	-1.043123	115.161951	71.049200
	-0.062767	-0.188535	115.161951	70.870400
	-0.060015	-1.533387	115.161951	70.691600
	-0.057264	-1.157392	115.161951	70.512800
	-0.054512	-0.695115	115.161951	70.274300
	-0.051760	-1.171224	115.161951	70.095500
	-0.049009	-0.962209	115.161951	69.857100
	-0.046257	-0.206092	115.161951	69.559100
	-0.043506	-1.281894	115.161951	69.261100
	-0.040754	-0.529746	115.161951	68.903400
	-0.038002	-0.128812	115.161951	68.605400
	-0.035251	-1.908752	115.161951	68.247800
	-0.032499	-1.012991	115.161951	67.890200
	-0.029748	-1.228692	115.161951	67.532500
	-0.026996	-1.282956	115.161951	67.115300
	-0.024245	-1.740109	115.161951	66.757700
	-0.021493	-1.082310	115.161951	66.340400
	-0.018741	-2.613955	115.161951	65.804000
	-0.015990	-2.966266	115.161951	65.207900
	-0.013238	-2.608383	115.161951	64.552300
	-0.010487	-2.040479	115.161951	63.837000
	-0.007735	-3.261767	115.161951	63.121800
	-0.004984	-3.436506	115.161951	62.466100
	-0.002232	-4.033218	115.161951	61.631700
	0.000520	-4.594169	115.161951	60.677800
	0.003271	-5.583973	115.161951	60.022100
	0.006023	-6.648748	115.161951	59.008800
	0.008774	-6.319319	115.161951	57.816700
	0.011526	-7.468761	115.161951	56.445800
	0.014278	-7.914566	115.161951	55.074900
	0.017029	-7.806344	115.161951	53.406000
	0.019781	-8.700435	115.161951	51.617900
	0.022532	-10.480837	115.161951	49.650900
	0.025284	-10.442954	115.161951	47.087900
	0.028036	-11.855283	115.161951	44.405700
	0.030787	-13.875834	115.161951	40.531400
	0.033539	-15.255511	115.161951	36.418700
	0.036290	-18.934694	115.161951	30.338900
	0.036290	-19.706460	115.161951	25.808900
	0.036300	-19.254077	115.161951	24.140000
	0.036309	-19.982228	115.161951	23.842000
	0.036319	-20.576646	115.161951	23.782400
	0.036328	-20.913325	115.161951	23.782400
	0.036338	-21.284726	115.161951	23.722800
	0.036347	-20.993512	115.161951	23.663200
	0.036357	-21.102505	115.161951	23.663200
	0.036366	-21.150346	115.161951	23.663200
	0.036376	-19.732872	115.161951	23.603600
	0.036385	-20.269029	115.161951	23.663200
	0.036394	-20.666778	115.161951	23.603600
	0.036404	-20.685735	115.161951	23.544000
	0.036413	-20.773544	115.161951	23.544000
	0.036423	-19.912577	115.161951	23.484300
	0.036432	-20.230139	115.161951	23.484300
	0.036442	-20.327530	115.161951	23.484300
	0.036451	-19.886249	115.161951	23.484300
	0.036461	-20.278350	115.161951	23.484300
	0.036470	-19.185563	115.161951	23.544000
	0.036480	-21.752922	115.161951	23.544000
	0.036489	-20.649836	115.161951	23.544000
	0.036499	-19.444855	115.161951	23.484300
	0.036508	-20.060149	115.161951	23.424700
	0.036518	-19.882541	115.161951	23.365100
	0.036527	-20.145709	115.161951	23.365100
	0.036537	-19.588417	115.161951	23.365100
	0.036546	-19.968276	115.161951	23.305500
	0.036555	-19.294063	115.161951	23.305500
	0.036565	-20.148054	115.161951	23.245900
	0.036574	-19.832141	115.161951	23.245900
	0.036584	-19.528804	115.161951	23.245900
	0.036593	-20.842888	115.161951	23.186300
	0.036603	-20.562815	115.161951	23.186300
	0.036612	-20.280040	115.161951	23.245900
	0.036622	-19.681782	115.161951	23.245900
	0.036631	-20.748521	115.161951	23.245900
	0.036641	-19.874349	115.161951	23.186300
	0.036650	-21.303782	115.161951	23.126700
	0.036660	-20.395441	115.161951	23.126700
	0.036669	-20.000642	115.161951	23.067100
	0.036679	-19.455504	115.161951	23.067100
	0.036688	-19.444302	115.161951	23.007500
	0.036697	-20.580583	115.161951	23.126700
	0.036707	-20.187398	115.161951	23.126700
	0.036716	-18.767973	115.161951	23.007500
	0.036726	-19.480779	115.161951	23.067100
	0.036735	-20.423296	115.161951	23.007500
	0.036745	-20.945483	115.161951	23.007500
	0.036754	-20.216801	115.161951	23.007500
	0.036764	-20.784676	115.161951	23.007500
	0.036773	-20.256170	115.161951	23.007500
	0.036783	-20.743923	115.161951	23.007500
	0.036792	-19.447911	115.161951	22.947900
	0.036802	-20.456201	115.161951	23.007500
	0.036811	-21.187437	115.161951	23.007500
	0.036821	-21.682494	115.161951	23.007500
	0.036830	-20.011450	115.161951	23.007500
	0.036840	-19.527060	115.161951	22.947900
	0.036849	-20.182469	115.161951	22.947900
	0.036858	-21.389266	115.161951	23.067100
	0.036868	-20.687193	115.161951	23.067100
	0.036877	-21.567504	115.161951	23.007500
	0.036887	-21.449651	115.161951	22.947900
	0.036896	-20.807268	115.161951	22.947900
	0.036906	-22.241951	115.161951	22.947900
	0.036915	-22.151951	115.161951	22.947900
	0.036925	-21.947365	115.161951	22.947900
	0.036934	-21.169127	115.161951	22.888300
	0.036944	-21.024155	115.161951	22.888300
	0.036953	-21.587899	115.161951	22.828700
	0.036963	-21.109143	115.161951	22.828700
	0.036972	-21.246453	115.161951	22.888300
	0.036982	-21.448761	115.161951	22.828700
	0.036991	-21.304388	115.161951	22.769100
	0.037000	-21.008497	115.161951	22.709500
	0.037010	-20.866149	115.161951	22.709500
	0.037019	-19.707080	115.161951	22.649900
	0.037029	-19.269866	115.161951	22.649900
	0.037038	-19.963513	115.161951	22.649900
	0.037048	-20.270394	115.161951	22.649900
	0.037057	-19.423322	115.161951	22.649900
	0.037067	-20.519683	115.161951	22.649900
	0.037076	-19.359703	115.161951	22.649900
	0.037086	-20.324255	115.161951	22.590300
	0.037095	-20.583529	115.161951	22.590300
	0.037105	-19.843356	115.161951	22.590300
	0.037114	-20.893576	115.161951	22.590300
	0.037124	-21.390315	115.161951	22.530700
	0.037133	-20.684974	115.161951	22.590300
	0.037143	-21.312798	115.161951	22.590300
	0.037152	-20.230810	115.161951	22.590300
	0.037161	-21.259174	115.161951	22.530700
	0.037171	-21.454675	115.161951	22.530700
	0.037180	-19.658353	115.161951	22.530700
	0.037190	-20.469053	115.161951	22.530700
	0.037199	-21.499878	115.161951	22.530700
	0.037209	-20.523645	115.161951	22.471100
	0.037218	-20.939181	115.161951	22.471100
	0.037228	-20.675725	115.161951	22.411500
	0.037237	-21.369407	115.161951	22.411500
	0.037247	-20.177859	115.161951	22.411500
	0.037256	-19.353470	115.161951	22.411500
	0.037266	-21.394012	115.161951	22.351900
	0.037275	-21.277080	115.161951	22.411500
	0.037285	-20.073766	115.161951	22.351900
	0.037294	-20.362118	115.161951	22.292300
	0.037303	-20.613526	115.161951	22.292300
	0.037313	-20.947297	115.161951	22.292300
	0.037322	-19.546469	115.161951	22.232600
	0.037332	-21.194140	115.161951	22.173000
	0.037341	-21.166771	115.161951	22.173000
	0.037351	-20.449829	115.161951	22.113400
	0.037360	-20.180372	115.161951	22.053800
	0.037370	-20.958541	115.161951	22.113400
	0.037379	-21.451133	115.161951	22.173000
	0.037389	-20.643657	115.161951	22.173000
	0.037398	-21.351348	115.161951	22.113400
	0.037408	-19.740101	115.161951	22.053800
	0.037417	-20.402517	115.161951	22.053800
	0.037427	-20.483877	115.161951	22.053800
	0.037436	-20.094334	115.161951	21.994200
	0.037446	-21.088608	115.161951	21.875000
	0.037455	-20.681294	115.161951	21.875000
	0.037464	-19.964049	115.161951	21.875000
	0.037474	-19.271332	115.161951	21.875000
	0.037483	-20.667778	115.161951	21.875000
	0.037493	-20.993295	115.161951	21.875000
	0.037502	-19.647669	115.161951	21.815400
	0.037512	-20.898994	115.161951	21.755800
	0.037521	-20.835524	115.161951	21.755800
	0.037531	-21.121197	115.161951	21.755800
	0.037540	-21.405126	115.161951	21.755800
	0.037550	-21.564609	115.161951	21.755800
	0.037559	-21.636974	115.161951	21.755800
	0.037569	-21.421190	115.161951	21.696200
	0.037578	-22.217264	115.161951	21.696200
	0.037588	-21.809391	115.161951	21.696200
	0.037597	-21.985686	115.161951	21.577000
	0.037606	-22.171542	115.161951	21.577000
	0.037616	-21.335493	115.161951	21.517400
	0.037625	-22.088019	115.161951	21.517400
	0.037635	-21.532049	115.161951	21.517400
	0.037644	-21.725689	115.161951	21.398200
	0.037654	-21.984249	115.161951	21.398200
	0.037663	-21.804443	115.161951	21.338600
	0.037673	-20.428523	115.161951	21.398200
	0.037682	-21.452824	115.161951	21.398200
	0.037692	-20.196389	115.161951	21.398200
	0.037701	-21.893938	115.161951	21.338600
	0.037711	-20.454291	115.161951	21.338600
	0.037720	-21.380682	115.161951	21.338600
	0.037730	-22.312971	115.161951	21.279000
	0.037739	-21.267647	115.161951	21.219400
	0.037748	-19.913556	115.161951	21.219400
	0.037758	-21.381684	115.161951	21.219400
	0.037767	-21.854791	115.161951	21.159800
	0.037777	-21.805391	115.161951	21.159800
	0.037786	-22.177870	115.161951	21.159800
	0.037796	-21.582518	115.161951	21.159800
	0.037805	-22.074538	115.161951	21.040600
	0.037815	-20.599686	115.161951	21.040600
	0.037824	-21.128278	115.161951	21.040600
	0.037834	-21.261681	115.161951	21.040600
	0.037843	-21.079919	115.161951	20.981000
	0.037853	-21.211667	115.161951	20.981000
	0.037862	-20.940805	115.161951	20.981000
	0.037872	-20.974598	115.161951	21.040600
	0.037881	-21.728732	115.161951	21.040600
	0.037891	-20.790849	115.161951	21.040600
	0.037900	-21.279669	115.161951	21.159800
	0.037909	-21.322543	115.161951	21.040600
	0.037919	-21.309279	115.161951	21.040600
	0.037928	-21.317087	115.161951	21.040600
	0.037938	-22.037537	115.161951	21.040600
	0.037947	-21.455806	115.161951	20.981000
	0.037957	-20.586151	115.161951	20.981000
	0.037966	-22.363887	115.161951	20.981000
	0.037976	-21.529078	115.161951	20.981000
	0.037985	-21.974121	115.161951	20.861700
	0.037995	-20.789835	115.161951	20.802100
	0.038004	-20.777938	115.161951	20.861700
	0.038014	-21.411112	115.161951	20.861700
	0.038023	-21.381069	115.161951	20.802100
	0.038033	-20.810018	115.161951	20.682900
	0.038042	-21.530873	115.161951	20.682900
	0.038051	-20.980533	115.161951	20.682900
	0.038061	-21.286915	115.161951	20.682900
	0.038070	-21.378164	115.161951	20.682900
	0.038080	-20.072265	115.161951	20.623300
	0.038089	-22.700043	115.161951	20.563700
	0.038099	-21.263120	115.161951	20.563700
	0.038108	-20.820706	115.161951	20.504100
	0.038118	-20.668396	115.161951	20.444500
	0.038127	-21.273232	115.161951	20.384900
	0.038137	-21.561014	115.161951	20.384900
	0.038146	-20.215549	115.161951	20.325300
	0.038156	-20.198576	115.161951	20.325300
	0.038165	-21.477082	115.161951	20.265700
	0.038175	-20.344456	115.161951	20.206100
	0.038184	-20.178094	115.161951	20.206100
	0.038194	-21.028962	115.161951	20.206100
	0.038203	-20.540251	115.161951	20.146500
	0.038212	-21.694980	115.161951	20.146500
	0.038222	-20.826890	115.161951	20.146500
	0.038231	-21.841275	115.161951	20.146500
	0.038241	-21.605205	115.161951	20.086900
	0.038250	-22.468773	115.161951	20.086900
	0.038260	-21.625708	115.161951	20.146500
	0.038269	-22.750850	115.161951	20.146500
	0.038279	-21.039951	115.161951	20.146500
	0.038288	-21.785739	115.161951	20.146500
	0.038298	-22.120497	115.161951	20.146500
	0.038307	-22.235341	115.161951	20.146500
	0.038317	-21.453940	115.161951	20.086900
	0.038326	-21.603496	115.161951	20.027300
	0.038336	-22.516010	115.161951	19.967700
	0.038345	-21.701665	115.161951	20.027300
	0.038354	-21.776056	115.161951	19.967700
	0.038364	-21.591130	115.161951	19.967700
	0.038373	-22.014096	115.161951	19.908100
	0.038383	-21.010355	115.161951	19.848500
	0.038392	-21.631152	115.161951	19.848500
	0.038402	-20.358009	115.161951	19.788900
	0.038411	-20.907653	115.161951	19.788900
	0.038421	-21.052361	115.161951	19.729300
	0.038430	-21.415120	115.161951	19.729300
	0.038440	-20.534576	115.161951	19.729300
	0.038449	-21.287838	115.161951	19.729300
	0.038459	-21.791842	115.161951	19.610000
	0.038468	-21.763331	115.161951	19.610000
	0.038478	-22.505492	115.161951	19.610000
	0.038487	-21.777614	115.161951	19.490800
	0.038497	-21.403081	115.161951	19.490800
	0.038506	-22.614677	115.161951	19.490800
	0.038515	-21.709856	115.161951	19.431200
	0.038525	-20.897033	115.161951	19.371600
	0.038534	-21.901047	115.161951	19.371600
	0.038544	-21.652275	115.161951	19.371600
	0.038553	-20.857500	115.161951	19.371600
	0.038563	-22.338004	115.161951	19.371600
	0.038572	-21.949011	115.161951	19.312000
	0.038582	-21.852670	115.161951	19.312000
	0.038591	-21.605086	115.161951	19.252400
	0.038601	-21.649636	115.161951	19.192800
	0.038610	-23.433669	115.161951	19.192800
	0.038620	-22.922757	115.161951	19.192800
	0.038629	-22.088606	115.161951	19.133200
	0.038639	-23.103394	115.161951	19.073600
	0.038648	-21.453960	115.161951	19.073600
	0.038657	-22.424469	115.161951	19.014000
	0.038667	-22.515110	115.161951	18.894800
	0.038676	-23.073893	115.161951	18.894800
	0.038686	-22.383321	115.161951	18.775600
	0.038695	-21.972957	115.161951	18.716000
	0.038705	-21.368719	115.161951	18.716000
	0.038714	-22.461176	115.161951	18.716000
	0.038724	-22.774507	115.161951	18.716000
	0.038733	-21.862284	115.161951	18.716000
	0.038743	-22.744143	115.161951	18.596800
	0.038752	-22.962542	115.161951	18.656400
	0.038762	-21.564815	115.161951	18.596800
	0.038771	-22.125496	115.161951	18.596800
	0.038781	-23.172118	115.161951	18.596800
	0.038790	-22.167117	115.161951	18.656400
	0.038800	-22.656577	115.161951	18.656400
	0.038809	-21.884954	115.161951	18.656400
	0.038818	-22.347692	115.161951	18.596800
	0.038828	-22.639090	115.161951	18.596800
	0.038837	-23.492205	115.161951	18.596800
	0.038847	-23.288373	115.161951	18.477600
	0.038856	-23.504842	115.161951	18.477600
	0.038866	-23.023835	115.161951	18.477600
	0.038875	-23.801839	115.161951	18.418000
	0.038885	-22.951231	115.161951	18.358300
	0.038894	-22.566108	115.161951	18.358300
	0.038904	-21.647253	115.161951	18.418000
	0.038913	-22.045374	115.161951	18.358300
	0.038923	-22.690634	115.161951	18.358300
	0.038932	-22.117804	115.161951	18.358300
	0.038942	-22.148547	115.161951	18.358300
	0.038951	-22.266877	115.161951	18.298700
	0.038960	-23.060096	115.161951	18.298700
	0.038970	-21.638668	115.161951	18.298700
	0.038979	-22.405845	115.161951	18.239100
	0.038989	-22.655776	115.161951	18.119900
	0.038998	-22.813939	115.161951	18.119900
	0.039008	-22.530217	115.161951	18.060300
	0.039017	-22.328721	115.161951	18.060300
	0.039027	-23.086265	115.161951	18.060300
	0.039036	-22.973700	115.161951	18.060300
	0.039046	-22.873990	115.161951	17.941100
	0.039055	-23.835231	115.161951	17.881500
	0.039065	-22.377948	115.161951	17.881500
	0.039074	-20.762162	115.161951	17.821900
	0.039084	-21.477785	115.161951	17.821900
	0.039093	-22.456956	115.161951	17.881500
	0.039103	-22.339898	115.161951	17.881500
	0.039112	-22.783390	115.161951	17.821900
	0.039121	-23.016580	115.161951	17.762300
	0.039131	-23.249075	115.161951	17.762300
	0.039140	-22.613907	115.161951	17.643100
	0.039150	-23.539984	115.161951	17.583500
	0.039159	-23.350151	115.161951	17.583500
	0.039169	-23.619638	115.161951	17.583500
	0.039178	-22.509036	115.161951	17.583500
	0.039188	-22.907716	115.161951	17.464300
	0.039197	-22.227773	115.161951	17.464300
	0.039207	-23.682107	115.161951	17.523900
	0.039216	-23.203724	115.161951	17.464300
	0.039226	-22.126349	115.161951	17.464300
	0.039235	-22.229270	115.161951	17.464300
	0.039245	-22.126284	115.161951	17.464300
	0.039254	-22.028228	115.161951	17.404700
	0.039263	-21.860096	115.161951	17.404700
	0.039273	-22.638110	115.161951	17.464300
	0.039282	-22.226288	115.161951	17.404700
	0.039292	-22.964872	115.161951	17.285500
	0.039301	-23.048150	115.161951	17.285500
	0.039311	-22.054330	115.161951	17.225900
	0.039320	-22.834270	115.161951	17.285500
	0.039330	-22.810524	115.161951	17.225900
	0.039339	-22.743220	115.161951	17.166300
	0.039349	-22.406180	115.161951	17.106600
	0.039358	-23.204201	115.161951	17.106600
	0.039368	-24.286391	115.161951	17.106600
	0.039377	-23.417263	115.161951	17.106600
	0.039387	-23.331845	115.161951	17.047000
	0.039396	-23.075061	115.161951	16.987400
	0.039406	-23.309539	115.161951	16.987400
	0.039415	-23.536537	115.161951	17.047000
	0.039424	-23.558345	115.161951	16.987400
	0.039434	-23.178876	115.161951	16.987400
	0.039443	-23.624009	115.161951	16.927800
	0.039453	-23.762208	115.161951	16.927800
	0.039462	-23.113271	115.161951	16.927800
	0.039472	-23.251454	115.161951	16.808600
	0.039481	-23.651249	115.161951	16.808600
	0.039491	-23.811475	115.161951	16.749000
	0.039500	-23.342392	115.161951	16.749000
	0.039510	-23.487329	115.161951	16.808600
	0.039519	-23.149151	115.161951	16.868200
	0.039529	-23.646039	115.161951	16.808600
	0.039538	-23.628624	115.161951	16.749000
	0.039548	-23.568033	115.161951	16.689400
	0.039557	-24.276795	115.161951	16.689400
	0.039566	-23.932883	115.161951	16.689400
	0.039576	-24.447006	115.161951	16.689400
	0.039585	-24.084439	115.161951	16.689400
	0.039595	-23.050380	115.161951	16.629800
	0.039604	-23.934084	115.161951	16.629800
	0.039614	-24.360250	115.161951	16.629800
	0.039623	-22.769958	115.161951	16.629800
	0.039633	-24.303546	115.161951	16.629800
	0.039642	-24.463101	115.161951	16.510600
	0.039652	-23.946253	115.161951	16.451000
	0.039661	-25.044675	115.161951	16.391400
	0.039671	-24.457792	115.161951	16.391400
	0.039680	-23.986259	115.161951	16.391400
	0.039690	-24.200665	115.161951	16.391400
	0.039699	-23.848917	115.161951	16.331800
	0.039709	-23.282914	115.161951	16.331800
	0.039718	-25.823197	115.161951	16.331800
	0.039727	-23.849508	115.161951	16.272200
	0.039737	-24.606374	115.161951	16.212600
	0.039746	-24.629413	115.161951	16.153000
	0.039756	-23.992955	115.161951	16.153000
	0.039765	-23.975294	115.161951	16.153000
	0.039775	-24.013268	115.161951	16.093400
	0.039784	-24.218908	115.161951	15.974200
	0.039794	-23.555985	115.161951	15.974200
	0.039803	-23.028752	115.161951	15.914600
	0.039813	-23.905851	115.161951	15.974200
	0.039822	-23.392959	115.161951	15.974200
	0.039832	-24.825035	115.161951	15.914600
	0.039841	-24.935127	115.161951	15.914600
	0.039851	-25.368025	115.161951	15.855000
	0.039860	-24.587048	115.161951	15.795300
	0.039869	-25.168119	115.161951	15.795300
	0.039879	-23.494236	115.161951	15.735700
	0.039888	-24.707632	115.161951	15.676100
	0.039898	-24.495910	115.161951	15.616500
	0.039907	-23.867788	115.161951	15.437700
	0.039917	-23.532201	115.161951	15.258900
	0.039926	-24.266991	115.161951	15.139600
	0.039936	-23.187978	115.161951	15.080000
	0.039945	-24.777941	115.161951	15.139600
	0.039955	-23.711815	115.161951	15.080000
	0.039964	-23.888359	115.161951	15.080000
	0.039974	-23.140263	115.161951	15.080000
	0.039983	-23.608089	115.161951	15.080000
	0.039993	-24.636186	115.161951	15.020400
	0.040002	-24.702156	115.161951	15.020400
	0.040012	-24.821287	115.161951	14.901200
	0.040021	-24.774863	115.161951	14.841600
	0.040030	-25.769650	115.161951	14.841600
	0.040040	-23.274619	115.161951	14.782000
	0.040049	-24.373286	115.161951	14.722400
	0.040059	-25.275779	115.161951	14.782000
	0.040068	-25.405172	115.161951	14.841600
	0.040078	-25.664093	115.161951	14.960800
	0.040087	-24.251313	115.161951	14.960800
	0.040097	-24.836080	115.161951	14.841600
	0.040106	-24.233985	115.161951	14.901200
	0.040116	-25.206533	115.161951	14.901200
	0.040125	-26.156077	115.161951	14.782000
	0.040135	-25.049616	115.161951	14.782000
	0.040144	-24.940056	115.161951	14.722400
	0.040154	-23.925518	115.161951	14.722400
	0.040163	-25.091790	115.161951	14.722400
	0.040172	-24.599407	115.161951	14.722400
	0.040182	-25.558312	115.161951	14.662800
	0.040191	-25.143802	115.161951	14.543600
	0.040201	-24.682161	115.161951	14.603200
	0.040210	-25.562531	115.161951	14.603200
	0.040220	-24.770961	115.161951	14.543600
	0.040229	-25.132412	115.161951	14.484000
	0.040239	-25.479766	115.161951	14.484000
	0.040248	-24.350533	115.161951	14.484000
	0.040258	-25.809833	115.161951	14.424400
	0.040267	-24.405863	115.161951	14.424400
	0.040277	-24.358561	115.161951	14.364800
	0.040286	-24.911641	115.161951	14.245600
	0.040296	-24.151642	115.161951	14.245600
	0.040305	-24.700034	115.161951	14.186000
	0.040315	-25.608526	115.161951	14.186000
	0.040324	-24.752688	115.161951	14.126400
	0.040333	-25.316806	115.161951	14.007100
	0.040343	-25.589483	115.161951	13.947500
	0.040352	-24.837726	115.161951	13.947500
	0.040362	-25.579526	115.161951	13.947500
	0.040371	-25.824460	115.161951	13.947500
	0.040381	-25.032389	115.161951	13.947500
	0.040390	-25.891411	115.161951	13.887900
	0.040400	-25.088567	115.161951	13.828300
	0.040409	-25.364509	115.161951	13.828300
	0.040419	-24.668252	115.161951	13.887900
	0.040428	-25.053292	115.161951	13.887900
	0.040438	-24.098948	115.161951	13.768700
	0.040447	-24.104010	115.161951	13.828300
	0.040457	-25.359421	115.161951	13.709100
	0.040466	-26.568555	115.161951	13.828300
	0.040475	-25.010041	115.161951	13.947500
	0.040485	-25.911974	115.161951	13.947500
	0.040494	-26.116550	115.161951	13.887900
	0.040504	-26.578182	115.161951	13.887900
	0.040513	-26.415433	115.161951	13.887900
	0.040523	-26.059660	115.161951	13.887900
	0.040532	-25.027867	115.161951	13.887900
	0.040542	-25.998550	115.161951	13.828300
	0.040551	-23.616879	115.161951	13.828300
	0.040561	-25.507807	115.161951	13.768700
	0.040570	-25.836427	115.161951	13.768700
	0.040580	-26.420087	115.161951	13.709100
	0.040589	-25.409583	115.161951	13.709100
	0.040599	-25.870726	115.161951	13.709100
	0.040608	-26.979002	115.161951	13.709100
	0.040618	-25.715915	115.161951	13.768700
	0.040627	-25.323643	115.161951	13.768700
	0.040636	-26.794987	115.161951	13.709100
	0.040646	-25.902198	115.161951	13.709100
	0.040655	-26.980630	115.161951	13.649500
	0.040665	-27.063526	115.161951	13.589900
	0.040674	-25.297592	115.161951	13.589900
	0.040684	-24.885637	115.161951	13.530300
	0.040693	-26.404564	115.161951	13.530300
	0.040703	-25.511886	115.161951	13.411100
	0.040712	-25.963397	115.161951	13.411100
	0.040722	-25.449649	115.161951	13.411100
	0.040731	-23.815306	115.161951	13.351500
	0.040741	-25.507077	115.161951	13.530300
	0.040750	-24.915424	115.161951	13.768700
	0.040760	-25.830639	115.161951	13.828300
	0.040769	-24.897782	115.161951	13.828300
	0.040778	-25.810862	115.161951	13.828300
	0.040788	-24.604970	115.161951	13.768700
	0.040797	-26.469124	115.161951	13.649500
	0.040807	-25.891445	115.161951	13.589900
	0.040816	-26.043517	115.161951	13.589900
	0.040826	-25.964603	115.161951	13.530300
	0.040835	-25.077528	115.161951	13.470700
	0.040845	-25.989360	115.161951	13.411100
	0.040854	-27.697895	115.161951	13.530300
	0.040864	-28.700138	115.161951	13.589900
	0.040873	-28.938992	115.161951	13.530300
	0.040883	-27.929570	115.161951	13.530300
	0.040892	-29.265170	115.161951	13.470700
	0.040902	-28.743936	115.161951	13.530300
	0.040911	-30.010971	115.161951	13.530300
	0.040921	-28.843123	115.161951	13.470700
	0.040930	-30.033911	115.161951	13.411100
	0.040939	-28.791809	115.161951	13.351500
	0.040949	-28.684940	115.161951	13.351500
	0.040958	-29.239694	115.161951	13.291900
	0.040968	-29.859632	115.161951	13.351500
	0.040977	-28.953560	115.161951	13.291900
	0.040987	-29.068114	115.161951	13.232300
	0.040996	-28.146927	115.161951	13.232300
	0.041006	-29.645883	115.161951	13.232300
	0.041015	-30.319135	115.161951	13.232300
	0.041025	-28.841760	115.161951	13.232300
	0.041034	-29.451511	115.161951	13.172700
	0.041044	-28.762662	115.161951	13.113100
	0.041053	-29.662940	115.161951	13.113100
	0.041063	-28.974167	115.161951	13.113100
	0.041072	-29.729886	115.161951	13.172700
	0.041081	-29.126347	115.161951	13.172700
	0.041091	-29.241447	115.161951	13.113100
	0.041100	-27.967024	115.161951	13.113100
	0.041110	-28.637704	115.161951	13.113100
	0.041119	-30.134047	115.161951	13.113100
	0.041129	-30.081058	115.161951	13.113100
	0.041138	-30.296061	115.161951	12.993900
	0.041148	-29.586285	115.161951	12.993900
	0.041157	-29.801911	115.161951	12.934300
	0.041167	-29.498594	115.161951	12.874700
	0.041176	-28.893437	115.161951	12.874700
	0.041186	-29.762974	115.161951	12.815100
	0.041195	-30.255240	115.161951	12.815100
	0.041205	-29.020888	115.161951	12.874700
	0.041214	-30.181644	115.161951	12.815100
	0.041224	-29.423536	115.161951	12.874700
	0.041233	-29.791362	115.161951	12.815100
	0.041242	-29.082920	115.161951	12.755500
	0.041252	-29.643392	115.161951	12.755500
	0.041261	-29.613943	115.161951	12.755500
	0.041271	-30.021306	115.161951	12.755500
	0.041280	-29.439224	115.161951	12.636200
	0.041290	-29.540782	115.161951	12.517000
	0.041299	-29.807607	115.161951	12.457400
	0.041309	-29.061713	115.161951	12.457400
	0.041318	-29.840340	115.161951	12.457400
	0.041328	-28.552427	115.161951	12.397800
	0.041337	-30.111122	115.161951	12.397800
	0.041347	-30.344965	115.161951	12.278600
	0.041356	-30.214413	115.161951	12.338200
	0.041366	-29.606204	115.161951	12.397800
	0.041375	-30.518349	115.161951	12.397800
	0.041384	-30.922731	115.161951	12.338200
	0.041394	-29.337461	115.161951	12.278600
	0.041403	-30.441838	115.161951	12.278600
	0.041413	-30.557375	115.161951	12.278600
	0.041422	-29.742793	115.161951	12.278600
	0.041432	-29.163440	115.161951	12.278600
	0.041441	-29.812755	115.161951	12.278600
	0.041451	-30.536060	115.161951	12.219000
	0.041460	-29.071716	115.161951	12.219000
	0.041470	-30.192599	115.161951	12.219000
	0.041479	-30.989665	115.161951	12.159400
	0.041489	-30.491417	115.161951	12.099800
	0.041498	-30.109685	115.161951	12.159400
	0.041508	-29.813839	115.161951	12.159400
	0.041517	-30.346339	115.161951	12.219000
	0.041527	-29.383456	115.161951	12.159400
	0.041536	-30.653990	115.161951	12.159400
	0.041545	-30.792658	115.161951	12.099800
	0.041555	-30.344646	115.161951	12.099800
	0.041564	-29.536094	115.161951	12.099800
	0.041574	-30.732613	115.161951	12.159400
	0.041583	-30.675723	115.161951	12.040200
	0.041593	-31.021200	115.161951	11.861400
	0.041602	-30.497048	115.161951	11.623000
	0.041612	-29.699807	115.161951	11.563400
	0.041621	-30.799090	115.161951	11.563400
	0.041631	-29.839506	115.161951	11.563400
	0.041640	-30.983668	115.161951	11.563400
	0.041650	-30.435564	115.161951	11.444200
	0.041659	-30.119337	115.161951	11.503800
	0.041669	-30.946801	115.161951	11.682600
	0.041678	-32.122055	115.161951	11.861400
	0.041687	-32.049228	115.161951	11.921000
	0.041697	-30.866869	115.161951	12.457400
	0.041706	-31.741810	115.161951	13.232300
	0.041716	-31.590269	115.161951	13.411100
	0.041725	-32.368101	115.161951	13.470700
	0.041735	-31.626453	115.161951	13.411100
	0.041744	-32.299103	115.161951	13.351500
	0.041754	-32.213711	115.161951	13.351500
	0.041763	-32.025468	115.161951	13.351500
	0.041773	-31.731958	115.161951	13.291900
	0.041782	-31.691219	115.161951	13.291900
	0.041792	-32.648112	115.161951	13.232300
	0.041801	-31.610688	115.161951	13.232300
	0.041811	-33.340187	115.161951	13.232300
	0.041820	-33.274023	115.161951	13.232300
	0.041829	-32.926098	115.161951	13.113100
	0.041839	-32.957271	115.161951	13.113100
	0.041848	-33.219211	115.161951	13.053500
	0.041858	-32.263537	115.161951	13.053500
	0.041867	-32.415386	115.161951	13.053500
	0.041877	-33.218489	115.161951	12.993900
	0.041886	-32.575847	115.161951	12.993900
	0.041896	-33.121924	115.161951	12.934300
	0.041905	-32.905706	115.161951	12.874700
	0.041915	-33.903871	115.161951	12.874700
	0.041924	-33.442218	115.161951	12.815100
	0.041934	-33.326092	115.161951	12.815100
	0.041943	-33.315232	115.161951	12.815100
	0.041953	-33.732848	115.161951	12.874700
	0.041962	-32.558508	115.161951	12.874700
	0.041972	-33.555179	115.161951	12.874700
	0.041981	-34.160614	115.161951	12.874700
	0.041990	-34.056752	115.161951	12.755500
	0.042000	-32.809159	115.161951	12.755500
	0.042009	-34.032061	115.161951	12.695800
	0.042019	-34.332296	115.161951	12.695800
	0.042028	-33.617354	115.161951	12.576600
	0.042038	-34.619666	115.161951	12.517000
	0.042047	-34.180676	115.161951	12.517000
	0.042057	-34.028559	115.161951	12.576600
	0.042066	-32.994740	115.161951	12.517000
	0.042076	-33.562274	115.161951	12.457400
	0.042085	-34.055222	115.161951	12.397800
	0.042095	-34.174669	115.161951	12.576600
	0.042104	-33.920315	115.161951	12.755500
	0.042114	-35.138271	115.161951	12.815100
	0.042123	-33.740553	115.161951	12.874700
	0.042132	-33.907650	115.161951	12.815100
	0.042142	-33.467400	115.161951	12.755500
	0.042151	-33.697994	115.161951	12.695800
	0.042161	-33.949906	115.161951	12.695800
	0.042170	-34.541126	115.161951	12.695800
	0.042180	-33.548896	115.161951	12.636200
	0.042189	-34.530286	115.161951	12.576600
	0.042199	-33.860564	115.161951	12.576600
	0.042208	-33.102492	115.161951	12.517000
	0.042218	-33.908247	115.161951	12.457400
	0.042227	-34.396765	115.161951	12.457400
	0.042237	-35.223070	115.161951	12.576600
	0.042246	-35.359552	115.161951	12.815100
	0.042256	-36.499134	115.161951	12.874700
	0.042265	-35.472773	115.161951	12.695800
	0.042275	-37.298095	115.161951	12.576600
	0.042284	-36.106899	115.161951	12.576600
	0.042293	-36.773295	115.161951	12.576600
	0.042303	-37.106930	115.161951	12.517000
	0.042312	-36.484363	115.161951	12.517000
	0.042322	-37.078168	115.161951	12.934300
	0.042331	-37.866058	115.161951	14.603200
	0.042341	-37.599270	115.161951	15.258900
	0.042350	-37.553819	115.161951	15.318500
	0.042360	-36.412757	115.161951	15.378100
	0.042369	-37.070115	115.161951	15.318500
	0.042379	-36.789351	115.161951	15.258900
	0.042388	-37.017531	115.161951	15.139600
	0.042398	-38.710585	115.161951	15.139600
	0.042407	-36.907896	115.161951	15.139600
	0.042417	-37.657528	115.161951	15.258900
	0.042426	-36.443267	115.161951	15.378100
	0.042435	-36.447864	115.161951	15.437700
	0.042445	-37.495163	115.161951	15.497300
	0.042454	-36.032114	115.161951	15.616500
	0.042464	-37.306004	115.161951	15.616500
	0.042473	-37.030026	115.161951	15.616500
	0.042483	-37.542926	115.161951	15.556900
	0.042492	-38.822566	115.161951	15.556900
	0.042502	-37.113447	115.161951	15.556900
	0.042511	-38.915169	115.161951	15.616500
	0.042521	-37.380606	115.161951	15.676100
	0.042530	-37.375381	115.161951	15.616500
	0.042540	-36.970951	115.161951	15.497300
	0.042549	-37.979238	115.161951	15.556900
	0.042559	-38.351215	115.161951	15.556900
	0.042568	-38.415931	115.161951	15.556900
	0.042578	-38.575742	115.161951	15.497300
	0.042587	-40.379917	115.161951	15.497300
	0.042596	-41.037180	115.161951	15.914600
	0.042606	-40.571907	115.161951	16.153000
	0.042615	-41.282143	115.161951	16.212600
	0.042625	-41.616022	115.161951	16.153000
	0.042634	-41.789665	115.161951	16.093400
	0.042644	-41.392478	115.161951	16.093400
	0.042653	-41.642290	115.161951	16.093400
	0.042663	-41.980196	115.161951	16.093400
	0.042672	-42.022416	115.161951	16.033800
	0.042682	-42.240780	115.161951	15.974200
	0.042691	-42.127493	115.161951	15.855000
	0.042701	-42.494977	115.161951	15.855000
	0.042710	-42.391132	115.161951	15.855000
	0.042720	-42.194288	115.161951	15.974200
	0.042729	-41.549184	115.161951	15.914600
	0.042738	-41.482141	115.161951	15.914600
	0.042748	-41.903535	115.161951	15.855000
	0.042757	-41.819482	115.161951	15.855000
	0.042767	-42.559081	115.161951	15.855000
	0.042776	-42.535160	115.161951	15.914600
	0.042786	-43.650124	115.161951	15.974200
	0.042795	-42.447054	115.161951	15.974200
	0.042805	-42.497968	115.161951	16.033800
	0.042814	-43.836985	115.161951	16.093400
	0.042824	-44.461046	115.161951	16.153000
	0.042833	-44.083709	115.161951	16.153000
	0.042843	-43.874421	115.161951	16.093400
	0.042852	-42.909283	115.161951	16.033800
	0.042862	-43.702124	115.161951	16.093400
	0.042871	-43.585506	115.161951	16.153000
	0.042881	-43.621179	115.161951	16.153000
	0.042890	-44.809221	115.161951	16.093400
	0.042899	-43.013649	115.161951	16.093400
	0.042909	-44.686485	115.161951	16.153000
	0.042918	-44.464831	115.161951	16.153000
	0.042928	-44.489861	115.161951	15.974200
	0.042937	-44.343203	115.161951	15.914600
	0.042947	-43.471862	115.161951	15.855000
	0.042956	-44.063906	115.161951	15.855000
	0.042966	-43.572899	115.161951	15.855000
	0.042975	-43.455316	115.161951	15.795300
	0.042985	-44.385335	115.161951	15.676100
	0.042994	-44.680768	115.161951	15.676100
	0.043004	-44.558435	115.161951	15.795300
	0.043013	-43.592456	115.161951	15.795300
	0.043023	-45.184654	115.161951	15.676100
	0.043032	-46.393069	115.161951	15.616500
	0.043041	-45.533950	115.161951	15.616500
	0.043051	-45.863074	115.161951	15.556900
	0.043060	-45.725658	115.161951	15.556900
	0.043070	-45.394153	115.161951	15.556900
	0.043079	-45.814008	115.161951	15.497300
	0.043089	-46.278234	115.161951	15.497300
	0.043098	-45.746310	115.161951	15.497300
	0.043108	-46.889204	115.161951	15.556900
	0.043117	-46.647546	115.161951	15.556900
	0.043127	-47.476736	115.161951	16.272200
	0.043136	-54.019173	115.161951	19.431200
	0.043146	-53.648793	115.161951	20.802100
	0.043155	-52.906245	115.161951	21.100200
	0.043165	-53.450771	115.161951	21.159800
	0.043174	-52.512209	115.161951	21.159800
	0.043184	-52.663811	115.161951	21.100200
	0.043193	-53.298703	115.161951	21.040600
	0.043202	-52.495070	115.161951	21.040600
	0.043212	-51.749341	115.161951	21.040600
	0.043221	-51.580794	115.161951	21.100200
	0.043231	-52.084270	115.161951	21.100200
	0.043240	-51.919920	115.161951	21.100200
	0.043250	-51.975754	115.161951	21.040600
	0.043259	-54.696362	115.161951	21.159800
	0.043269	-54.423898	115.161951	21.279000
	0.043278	-53.251310	115.161951	21.398200
	0.043288	-54.641414	115.161951	21.398200
	0.043297	-54.548589	115.161951	21.338600
	0.043307	-55.486633	115.161951	21.517400
	0.043316	-56.509289	115.161951	21.994200
	0.043326	-56.151923	115.161951	22.173000
	0.043335	-55.710771	115.161951	22.173000
	0.043344	-55.912513	115.161951	22.232600
	0.043354	-55.912143	115.161951	22.292300
	0.043363	-55.354963	115.161951	22.292300
	0.043373	-55.959910	115.161951	22.292300
	0.043382	-56.034094	115.161951	22.351900
	0.043392	-58.723181	115.161951	23.842000
	0.043401	-59.742720	115.161951	25.272500
	0.043411	-59.043439	115.161951	25.689700
	0.043420	-59.297473	115.161951	25.749300
	0.043430	-60.048568	115.161951	25.749300
	0.043439	-59.493950	115.161951	25.749300
	0.043449	-58.970090	115.161951	25.749300
	0.043458	-59.612456	115.161951	25.749300
	0.043468	-59.704388	115.161951	25.689700
	0.043477	-59.523967	115.161951	25.689700
	0.043487	-59.661875	115.161951	25.630100
	0.043496	-59.410193	115.161951	25.630100
	0.043505	-59.137149	115.161951	25.630100
	0.043515	-60.211942	115.161951	25.689700
	0.043524	-59.752554	115.161951	25.689700
	0.043534	-59.830274	115.161951	25.689700
	0.043543	-59.805879	115.161951	25.689700
	0.043553	-60.633930	115.161951	25.689700
	0.043562	-61.340403	115.161951	25.689700
	0.043572	-60.925763	115.161951	25.689700
	0.043581	-60.610662	115.161951	25.689700
	0.043591	-60.516461	115.161951	25.868500
	0.043600	-61.300881	115.161951	25.928100
	0.043610	-61.260047	115.161951	25.868500
	0.043619	-61.150020	115.161951	25.928100
	0.043629	-63.522265	115.161951	25.987700
	0.043638	-61.482791	115.161951	26.285800
	0.043647	-63.613171	115.161951	26.285800
	0.043657	-62.962196	115.161951	26.285800
	0.043666	-62.335742	115.161951	26.345400
	0.043676	-62.910047	115.161951	26.464600
	0.043685	-64.028199	115.161951	26.464600
	0.043695	-63.258496	115.161951	26.524200
	0.043704	-62.817300	115.161951	25.689700
	0.043714	-64.001854	115.161951	24.676400
	0.043723	-63.405884	115.161951	24.438000
	0.043733	-63.338379	115.161951	24.378400
	0.043742	-64.255963	115.161951	24.318800
	0.043752	-63.253692	115.161951	24.318800
	0.043761	-63.095472	115.161951	24.318800
	0.043771	-63.805026	115.161951	24.378400
	0.043780	-64.596187	115.161951	24.378400
	0.043790	-64.199973	115.161951	24.378400
	0.043799	-63.987186	115.161951	24.438000
	0.043808	-63.421149	115.161951	24.438000
	0.043818	-62.700673	115.161951	24.378400
	0.043827	-62.544767	115.161951	24.318800
	0.043837	-63.476878	115.161951	24.378400
	0.043846	-62.937307	115.161951	24.318800
	0.043856	-62.969121	115.161951	24.318800
	0.043865	-62.991643	115.161951	24.318800
	0.043875	-63.146125	115.161951	24.259200
	0.043884	-64.256524	115.161951	24.259200
	0.043894	-63.629632	115.161951	24.318800
	0.043903	-64.871778	115.161951	24.318800
	0.043913	-63.356647	115.161951	24.378400
	0.043922	-65.312594	115.161951	24.378400
	0.043932	-64.196308	115.161951	24.318800
	0.043941	-63.946154	115.161951	24.318800
	0.043950	-63.972467	115.161951	24.259200
	0.043960	-64.893098	115.161951	24.199600
	0.043969	-63.771302	115.161951	24.259200
	0.043979	-64.542992	115.161951	24.259200
	0.043988	-65.764283	115.161951	24.676400
	0.043998	-69.026288	115.161951	25.689700
	0.044007	-67.706164	115.161951	26.285800
	0.044017	-69.084255	115.161951	26.464600
	0.044026	-69.157248	115.161951	26.524200
	0.044036	-69.615173	115.161951	26.524200
	0.044045	-68.721637	115.161951	26.583800
	0.044055	-67.897436	115.161951	26.583800
	0.044064	-69.753054	115.161951	26.524200
	0.044074	-68.762716	115.161951	26.464600
	0.044083	-69.272675	115.161951	26.405000
	0.044093	-68.732732	115.161951	26.345400
	0.044102	-68.308689	115.161951	26.345400
	0.044111	-69.483127	115.161951	26.345400
	0.044121	-69.030331	115.161951	26.405000
	0.044130	-69.744809	115.161951	26.405000
	0.044140	-68.788648	115.161951	26.345400
	0.044149	-69.498566	115.161951	26.345400
	0.044159	-69.869923	115.161951	26.345400
	0.044168	-69.666594	115.161951	26.405000
	0.044178	-69.193509	115.161951	26.464600
	0.044187	-69.339477	115.161951	26.464600
	0.044197	-68.779441	115.161951	26.524200
	0.044206	-69.159465	115.161951	26.524200
	0.044216	-68.564959	115.161951	26.524200
	0.044225	-68.491972	115.161951	26.464600
	0.044235	-69.204394	115.161951	26.464600
	0.044244	-69.956185	115.161951	26.464600
	0.044253	-68.847515	115.161951	26.524200
	0.044263	-69.582720	115.161951	26.583800
	0.044272	-69.284779	115.161951	26.583800
	0.044282	-69.803478	115.161951	26.583800
	0.044291	-72.836047	115.161951	26.941400
	0.044301	-74.368557	115.161951	28.073900
	0.044310	-73.661367	115.161951	28.670000
	0.044320	-74.122593	115.161951	28.848800
	0.044329	-74.308315	115.161951	28.968000
	0.044339	-74.704543	115.161951	28.968000
	0.044348	-74.933497	115.161951	28.908400
	0.044358	-74.171833	115.161951	28.848800
	0.044367	-73.835718	115.161951	28.848800
	0.044377	-74.210884	115.161951	28.908400
	0.044386	-73.890845	115.161951	28.908400
	0.044396	-74.065377	115.161951	28.848800
	0.044405	-73.752239	115.161951	28.848800
	0.044414	-73.749507	115.161951	28.848800
	0.044424	-73.639529	115.161951	28.729600
	0.044433	-73.650700	115.161951	28.789200
	0.044443	-73.361478	115.161951	28.789200
	0.044452	-73.463928	115.161951	28.729600
	0.044462	-74.186811	115.161951	28.729600
	0.044471	-73.381718	115.161951	28.729600
	0.044481	-72.950597	115.161951	28.670000
	0.044490	-73.364791	115.161951	28.610300
	0.044500	-73.162868	115.161951	28.610300
	0.044509	-73.838315	115.161951	28.848800
	0.044519	-74.509045	115.161951	29.146800
	0.044528	-80.840745	115.161951	29.564000
	0.044538	-86.835312	115.161951	32.067500
	0.044547	-86.654299	115.161951	33.140400
	0.044556	-86.999347	115.161951	33.438400
	0.044566	-93.880358	115.161951	34.392100
	0.044575	-93.717037	115.161951	35.405400
	0.044585	-94.684996	115.161951	35.763000
	0.044594	-94.330900	115.161951	35.763000
	0.044604	-101.575947	115.161951	37.253100
	0.044613	-104.721213	115.161951	39.458500
	0.044623	-103.770080	115.161951	40.173800
	0.044632	-104.997953	115.161951	40.352600
	0.044642	-103.692656	115.161951	40.293000
	0.044651	-104.266029	115.161951	40.233400
	0.044661	-104.271743	115.161951	40.233400
	0.044670	-104.437783	115.161951	40.233400
	0.044680	-105.421488	115.161951	40.233400
	0.044689	-104.941434	115.161951	40.173800
	0.044699	-104.858399	115.161951	40.173800
	0.044708	-104.441300	115.161951	40.173800
	0.044717	-105.315441	115.161951	40.114200
	0.044727	-104.487252	115.161951	40.412200
	0.044736	-104.520451	115.161951	40.591000
	0.044746	-104.658455	115.161951	40.650600
	0.044755	-104.514142	115.161951	40.650600
	0.044765	-106.311981	115.161951	40.650600
	0.044774	-105.577489	115.161951	40.650600
	0.044784	-104.984545	115.161951	40.710200
	0.044793	-105.045276	115.161951	40.710200
	0.044803	-106.262137	115.161951	40.710200
	0.044812	-105.356106	115.161951	40.650600
	0.044822	-106.583485	115.161951	40.710200
	0.044831	-106.441372	115.161951	40.769800
	0.044841	-105.626695	115.161951	40.829400
	0.044850	-106.523277	115.161951	40.889000
	0.044859	-106.613687	115.161951	40.889000
	0.044869	-107.019016	115.161951	40.889000
	0.044878	-107.016280	115.161951	40.889000
	0.044888	-107.570429	115.161951	40.889000
	0.044897	-107.381779	115.161951	40.889000
	0.044907	-106.283800	115.161951	40.948600
	0.044916	-107.607659	115.161951	40.948600
	0.044926	-106.575234	115.161951	40.889000
	0.044935	-106.537536	115.161951	40.889000
	0.044945	-106.842401	115.161951	40.889000
	0.044954	-106.178700	115.161951	40.889000
	0.044964	-107.764105	115.161951	40.889000
	0.044973	-106.710010	115.161951	40.889000
	0.044983	-106.854066	115.161951	40.889000
	0.044992	-107.158279	115.161951	40.889000
	0.045002	-107.321821	115.161951	40.889000
	0.045011	-107.460591	115.161951	40.948600
	0.045020	-108.149952	115.161951	40.948600
	0.045030	-108.414635	115.161951	41.008200
	0.045039	-107.198524	115.161951	40.948600
	0.045049	-107.677725	115.161951	40.889000
	0.045058	-106.943240	115.161951	40.948600
	0.045068	-107.755250	115.161951	41.008200
	0.045077	-107.986009	115.161951	41.127400
	0.045087	-111.407603	115.161951	41.604300
	0.045096	-110.650027	115.161951	41.961900
	0.045106	-111.077807	115.161951	42.081100
	0.045115	-111.436830	115.161951	42.140700
	0.045125	-112.366210	115.161951	42.140700
	0.045134	-111.126295	115.161951	42.140700
	0.045144	-111.278953	115.161951	42.081100
	0.045153	-111.469011	115.161951	42.081100
	0.045162	-112.078322	115.161951	42.200300
	0.045172	-112.380309	115.161951	42.557900
	0.045181	-112.714237	115.161951	42.677200
	0.045191	-113.213310	115.161951	42.677200
	0.045200	-113.022654	115.161951	42.677200
	0.045210	-113.546721	115.161951	42.736800
	0.045219	-112.333944	115.161951	42.796400
	0.045229	-113.994338	115.161951	42.796400
	0.045238	-113.061075	115.161951	42.736800
	0.045248	-114.167887	115.161951	42.736800
	0.045257	-113.682879	115.161951	42.677200
	0.045267	-113.903868	115.161951	42.677200
	0.045276	-114.161974	115.161951	42.677200
	0.045286	-114.823507	115.161951	42.617600
	0.045295	-114.021626	115.161951	42.617600
	0.045305	-114.936225	115.161951	42.617600
	0.045314	-113.905276	115.161951	42.677200
	0.045323	-114.288601	115.161951	42.617600
	0.045333	-114.534701	115.161951	42.557900
	0.045342	-114.304299	115.161951	42.498300
	0.045352	-113.273584	115.161951	42.498300
	0.045361	-113.832124	115.161951	42.557900
	0.045371	-114.334309	115.161951	42.617600
	0.045380	-113.801201	115.161951	42.677200
	0.045390	-114.064708	115.161951	43.094400
	0.045399	-115.075663	115.161951	43.928900
	0.045409	-115.277288	115.161951	44.167300
	0.045418	-115.616567	115.161951	44.167300
	0.045428	-115.735570	115.161951	44.107700
	0.045437	-116.199466	115.161951	44.226900
	0.045447	-115.890299	115.161951	44.286500
	0.045456	-115.772190	115.161951	44.286500
	0.045465	-115.442431	115.161951	44.286500
	0.045475	-115.674534	115.161951	44.286500
	0.045484	-116.293330	115.161951	44.286500
	0.045494	-116.504086	115.161951	44.346100
	0.045503	-114.847145	115.161951	44.346100
	0.045513	-115.006245	115.161951	44.405700
	0.045522	-115.936971	115.161951	44.405700
	0.045532	-115.195292	115.161951	44.405700
	0.045541	-116.545617	115.161951	44.346100
	0.045551	-115.474012	115.161951	44.346100
	0.045560	-115.803505	115.161951	44.405700
	0.045570	-116.491027	115.161951	44.524900
	0.045579	-115.772172	115.161951	44.465300
	0.045589	-117.261732	115.161951	44.524900
	0.045598	-117.402941	115.161951	44.644100
	0.045608	-118.249577	115.161951	44.703700
	0.045617	-118.296851	115.161951	44.703700
	0.045626	-118.318700	115.161951	44.703700
	0.045636	-119.790814	115.161951	44.763300
	0.045645	-120.094691	115.161951	44.882500
	0.045655	-119.908117	115.161951	45.001700
	0.045664	-120.128983	115.161951	45.061300
	0.045674	-119.630365	115.161951	45.061300
	0.045683	-119.642540	115.161951	45.061300
	0.045693	-119.394184	115.161951	45.061300
	0.045702	-119.255011	115.161951	45.061300
	0.045712	-119.840071	115.161951	45.061300
	0.045721	-120.705251	115.161951	45.001700
	0.045731	-120.107586	115.161951	45.061300
	0.045740	-119.530227	115.161951	45.001700
	0.045750	-119.544801	115.161951	44.942100
	0.045759	-118.836948	115.161951	45.001700
	0.045768	-119.916645	115.161951	45.001700
	0.045778	-120.117252	115.161951	45.001700
	0.045787	-119.409521	115.161951	45.001700
	0.045797	-118.931106	115.161951	45.061300
	0.045806	-119.736862	115.161951	45.061300
	0.045816	-120.341902	115.161951	45.061300
	0.045825	-120.624975	115.161951	45.061300
	0.045835	-119.225925	115.161951	45.001700
	0.045844	-119.433109	115.161951	44.942100
	0.045854	-119.619880	115.161951	45.001700
	0.045863	-120.992039	115.161951	45.061300
	0.045873	-121.276519	115.161951	45.120900
	0.045882	-119.924987	115.161951	45.120900
	0.045892	-119.462004	115.161951	45.120900
	0.045901	-120.849736	115.161951	45.180600
	0.045910	-120.667692	115.161951	45.359400
	0.045920	-120.812238	115.161951	45.419000
	0.045929	-121.560842	115.161951	45.419000
	0.045939	-121.504004	115.161951	45.419000
	0.045948	-121.973009	115.161951	45.419000
	0.045958	-121.195221	115.161951	45.478600
	0.045967	-120.430109	115.161951	45.478600
	0.045977	-121.076028	115.161951	45.419000
	0.045986	-121.874355	115.161951	45.359400
	0.045996	-121.754049	115.161951	45.419000
	0.046005	-120.969864	115.161951	45.419000
	0.046015	-121.786286	115.161951	45.419000
	0.046024	-122.703631	115.161951	45.419000
	0.046034	-120.541065	115.161951	45.419000
	0.046043	-120.130742	115.161951	45.776600
	0.046053	-124.929757	115.161951	46.670700
	0.046062	-125.743760	115.161951	47.028300
	0.046071	-125.049436	115.161951	47.087900
	0.046081	-125.743901	115.161951	47.087900
	0.046090	-125.892005	115.161951	47.087900
	0.046100	-124.958560	115.161951	47.087900
	0.046109	-124.302882	115.161951	47.147500
	0.046119	-125.345564	115.161951	47.147500
	0.046128	-125.233277	115.161951	47.087900
	0.046138	-125.368908	115.161951	47.087900
	0.046147	-125.467503	115.161951	47.147500
	0.046157	-125.474699	115.161951	47.207100
	0.046166	-125.857250	115.161951	47.207100
	0.046176	-126.147684	115.161951	47.207100
	0.046185	-126.390389	115.161951	47.207100
	0.046195	-126.260423	115.161951	47.147500
	0.046204	-125.934803	115.161951	47.147500
	0.046213	-126.186500	115.161951	47.147500
	0.046223	-126.646175	115.161951	47.266700
	0.046232	-126.105280	115.161951	47.326300
	0.046242	-126.650509	115.161951	47.385900
	0.046251	-126.643395	115.161951	47.326300
	0.046261	-126.070532	115.161951	47.326300
	0.046270	-126.406879	115.161951	47.385900
	0.046280	-125.949902	115.161951	47.385900
	0.046289	-125.764732	115.161951	47.326300
	0.046299	-125.832985	115.161951	47.326300
	0.046308	-125.917937	115.161951	47.326300
	0.046318	-126.118900	115.161951	47.326300
	0.046327	-127.124489	115.161951	47.266700
	0.046337	-126.470565	115.161951	47.266700
	0.046346	-129.122355	115.161951	48.458800
	0.046356	-130.737240	115.161951	49.293300
	0.046365	-130.803336	115.161951	49.472100
	0.046374	-131.176782	115.161951	49.531700
	0.046384	-129.888291	115.161951	49.472100
	0.046393	-130.975954	115.161951	49.472100
	0.046403	-131.129369	115.161951	49.531700
	0.046412	-131.302788	115.161951	49.531700
	0.046422	-131.393855	115.161951	49.591300
	0.046431	-131.389973	115.161951	49.650900
	0.046441	-131.206458	115.161951	49.591300
	0.046450	-131.822472	115.161951	49.710500
	0.046460	-131.609224	115.161951	49.650900
	0.046469	-131.444057	115.161951	49.650900
	0.046479	-132.026378	115.161951	49.650900
	0.046488	-131.044090	115.161951	49.710500
	0.046498	-131.618019	115.161951	49.889300
	0.046507	-132.109785	115.161951	50.008500
	0.046516	-131.238524	115.161951	49.948900
	0.046526	-130.571717	115.161951	49.948900
	0.046535	-130.477246	115.161951	50.008500
	0.046545	-131.012033	115.161951	49.948900
	0.046554	-130.388141	115.161951	49.948900
	0.046564	-131.422662	115.161951	49.889300
	0.046573	-130.850161	115.161951	49.948900
	0.046583	-130.844903	115.161951	49.948900
	0.046592	-131.046419	115.161951	49.889300
	0.046602	-130.915930	115.161951	49.948900
	0.046611	-131.275159	115.161951	49.889300
	0.046621	-131.171863	115.161951	49.948900
	0.046630	-130.863093	115.161951	50.008500
	0.046640	-131.620213	115.161951	50.068100
	0.046649	-131.614818	115.161951	50.127700
	0.046659	-130.601766	115.161951	50.068100
	0.046668	-132.540815	115.161951	50.127700
	0.046677	-131.201798	115.161951	50.187300
	0.046687	-131.654176	115.161951	50.127700
	0.046696	-131.617643	115.161951	50.127700
	0.046706	-132.946757	115.161951	50.127700
	0.046715	-131.891494	115.161951	50.187300
	0.046725	-131.648261	115.161951	50.246900
	0.046734	-132.796428	115.161951	50.366200
	0.046744	-132.974364	115.161951	50.485400
	0.046753	-133.750361	115.161951	50.485400
	0.046763	-133.385163	115.161951	50.485400
	0.046772	-133.340311	115.161951	50.485400
	0.046782	-132.942261	115.161951	50.485400
	0.046791	-133.577597	115.161951	50.485400
	0.046801	-132.766225	115.161951	50.485400
	0.046810	-132.685587	115.161951	50.545000
	0.046819	-133.423948	115.161951	50.485400
	0.046829	-134.293938	115.161951	50.425800
	0.046838	-133.688330	115.161951	50.366200
	0.046848	-133.970270	115.161951	50.366200
	0.046857	-137.293774	115.161951	51.141000
	0.046867	-141.238755	115.161951	52.452300
	0.046876	-140.296950	115.161951	52.929200
	0.046886	-141.577022	115.161951	53.048400
	0.046895	-140.301113	115.161951	53.048400
	0.046905	-141.003013	115.161951	52.988800
	0.046914	-141.396557	115.161951	52.929200
	0.046924	-140.994384	115.161951	52.929200
	0.046933	-142.210696	115.161951	52.929200
	0.046943	-141.198760	115.161951	52.929200
	0.046952	-140.045520	115.161951	52.929200
	0.046962	-141.759513	115.161951	52.988800
	0.046971	-140.670794	115.161951	53.048400
	0.046980	-139.902404	115.161951	52.988800
	0.046990	-140.994840	115.161951	52.988800
	0.046999	-142.090619	115.161951	53.525200
	0.047009	-150.241205	115.161951	55.313300
	0.047018	-151.497283	115.161951	56.028600
	0.047028	-151.588357	115.161951	56.147800
	0.047037	-151.537013	115.161951	56.147800
	0.047047	-150.895213	115.161951	56.147800
	0.047056	-151.289874	115.161951	56.147800
	0.047066	-151.416703	115.161951	56.267000
	0.047075	-151.097530	115.161951	56.326600
	0.047085	-151.108971	115.161951	56.326600
	0.047094	-150.776885	115.161951	56.267000
	0.047104	-151.447743	115.161951	56.267000
	0.047113	-150.824985	115.161951	56.267000
	0.047122	-150.499421	115.161951	56.326600
	0.047132	-152.791912	115.161951	56.863100
	0.047141	-155.136018	115.161951	57.399500
	0.047151	-154.062523	115.161951	57.578300
	0.047160	-154.351841	115.161951	57.637900
	0.047170	-154.159163	115.161951	57.697500
	0.047179	-155.163582	115.161951	57.697500
	0.047189	-155.062200	115.161951	57.697500
	0.047198	-155.714453	115.161951	57.697500
	0.047208	-155.250895	115.161951	57.697500
	0.047217	-154.728862	115.161951	57.757100
	0.047227	-155.058290	115.161951	57.757100
	0.047236	-154.936359	115.161951	58.055200
	0.047246	-155.247315	115.161951	58.174400
	0.047255	-155.587941	115.161951	58.114800
	0.047265	-154.932739	115.161951	58.114800
	0.047274	-154.154657	115.161951	58.114800
	0.047283	-154.388876	115.161951	58.114800
	0.047293	-154.988696	115.161951	58.174400
	0.047302	-156.917688	115.161951	58.353200
	0.047312	-155.890237	115.161951	58.412800
	0.047321	-155.571441	115.161951	58.472400
	0.047331	-156.345532	115.161951	58.472400
	0.047340	-155.910011	115.161951	58.591600
	0.047350	-158.072250	115.161951	59.247200
	0.047359	-157.970168	115.161951	59.604900
	0.047369	-158.849786	115.161951	59.664500
	0.047378	-158.028907	115.161951	59.664500
	0.047388	-158.108237	115.161951	59.664500
	0.047397	-158.630975	115.161951	59.664500
	0.047407	-158.656154	115.161951	59.664500
	0.047416	-159.292414	115.161951	59.664500
	0.047425	-158.544343	115.161951	59.664500
	0.047435	-158.947463	115.161951	59.724100
	0.047444	-160.871419	115.161951	59.724100
	0.047454	-159.199742	115.161951	59.724100
	0.047463	-159.599886	115.161951	59.664500
	0.047473	-159.701951	115.161951	59.724100
	0.047482	-160.120818	115.161951	59.724100
	0.047492	-159.388774	115.161951	59.724100
	0.047501	-160.071036	115.161951	59.664500
	0.047511	-159.457568	115.161951	59.604900
	0.047520	-160.205383	115.161951	59.664500
	0.047530	-163.340469	115.161951	60.797000
	0.047539	-163.451848	115.161951	61.572100
	0.047549	-163.298006	115.161951	61.750900
	0.047558	-164.443828	115.161951	61.750900
	0.047568	-163.892599	115.161951	61.691300
	0.047577	-163.109242	115.161951	61.691300
	0.047586	-163.404962	115.161951	61.691300
	0.047596	-164.517466	115.161951	61.691300
	0.047605	-163.299213	115.161951	61.691300
	0.047615	-162.856264	115.161951	61.631700
	0.047624	-163.045490	115.161951	61.691300
	0.047634	-162.429894	115.161951	61.691300
	0.047643	-163.215305	115.161951	62.048900
	0.047653	-165.769945	115.161951	62.406500
	0.047662	-165.112564	115.161951	62.525700
	0.047672	-164.605561	115.161951	62.525700
	0.047681	-165.854740	115.161951	62.466100
	0.047691	-164.742773	115.161951	62.525700
	0.047700	-165.138752	115.161951	62.525700
	0.047710	-165.892168	115.161951	62.525700
	0.047719	-165.418410	115.161951	62.644900
	0.047728	-167.038418	115.161951	62.943000
	0.047738	-166.454127	115.161951	63.002600
	0.047747	-167.573839	115.161951	63.121800
	0.047757	-166.872024	115.161951	63.062200
	0.047766	-166.854612	115.161951	63.062200
	0.047776	-166.858775	115.161951	63.121800
	0.047785	-167.121229	115.161951	63.181400
	0.047795	-166.192156	115.161951	63.181400
	0.047804	-168.104662	115.161951	63.598600
	0.047814	-171.388915	115.161951	64.194700
	0.047823	-170.819137	115.161951	64.433100
	0.047833	-171.357054	115.161951	64.492700
	0.047842	-173.124135	115.161951	64.790700
	0.047852	-173.028002	115.161951	65.207900
	0.047861	-173.387184	115.161951	65.446400
	0.047871	-173.742414	115.161951	65.446400
	0.047880	-172.714450	115.161951	65.506000
	0.047889	-173.232694	115.161951	65.446400
	0.047899	-172.435797	115.161951	65.506000
	0.047908	-172.092306	115.161951	65.506000
	0.047918	-172.801791	115.161951	65.446400
	0.047927	-172.059542	115.161951	65.446400
	0.047937	-173.117955	115.161951	65.446400
	0.047946	-171.827130	115.161951	65.446400
	0.047956	-173.802855	115.161951	65.386800
	0.047965	-172.864518	115.161951	65.386800
	0.047975	-173.443966	115.161951	65.386800
	0.047984	-172.813399	115.161951	65.327200
	0.047994	-173.571674	115.161951	65.327200
	0.048003	-173.821852	115.161951	65.267600
	0.048013	-174.242343	115.161951	65.327200
	0.048022	-173.131057	115.161951	65.327200
	0.048031	-173.766635	115.161951	65.267600
	0.048041	-173.247987	115.161951	65.327200
	0.048050	-173.443314	115.161951	65.327200
	0.048060	-174.486188	115.161951	65.267600
	0.048069	-174.022300	115.161951	65.207900
	0.048079	-173.072593	115.161951	65.207900
	0.048088	-173.612958	115.161951	65.207900
	0.048098	-173.528876	115.161951	65.267600
	0.048107	-173.726734	115.161951	65.327200
	0.048117	-173.113876	115.161951	65.327200
	0.048126	-173.881887	115.161951	65.327200
	0.048136	-172.807820	115.161951	65.327200
	0.048145	-172.755908	115.161951	65.386800
	0.048155	-172.663084	115.161951	65.327200
	0.048164	-172.672095	115.161951	65.327200
	0.048174	-173.460867	115.161951	65.386800
	0.048183	-172.983505	115.161951	65.386800
	0.048192	-174.157139	115.161951	65.386800
	0.048202	-173.065151	115.161951	65.327200
	0.048211	-171.967258	115.161951	65.327200
	0.048221	-172.862700	115.161951	65.327200
	0.048230	-173.765727	115.161951	65.386800
	0.048240	-172.260130	115.161951	65.386800
	0.048249	-173.056583	115.161951	65.506000
	0.048259	-174.255976	115.161951	65.565600
	0.048268	-173.291855	115.161951	65.506000
	0.048278	-172.957343	115.161951	65.506000
	0.048287	-171.472880	115.161951	65.506000
	0.048297	-173.837064	115.161951	65.565600
	0.048306	-172.741874	115.161951	65.446400
	0.048316	-174.057771	115.161951	65.446400
	0.048325	-173.969432	115.161951	65.506000
	0.048334	-173.649688	115.161951	65.506000
	0.048344	-173.213758	115.161951	65.506000
	0.048353	-173.530143	115.161951	65.506000
	0.048363	-173.765591	115.161951	65.446400
	0.048372	-173.153678	115.161951	65.446400
	0.048382	-173.743899	115.161951	65.386800
	0.048391	-173.600205	115.161951	65.446400
	0.048401	-173.827419	115.161951	65.446400
	0.048410	-172.237719	115.161951	65.446400
	0.048420	-173.913982	115.161951	65.446400
	0.048429	-174.083192	115.161951	65.327200
	0.048439	-172.330282	115.161951	65.327200
	0.048448	-173.415951	115.161951	65.327200
	0.048458	-174.600939	115.161951	65.267600
	0.048467	-174.336246	115.161951	65.327200
	0.048477	-175.106363	115.161951	65.327200
	0.048486	-173.674287	115.161951	65.327200
	0.048495	-173.696635	115.161951	65.327200
	0.048505	-172.911218	115.161951	65.267600
	0.048514	-172.120715	115.161951	65.327200
	0.048524	-173.851450	115.161951	65.327200
	0.048533	-173.122571	115.161951	65.327200
	0.048543	-174.315536	115.161951	65.267600
	0.048552	-172.935727	115.161951	65.327200
	0.048562	-173.428249	115.161951	65.386800
	0.048571	-173.528375	115.161951	65.327200
	0.048581	-173.704244	115.161951	65.327200
	0.048590	-174.258332	115.161951	65.327200
	0.048600	-174.830256	115.161951	65.327200
	0.048609	-174.890641	115.161951	65.327200
	0.048619	-174.318375	115.161951	65.267600
	0.048628	-175.361705	115.161951	65.327200
	0.048637	-173.686582	115.161951	65.327200
	0.048647	-173.296681	115.161951	65.267600
	0.048656	-173.593123	115.161951	65.267600
	0.048666	-173.959899	115.161951	65.327200
	0.048675	-173.832310	115.161951	65.267600
	0.048685	-174.109986	115.161951	65.327200
	0.048694	-173.396509	115.161951	65.327200
	0.048704	-173.693549	115.161951	65.386800
	0.048713	-172.690890	115.161951	65.386800
	0.048723	-174.470396	115.161951	65.327200
	0.048732	-173.181850	115.161951	65.386800
	0.048742	-176.072379	115.161951	66.042400
	0.048751	-175.866139	115.161951	66.340400
	0.048761	-175.920613	115.161951	66.459600
	0.048770	-176.141569	115.161951	66.459600
	0.048780	-175.870009	115.161951	66.400000
	0.048789	-176.792592	115.161951	66.340400
	0.048798	-175.751107	115.161951	66.280800
	0.048808	-175.726337	115.161951	66.221200
	0.048817	-175.402189	115.161951	66.221200
	0.048827	-176.409903	115.161951	66.221200
	0.048836	-176.456771	115.161951	66.221200
	0.048846	-176.235156	115.161951	66.221200
	0.048855	-176.068701	115.161951	66.221200
	0.048865	-176.474162	115.161951	66.042400
	0.048874	-176.581802	115.161951	65.982800
	0.048884	-176.896808	115.161951	66.042400
	0.048893	-177.350539	115.161951	66.280800
	0.048903	-178.888251	115.161951	66.459600
	0.048912	-179.041685	115.161951	66.578900
	0.048922	-179.470236	115.161951	66.578900
	0.048931	-179.352454	115.161951	66.578900
	0.048940	-179.529697	115.161951	66.638500
	0.048950	-179.082671	115.161951	66.578900
	0.048959	-179.164038	115.161951	66.578900
	0.048969	-179.316211	115.161951	66.698100
	0.048978	-179.522789	115.161951	66.757700
	0.048988	-179.451108	115.161951	66.757700
	0.048997	-179.161093	115.161951	66.817300
	0.049007	-179.868929	115.161951	66.757700
	0.049016	-181.367170	115.161951	66.698100
	0.049026	-179.698892	115.161951	66.757700
	0.049035	-179.553283	115.161951	66.698100
	0.049045	-179.259790	115.161951	66.698100
	0.049054	-179.748816	115.161951	66.757700
	0.049064	-180.613628	115.161951	66.757700
	0.049073	-179.628889	115.161951	66.638500
	0.049083	-180.238244	115.161951	66.757700
	0.049092	-179.672334	115.161951	66.757700
	0.049101	-180.331288	115.161951	66.757700
	0.049111	-180.026076	115.161951	66.817300
	0.049120	-181.503762	115.161951	66.876900
	0.049130	-181.494464	115.161951	66.876900
	0.049139	-180.333302	115.161951	66.876900
	0.049149	-180.545295	115.161951	66.817300
	0.049158	-179.600645	115.161951	66.817300
	0.049168	-180.660800	115.161951	66.817300
	0.049177	-180.875014	115.161951	66.817300
	0.049187	-179.490977	115.161951	66.876900
	0.049196	-179.808581	115.161951	66.876900
	0.049206	-179.931834	115.161951	66.817300
	0.049215	-180.097838	115.161951	66.817300
	0.049225	-179.381703	115.161951	66.876900
	0.049234	-180.005551	115.161951	66.996100
	0.049243	-179.789264	115.161951	66.996100
	0.049253	-179.687182	115.161951	66.996100
	0.049262	-178.924458	115.161951	66.996100
	0.049272	-178.495893	115.161951	66.996100
	0.049281	-180.184750	115.161951	66.936500
	0.049291	-180.025854	115.161951	66.876900
	0.049300	-179.965494	115.161951	66.876900
	0.049310	-179.677716	115.161951	66.876900
	0.049319	-179.073747	115.161951	66.757700
	0.049329	-180.113744	115.161951	66.757700
	0.049338	-179.147693	115.161951	66.757700
	0.049348	-178.770139	115.161951	66.817300
	0.049357	-178.772561	115.161951	66.876900
	0.049367	-180.298286	115.161951	66.817300
	0.049376	-179.994734	115.161951	66.817300
	0.049386	-178.921890	115.161951	66.817300
	0.049395	-179.095049	115.161951	66.757700
	0.049404	-179.630306	115.161951	66.757700
	0.049414	-178.678816	115.161951	66.698100
	0.049423	-178.898117	115.161951	66.698100
	0.049433	-178.764127	115.161951	66.757700
	0.049442	-179.753789	115.161951	66.698100
	0.049452	-179.905161	115.161951	66.638500
	0.049461	-179.481277	115.161951	66.698100
	0.049471	-179.970249	115.161951	66.638500
	0.049480	-179.236075	115.161951	66.638500
	0.049490	-179.863204	115.161951	66.638500
	0.049499	-179.534543	115.161951	66.578900
	0.049509	-179.686832	115.161951	66.638500
	0.049518	-179.828100	115.161951	66.638500
	0.049528	-178.856502	115.161951	66.638500
	0.049537	-178.996634	115.161951	66.638500
	0.049546	-179.561930	115.161951	66.638500
	0.049556	-179.733751	115.161951	66.638500
	0.049565	-179.008733	115.161951	66.638500
	0.049575	-180.306049	115.161951	66.638500
	0.049584	-179.413737	115.161951	66.578900
	0.049594	-179.313910	115.161951	66.578900
	0.049603	-179.115721	115.161951	66.578900
	0.049613	-179.058639	115.161951	66.519200
	0.049622	-178.987762	115.161951	66.578900
	0.049632	-179.226488	115.161951	66.578900
	0.049641	-179.325363	115.161951	66.519200
	0.049651	-179.112451	115.161951	66.519200
	0.049660	-179.685045	115.161951	66.578900
	0.049670	-180.489881	115.161951	66.817300
	0.049679	-182.493928	115.161951	67.413300
	0.049689	-183.264381	115.161951	67.532500
	0.049698	-182.834078	115.161951	67.592100
	0.049707	-183.342195	115.161951	67.651700
	0.049717	-182.821005	115.161951	67.651700
	0.049726	-183.385943	115.161951	67.651700
	0.049736	-182.636560	115.161951	67.711300
	0.049745	-182.678715	115.161951	67.651700
	0.049755	-182.628813	115.161951	67.592100
	0.049764	-183.173350	115.161951	67.592100
	0.049774	-182.783907	115.161951	67.651700
	0.049783	-183.530226	115.161951	67.651700
	0.049793	-183.312382	115.161951	67.711300
	0.049802	-182.805335	115.161951	67.711300
	0.049812	-182.855251	115.161951	67.711300
	0.049821	-183.252825	115.161951	67.651700
	0.049831	-182.566012	115.161951	67.651700
	0.049840	-182.923923	115.161951	67.651700
	0.049849	-181.797512	115.161951	67.592100
	0.049859	-182.070546	115.161951	67.651700
	0.049868	-182.592599	115.161951	67.651700
	0.049878	-183.858231	115.161951	67.592100
	0.049887	-183.983147	115.161951	67.592100
	0.049897	-183.479538	115.161951	67.592100
	0.049906	-184.227161	115.161951	67.532500
	0.049916	-183.342818	115.161951	67.592100
	0.049925	-183.670918	115.161951	67.651700
	0.049935	-183.405720	115.161951	67.592100
	0.049944	-184.288615	115.161951	67.592100
	0.049954	-182.932980	115.161951	67.651700
	0.049963	-183.404663	115.161951	67.592100
	0.049973	-183.928038	115.161951	67.592100
	0.049982	-182.276248	115.161951	67.592100
	0.049991	-182.604938	115.161951	67.592100
	0.050001	-182.735072	115.161951	67.592100
	0.050010	-183.465840	115.161951	67.592100
	0.050020	-183.091347	115.161951	67.651700
	0.050029	-182.964379	115.161951	67.592100
	0.050039	-183.358513	115.161951	67.651700
	0.050048	-184.340006	115.161951	67.711300
	0.050058	-182.805808	115.161951	67.651700
	0.050067	-182.185761	115.161951	67.711300
	0.050077	-181.891438	115.161951	67.711300
	0.050086	-183.319699	115.161951	67.711300
	0.050096	-183.374195	115.161951	67.651700
	0.050105	-182.964846	115.161951	67.711300
	0.050115	-182.786440	115.161951	67.711300
	0.050124	-182.419945	115.161951	67.651700
	0.050134	-182.693526	115.161951	67.651700
	0.050143	-183.774817	115.161951	67.711300
	0.050152	-182.856785	115.161951	67.711300
	0.050162	-183.111088	115.161951	67.711300
	0.050171	-183.064633	115.161951	67.711300
	0.050181	-182.933527	115.161951	67.711300
	0.050190	-182.134926	115.161951	67.770900
	0.050200	-183.155790	115.161951	67.830600
	0.050209	-181.663754	115.161951	67.770900
	0.050219	-183.382485	115.161951	67.830600
	0.050228	-181.724399	115.161951	67.890200
	0.050238	-182.926449	115.161951	67.949800
	0.050247	-181.429914	115.161951	67.890200
	0.050257	-182.039770	115.161951	67.890200
	0.050266	-183.108409	115.161951	67.949800
	0.050276	-181.836586	115.161951	67.890200
	0.050285	-181.972451	115.161951	67.890200
	0.050294	-182.379090	115.161951	67.890200
	0.050304	-182.078862	115.161951	67.890200
	0.050313	-181.459634	115.161951	67.890200
	0.050323	-182.367160	115.161951	67.890200
	0.050332	-182.151469	115.161951	67.830600
	0.050342	-183.163188	115.161951	67.830600
	0.050351	-182.166763	115.161951	67.830600
	0.050361	-182.604600	115.161951	67.770900
	0.050370	-182.330281	115.161951	67.830600
	0.050380	-182.478103	115.161951	67.890200
	0.050389	-182.464619	115.161951	67.949800
	0.050399	-182.187151	115.161951	67.949800
	0.050408	-182.336032	115.161951	67.890200
	0.050418	-182.935320	115.161951	67.890200
	0.050427	-181.690088	115.161951	67.890200
	0.050437	-182.465814	115.161951	67.949800
	0.050446	-183.343959	115.161951	67.949800
	0.050455	-182.723090	115.161951	68.009400
	0.050465	-182.548659	115.161951	68.009400
	0.050474	-182.172157	115.161951	68.009400
	0.050484	-182.761536	115.161951	68.009400
