	-0.071022	-1.028434	115.161951	-36.478300
	-0.068270	-1.340180	115.161951	-36.478300
	-0.065518	-1.253065	115.161951	-36.657100
	-0.062767	-0.501457	115.161951	-36.776300
	-0.060015	-0.794179	115.161951	-37.074300
	-0.057264	-0.904582	115.161951	-37.253100
	-0.054512	-0.420164	115.161951	-37.431900
	-0.051760	-0.974254	115.161951	-37.730000
	-0.049009	-1.291320	115.161951	-37.908800
	-0.046257	-1.793896	115.161951	-38.206800
	-0.043506	-1.682035	115.161951	-38.445200
	-0.040754	0.057367	115.161951	-38.683600
	-0.038002	-1.284224	115.161951	-39.041300
	-0.035251	-1.431040	115.161951	-39.339300
	-0.032499	-1.499712	115.161951	-39.756500
	-0.029748	-1.017251	115.161951	-40.173800
	-0.026996	-1.767855	115.161951	-40.650600
	-0.024245	-1.089521	115.161951	-41.067800
	-0.021493	-1.736230	115.161951	-41.544700
	-0.018741	-3.034313	115.161951	-42.021500
	-0.015990	-2.184471	115.161951	-42.498300
	-0.013238	-3.639511	115.161951	-43.094400
	-0.010487	-3.353306	115.161951	-43.690400
	-0.007735	-3.742196	115.161951	-44.286500
	-0.004984	-4.950314	115.161951	-44.942100
	-0.002232	-5.348985	115.161951	-45.597800
	0.000520	-5.228437	115.161951	-46.372600
	0.003271	-5.652463	115.161951	-47.326300
	0.006023	-5.868603	115.161951	-48.339600
	0.008774	-6.397952	115.161951	-49.650900
	0.011526	-6.663058	115.161951	-50.843000
	0.014278	-7.787155	115.161951	-52.631100
	0.017029	-8.057168	115.161951	-53.942400
	0.019781	-9.025544	115.161951	-55.671000
	0.022532	-9.628041	115.161951	-57.697500
	0.025284	-11.844035	115.161951	-60.379700
	0.028036	-11.975139	115.161951	-63.300600
	0.030787	-14.209075	115.161951	-67.174900
	0.033539	-15.900752	115.161951	-71.466400
	0.036290	-19.672475	115.161951	-77.367300
	0.036290	-22.674310	115.161951	-82.552900
	0.036300	-21.602837	115.161951	-84.221800
	0.036309	-21.989986	115.161951	-84.579500
	0.036319	-21.571879	115.161951	-84.579500
	0.036328	-20.661077	115.161951	-84.639100
	0.036338	-21.994891	115.161951	-84.639100
	0.036347	-21.344012	115.161951	-84.639100
	0.036357	-22.082995	115.161951	-84.639100
	0.036366	-21.657652	115.161951	-84.639100
	0.036376	-21.395030	115.161951	-84.698700
	0.036385	-21.210137	115.161951	-84.758300
	0.036394	-21.785255	115.161951	-84.758300
	0.036404	-21.384552	115.161951	-84.758300
	0.036413	-21.227748	115.161951	-84.817900
	0.036423	-21.419485	115.161951	-84.817900
	0.036432	-21.851304	115.161951	-84.817900
	0.036442	-21.481039	115.161951	-84.817900
	0.036451	-21.931563	115.161951	-84.817900
	0.036461	-22.064913	115.161951	-84.698700
	0.036470	-21.352209	115.161951	-84.698700
	0.036480	-20.513193	115.161951	-84.758300
	0.036489	-22.197254	115.161951	-84.758300
	0.036499	-22.582839	115.161951	-84.698700
	0.036508	-20.659429	115.161951	-84.758300
	0.036518	-21.276075	115.161951	-84.817900
	0.036527	-21.843905	115.161951	-84.698700
	0.036537	-21.251954	115.161951	-84.817900
	0.036546	-21.149764	115.161951	-84.817900
	0.036555	-21.424909	115.161951	-84.817900
	0.036565	-21.624984	115.161951	-84.817900
	0.036574	-20.867154	115.161951	-84.758300
	0.036584	-20.635660	115.161951	-84.817900
	0.036593	-23.604948	115.161951	-84.817900
	0.036603	-22.033982	115.161951	-84.877500
	0.036612	-20.594481	115.161951	-84.937100
	0.036622	-21.766168	115.161951	-84.996700
	0.036631	-22.026696	115.161951	-84.996700
	0.036641	-21.727062	115.161951	-84.996700
	0.036650	-21.398725	115.161951	-84.996700
	0.036660	-20.532373	115.161951	-85.056300
	0.036669	-21.249448	115.161951	-85.056300
	0.036679	-21.216334	115.161951	-85.115900
	0.036688	-21.283055	115.161951	-85.115900
	0.036697	-21.201190	115.161951	-85.115900
	0.036707	-21.789394	115.161951	-85.115900
	0.036716	-22.080705	115.161951	-85.115900
	0.036726	-22.120768	115.161951	-85.115900
	0.036735	-20.256969	115.161951	-85.175500
	0.036745	-21.340240	115.161951	-85.175500
	0.036754	-22.325547	115.161951	-85.175500
	0.036764	-21.729759	115.161951	-85.235100
	0.036773	-22.206476	115.161951	-85.235100
	0.036783	-22.594883	115.161951	-85.235100
	0.036792	-21.879016	115.161951	-85.235100
	0.036802	-20.958678	115.161951	-85.294700
	0.036811	-21.920966	115.161951	-85.354300
	0.036821	-21.832292	115.161951	-85.354300
	0.036830	-21.583676	115.161951	-85.413900
	0.036840	-21.094961	115.161951	-85.413900
	0.036849	-20.909174	115.161951	-85.354300
	0.036858	-22.340717	115.161951	-85.354300
	0.036868	-22.411295	115.161951	-85.294700
	0.036877	-21.990929	115.161951	-85.354300
	0.036887	-21.361950	115.161951	-85.354300
	0.036896	-21.687895	115.161951	-85.354300
	0.036906	-21.519825	115.161951	-85.354300
	0.036915	-22.353145	115.161951	-85.294700
	0.036925	-22.297991	115.161951	-85.235100
	0.036934	-21.129664	115.161951	-85.294700
	0.036944	-22.606556	115.161951	-85.413900
	0.036953	-22.223631	115.161951	-85.413900
	0.036963	-21.578990	115.161951	-85.354300
	0.036972	-21.302583	115.161951	-85.294700
	0.036982	-21.491459	115.161951	-85.235100
	0.036991	-21.192897	115.161951	-85.235100
	0.037000	-22.240830	115.161951	-85.175500
	0.037010	-21.250784	115.161951	-85.115900
	0.037019	-21.731063	115.161951	-85.175500
	0.037029	-21.221352	115.161951	-85.115900
	0.037038	-22.005586	115.161951	-85.115900
	0.037048	-22.083105	115.161951	-85.115900
	0.037057	-21.885093	115.161951	-85.115900
	0.037067	-21.590454	115.161951	-85.115900
	0.037076	-21.894683	115.161951	-84.996700
	0.037086	-21.398520	115.161951	-84.937100
	0.037095	-21.394349	115.161951	-84.996700
	0.037105	-20.971471	115.161951	-84.996700
	0.037114	-22.048034	115.161951	-84.937100
	0.037124	-21.664522	115.161951	-84.937100
	0.037133	-21.451609	115.161951	-84.937100
	0.037143	-21.577084	115.161951	-84.937100
	0.037152	-21.837538	115.161951	-84.937100
	0.037161	-21.906792	115.161951	-84.877500
	0.037171	-22.500562	115.161951	-84.877500
	0.037180	-22.345155	115.161951	-84.817900
	0.037190	-22.283835	115.161951	-84.817900
	0.037199	-21.836362	115.161951	-84.817900
	0.037209	-23.169465	115.161951	-84.817900
	0.037218	-23.578634	115.161951	-84.817900
	0.037228	-22.700036	115.161951	-84.817900
	0.037237	-22.461601	115.161951	-84.817900
	0.037247	-22.226422	115.161951	-84.817900
	0.037256	-23.137711	115.161951	-84.758300
	0.037266	-22.032198	115.161951	-84.817900
	0.037275	-22.813289	115.161951	-84.877500
	0.037285	-22.877185	115.161951	-84.937100
	0.037294	-22.021038	115.161951	-84.877500
	0.037303	-22.983248	115.161951	-84.877500
	0.037313	-22.442873	115.161951	-84.937100
	0.037322	-22.428062	115.161951	-84.877500
	0.037332	-22.188188	115.161951	-84.877500
	0.037341	-23.124647	115.161951	-84.937100
	0.037351	-21.450358	115.161951	-84.996700
	0.037360	-22.716800	115.161951	-84.996700
	0.037370	-22.641127	115.161951	-84.937100
	0.037379	-22.677563	115.161951	-84.877500
	0.037389	-22.381487	115.161951	-84.877500
	0.037398	-22.771371	115.161951	-84.877500
	0.037408	-22.352602	115.161951	-84.937100
	0.037417	-21.952776	115.161951	-84.937100
	0.037427	-23.210794	115.161951	-84.937100
	0.037436	-21.738303	115.161951	-84.937100
	0.037446	-21.818775	115.161951	-84.937100
	0.037455	-21.455942	115.161951	-84.877500
	0.037464	-21.869597	115.161951	-84.937100
	0.037474	-21.488557	115.161951	-84.937100
	0.037483	-22.510981	115.161951	-84.937100
	0.037493	-22.146163	115.161951	-84.937100
	0.037502	-21.476636	115.161951	-84.937100
	0.037512	-21.980393	115.161951	-84.996700
	0.037521	-22.733533	115.161951	-84.996700
	0.037531	-22.016980	115.161951	-84.937100
	0.037540	-21.500740	115.161951	-84.996700
	0.037550	-22.335649	115.161951	-85.056300
	0.037559	-24.209774	115.161951	-85.056300
	0.037569	-23.060499	115.161951	-85.115900
	0.037578	-22.522119	115.161951	-85.175500
	0.037588	-22.759648	115.161951	-85.235100
	0.037597	-22.842033	115.161951	-85.235100
	0.037606	-23.102767	115.161951	-85.175500
	0.037616	-23.748008	115.161951	-85.175500
	0.037625	-22.522416	115.161951	-85.175500
	0.037635	-23.657283	115.161951	-85.175500
	0.037644	-24.073205	115.161951	-85.175500
	0.037654	-22.489831	115.161951	-85.115900
	0.037663	-22.623991	115.161951	-85.115900
	0.037673	-24.340110	115.161951	-85.175500
	0.037682	-23.811654	115.161951	-85.175500
	0.037692	-22.129256	115.161951	-85.115900
	0.037701	-23.663121	115.161951	-85.175500
	0.037711	-21.802564	115.161951	-85.175500
	0.037720	-21.914466	115.161951	-85.175500
	0.037730	-22.843107	115.161951	-85.175500
	0.037739	-23.109085	115.161951	-85.175500
	0.037748	-23.026490	115.161951	-85.175500
	0.037758	-22.748950	115.161951	-85.115900
	0.037767	-22.076906	115.161951	-85.115900
	0.037777	-22.346138	115.161951	-85.115900
	0.037786	-21.663508	115.161951	-85.175500
	0.037796	-21.695480	115.161951	-85.175500
	0.037805	-21.982979	115.161951	-85.175500
	0.037815	-22.064208	115.161951	-85.175500
	0.037824	-23.219190	115.161951	-85.175500
	0.037834	-22.173945	115.161951	-85.115900
	0.037843	-21.182394	115.161951	-85.175500
	0.037853	-22.652711	115.161951	-85.235100
	0.037862	-22.328585	115.161951	-85.235100
	0.037872	-22.784153	115.161951	-85.175500
	0.037881	-22.190727	115.161951	-85.175500
	0.037891	-21.665167	115.161951	-85.175500
	0.037900	-22.686130	115.161951	-85.175500
	0.037909	-22.816705	115.161951	-85.175500
	0.037919	-22.253751	115.161951	-85.115900
	0.037928	-22.220885	115.161951	-85.175500
	0.037938	-22.281379	115.161951	-85.175500
	0.037947	-23.575640	115.161951	-85.115900
	0.037957	-21.903353	115.161951	-85.115900
	0.037966	-22.351024	115.161951	-85.115900
	0.037976	-22.757202	115.161951	-85.235100
	0.037985	-21.781308	115.161951	-85.294700
	0.037995	-22.391015	115.161951	-85.294700
	0.038004	-22.245872	115.161951	-85.294700
	0.038014	-22.139053	115.161951	-85.294700
	0.038023	-21.545336	115.161951	-85.354300
	0.038033	-22.167378	115.161951	-85.413900
	0.038042	-22.981037	115.161951	-85.413900
	0.038051	-22.674681	115.161951	-85.473500
	0.038061	-21.480681	115.161951	-85.652300
	0.038070	-21.678865	115.161951	-85.711900
	0.038080	-21.531226	115.161951	-85.831200
	0.038089	-22.692631	115.161951	-85.831200
	0.038099	-22.124372	115.161951	-85.890800
	0.038108	-22.289954	115.161951	-85.950400
	0.038118	-22.176578	115.161951	-86.010000
	0.038127	-22.182687	115.161951	-86.069600
	0.038137	-22.153089	115.161951	-86.188800
	0.038146	-22.590863	115.161951	-86.248400
	0.038156	-22.459686	115.161951	-86.308000
	0.038165	-22.272584	115.161951	-86.308000
	0.038175	-22.504081	115.161951	-86.367600
	0.038184	-22.891639	115.161951	-86.546400
	0.038194	-22.577389	115.161951	-86.546400
	0.038203	-23.767304	115.161951	-86.546400
	0.038212	-22.514160	115.161951	-86.606000
	0.038222	-22.642572	115.161951	-86.665600
	0.038231	-22.193488	115.161951	-86.665600
	0.038241	-22.492575	115.161951	-86.725200
	0.038250	-22.576237	115.161951	-86.725200
	0.038260	-22.266333	115.161951	-86.784800
	0.038269	-22.833409	115.161951	-86.725200
	0.038279	-23.072223	115.161951	-86.784800
	0.038288	-22.843023	115.161951	-86.784800
	0.038298	-22.950555	115.161951	-86.784800
	0.038307	-22.733551	115.161951	-86.784800
	0.038317	-21.774047	115.161951	-86.784800
	0.038326	-21.432268	115.161951	-86.784800
	0.038336	-21.063983	115.161951	-86.844400
	0.038345	-22.047756	115.161951	-86.904000
	0.038354	-23.358337	115.161951	-86.844400
	0.038364	-22.887326	115.161951	-86.844400
	0.038373	-22.752051	115.161951	-86.904000
	0.038383	-23.194588	115.161951	-86.844400
	0.038392	-23.756104	115.161951	-86.844400
	0.038402	-23.247914	115.161951	-86.844400
	0.038411	-22.496795	115.161951	-86.844400
	0.038421	-22.081881	115.161951	-86.904000
	0.038430	-23.393406	115.161951	-86.784800
	0.038440	-22.715256	115.161951	-86.486800
	0.038449	-23.086931	115.161951	-86.308000
	0.038459	-23.534287	115.161951	-86.367600
	0.038468	-23.172334	115.161951	-86.367600
	0.038478	-23.216355	115.161951	-86.367600
	0.038487	-23.147633	115.161951	-86.427200
	0.038497	-23.098662	115.161951	-86.486800
	0.038506	-22.701555	115.161951	-86.367600
	0.038515	-23.550870	115.161951	-86.427200
	0.038525	-24.071557	115.161951	-86.486800
	0.038534	-24.439061	115.161951	-86.486800
	0.038544	-23.986743	115.161951	-86.486800
	0.038553	-22.963081	115.161951	-86.486800
	0.038563	-24.616025	115.161951	-86.546400
	0.038572	-23.171353	115.161951	-86.546400
	0.038582	-23.779356	115.161951	-86.606000
	0.038591	-24.653416	115.161951	-86.606000
	0.038601	-22.674195	115.161951	-86.665600
	0.038610	-22.473612	115.161951	-86.606000
	0.038620	-22.903642	115.161951	-86.606000
	0.038629	-22.606020	115.161951	-86.784800
	0.038639	-22.306300	115.161951	-86.904000
	0.038648	-23.449578	115.161951	-86.904000
	0.038657	-22.575844	115.161951	-86.904000
	0.038667	-22.911360	115.161951	-86.904000
	0.038676	-22.781665	115.161951	-86.904000
	0.038686	-22.934947	115.161951	-86.963600
	0.038695	-22.460490	115.161951	-87.023200
	0.038705	-22.074057	115.161951	-87.023200
	0.038714	-22.125788	115.161951	-87.082900
	0.038724	-22.664023	115.161951	-87.082900
	0.038733	-22.962244	115.161951	-87.082900
	0.038743	-23.946179	115.161951	-87.202100
	0.038752	-22.658613	115.161951	-87.261700
	0.038762	-22.185336	115.161951	-87.261700
	0.038771	-23.067203	115.161951	-87.261700
	0.038781	-21.565608	115.161951	-87.321300
	0.038790	-22.380700	115.161951	-87.380900
	0.038800	-22.240787	115.161951	-87.380900
	0.038809	-23.432930	115.161951	-87.440500
	0.038818	-22.381263	115.161951	-87.440500
	0.038828	-23.023553	115.161951	-87.500100
	0.038837	-23.193920	115.161951	-87.500100
	0.038847	-22.793450	115.161951	-87.619300
	0.038856	-22.703498	115.161951	-87.738500
	0.038866	-22.538454	115.161951	-87.738500
	0.038875	-23.748568	115.161951	-87.738500
	0.038885	-23.421460	115.161951	-87.798100
	0.038894	-23.039879	115.161951	-87.917300
	0.038904	-23.236747	115.161951	-87.976900
	0.038913	-22.946586	115.161951	-87.917300
	0.038923	-23.296936	115.161951	-87.917300
	0.038932	-23.728236	115.161951	-87.976900
	0.038942	-23.034728	115.161951	-87.976900
	0.038951	-23.558624	115.161951	-87.976900
	0.038960	-23.286935	115.161951	-87.976900
	0.038970	-22.938886	115.161951	-88.036500
	0.038979	-22.495759	115.161951	-88.096100
	0.038989	-22.478640	115.161951	-88.215300
	0.038998	-22.894973	115.161951	-88.215300
	0.039008	-22.986675	115.161951	-88.215300
	0.039017	-23.713865	115.161951	-88.215300
	0.039027	-23.216591	115.161951	-88.334500
	0.039036	-23.729057	115.161951	-88.334500
	0.039046	-24.449163	115.161951	-88.274900
	0.039055	-24.837898	115.161951	-88.274900
	0.039065	-24.747838	115.161951	-88.274900
	0.039074	-24.665006	115.161951	-88.274900
	0.039084	-24.263648	115.161951	-88.274900
	0.039093	-23.976638	115.161951	-88.215300
	0.039103	-23.499983	115.161951	-88.215300
	0.039112	-24.873107	115.161951	-88.215300
	0.039121	-24.407722	115.161951	-88.274900
	0.039131	-23.875152	115.161951	-88.334500
	0.039140	-24.085158	115.161951	-88.453800
	0.039150	-24.218903	115.161951	-88.453800
	0.039159	-24.228255	115.161951	-88.394200
	0.039169	-24.374833	115.161951	-88.334500
	0.039178	-24.384175	115.161951	-88.394200
	0.039188	-24.285874	115.161951	-88.513400
	0.039197	-24.921244	115.161951	-88.513400
	0.039207	-23.394160	115.161951	-88.513400
	0.039216	-24.761165	115.161951	-88.513400
	0.039226	-23.916608	115.161951	-88.573000
	0.039235	-23.534450	115.161951	-88.632600
	0.039245	-23.133526	115.161951	-88.632600
	0.039254	-24.435137	115.161951	-88.632600
	0.039263	-24.621411	115.161951	-88.692200
	0.039273	-23.790305	115.161951	-88.751800
	0.039282	-24.112146	115.161951	-88.811400
	0.039292	-24.089156	115.161951	-88.811400
	0.039301	-23.814971	115.161951	-88.811400
	0.039311	-25.326681	115.161951	-88.871000
	0.039320	-24.118169	115.161951	-88.930600
	0.039330	-23.688158	115.161951	-88.930600
	0.039339	-24.677223	115.161951	-88.990200
	0.039349	-24.430743	115.161951	-88.990200
	0.039358	-24.693068	115.161951	-88.990200
	0.039368	-24.208717	115.161951	-89.049800
	0.039377	-23.490693	115.161951	-89.049800
	0.039387	-24.664209	115.161951	-88.990200
	0.039396	-23.744322	115.161951	-88.990200
	0.039406	-23.684058	115.161951	-88.990200
	0.039415	-25.186537	115.161951	-88.930600
	0.039424	-24.124389	115.161951	-88.930600
	0.039434	-24.677861	115.161951	-88.990200
	0.039443	-24.803073	115.161951	-89.049800
	0.039453	-24.245021	115.161951	-89.049800
	0.039462	-24.853270	115.161951	-89.049800
	0.039472	-24.872208	115.161951	-89.049800
	0.039481	-23.558347	115.161951	-88.990200
	0.039491	-24.868772	115.161951	-89.049800
	0.039500	-25.479581	115.161951	-89.109400
	0.039510	-25.254898	115.161951	-89.109400
	0.039519	-25.735050	115.161951	-89.109400
	0.039529	-25.101735	115.161951	-89.109400
	0.039538	-24.242031	115.161951	-89.169000
	0.039548	-24.603664	115.161951	-89.169000
	0.039557	-24.159870	115.161951	-89.169000
	0.039566	-23.766698	115.161951	-89.228600
	0.039576	-25.261399	115.161951	-89.228600
	0.039585	-24.989736	115.161951	-89.347800
	0.039595	-23.717409	115.161951	-89.347800
	0.039604	-25.028588	115.161951	-89.347800
	0.039614	-25.468529	115.161951	-89.347800
	0.039623	-25.786204	115.161951	-89.347800
	0.039633	-25.159879	115.161951	-89.288200
	0.039642	-24.587914	115.161951	-89.347800
	0.039652	-25.387938	115.161951	-89.407400
	0.039661	-25.701535	115.161951	-89.407400
	0.039671	-25.146617	115.161951	-89.407400
	0.039680	-24.459550	115.161951	-89.347800
	0.039690	-23.879915	115.161951	-89.467000
	0.039699	-24.487479	115.161951	-89.526600
	0.039709	-24.838920	115.161951	-89.586200
	0.039718	-24.848499	115.161951	-89.586200
	0.039727	-24.141859	115.161951	-89.586200
	0.039737	-25.269808	115.161951	-89.645900
	0.039746	-24.809753	115.161951	-89.705500
	0.039756	-24.067624	115.161951	-89.645900
	0.039765	-23.824829	115.161951	-89.645900
	0.039775	-24.161205	115.161951	-89.645900
	0.039784	-24.529959	115.161951	-89.705500
	0.039794	-24.520430	115.161951	-89.765100
	0.039803	-25.608835	115.161951	-89.765100
	0.039813	-24.644057	115.161951	-89.705500
	0.039822	-24.321255	115.161951	-89.765100
	0.039832	-24.646033	115.161951	-89.884300
	0.039841	-24.920362	115.161951	-90.003500
	0.039851	-25.038719	115.161951	-90.003500
	0.039860	-25.517727	115.161951	-89.943900
	0.039869	-24.727903	115.161951	-89.943900
	0.039879	-25.244581	115.161951	-90.003500
	0.039888	-25.654522	115.161951	-90.182300
	0.039898	-25.520018	115.161951	-90.122700
	0.039907	-26.103714	115.161951	-90.122700
	0.039917	-25.795272	115.161951	-90.122700
	0.039926	-26.012537	115.161951	-90.182300
	0.039936	-25.665793	115.161951	-90.301500
	0.039945	-25.566581	115.161951	-90.361100
	0.039955	-26.116722	115.161951	-90.480300
	0.039964	-26.159862	115.161951	-90.480300
	0.039974	-25.425361	115.161951	-90.599500
	0.039983	-26.603977	115.161951	-90.659100
	0.039993	-26.615660	115.161951	-90.659100
	0.040002	-26.292598	115.161951	-90.718700
	0.040012	-25.165898	115.161951	-90.718700
	0.040021	-26.275998	115.161951	-90.778300
	0.040030	-25.516658	115.161951	-90.778300
	0.040040	-26.098144	115.161951	-90.837900
	0.040049	-26.577777	115.161951	-90.897500
	0.040059	-26.526453	115.161951	-90.897500
	0.040068	-26.094487	115.161951	-90.897500
	0.040078	-24.185786	115.161951	-90.957200
	0.040087	-26.290577	115.161951	-91.016800
	0.040097	-24.879781	115.161951	-91.076400
	0.040106	-26.517257	115.161951	-91.016800
	0.040116	-25.685968	115.161951	-90.957200
	0.040125	-25.670511	115.161951	-90.957200
	0.040135	-26.488592	115.161951	-90.837900
	0.040144	-26.373299	115.161951	-90.778300
	0.040154	-26.842223	115.161951	-90.778300
	0.040163	-26.940153	115.161951	-90.778300
	0.040172	-26.209498	115.161951	-90.837900
	0.040182	-27.020361	115.161951	-90.897500
	0.040191	-27.298134	115.161951	-91.016800
	0.040201	-25.608818	115.161951	-91.076400
	0.040210	-26.505301	115.161951	-91.136000
	0.040220	-27.901292	115.161951	-91.136000
	0.040229	-27.401676	115.161951	-91.136000
	0.040239	-26.970913	115.161951	-91.195600
	0.040248	-27.848791	115.161951	-91.314800
	0.040258	-27.339681	115.161951	-91.374400
	0.040267	-26.602354	115.161951	-91.434000
	0.040277	-26.594082	115.161951	-91.553200
	0.040286	-26.404322	115.161951	-91.672400
	0.040296	-26.652484	115.161951	-91.791600
	0.040305	-27.110723	115.161951	-91.791600
	0.040315	-27.618127	115.161951	-91.791600
	0.040324	-26.794044	115.161951	-91.851200
	0.040333	-27.199543	115.161951	-91.851200
	0.040343	-27.175745	115.161951	-91.910800
	0.040352	-26.015359	115.161951	-91.910800
	0.040362	-27.187519	115.161951	-91.970400
	0.040371	-26.905059	115.161951	-91.970400
	0.040381	-26.401420	115.161951	-91.910800
	0.040390	-27.166247	115.161951	-91.970400
	0.040400	-27.037759	115.161951	-91.970400
	0.040409	-26.006908	115.161951	-91.970400
	0.040419	-27.549793	115.161951	-91.970400
	0.040428	-26.758636	115.161951	-91.970400
	0.040438	-27.243606	115.161951	-91.970400
	0.040447	-27.117253	115.161951	-91.970400
	0.040457	-26.559029	115.161951	-91.970400
	0.040466	-27.088622	115.161951	-91.970400
	0.040475	-27.927335	115.161951	-91.970400
	0.040485	-27.230101	115.161951	-91.910800
	0.040494	-27.233621	115.161951	-91.970400
	0.040504	-27.731696	115.161951	-92.030000
	0.040513	-27.588170	115.161951	-92.030000
	0.040523	-28.532466	115.161951	-91.970400
	0.040532	-26.561181	115.161951	-91.970400
	0.040542	-27.569966	115.161951	-92.030000
	0.040551	-27.892993	115.161951	-92.030000
	0.040561	-27.975776	115.161951	-92.149200
	0.040570	-27.701976	115.161951	-92.208900
	0.040580	-28.025339	115.161951	-91.910800
	0.040589	-27.005144	115.161951	-90.122700
	0.040599	-28.079782	115.161951	-89.288200
	0.040608	-28.225876	115.161951	-89.109400
	0.040618	-27.524012	115.161951	-89.109400
	0.040627	-27.632077	115.161951	-89.109400
	0.040636	-27.809553	115.161951	-89.169000
	0.040646	-27.826532	115.161951	-89.169000
	0.040655	-27.355803	115.161951	-89.049800
	0.040665	-28.130192	115.161951	-88.871000
	0.040674	-29.159923	115.161951	-88.871000
	0.040684	-28.628747	115.161951	-88.811400
	0.040693	-28.783529	115.161951	-88.811400
	0.040703	-28.578529	115.161951	-88.811400
	0.040712	-28.530550	115.161951	-88.632600
	0.040722	-28.503157	115.161951	-88.573000
	0.040731	-29.931890	115.161951	-88.573000
	0.040741	-30.217563	115.161951	-88.632600
	0.040750	-30.115863	115.161951	-88.692200
	0.040760	-29.134309	115.161951	-88.751800
	0.040769	-28.099918	115.161951	-88.692200
	0.040778	-27.624238	115.161951	-88.692200
	0.040788	-29.165380	115.161951	-88.751800
	0.040797	-27.691618	115.161951	-88.811400
	0.040807	-29.439431	115.161951	-88.871000
	0.040816	-30.134595	115.161951	-88.871000
	0.040826	-29.744672	115.161951	-88.871000
	0.040835	-29.939683	115.161951	-88.871000
	0.040845	-29.767515	115.161951	-88.871000
	0.040854	-30.245256	115.161951	-88.930600
	0.040864	-30.368280	115.161951	-88.930600
	0.040873	-29.807292	115.161951	-88.871000
	0.040883	-29.784090	115.161951	-88.871000
	0.040892	-30.248409	115.161951	-88.990200
	0.040902	-28.030710	115.161951	-89.049800
	0.040911	-28.718652	115.161951	-89.049800
	0.040921	-29.939877	115.161951	-89.049800
	0.040930	-28.706113	115.161951	-89.049800
	0.040939	-30.308090	115.161951	-89.049800
	0.040949	-28.684386	115.161951	-89.109400
	0.040958	-29.672565	115.161951	-89.109400
	0.040968	-28.899874	115.161951	-89.109400
	0.040977	-29.575910	115.161951	-89.109400
	0.040987	-30.476559	115.161951	-89.169000
	0.040996	-30.058693	115.161951	-89.109400
	0.041006	-29.262034	115.161951	-88.990200
	0.041015	-29.634916	115.161951	-88.871000
	0.041025	-30.063946	115.161951	-88.871000
	0.041034	-29.539101	115.161951	-88.930600
	0.041044	-30.369888	115.161951	-89.049800
	0.041053	-30.220005	115.161951	-89.049800
	0.041063	-28.709314	115.161951	-88.990200
	0.041072	-29.252414	115.161951	-88.930600
	0.041081	-29.167170	115.161951	-88.990200
	0.041091	-29.696458	115.161951	-89.049800
	0.041100	-29.104509	115.161951	-89.109400
	0.041110	-29.804868	115.161951	-89.109400
	0.041119	-30.735547	115.161951	-88.990200
	0.041129	-30.649080	115.161951	-88.751800
	0.041138	-31.093258	115.161951	-88.632600
	0.041148	-31.645151	115.161951	-88.632600
	0.041157	-30.766915	115.161951	-88.632600
	0.041167	-30.203550	115.161951	-88.751800
	0.041176	-30.631235	115.161951	-88.811400
	0.041186	-30.116796	115.161951	-88.811400
	0.041195	-30.167342	115.161951	-88.811400
	0.041205	-31.052327	115.161951	-88.871000
	0.041214	-31.165157	115.161951	-88.871000
	0.041224	-31.309535	115.161951	-88.930600
	0.041233	-31.254847	115.161951	-88.990200
	0.041242	-31.178533	115.161951	-89.049800
	0.041252	-29.827511	115.161951	-89.049800
	0.041261	-31.510890	115.161951	-89.049800
	0.041271	-31.622294	115.161951	-89.049800
	0.041280	-30.906097	115.161951	-89.049800
	0.041290	-32.179514	115.161951	-89.169000
	0.041299	-31.207459	115.161951	-89.169000
	0.041309	-30.511267	115.161951	-89.109400
	0.041318	-31.405091	115.161951	-89.109400
	0.041328	-30.880684	115.161951	-89.169000
	0.041337	-31.920809	115.161951	-89.228600
	0.041347	-31.358581	115.161951	-89.288200
	0.041356	-31.858702	115.161951	-89.347800
	0.041366	-30.378077	115.161951	-89.407400
	0.041375	-30.335759	115.161951	-89.467000
	0.041384	-31.103443	115.161951	-89.586200
	0.041394	-30.930253	115.161951	-89.586200
	0.041403	-31.016692	115.161951	-89.586200
	0.041413	-29.280480	115.161951	-89.467000
	0.041422	-30.633910	115.161951	-89.586200
	0.041432	-30.889874	115.161951	-89.645900
	0.041441	-31.052974	115.161951	-89.645900
	0.041451	-30.659127	115.161951	-89.705500
	0.041460	-31.293841	115.161951	-89.705500
	0.041470	-30.986747	115.161951	-89.705500
	0.041479	-32.216193	115.161951	-89.765100
	0.041489	-32.411973	115.161951	-89.765100
	0.041498	-31.499901	115.161951	-89.765100
	0.041508	-32.420922	115.161951	-89.765100
	0.041517	-31.748202	115.161951	-89.765100
	0.041527	-32.641136	115.161951	-89.705500
	0.041536	-31.962392	115.161951	-89.765100
	0.041545	-32.437838	115.161951	-89.765100
	0.041555	-32.007106	115.161951	-89.765100
	0.041564	-32.041122	115.161951	-89.884300
	0.041574	-32.576861	115.161951	-89.824700
	0.041583	-32.755842	115.161951	-89.884300
	0.041593	-31.968597	115.161951	-89.943900
	0.041602	-32.291762	115.161951	-89.943900
	0.041612	-31.071283	115.161951	-89.943900
	0.041621	-30.886279	115.161951	-89.943900
	0.041631	-32.550183	115.161951	-89.943900
	0.041640	-31.625564	115.161951	-90.003500
	0.041650	-31.461522	115.161951	-90.063100
	0.041659	-30.788234	115.161951	-90.122700
	0.041669	-30.472622	115.161951	-90.122700
	0.041678	-31.378916	115.161951	-90.122700
	0.041687	-32.076249	115.161951	-89.884300
	0.041697	-33.704125	115.161951	-89.645900
	0.041706	-32.551643	115.161951	-89.467000
	0.041716	-32.676130	115.161951	-89.467000
	0.041725	-32.678749	115.161951	-89.467000
	0.041735	-33.970207	115.161951	-89.228600
	0.041744	-33.256776	115.161951	-89.169000
	0.041754	-32.907181	115.161951	-89.169000
	0.041763	-33.961663	115.161951	-89.169000
	0.041773	-33.470576	115.161951	-89.169000
	0.041782	-33.196550	115.161951	-89.228600
	0.041792	-34.186233	115.161951	-89.228600
	0.041801	-33.511319	115.161951	-89.288200
	0.041811	-33.933234	115.161951	-89.288200
	0.041820	-33.654674	115.161951	-89.347800
	0.041829	-33.089599	115.161951	-89.347800
	0.041839	-33.287975	115.161951	-89.407400
	0.041848	-33.662052	115.161951	-89.407400
	0.041858	-33.470710	115.161951	-89.407400
	0.041867	-33.973914	115.161951	-89.467000
	0.041877	-33.892482	115.161951	-89.526600
	0.041886	-32.819028	115.161951	-89.586200
	0.041896	-32.894123	115.161951	-89.645900
	0.041905	-33.723892	115.161951	-89.645900
	0.041915	-33.504272	115.161951	-89.645900
	0.041924	-33.631934	115.161951	-89.645900
	0.041934	-33.828963	115.161951	-89.586200
	0.041943	-33.288234	115.161951	-89.645900
	0.041953	-33.485360	115.161951	-89.645900
	0.041962	-34.055177	115.161951	-89.705500
	0.041972	-32.889986	115.161951	-89.645900
	0.041981	-33.617531	115.161951	-89.645900
	0.041990	-33.076477	115.161951	-89.765100
	0.042000	-33.440701	115.161951	-89.645900
	0.042009	-35.049883	115.161951	-89.467000
	0.042019	-34.004478	115.161951	-89.407400
	0.042028	-35.621356	115.161951	-89.347800
	0.042038	-36.129958	115.161951	-89.407400
	0.042047	-34.699206	115.161951	-89.407400
	0.042057	-35.277759	115.161951	-89.407400
	0.042066	-35.304520	115.161951	-89.407400
	0.042076	-36.059113	115.161951	-89.407400
	0.042085	-35.914062	115.161951	-89.407400
	0.042095	-36.538662	115.161951	-89.347800
	0.042104	-35.921141	115.161951	-89.347800
	0.042114	-36.352058	115.161951	-89.347800
	0.042123	-36.229020	115.161951	-89.347800
	0.042132	-36.619123	115.161951	-89.288200
	0.042142	-35.341612	115.161951	-89.347800
	0.042151	-36.018596	115.161951	-89.407400
	0.042161	-37.253299	115.161951	-89.288200
	0.042170	-37.361552	115.161951	-89.288200
	0.042180	-37.971439	115.161951	-89.347800
	0.042189	-36.941455	115.161951	-89.347800
	0.042199	-37.054363	115.161951	-89.407400
	0.042208	-37.091491	115.161951	-89.347800
	0.042218	-36.389876	115.161951	-89.347800
	0.042227	-36.355164	115.161951	-89.407400
	0.042237	-38.154831	115.161951	-89.586200
	0.042246	-37.143783	115.161951	-89.586200
	0.042256	-37.502615	115.161951	-89.526600
	0.042265	-36.217199	115.161951	-89.467000
	0.042275	-37.724621	115.161951	-89.467000
	0.042284	-38.410690	115.161951	-89.526600
	0.042293	-36.687826	115.161951	-89.586200
	0.042303	-38.002919	115.161951	-89.586200
	0.042312	-36.816432	115.161951	-89.526600
	0.042322	-37.881582	115.161951	-89.467000
	0.042331	-37.245804	115.161951	-89.467000
	0.042341	-38.455507	115.161951	-89.526600
	0.042350	-37.921086	115.161951	-89.526600
	0.042360	-38.246345	115.161951	-89.526600
	0.042369	-37.360482	115.161951	-89.526600
	0.042379	-36.813774	115.161951	-89.586200
	0.042388	-37.807494	115.161951	-89.586200
	0.042398	-37.517522	115.161951	-89.586200
	0.042407	-37.471641	115.161951	-89.586200
	0.042417	-38.213264	115.161951	-89.467000
	0.042426	-37.447219	115.161951	-89.586200
	0.042435	-37.660299	115.161951	-89.645900
	0.042445	-38.125238	115.161951	-89.645900
	0.042454	-37.777554	115.161951	-89.705500
	0.042464	-37.227434	115.161951	-89.705500
	0.042473	-36.907407	115.161951	-89.705500
	0.042483	-37.796316	115.161951	-89.705500
	0.042492	-37.881350	115.161951	-89.765100
	0.042502	-38.383517	115.161951	-89.765100
	0.042511	-37.851499	115.161951	-89.765100
	0.042521	-38.847608	115.161951	-89.824700
	0.042530	-38.757772	115.161951	-89.884300
	0.042540	-38.558050	115.161951	-89.884300
	0.042549	-39.323240	115.161951	-90.003500
	0.042559	-40.150242	115.161951	-90.659100
	0.042568	-38.919286	115.161951	-91.016800
	0.042578	-39.619672	115.161951	-91.076400
	0.042587	-39.444139	115.161951	-91.195600
	0.042596	-40.015047	115.161951	-91.374400
	0.042606	-39.842040	115.161951	-91.434000
	0.042615	-39.936926	115.161951	-91.493600
	0.042625	-39.033703	115.161951	-91.374400
	0.042634	-40.160955	115.161951	-91.195600
	0.042644	-41.005997	115.161951	-91.195600
	0.042653	-41.191071	115.161951	-91.255200
	0.042663	-40.450375	115.161951	-91.314800
	0.042672	-41.026250	115.161951	-91.374400
	0.042682	-41.050193	115.161951	-91.314800
	0.042691	-40.964992	115.161951	-91.434000
	0.042701	-41.947222	115.161951	-91.493600
	0.042710	-40.014857	115.161951	-91.434000
	0.042720	-42.069497	115.161951	-91.374400
	0.042729	-41.454324	115.161951	-91.374400
	0.042738	-45.303550	115.161951	-90.361100
	0.042748	-45.476295	115.161951	-89.586200
	0.042757	-45.841614	115.161951	-89.347800
	0.042767	-45.637451	115.161951	-89.347800
	0.042776	-46.159714	115.161951	-89.347800
	0.042786	-45.609739	115.161951	-89.347800
	0.042795	-47.222741	115.161951	-88.811400
	0.042805	-48.376662	115.161951	-87.917300
	0.042814	-47.568824	115.161951	-87.500100
	0.042824	-48.088656	115.161951	-87.500100
	0.042833	-48.688752	115.161951	-87.440500
	0.042843	-48.777613	115.161951	-87.440500
	0.042852	-48.398900	115.161951	-87.261700
	0.042862	-49.006622	115.161951	-87.082900
	0.042871	-48.677677	115.161951	-87.082900
	0.042881	-47.932202	115.161951	-87.082900
	0.042890	-49.285523	115.161951	-87.082900
	0.042899	-49.719228	115.161951	-86.546400
	0.042909	-49.943057	115.161951	-86.129200
	0.042918	-50.227744	115.161951	-86.129200
	0.042928	-51.307546	115.161951	-86.069600
	0.042937	-50.544296	115.161951	-86.129200
	0.042947	-51.179757	115.161951	-86.069600
	0.042956	-49.524761	115.161951	-86.069600
	0.042966	-50.473993	115.161951	-86.010000
	0.042975	-51.307613	115.161951	-86.010000
	0.042985	-50.207416	115.161951	-86.069600
	0.042994	-51.365913	115.161951	-86.069600
	0.043004	-50.200262	115.161951	-86.129200
	0.043013	-50.847872	115.161951	-86.188800
	0.043023	-51.851377	115.161951	-86.129200
	0.043032	-51.355538	115.161951	-86.069600
	0.043041	-49.374363	115.161951	-86.248400
	0.043051	-51.004210	115.161951	-86.248400
	0.043060	-50.306278	115.161951	-86.248400
	0.043070	-53.589525	115.161951	-85.950400
	0.043079	-52.810685	115.161951	-85.533100
	0.043089	-53.033865	115.161951	-85.354300
	0.043098	-51.762127	115.161951	-85.294700
	0.043108	-53.036255	115.161951	-85.413900
	0.043117	-53.507129	115.161951	-85.413900
	0.043127	-54.010625	115.161951	-85.473500
	0.043136	-53.777973	115.161951	-85.413900
	0.043146	-53.928883	115.161951	-85.413900
	0.043155	-54.254117	115.161951	-85.413900
	0.043165	-53.350852	115.161951	-85.413900
	0.043174	-53.783589	115.161951	-85.413900
	0.043184	-55.260862	115.161951	-85.413900
	0.043193	-53.614697	115.161951	-85.533100
	0.043202	-52.917000	115.161951	-85.592700
	0.043212	-54.519619	115.161951	-85.533100
	0.043221	-53.596950	115.161951	-85.533100
	0.043231	-54.657861	115.161951	-85.652300
	0.043240	-54.522533	115.161951	-85.711900
	0.043250	-55.309237	115.161951	-85.711900
	0.043259	-53.999014	115.161951	-85.711900
	0.043269	-53.957730	115.161951	-85.711900
	0.043278	-53.092012	115.161951	-85.711900
	0.043288	-53.353999	115.161951	-85.831200
	0.043297	-53.665070	115.161951	-85.831200
	0.043307	-53.564637	115.161951	-85.831200
	0.043316	-53.082720	115.161951	-85.771500
	0.043326	-53.036002	115.161951	-85.771500
	0.043335	-53.816889	115.161951	-85.831200
	0.043344	-54.135087	115.161951	-85.831200
	0.043354	-54.075316	115.161951	-85.831200
	0.043363	-54.238241	115.161951	-85.890800
	0.043373	-53.238478	115.161951	-86.010000
	0.043382	-53.692414	115.161951	-85.950400
	0.043392	-53.839402	115.161951	-86.010000
	0.043401	-53.186523	115.161951	-86.069600
	0.043411	-53.958100	115.161951	-86.129200
	0.043420	-54.103637	115.161951	-86.129200
	0.043430	-53.403257	115.161951	-86.129200
	0.043439	-52.676898	115.161951	-86.069600
	0.043449	-53.067038	115.161951	-86.069600
	0.043458	-54.282210	115.161951	-86.129200
	0.043468	-53.532902	115.161951	-86.129200
	0.043477	-54.850415	115.161951	-86.129200
	0.043487	-54.153557	115.161951	-86.129200
	0.043496	-53.327981	115.161951	-86.129200
	0.043505	-53.173629	115.161951	-86.129200
	0.043515	-52.948935	115.161951	-86.129200
	0.043524	-53.734218	115.161951	-86.129200
	0.043534	-53.644092	115.161951	-86.129200
	0.043543	-53.929580	115.161951	-86.129200
	0.043553	-54.263081	115.161951	-86.129200
	0.043562	-54.113615	115.161951	-86.188800
	0.043572	-53.943699	115.161951	-86.248400
	0.043581	-53.458209	115.161951	-86.308000
	0.043591	-53.902605	115.161951	-86.308000
	0.043600	-54.798452	115.161951	-86.367600
	0.043610	-55.040098	115.161951	-86.367600
	0.043619	-54.991251	115.161951	-86.308000
	0.043629	-54.642594	115.161951	-86.308000
	0.043638	-54.439051	115.161951	-86.367600
	0.043647	-54.499012	115.161951	-86.367600
	0.043657	-55.048174	115.161951	-86.308000
	0.043666	-54.626590	115.161951	-86.367600
	0.043676	-62.460240	115.161951	-85.115900
	0.043685	-62.309953	115.161951	-83.804600
	0.043695	-62.124920	115.161951	-83.447000
	0.043704	-62.119806	115.161951	-83.387400
	0.043714	-62.276766	115.161951	-83.387400
	0.043723	-61.284004	115.161951	-83.447000
	0.043733	-61.979042	115.161951	-83.447000
	0.043742	-62.175425	115.161951	-83.447000
	0.043752	-61.081090	115.161951	-83.447000
	0.043761	-61.852618	115.161951	-83.327800
	0.043771	-62.545521	115.161951	-83.208500
	0.043780	-60.929943	115.161951	-83.208500
	0.043790	-61.817855	115.161951	-83.268200
	0.043799	-62.107127	115.161951	-83.387400
	0.043808	-62.344125	115.161951	-83.387400
	0.043818	-63.706419	115.161951	-83.387400
	0.043827	-62.788816	115.161951	-83.387400
	0.043837	-62.417225	115.161951	-83.387400
	0.043846	-64.218664	115.161951	-82.493300
	0.043856	-67.733439	115.161951	-79.155400
	0.043865	-68.165536	115.161951	-77.844100
	0.043875	-67.454471	115.161951	-77.546100
	0.043884	-66.562796	115.161951	-77.546100
	0.043894	-67.600879	115.161951	-77.546100
	0.043903	-67.096243	115.161951	-77.546100
	0.043913	-67.366776	115.161951	-77.486500
	0.043922	-67.379619	115.161951	-77.546100
	0.043932	-68.080322	115.161951	-77.486500
	0.043941	-85.079038	115.161951	-75.519600
	0.043950	-84.911868	115.161951	-73.969800
	0.043960	-84.764151	115.161951	-73.373800
	0.043969	-85.858666	115.161951	-73.314200
	0.043979	-84.940584	115.161951	-73.254600
	0.043988	-84.732345	115.161951	-73.314200
	0.043998	-86.051376	115.161951	-73.314200
	0.044007	-85.043581	115.161951	-73.314200
	0.044017	-85.643823	115.161951	-73.254600
	0.044026	-86.306537	115.161951	-72.777700
	0.044036	-87.724035	115.161951	-72.420100
	0.044045	-86.846262	115.161951	-72.241300
	0.044055	-86.728027	115.161951	-72.122100
	0.044064	-86.711031	115.161951	-72.062500
	0.044074	-89.154683	115.161951	-71.585600
	0.044083	-90.890195	115.161951	-70.393600
	0.044093	-91.118637	115.161951	-69.976300
	0.044102	-91.164824	115.161951	-69.797500
	0.044111	-91.079605	115.161951	-69.797500
	0.044121	-90.078611	115.161951	-69.797500
	0.044130	-89.618502	115.161951	-69.857100
	0.044140	-90.475150	115.161951	-69.857100
	0.044149	-91.186497	115.161951	-69.857100
	0.044159	-90.855373	115.161951	-69.737900
	0.044168	-90.570183	115.161951	-69.797500
	0.044178	-89.877484	115.161951	-69.916700
	0.044187	-90.677320	115.161951	-70.035900
	0.044197	-90.357424	115.161951	-70.095500
	0.044206	-90.583876	115.161951	-70.035900
	0.044216	-92.621051	115.161951	-69.976300
	0.044225	-90.882611	115.161951	-69.976300
	0.044235	-91.477338	115.161951	-69.976300
	0.044244	-91.845264	115.161951	-69.976300
	0.044253	-91.016196	115.161951	-70.035900
	0.044263	-91.478186	115.161951	-70.155100
	0.044272	-90.961435	115.161951	-70.155100
	0.044282	-91.765468	115.161951	-70.035900
	0.044291	-90.058462	115.161951	-70.035900
	0.044301	-90.474075	115.161951	-70.035900
	0.044310	-92.096516	115.161951	-70.095500
	0.044320	-90.530098	115.161951	-70.035900
	0.044329	-91.109779	115.161951	-70.035900
	0.044339	-90.128741	115.161951	-70.035900
	0.044348	-91.783571	115.161951	-70.035900
	0.044358	-92.260264	115.161951	-70.035900
	0.044367	-92.701215	115.161951	-69.976300
	0.044377	-92.559140	115.161951	-70.035900
	0.044386	-91.920835	115.161951	-70.155100
	0.044396	-91.222281	115.161951	-70.155100
	0.044405	-91.657393	115.161951	-70.155100
	0.044414	-91.908274	115.161951	-69.976300
	0.044424	-93.325748	115.161951	-69.976300
	0.044433	-91.363043	115.161951	-70.035900
	0.044443	-92.098992	115.161951	-69.916700
	0.044452	-94.465243	115.161951	-69.320700
	0.044462	-94.207337	115.161951	-68.843800
	0.044471	-94.096883	115.161951	-68.843800
	0.044481	-93.667814	115.161951	-68.843800
	0.044490	-93.988823	115.161951	-68.903400
	0.044500	-93.915639	115.161951	-68.903400
	0.044509	-94.757647	115.161951	-68.963000
	0.044519	-95.645118	115.161951	-68.963000
	0.044528	-95.494976	115.161951	-68.963000
	0.044538	-95.795858	115.161951	-68.963000
	0.044547	-96.593819	115.161951	-68.903400
	0.044556	-96.022779	115.161951	-68.843800
	0.044566	-96.809994	115.161951	-68.843800
	0.044575	-95.453295	115.161951	-68.903400
	0.044585	-96.050268	115.161951	-68.903400
	0.044594	-96.388191	115.161951	-68.903400
	0.044604	-95.671525	115.161951	-68.903400
	0.044613	-95.190597	115.161951	-68.903400
	0.044623	-97.046303	115.161951	-68.545800
	0.044632	-97.325934	115.161951	-68.307400
	0.044642	-97.896099	115.161951	-68.188200
	0.044651	-97.325806	115.161951	-68.188200
	0.044661	-97.483221	115.161951	-68.128600
	0.044670	-96.550282	115.161951	-68.188200
	0.044680	-98.303671	115.161951	-68.188200
	0.044689	-96.916651	115.161951	-68.188200
	0.044699	-96.905015	115.161951	-68.188200
	0.044708	-96.878648	115.161951	-68.188200
	0.044717	-96.968189	115.161951	-68.188200
	0.044727	-97.673080	115.161951	-68.188200
	0.044736	-97.674976	115.161951	-68.128600
	0.044746	-98.034334	115.161951	-68.069000
	0.044755	-97.166346	115.161951	-68.009400
	0.044765	-97.251264	115.161951	-68.009400
	0.044774	-98.080471	115.161951	-68.069000
	0.044784	-97.753384	115.161951	-68.069000
	0.044793	-97.915651	115.161951	-68.009400
	0.044803	-98.189359	115.161951	-68.009400
	0.044812	-97.994587	115.161951	-68.069000
	0.044822	-97.268596	115.161951	-68.009400
	0.044831	-96.342313	115.161951	-67.949800
	0.044841	-103.273275	115.161951	-67.115300
	0.044850	-104.701613	115.161951	-65.684800
	0.044859	-104.387190	115.161951	-65.207900
	0.044869	-103.774315	115.161951	-65.088700
	0.044878	-104.338027	115.161951	-65.148300
	0.044888	-103.339861	115.161951	-65.148300
	0.044897	-104.194037	115.161951	-65.148300
	0.044907	-103.824092	115.161951	-65.148300
	0.044916	-106.310637	115.161951	-64.731100
	0.044926	-106.019136	115.161951	-64.313900
	0.044935	-105.299344	115.161951	-64.075500
	0.044945	-106.083765	115.161951	-64.015900
	0.044954	-107.549394	115.161951	-63.956200
	0.044964	-106.774660	115.161951	-63.896600
	0.044973	-106.792020	115.161951	-63.837000
	0.044983	-106.599648	115.161951	-63.896600
	0.044992	-105.703195	115.161951	-63.956200
	0.045002	-107.029058	115.161951	-63.956200
	0.045011	-106.446400	115.161951	-63.896600
	0.045020	-106.006649	115.161951	-63.777400
	0.045030	-106.588597	115.161951	-63.837000
	0.045039	-106.127104	115.161951	-63.896600
	0.045049	-106.125764	115.161951	-63.777400
	0.045058	-106.636815	115.161951	-63.658200
	0.045068	-107.077747	115.161951	-63.658200
	0.045077	-106.968454	115.161951	-63.777400
	0.045087	-106.815132	115.161951	-63.717800
	0.045096	-107.704709	115.161951	-63.241000
	0.045106	-108.600324	115.161951	-62.048900
	0.045115	-108.176876	115.161951	-61.691300
	0.045125	-109.698381	115.161951	-61.572100
	0.045134	-110.421024	115.161951	-61.393200
	0.045144	-110.135189	115.161951	-61.274000
	0.045153	-110.571287	115.161951	-61.214400
	0.045162	-110.423333	115.161951	-61.214400
	0.045172	-110.246277	115.161951	-61.214400
	0.045181	-110.554394	115.161951	-61.154800
	0.045191	-114.483774	115.161951	-60.379700
	0.045200	-113.851228	115.161951	-59.843300
	0.045210	-113.678107	115.161951	-59.664500
	0.045219	-114.702533	115.161951	-59.664500
	0.045229	-115.534786	115.161951	-59.604900
	0.045238	-114.067675	115.161951	-59.545300
	0.045248	-113.784515	115.161951	-59.604900
	0.045257	-112.241818	115.161951	-59.604900
	0.045267	-113.891941	115.161951	-59.604900
	0.045276	-113.447054	115.161951	-59.604900
	0.045286	-113.624063	115.161951	-59.306900
	0.045295	-119.589347	115.161951	-57.518700
	0.045305	-119.351026	115.161951	-56.565000
	0.045314	-120.137495	115.161951	-56.386200
	0.045323	-120.399068	115.161951	-56.326600
	0.045333	-120.137860	115.161951	-56.326600
	0.045342	-120.209319	115.161951	-56.267000
	0.045352	-121.029545	115.161951	-56.326600
	0.045361	-120.699565	115.161951	-56.326600
	0.045371	-121.124735	115.161951	-56.386200
	0.045380	-120.829965	115.161951	-56.386200
	0.045390	-120.762912	115.161951	-56.386200
	0.045399	-121.137590	115.161951	-56.326600
	0.045409	-121.558245	115.161951	-56.326600
	0.045418	-120.428090	115.161951	-56.386200
	0.045428	-121.271329	115.161951	-56.386200
	0.045437	-121.114817	115.161951	-56.267000
	0.045447	-120.535846	115.161951	-56.267000
	0.045456	-120.905770	115.161951	-56.386200
	0.045465	-120.159786	115.161951	-56.386200
	0.045475	-120.183990	115.161951	-56.326600
	0.045484	-120.969541	115.161951	-56.207400
	0.045494	-120.526873	115.161951	-56.207400
	0.045503	-120.974214	115.161951	-56.207400
	0.045513	-120.892546	115.161951	-56.147800
	0.045522	-121.138295	115.161951	-56.088200
	0.045532	-121.447777	115.161951	-56.088200
	0.045541	-123.540618	115.161951	-55.313300
	0.045551	-124.867782	115.161951	-54.538500
	0.045560	-125.291458	115.161951	-54.419300
	0.045570	-125.358658	115.161951	-54.419300
	0.045579	-125.648644	115.161951	-54.419300
	0.045589	-125.412593	115.161951	-54.359700
	0.045598	-126.074597	115.161951	-54.300100
	0.045608	-125.827714	115.161951	-54.300100
	0.045617	-126.124224	115.161951	-54.240500
	0.045626	-126.012320	115.161951	-54.240500
	0.045636	-126.764536	115.161951	-54.300100
	0.045645	-126.084850	115.161951	-54.300100
	0.045655	-125.395496	115.161951	-54.300100
	0.045664	-127.221361	115.161951	-54.240500
	0.045674	-124.800817	115.161951	-54.180900
	0.045683	-125.213221	115.161951	-54.180900
	0.045693	-124.630738	115.161951	-54.180900
	0.045702	-125.399906	115.161951	-54.240500
	0.045712	-124.764358	115.161951	-54.240500
	0.045721	-125.643648	115.161951	-54.240500
	0.045731	-126.146295	115.161951	-54.240500
	0.045740	-125.123683	115.161951	-54.240500
	0.045750	-124.329456	115.161951	-54.240500
	0.045759	-125.401644	115.161951	-54.180900
	0.045768	-123.798208	115.161951	-54.240500
	0.045778	-128.950397	115.161951	-53.465600
	0.045787	-133.495061	115.161951	-52.094700
	0.045797	-134.750674	115.161951	-51.319800
	0.045806	-136.233352	115.161951	-50.604600
	0.045816	-137.075308	115.161951	-50.306600
	0.045825	-136.689024	115.161951	-50.246900
	0.045835	-136.604386	115.161951	-50.246900
	0.045844	-137.103516	115.161951	-50.187300
	0.045854	-137.069640	115.161951	-50.187300
	0.045863	-137.016337	115.161951	-50.127700
	0.045873	-136.981457	115.161951	-50.127700
	0.045882	-137.989994	115.161951	-50.187300
	0.045892	-137.734011	115.161951	-50.187300
	0.045901	-137.291003	115.161951	-50.187300
	0.045910	-138.346231	115.161951	-50.187300
	0.045920	-138.003447	115.161951	-50.187300
	0.045929	-138.061130	115.161951	-50.187300
	0.045939	-137.872458	115.161951	-50.068100
	0.045948	-137.898183	115.161951	-49.650900
	0.045958	-139.729121	115.161951	-49.472100
	0.045967	-140.146928	115.161951	-49.472100
	0.045977	-139.241310	115.161951	-49.412500
	0.045986	-140.158594	115.161951	-49.293300
	0.045996	-141.666774	115.161951	-49.174100
	0.046005	-141.404373	115.161951	-49.054900
	0.046015	-141.172274	115.161951	-48.995300
	0.046024	-141.752244	115.161951	-49.054900
	0.046034	-140.644486	115.161951	-49.054900
	0.046043	-140.003468	115.161951	-49.054900
	0.046053	-140.124447	115.161951	-49.054900
	0.046062	-140.360703	115.161951	-49.114500
	0.046071	-140.415352	115.161951	-49.114500
	0.046081	-141.223438	115.161951	-49.114500
	0.046090	-140.322428	115.161951	-49.114500
	0.046100	-140.549806	115.161951	-49.054900
	0.046109	-139.982168	115.161951	-49.054900
	0.046119	-140.585717	115.161951	-49.054900
	0.046128	-139.887829	115.161951	-49.054900
	0.046138	-140.181082	115.161951	-49.114500
	0.046147	-142.295329	115.161951	-48.697200
	0.046157	-143.463493	115.161951	-48.220400
	0.046166	-143.883514	115.161951	-48.041600
	0.046176	-143.779407	115.161951	-47.982000
	0.046185	-144.607103	115.161951	-48.041600
	0.046195	-145.485359	115.161951	-48.041600
	0.046204	-144.271100	115.161951	-47.982000
	0.046213	-144.126011	115.161951	-48.041600
	0.046223	-143.673540	115.161951	-48.041600
	0.046232	-144.799288	115.161951	-48.041600
	0.046242	-143.528100	115.161951	-48.041600
	0.046251	-145.232248	115.161951	-48.041600
	0.046261	-144.583198	115.161951	-47.982000
	0.046270	-143.664842	115.161951	-47.982000
	0.046280	-143.596520	115.161951	-47.982000
	0.046289	-144.758770	115.161951	-47.982000
	0.046299	-145.841973	115.161951	-47.982000
	0.046308	-144.912771	115.161951	-47.922400
	0.046318	-144.842328	115.161951	-47.862800
	0.046327	-146.098878	115.161951	-47.803200
	0.046337	-146.449631	115.161951	-47.683900
	0.046346	-146.596431	115.161951	-47.564700
	0.046356	-147.104930	115.161951	-47.505100
	0.046365	-145.829428	115.161951	-47.505100
	0.046374	-146.016847	115.161951	-47.505100
	0.046384	-146.444359	115.161951	-47.445500
	0.046393	-146.304452	115.161951	-47.385900
	0.046403	-146.104108	115.161951	-47.266700
	0.046412	-145.718920	115.161951	-47.326300
	0.046422	-146.238709	115.161951	-47.266700
	0.046431	-146.024879	115.161951	-47.385900
	0.046441	-146.339762	115.161951	-47.445500
	0.046450	-147.094930	115.161951	-47.445500
	0.046460	-147.130051	115.161951	-47.385900
	0.046469	-146.613896	115.161951	-47.326300
	0.046479	-146.835725	115.161951	-47.385900
	0.046488	-145.566588	115.161951	-47.445500
	0.046498	-146.469368	115.161951	-47.505100
	0.046507	-146.370754	115.161951	-47.683900
	0.046516	-146.636530	115.161951	-47.683900
	0.046526	-146.823181	115.161951	-47.564700
	0.046535	-146.890727	115.161951	-47.564700
	0.046545	-146.673194	115.161951	-47.564700
	0.046554	-147.243933	115.161951	-47.683900
	0.046564	-146.673967	115.161951	-47.683900
	0.046573	-146.794992	115.161951	-47.743600
	0.046583	-146.330935	115.161951	-47.803200
	0.046592	-147.273596	115.161951	-47.743600
	0.046602	-147.078844	115.161951	-47.803200
	0.046611	-146.318119	115.161951	-47.803200
	0.046621	-147.926823	115.161951	-47.862800
	0.046630	-148.348627	115.161951	-47.922400
	0.046640	-145.779396	115.161951	-47.922400
	0.046649	-146.521434	115.161951	-47.922400
	0.046659	-146.821534	115.161951	-47.982000
	0.046668	-146.106485	115.161951	-48.041600
	0.046677	-146.737461	115.161951	-48.101200
	0.046687	-145.954156	115.161951	-48.160800
	0.046696	-147.230634	115.161951	-48.160800
	0.046706	-146.940430	115.161951	-48.101200
	0.046715	-147.450691	115.161951	-48.041600
	0.046725	-148.260005	115.161951	-47.862800
	0.046734	-148.031719	115.161951	-47.803200
	0.046744	-147.950557	115.161951	-47.803200
	0.046753	-148.689323	115.161951	-47.803200
	0.046763	-148.233067	115.161951	-47.743600
	0.046772	-148.664712	115.161951	-47.683900
	0.046782	-148.696474	115.161951	-47.564700
	0.046791	-149.264498	115.161951	-47.505100
	0.046801	-149.619014	115.161951	-47.505100
	0.046810	-149.252196	115.161951	-47.505100
	0.046819	-149.450646	115.161951	-47.505100
	0.046829	-150.137680	115.161951	-47.564700
	0.046838	-149.406799	115.161951	-47.564700
	0.046848	-149.282133	115.161951	-47.564700
	0.046857	-150.067688	115.161951	-47.505100
	0.046867	-150.941353	115.161951	-47.266700
	0.046876	-151.494492	115.161951	-46.968700
	0.046886	-151.663753	115.161951	-46.789900
	0.046895	-151.664273	115.161951	-46.730300
	0.046905	-151.312673	115.161951	-46.789900
	0.046914	-152.569907	115.161951	-46.789900
	0.046924	-152.674321	115.161951	-46.789900
	0.046933	-153.582818	115.161951	-46.372600
	0.046943	-153.840071	115.161951	-46.313000
	0.046952	-154.305584	115.161951	-46.134200
	0.046962	-155.639208	115.161951	-45.776600
	0.046971	-154.772251	115.161951	-45.717000
	0.046980	-155.454388	115.161951	-45.717000
	0.046990	-154.693163	115.161951	-45.776600
	0.046999	-155.539609	115.161951	-45.717000
	0.047009	-155.866832	115.161951	-45.776600
	0.047018	-154.994104	115.161951	-45.776600
	0.047028	-155.819741	115.161951	-45.776600
	0.047037	-155.888216	115.161951	-45.776600
	0.047047	-155.991178	115.161951	-45.717000
	0.047056	-155.634056	115.161951	-45.717000
	0.047066	-157.228936	115.161951	-45.776600
	0.047075	-155.758221	115.161951	-45.836200
	0.047085	-160.033200	115.161951	-45.061300
	0.047094	-159.913002	115.161951	-44.644100
	0.047104	-159.923195	115.161951	-44.524900
	0.047113	-159.206019	115.161951	-44.524900
	0.047122	-159.795495	115.161951	-44.584500
	0.047132	-161.094959	115.161951	-44.644100
	0.047141	-161.040636	115.161951	-44.584500
	0.047151	-160.523119	115.161951	-44.584500
	0.047160	-160.228141	115.161951	-44.584500
	0.047170	-160.090951	115.161951	-44.584500
	0.047179	-159.741390	115.161951	-44.465300
	0.047189	-160.482064	115.161951	-44.405700
	0.047198	-160.066171	115.161951	-44.346100
	0.047208	-159.900377	115.161951	-44.286500
	0.047217	-160.486008	115.161951	-44.286500
	0.047227	-161.110882	115.161951	-44.346100
	0.047236	-161.259565	115.161951	-44.286500
	0.047246	-167.308452	115.161951	-43.273200
	0.047255	-166.815211	115.161951	-42.498300
	0.047265	-166.548340	115.161951	-42.319500
	0.047274	-167.148377	115.161951	-42.379100
	0.047283	-167.731556	115.161951	-42.319500
	0.047293	-167.669124	115.161951	-42.319500
	0.047302	-166.701219	115.161951	-42.259900
	0.047312	-168.053020	115.161951	-42.200300
	0.047321	-167.642640	115.161951	-42.200300
	0.047331	-167.458672	115.161951	-42.200300
	0.047340	-166.723476	115.161951	-42.140700
	0.047350	-167.633925	115.161951	-42.140700
	0.047359	-166.640236	115.161951	-42.081100
	0.047369	-166.419093	115.161951	-42.140700
	0.047378	-166.964654	115.161951	-42.081100
	0.047388	-167.714719	115.161951	-41.902300
	0.047397	-168.251578	115.161951	-41.783100
	0.047407	-168.447392	115.161951	-41.783100
	0.047416	-167.979757	115.161951	-41.783100
	0.047425	-168.067368	115.161951	-41.783100
	0.047435	-167.261221	115.161951	-41.842700
	0.047444	-167.338022	115.161951	-41.842700
	0.047454	-167.754667	115.161951	-41.783100
	0.047463	-168.469978	115.161951	-41.723500
	0.047473	-168.014826	115.161951	-41.663900
	0.047482	-168.686500	115.161951	-41.604300
	0.047492	-167.609431	115.161951	-41.604300
	0.047501	-168.372295	115.161951	-41.663900
	0.047511	-168.186337	115.161951	-41.663900
	0.047520	-168.110820	115.161951	-41.783100
	0.047530	-168.309369	115.161951	-41.723500
	0.047539	-169.031851	115.161951	-41.783100
	0.047549	-168.471796	115.161951	-41.783100
	0.047558	-168.094970	115.161951	-41.783100
	0.047568	-167.751613	115.161951	-41.783100
	0.047577	-167.972055	115.161951	-41.783100
	0.047586	-167.994873	115.161951	-41.842700
	0.047596	-167.496654	115.161951	-41.842700
	0.047605	-167.997758	115.161951	-41.783100
	0.047615	-168.181179	115.161951	-41.842700
	0.047624	-167.455101	115.161951	-41.783100
	0.047634	-168.457468	115.161951	-41.783100
	0.047643	-168.381126	115.161951	-41.723500
	0.047653	-168.825713	115.161951	-41.783100
	0.047662	-168.653186	115.161951	-41.783100
	0.047672	-168.861718	115.161951	-41.783100
	0.047681	-168.079182	115.161951	-41.783100
	0.047691	-168.729090	115.161951	-41.723500
	0.047700	-168.529532	115.161951	-41.663900
	0.047710	-168.485640	115.161951	-41.604300
	0.047719	-168.274754	115.161951	-41.604300
	0.047728	-169.228044	115.161951	-41.604300
	0.047738	-168.090105	115.161951	-41.544700
	0.047747	-169.095652	115.161951	-41.544700
	0.047757	-168.106448	115.161951	-41.663900
	0.047766	-169.130584	115.161951	-41.723500
	0.047776	-168.868603	115.161951	-41.604300
	0.047785	-168.074240	115.161951	-41.604300
	0.047795	-168.434106	115.161951	-41.604300
	0.047804	-168.325977	115.161951	-41.604300
	0.047814	-168.184185	115.161951	-41.604300
	0.047823	-168.781623	115.161951	-41.604300
	0.047833	-169.327637	115.161951	-41.604300
	0.047842	-169.072522	115.161951	-41.604300
	0.047852	-168.974222	115.161951	-41.544700
	0.047861	-168.921482	115.161951	-41.485100
	0.047871	-168.481968	115.161951	-41.187000
	0.047880	-168.373074	115.161951	-41.067800
	0.047889	-168.532616	115.161951	-41.008200
	0.047899	-169.054521	115.161951	-40.948600
	0.047908	-169.124829	115.161951	-41.008200
	0.047918	-168.060574	115.161951	-40.948600
	0.047927	-168.470886	115.161951	-40.948600
	0.047937	-168.444236	115.161951	-40.948600
	0.047946	-168.282200	115.161951	-40.948600
	0.047956	-168.471314	115.161951	-40.889000
	0.047965	-169.012338	115.161951	-40.889000
	0.047975	-169.183569	115.161951	-40.769800
	0.047984	-170.296829	115.161951	-40.412200
	0.047994	-170.131967	115.161951	-40.233400
	0.048003	-171.006437	115.161951	-40.114200
	0.048013	-171.050441	115.161951	-39.935300
	0.048022	-171.018070	115.161951	-39.875700
	0.048031	-171.107955	115.161951	-39.816100
	0.048041	-170.534670	115.161951	-39.816100
	0.048050	-170.379545	115.161951	-39.816100
	0.048060	-169.349080	115.161951	-39.875700
	0.048069	-171.029495	115.161951	-39.935300
	0.048079	-170.590853	115.161951	-40.054600
	0.048088	-170.589329	115.161951	-39.994900
	0.048098	-170.193134	115.161951	-39.994900
	0.048107	-170.638833	115.161951	-40.054600
	0.048117	-170.992435	115.161951	-40.054600
	0.048126	-170.511702	115.161951	-39.935300
	0.048136	-169.881662	115.161951	-39.816100
	0.048145	-171.088500	115.161951	-39.816100
	0.048155	-171.595457	115.161951	-39.816100
	0.048164	-171.250171	115.161951	-39.875700
	0.048174	-170.980959	115.161951	-39.875700
	0.048183	-171.455953	115.161951	-39.875700
	0.048192	-171.252964	115.161951	-39.816100
	0.048202	-171.540273	115.161951	-39.816100
	0.048211	-173.302840	115.161951	-39.816100
	0.048221	-172.139922	115.161951	-39.816100
	0.048230	-171.823724	115.161951	-39.816100
	0.048240	-172.957199	115.161951	-39.756500
	0.048249	-173.593927	115.161951	-39.518100
	0.048259	-173.038795	115.161951	-39.458500
	0.048268	-172.329970	115.161951	-39.518100
	0.048278	-172.851653	115.161951	-39.518100
	0.048287	-173.000261	115.161951	-39.518100
	0.048297	-172.313475	115.161951	-39.518100
	0.048306	-172.294009	115.161951	-39.458500
	0.048316	-172.460504	115.161951	-39.458500
	0.048325	-171.572347	115.161951	-39.398900
	0.048334	-172.842967	115.161951	-39.339300
	0.048344	-172.564174	115.161951	-39.279700
	0.048353	-172.087403	115.161951	-39.339300
	0.048363	-172.259769	115.161951	-39.398900
	0.048372	-172.205338	115.161951	-39.398900
	0.048382	-172.284254	115.161951	-39.339300
	0.048391	-172.418737	115.161951	-39.339300
	0.048401	-172.031542	115.161951	-39.339300
	0.048410	-171.583310	115.161951	-39.279700
	0.048420	-173.227958	115.161951	-39.220100
	0.048429	-173.033741	115.161951	-39.220100
	0.048439	-171.947591	115.161951	-39.220100
	0.048448	-172.755736	115.161951	-39.220100
	0.048458	-173.462930	115.161951	-39.220100
	0.048467	-172.617119	115.161951	-39.220100
	0.048477	-172.795013	115.161951	-39.220100
	0.048486	-173.000447	115.161951	-39.220100
	0.048495	-173.777069	115.161951	-39.100900
	0.048505	-172.768442	115.161951	-39.100900
	0.048514	-173.412269	115.161951	-39.100900
	0.048524	-172.852473	115.161951	-39.100900
	0.048533	-172.394471	115.161951	-39.220100
	0.048543	-171.723784	115.161951	-39.279700
	0.048552	-171.861215	115.161951	-39.279700
	0.048562	-171.917370	115.161951	-39.279700
	0.048571	-172.132132	115.161951	-39.279700
	0.048581	-171.871376	115.161951	-39.279700
	0.048590	-173.095248	115.161951	-39.220100
	0.048600	-172.648017	115.161951	-39.100900
	0.048609	-173.107941	115.161951	-39.100900
	0.048619	-172.637227	115.161951	-39.041300
	0.048628	-175.486469	115.161951	-38.564400
	0.048637	-175.686551	115.161951	-38.445200
	0.048647	-175.656097	115.161951	-38.385600
	0.048656	-175.895426	115.161951	-38.385600
	0.048666	-176.579681	115.161951	-38.385600
	0.048675	-175.364980	115.161951	-38.385600
	0.048685	-176.577003	115.161951	-38.385600
	0.048694	-175.961716	115.161951	-38.385600
	0.048704	-176.459462	115.161951	-38.266400
	0.048713	-176.006765	115.161951	-38.266400
	0.048723	-176.491367	115.161951	-38.206800
	0.048732	-176.153709	115.161951	-38.206800
	0.048742	-176.781758	115.161951	-38.206800
	0.048751	-176.257710	115.161951	-38.266400
	0.048761	-175.759143	115.161951	-38.266400
	0.048770	-176.149140	115.161951	-38.266400
	0.048780	-176.230260	115.161951	-38.266400
	0.048789	-175.064982	115.161951	-38.206800
	0.048798	-175.775938	115.161951	-38.266400
	0.048808	-175.968764	115.161951	-38.206800
	0.048817	-175.585423	115.161951	-38.206800
	0.048827	-175.358401	115.161951	-38.266400
	0.048836	-175.369702	115.161951	-38.206800
	0.048846	-176.387261	115.161951	-38.206800
	0.048855	-176.418542	115.161951	-38.147200
	0.048865	-177.469233	115.161951	-37.849200
	0.048874	-176.059446	115.161951	-37.670400
	0.048884	-176.872600	115.161951	-37.730000
	0.048893	-176.368476	115.161951	-37.730000
	0.048903	-175.879766	115.161951	-37.670400
	0.048912	-177.130192	115.161951	-37.670400
	0.048922	-178.552988	115.161951	-37.670400
	0.048931	-177.655162	115.161951	-37.789600
	0.048940	-178.198666	115.161951	-37.789600
	0.048950	-177.606931	115.161951	-37.730000
	0.048959	-178.083561	115.161951	-37.610800
	0.048969	-177.673902	115.161951	-37.670400
	0.048978	-177.996119	115.161951	-37.670400
	0.048988	-178.055547	115.161951	-37.670400
	0.048997	-179.081568	115.161951	-37.670400
	0.049007	-177.419736	115.161951	-37.670400
	0.049016	-178.052329	115.161951	-37.551200
	0.049026	-177.957312	115.161951	-37.551200
	0.049035	-177.272821	115.161951	-37.610800
	0.049045	-177.140608	115.161951	-37.610800
	0.049054	-177.338025	115.161951	-37.610800
	0.049064	-177.392683	115.161951	-37.610800
	0.049073	-176.304625	115.161951	-37.610800
	0.049083	-177.933697	115.161951	-37.670400
	0.049092	-179.337408	115.161951	-37.551200
	0.049101	-179.153340	115.161951	-37.372300
	0.049111	-178.315201	115.161951	-37.312700
	0.049120	-178.414972	115.161951	-37.312700
	0.049130	-177.890126	115.161951	-37.312700
	0.049139	-178.733882	115.161951	-37.312700
	0.049149	-179.341023	115.161951	-37.491600
	0.049158	-179.975319	115.161951	-37.610800
	0.049168	-180.276921	115.161951	-37.610800
	0.049177	-178.747446	115.161951	-37.610800
	0.049187	-179.155058	115.161951	-37.610800
	0.049196	-178.969898	115.161951	-37.610800
	0.049206	-179.427625	115.161951	-37.610800
	0.049215	-178.019420	115.161951	-37.551200
	0.049225	-178.414625	115.161951	-37.551200
	0.049234	-179.368687	115.161951	-37.491600
	0.049243	-177.713282	115.161951	-37.431900
	0.049253	-179.058746	115.161951	-37.431900
	0.049262	-178.240011	115.161951	-37.431900
	0.049272	-178.830002	115.161951	-37.431900
	0.049281	-177.979756	115.161951	-37.431900
	0.049291	-178.888913	115.161951	-37.551200
	0.049300	-178.971668	115.161951	-37.491600
	0.049310	-179.982399	115.161951	-37.431900
	0.049319	-180.407153	115.161951	-37.372300
	0.049329	-179.919564	115.161951	-37.491600
	0.049338	-179.087770	115.161951	-37.491600
	0.049348	-178.634417	115.161951	-37.551200
	0.049357	-178.455341	115.161951	-37.491600
	0.049367	-179.361156	115.161951	-37.431900
	0.049376	-179.614114	115.161951	-37.491600
	0.049386	-179.172108	115.161951	-37.551200
	0.049395	-179.449384	115.161951	-37.610800
	0.049404	-178.422118	115.161951	-37.610800
	0.049414	-178.971235	115.161951	-37.551200
	0.049423	-178.378993	115.161951	-37.551200
	0.049433	-179.380252	115.161951	-37.610800
	0.049442	-178.230045	115.161951	-37.610800
	0.049452	-178.386806	115.161951	-37.610800
	0.049461	-179.992256	115.161951	-37.610800
	0.049471	-178.770379	115.161951	-37.610800
	0.049480	-178.169359	115.161951	-37.610800
	0.049490	-179.562893	115.161951	-37.610800
	0.049499	-178.892169	115.161951	-37.670400
	0.049509	-177.991117	115.161951	-37.730000
	0.049518	-179.521507	115.161951	-37.670400
	0.049528	-178.828078	115.161951	-37.670400
	0.049537	-180.053894	115.161951	-37.670400
	0.049546	-179.288517	115.161951	-37.670400
	0.049556	-180.536498	115.161951	-37.670400
	0.049565	-180.552105	115.161951	-37.670400
	0.049575	-180.545907	115.161951	-37.610800
	0.049584	-180.265395	115.161951	-37.610800
	0.049594	-179.926955	115.161951	-37.610800
	0.049603	-179.126474	115.161951	-37.610800
	0.049613	-178.248412	115.161951	-37.551200
	0.049622	-179.763057	115.161951	-37.551200
	0.049632	-180.115163	115.161951	-37.551200
	0.049641	-179.252782	115.161951	-37.491600
	0.049651	-179.809693	115.161951	-37.372300
	0.049660	-179.807006	115.161951	-37.431900
	0.049670	-180.288748	115.161951	-37.491600
	0.049679	-180.317717	115.161951	-37.431900
	0.049689	-179.726780	115.161951	-37.431900
	0.049698	-179.009916	115.161951	-37.431900
	0.049707	-179.978426	115.161951	-37.491600
	0.049717	-179.676520	115.161951	-37.431900
	0.049726	-179.312509	115.161951	-37.372300
	0.049736	-179.371737	115.161951	-37.372300
	0.049745	-178.669063	115.161951	-37.372300
	0.049755	-179.050204	115.161951	-37.372300
	0.049764	-179.374828	115.161951	-37.431900
	0.049774	-180.522260	115.161951	-37.551200
	0.049783	-179.832869	115.161951	-37.551200
	0.049793	-179.602824	115.161951	-37.551200
	0.049802	-179.315930	115.161951	-37.491600
	0.049812	-179.815218	115.161951	-37.551200
	0.049821	-179.892468	115.161951	-37.491600
	0.049831	-179.883388	115.161951	-37.431900
	0.049840	-179.155527	115.161951	-37.372300
	0.049849	-179.186034	115.161951	-37.431900
	0.049859	-179.728583	115.161951	-37.431900
	0.049868	-180.151408	115.161951	-37.372300
	0.049878	-179.162922	115.161951	-37.312700
	0.049887	-179.024825	115.161951	-37.312700
	0.049897	-179.273644	115.161951	-37.372300
	0.049906	-179.671919	115.161951	-37.312700
	0.049916	-178.696163	115.161951	-37.312700
	0.049925	-178.990233	115.161951	-37.372300
	0.049935	-179.002211	115.161951	-37.372300
	0.049944	-179.014081	115.161951	-37.312700
	0.049954	-178.301685	115.161951	-37.372300
	0.049963	-180.458061	115.161951	-37.372300
	0.049973	-180.665104	115.161951	-37.431900
	0.049982	-179.317015	115.161951	-37.372300
	0.049991	-180.376189	115.161951	-37.431900
	0.050001	-178.707419	115.161951	-37.431900
	0.050010	-178.786287	115.161951	-37.372300
	0.050020	-179.781486	115.161951	-37.431900
	0.050029	-180.304328	115.161951	-37.312700
	0.050039	-179.622301	115.161951	-37.312700
	0.050048	-179.875527	115.161951	-37.253100
	0.050058	-178.562811	115.161951	-37.312700
	0.050067	-178.192165	115.161951	-37.372300
	0.050077	-177.886284	115.161951	-37.312700
	0.050086	-179.038889	115.161951	-37.312700
	0.050096	-178.039188	115.161951	-37.372300
	0.050105	-179.247840	115.161951	-37.253100
	0.050115	-178.416245	115.161951	-37.312700
	0.050124	-179.749875	115.161951	-37.253100
	0.050134	-178.793966	115.161951	-37.312700
	0.050143	-179.784327	115.161951	-37.253100
	0.050152	-178.653427	115.161951	-37.253100
	0.050162	-179.534470	115.161951	-37.253100
	0.050171	-178.932121	115.161951	-37.312700
	0.050181	-180.405323	115.161951	-37.253100
	0.050190	-180.040051	115.161951	-37.133900
	0.050200	-178.924476	115.161951	-37.253100
	0.050209	-179.844418	115.161951	-37.253100
	0.050219	-179.686476	115.161951	-37.253100
	0.050228	-178.810157	115.161951	-37.253100
	0.050238	-179.652266	115.161951	-37.253100
	0.050247	-179.476737	115.161951	-37.253100
	0.050257	-180.313263	115.161951	-37.253100
	0.050266	-179.615373	115.161951	-37.253100
	0.050276	-179.267999	115.161951	-37.312700
	0.050285	-179.782463	115.161951	-37.253100
	0.050294	-180.162312	115.161951	-37.133900
	0.050304	-179.748306	115.161951	-37.133900
	0.050313	-178.568277	115.161951	-37.133900
	0.050323	-178.682280	115.161951	-37.133900
	0.050332	-178.043604	115.161951	-37.133900
	0.050342	-179.027733	115.161951	-37.074300
	0.050351	-179.133254	115.161951	-37.133900
	0.050361	-178.907111	115.161951	-37.074300
	0.050370	-178.452127	115.161951	-37.074300
	0.050380	-179.754470	115.161951	-37.074300
	0.050389	-179.408960	115.161951	-37.014700
	0.050399	-179.222178	115.161951	-37.074300
	0.050408	-180.044545	115.161951	-37.193500
	0.050418	-180.093656	115.161951	-37.193500
	0.050427	-180.322010	115.161951	-37.253100
	0.050437	-179.692158	115.161951	-37.193500
	0.050446	-178.356081	115.161951	-37.193500
	0.050455	-179.352773	115.161951	-37.193500
	0.050465	-178.723483	115.161951	-37.253100
	0.050474	-178.279897	115.161951	-37.253100
	0.050484	-178.007523	115.161951	-37.253100
