	-0.071022	-0.022458	115.161951	-20.027300
	-0.068270	0.063738	115.161951	-20.086900
	-0.065518	0.067737	115.161951	-20.206100
	-0.062767	0.868998	115.161951	-20.384900
	-0.060015	0.394596	115.161951	-20.742500
	-0.057264	-0.361289	115.161951	-20.921300
	-0.054512	0.609505	115.161951	-21.100200
	-0.051760	-0.580356	115.161951	-21.338600
	-0.049009	-0.519067	115.161951	-21.636600
	-0.046257	-1.023590	115.161951	-21.875000
	-0.043506	-1.267129	115.161951	-22.113400
	-0.040754	-1.452459	115.161951	-22.530700
	-0.038002	-0.334655	115.161951	-22.888300
	-0.035251	-1.593945	115.161951	-23.245900
	-0.032499	-1.473527	115.161951	-23.544000
	-0.029748	-0.998651	115.161951	-23.901600
	-0.026996	-1.571875	115.161951	-24.318800
	-0.024245	-2.368638	115.161951	-24.736000
	-0.021493	-2.788959	115.161951	-25.153300
	-0.018741	-1.703749	115.161951	-25.630100
	-0.015990	-3.407118	115.161951	-26.285800
	-0.013238	-2.980057	115.161951	-26.881800
	-0.010487	-3.885931	115.161951	-27.477900
	-0.007735	-3.066685	115.161951	-28.133500
	-0.004984	-3.246132	115.161951	-29.027600
	-0.002232	-3.432077	115.161951	-29.683200
	0.000520	-4.604307	115.161951	-30.517800
	0.003271	-5.315900	115.161951	-31.471500
	0.006023	-4.656027	115.161951	-32.723200
	0.008774	-5.908348	115.161951	-33.617300
	0.011526	-5.079474	115.161951	-35.107400
	0.014278	-7.290498	115.161951	-36.537900
	0.017029	-7.591529	115.161951	-38.683600
	0.019781	-8.397398	115.161951	-40.293000
	0.022532	-9.290524	115.161951	-42.200300
	0.025284	-9.884199	115.161951	-44.346100
	0.028036	-11.141350	115.161951	-48.220400
	0.030787	-13.995537	115.161951	-52.035100
	0.033539	-15.360442	115.161951	-56.922700
	0.036290	-18.805973	115.161951	-61.333600
	0.036290	-20.022880	115.161951	-67.115300
	0.036300	-19.671557	115.161951	-68.605400
	0.036309	-19.638300	115.161951	-68.963000
	0.036319	-19.694166	115.161951	-68.903400
	0.036328	-20.428670	115.161951	-68.963000
	0.036338	-18.825753	115.161951	-68.963000
	0.036347	-19.885847	115.161951	-68.963000
	0.036357	-21.096837	115.161951	-68.963000
	0.036366	-19.596036	115.161951	-69.022600
	0.036376	-20.770098	115.161951	-69.082200
	0.036385	-19.992264	115.161951	-69.082200
	0.036394	-19.654167	115.161951	-69.141900
	0.036404	-20.210484	115.161951	-69.141900
	0.036413	-20.076395	115.161951	-69.141900
	0.036423	-19.619326	115.161951	-69.201500
	0.036432	-19.514147	115.161951	-69.201500
	0.036442	-19.546568	115.161951	-69.320700
	0.036451	-19.604994	115.161951	-69.320700
	0.036461	-19.002372	115.161951	-69.320700
	0.036470	-19.114909	115.161951	-69.261100
	0.036480	-19.525695	115.161951	-69.201500
	0.036489	-19.155006	115.161951	-69.320700
	0.036499	-19.564421	115.161951	-69.380300
	0.036508	-18.885241	115.161951	-69.320700
	0.036518	-19.143126	115.161951	-69.380300
	0.036527	-20.146912	115.161951	-69.380300
	0.036537	-19.534167	115.161951	-69.380300
	0.036546	-20.354693	115.161951	-69.380300
	0.036555	-20.494627	115.161951	-69.380300
	0.036565	-19.956106	115.161951	-69.439900
	0.036574	-19.899507	115.161951	-69.439900
	0.036584	-21.017715	115.161951	-69.439900
	0.036593	-19.677737	115.161951	-69.499500
	0.036603	-20.388650	115.161951	-69.559100
	0.036612	-20.473473	115.161951	-69.618700
	0.036622	-20.600587	115.161951	-69.499500
	0.036631	-20.747698	115.161951	-69.499500
	0.036641	-20.674455	115.161951	-69.499500
	0.036650	-21.050096	115.161951	-69.499500
	0.036660	-20.556651	115.161951	-69.559100
	0.036669	-20.671968	115.161951	-69.618700
	0.036679	-20.741157	115.161951	-69.618700
	0.036688	-20.419377	115.161951	-69.678300
	0.036697	-21.129055	115.161951	-69.678300
	0.036707	-19.128036	115.161951	-69.678300
	0.036716	-20.470363	115.161951	-69.737900
	0.036726	-20.668586	115.161951	-69.737900
	0.036735	-21.076529	115.161951	-69.797500
	0.036745	-21.313585	115.161951	-69.857100
	0.036754	-20.928422	115.161951	-69.916700
	0.036764	-21.346524	115.161951	-69.916700
	0.036773	-20.842294	115.161951	-69.857100
	0.036783	-19.904203	115.161951	-69.916700
	0.036792	-20.411651	115.161951	-69.976300
	0.036802	-21.110129	115.161951	-69.976300
	0.036811	-20.742549	115.161951	-69.916700
	0.036821	-20.480248	115.161951	-69.916700
	0.036830	-21.150299	115.161951	-69.916700
	0.036840	-21.768422	115.161951	-69.916700
	0.036849	-21.368737	115.161951	-69.916700
	0.036858	-21.105465	115.161951	-69.976300
	0.036868	-20.260110	115.161951	-70.035900
	0.036877	-18.937665	115.161951	-70.155100
	0.036887	-19.725846	115.161951	-70.155100
	0.036896	-20.319409	115.161951	-70.155100
	0.036906	-19.754737	115.161951	-70.155100
	0.036915	-20.547447	115.161951	-70.155100
	0.036925	-20.753251	115.161951	-70.155100
	0.036934	-19.354207	115.161951	-70.214700
	0.036944	-19.641877	115.161951	-70.214700
	0.036953	-20.067536	115.161951	-70.155100
	0.036963	-20.281427	115.161951	-70.155100
	0.036972	-19.665545	115.161951	-70.155100
	0.036982	-20.532765	115.161951	-70.214700
	0.036991	-21.722094	115.161951	-70.155100
	0.037000	-20.579697	115.161951	-70.155100
	0.037010	-21.030920	115.161951	-70.155100
	0.037019	-20.066320	115.161951	-70.095500
	0.037029	-20.892985	115.161951	-70.155100
	0.037038	-20.248340	115.161951	-70.214700
	0.037048	-20.784971	115.161951	-70.274300
	0.037057	-20.482396	115.161951	-70.274300
	0.037067	-19.705209	115.161951	-70.274300
	0.037076	-20.724085	115.161951	-70.274300
	0.037086	-19.691477	115.161951	-70.333900
	0.037095	-18.772073	115.161951	-70.333900
	0.037105	-19.886456	115.161951	-70.333900
	0.037114	-19.337177	115.161951	-70.333900
	0.037124	-19.810174	115.161951	-70.333900
	0.037133	-19.997625	115.161951	-70.393600
	0.037143	-19.907488	115.161951	-70.453200
	0.037152	-20.972913	115.161951	-70.453200
	0.037161	-20.403306	115.161951	-70.512800
	0.037171	-20.380643	115.161951	-70.512800
	0.037180	-20.408550	115.161951	-70.512800
	0.037190	-22.044468	115.161951	-70.572400
	0.037199	-20.898889	115.161951	-70.572400
	0.037209	-20.813315	115.161951	-70.572400
	0.037218	-21.410159	115.161951	-70.632000
	0.037228	-21.227860	115.161951	-70.632000
	0.037237	-19.871875	115.161951	-70.632000
	0.037247	-20.600006	115.161951	-70.691600
	0.037256	-20.820739	115.161951	-70.691600
	0.037266	-20.715922	115.161951	-70.632000
	0.037275	-20.786039	115.161951	-70.632000
	0.037285	-20.744728	115.161951	-70.632000
	0.037294	-20.664186	115.161951	-70.751200
	0.037303	-20.978853	115.161951	-70.751200
	0.037313	-21.016106	115.161951	-70.751200
	0.037322	-21.164616	115.161951	-70.751200
	0.037332	-21.464426	115.161951	-70.691600
	0.037341	-20.757428	115.161951	-70.691600
	0.037351	-21.434735	115.161951	-70.632000
	0.037360	-21.324403	115.161951	-70.632000
	0.037370	-20.376686	115.161951	-70.751200
	0.037379	-21.005352	115.161951	-70.691600
	0.037389	-20.535467	115.161951	-70.751200
	0.037398	-20.136694	115.161951	-70.691600
	0.037408	-21.899404	115.161951	-70.691600
	0.037417	-20.748119	115.161951	-70.691600
	0.037427	-20.863070	115.161951	-70.751200
	0.037436	-20.668927	115.161951	-70.751200
	0.037446	-22.126359	115.161951	-70.751200
	0.037455	-21.480278	115.161951	-70.870400
	0.037464	-21.173565	115.161951	-70.870400
	0.037474	-19.875311	115.161951	-70.870400
	0.037483	-20.998902	115.161951	-70.870400
	0.037493	-21.070771	115.161951	-70.810800
	0.037502	-21.352625	115.161951	-70.870400
	0.037512	-21.275314	115.161951	-70.810800
	0.037521	-21.325260	115.161951	-70.810800
	0.037531	-21.525938	115.161951	-70.810800
	0.037540	-22.745205	115.161951	-70.870400
	0.037550	-21.510227	115.161951	-70.930000
	0.037559	-22.027301	115.161951	-70.930000
	0.037569	-21.378376	115.161951	-70.870400
	0.037578	-21.570739	115.161951	-70.870400
	0.037588	-21.319424	115.161951	-70.930000
	0.037597	-21.808433	115.161951	-70.930000
	0.037606	-21.135363	115.161951	-70.930000
	0.037616	-22.105703	115.161951	-70.930000
	0.037625	-21.851683	115.161951	-71.049200
	0.037635	-21.643039	115.161951	-71.108800
	0.037644	-21.636264	115.161951	-71.168400
	0.037654	-22.885803	115.161951	-71.287600
	0.037663	-21.754730	115.161951	-71.287600
	0.037673	-20.936295	115.161951	-71.287600
	0.037682	-22.549097	115.161951	-71.347200
	0.037692	-22.419217	115.161951	-71.347200
	0.037701	-21.591868	115.161951	-71.406800
	0.037711	-21.703843	115.161951	-71.406800
	0.037720	-22.086449	115.161951	-71.347200
	0.037730	-22.093423	115.161951	-71.347200
	0.037739	-21.671272	115.161951	-71.466400
	0.037748	-20.063093	115.161951	-71.526000
	0.037758	-22.438354	115.161951	-71.585600
	0.037767	-20.578769	115.161951	-71.585600
	0.037777	-21.310278	115.161951	-71.645200
	0.037786	-20.805130	115.161951	-71.704900
	0.037796	-21.459243	115.161951	-71.704900
	0.037805	-22.005928	115.161951	-71.704900
	0.037815	-21.954453	115.161951	-71.704900
	0.037824	-21.856098	115.161951	-71.704900
	0.037834	-20.191535	115.161951	-71.764500
	0.037843	-20.730811	115.161951	-71.824100
	0.037853	-20.811980	115.161951	-71.943300
	0.037862	-19.385015	115.161951	-72.002900
	0.037872	-21.586831	115.161951	-72.002900
	0.037881	-21.108579	115.161951	-72.002900
	0.037891	-20.303405	115.161951	-72.002900
	0.037900	-20.719394	115.161951	-72.062500
	0.037909	-22.144097	115.161951	-72.062500
	0.037919	-21.434608	115.161951	-72.062500
	0.037928	-21.329689	115.161951	-72.122100
	0.037938	-19.672422	115.161951	-72.181700
	0.037947	-20.588479	115.161951	-72.241300
	0.037957	-20.117025	115.161951	-72.241300
	0.037966	-20.235068	115.161951	-72.300900
	0.037976	-20.852619	115.161951	-72.300900
	0.037985	-21.244981	115.161951	-72.300900
	0.037995	-21.172932	115.161951	-72.360500
	0.038004	-20.746315	115.161951	-72.420100
	0.038014	-20.812829	115.161951	-72.360500
	0.038023	-21.088731	115.161951	-72.360500
	0.038033	-22.206492	115.161951	-72.420100
	0.038042	-22.099589	115.161951	-72.479700
	0.038051	-21.624237	115.161951	-72.479700
	0.038061	-21.681084	115.161951	-72.479700
	0.038070	-22.089892	115.161951	-72.479700
	0.038080	-21.022512	115.161951	-72.479700
	0.038089	-21.907143	115.161951	-72.539300
	0.038099	-22.138499	115.161951	-72.539300
	0.038108	-21.617641	115.161951	-72.539300
	0.038118	-22.185727	115.161951	-72.479700
	0.038127	-20.838938	115.161951	-72.479700
	0.038137	-23.118259	115.161951	-72.479700
	0.038146	-21.600029	115.161951	-72.598900
	0.038156	-21.820649	115.161951	-72.658500
	0.038165	-22.623985	115.161951	-72.598900
	0.038175	-22.172512	115.161951	-72.598900
	0.038184	-21.172253	115.161951	-72.777700
	0.038194	-22.463091	115.161951	-72.718100
	0.038203	-21.220425	115.161951	-72.718100
	0.038212	-20.262190	115.161951	-72.718100
	0.038222	-22.332233	115.161951	-72.718100
	0.038231	-22.806481	115.161951	-72.777700
	0.038241	-21.224521	115.161951	-72.777700
	0.038250	-21.533326	115.161951	-72.837300
	0.038260	-22.775714	115.161951	-72.896900
	0.038269	-21.400371	115.161951	-72.896900
	0.038279	-23.050110	115.161951	-72.896900
	0.038288	-21.853766	115.161951	-72.896900
	0.038298	-22.320142	115.161951	-73.016200
	0.038307	-21.040950	115.161951	-73.016200
	0.038317	-21.605251	115.161951	-73.016200
	0.038326	-20.908239	115.161951	-73.016200
	0.038336	-20.870467	115.161951	-73.135400
	0.038345	-22.326020	115.161951	-73.195000
	0.038354	-22.049544	115.161951	-72.837300
	0.038364	-22.456473	115.161951	-72.718100
	0.038373	-22.817086	115.161951	-72.598900
	0.038383	-22.888572	115.161951	-72.598900
	0.038392	-22.491047	115.161951	-72.598900
	0.038402	-23.190508	115.161951	-72.658500
	0.038411	-23.831971	115.161951	-72.658500
	0.038421	-23.581090	115.161951	-72.598900
	0.038430	-23.042232	115.161951	-72.658500
	0.038440	-23.026825	115.161951	-72.718100
	0.038449	-23.089530	115.161951	-72.777700
	0.038459	-23.811190	115.161951	-72.777700
	0.038468	-24.036698	115.161951	-72.718100
	0.038478	-23.566985	115.161951	-72.718100
	0.038487	-22.768090	115.161951	-72.718100
	0.038497	-21.925675	115.161951	-72.777700
	0.038506	-22.304067	115.161951	-72.777700
	0.038515	-22.780781	115.161951	-72.777700
	0.038525	-23.606706	115.161951	-72.777700
	0.038534	-23.172378	115.161951	-72.837300
	0.038544	-22.049600	115.161951	-72.896900
	0.038553	-22.936569	115.161951	-72.896900
	0.038563	-23.214880	115.161951	-72.837300
	0.038572	-21.782857	115.161951	-72.837300
	0.038582	-22.305071	115.161951	-72.896900
	0.038591	-21.973289	115.161951	-72.956600
	0.038601	-23.107456	115.161951	-72.956600
	0.038610	-23.819998	115.161951	-73.016200
	0.038620	-23.203660	115.161951	-73.075800
	0.038629	-23.706330	115.161951	-73.075800
	0.038639	-24.579918	115.161951	-73.135400
	0.038648	-23.910271	115.161951	-73.195000
	0.038657	-23.112980	115.161951	-73.195000
	0.038667	-24.140844	115.161951	-73.254600
	0.038676	-22.533214	115.161951	-73.254600
	0.038686	-23.209390	115.161951	-73.254600
	0.038695	-23.696499	115.161951	-73.314200
	0.038705	-23.952774	115.161951	-73.373800
	0.038714	-22.849522	115.161951	-73.373800
	0.038724	-23.729980	115.161951	-73.373800
	0.038733	-23.208964	115.161951	-73.433400
	0.038743	-23.325018	115.161951	-73.433400
	0.038752	-22.970077	115.161951	-73.552600
	0.038762	-23.979882	115.161951	-73.552600
	0.038771	-22.577653	115.161951	-73.493000
	0.038781	-22.815405	115.161951	-73.493000
	0.038790	-22.528859	115.161951	-73.552600
	0.038800	-23.283401	115.161951	-73.552600
	0.038809	-22.234973	115.161951	-73.552600
	0.038818	-22.959948	115.161951	-73.552600
	0.038828	-23.488246	115.161951	-73.552600
	0.038837	-23.467935	115.161951	-73.612200
	0.038847	-21.350066	115.161951	-73.612200
	0.038856	-22.090075	115.161951	-73.612200
	0.038866	-21.557234	115.161951	-73.671800
	0.038875	-22.103925	115.161951	-73.731400
	0.038885	-21.771412	115.161951	-73.612200
	0.038894	-22.280106	115.161951	-73.493000
	0.038904	-22.310470	115.161951	-73.433400
	0.038913	-22.647184	115.161951	-73.373800
	0.038923	-22.675958	115.161951	-73.373800
	0.038932	-21.558288	115.161951	-73.373800
	0.038942	-22.861988	115.161951	-73.433400
	0.038951	-23.598434	115.161951	-73.373800
	0.038960	-22.588366	115.161951	-73.373800
	0.038970	-22.596701	115.161951	-73.373800
	0.038979	-25.266434	115.161951	-73.373800
	0.038989	-23.540400	115.161951	-73.433400
	0.038998	-23.442785	115.161951	-73.433400
	0.039008	-23.124525	115.161951	-73.433400
	0.039017	-23.004610	115.161951	-73.493000
	0.039027	-23.966895	115.161951	-73.493000
	0.039036	-23.973264	115.161951	-73.552600
	0.039046	-24.200287	115.161951	-73.552600
	0.039055	-24.253836	115.161951	-73.493000
	0.039065	-23.469236	115.161951	-73.552600
	0.039074	-22.889450	115.161951	-73.552600
	0.039084	-23.620511	115.161951	-73.552600
	0.039093	-22.038432	115.161951	-73.612200
	0.039103	-23.322505	115.161951	-73.671800
	0.039112	-23.763775	115.161951	-73.612200
	0.039121	-24.144560	115.161951	-73.671800
	0.039131	-22.938849	115.161951	-73.671800
	0.039140	-23.352620	115.161951	-73.791000
	0.039150	-23.602137	115.161951	-73.850600
	0.039159	-23.943519	115.161951	-73.850600
	0.039169	-24.710389	115.161951	-73.850600
	0.039178	-24.509538	115.161951	-73.850600
	0.039188	-23.583895	115.161951	-73.969800
	0.039197	-24.136265	115.161951	-74.029400
	0.039207	-24.806559	115.161951	-74.029400
	0.039216	-24.982347	115.161951	-73.969800
	0.039226	-24.211313	115.161951	-73.969800
	0.039235	-23.890549	115.161951	-73.969800
	0.039245	-23.804824	115.161951	-74.029400
	0.039254	-24.554024	115.161951	-74.029400
	0.039263	-23.183044	115.161951	-74.089000
	0.039273	-24.616359	115.161951	-74.029400
	0.039282	-23.139882	115.161951	-74.029400
	0.039292	-23.872321	115.161951	-74.148600
	0.039301	-24.882879	115.161951	-74.089000
	0.039311	-23.531490	115.161951	-73.969800
	0.039320	-23.510389	115.161951	-73.969800
	0.039330	-24.326122	115.161951	-73.969800
	0.039339	-24.352332	115.161951	-74.029400
	0.039349	-25.790153	115.161951	-74.148600
	0.039358	-25.530140	115.161951	-74.148600
	0.039368	-25.458293	115.161951	-74.267900
	0.039377	-24.509147	115.161951	-74.267900
	0.039387	-24.931475	115.161951	-74.327500
	0.039396	-24.525661	115.161951	-74.387100
	0.039406	-25.215918	115.161951	-74.387100
	0.039415	-25.135466	115.161951	-74.387100
	0.039424	-25.675515	115.161951	-74.387100
	0.039434	-24.290807	115.161951	-74.446700
	0.039443	-24.730944	115.161951	-74.506300
	0.039453	-24.755747	115.161951	-74.506300
	0.039462	-25.266357	115.161951	-74.625500
	0.039472	-24.670534	115.161951	-74.625500
	0.039481	-25.427215	115.161951	-74.625500
	0.039491	-25.167047	115.161951	-74.685100
	0.039500	-25.434633	115.161951	-74.685100
	0.039510	-26.186293	115.161951	-74.685100
	0.039519	-24.796079	115.161951	-74.744700
	0.039529	-24.888131	115.161951	-74.804300
	0.039538	-24.909389	115.161951	-74.863900
	0.039548	-25.760548	115.161951	-74.863900
	0.039557	-24.857981	115.161951	-74.804300
	0.039566	-26.170478	115.161951	-74.804300
	0.039576	-25.337098	115.161951	-74.804300
	0.039585	-25.438635	115.161951	-74.863900
	0.039595	-24.470592	115.161951	-74.983100
	0.039604	-25.491036	115.161951	-74.983100
	0.039614	-25.717965	115.161951	-74.983100
	0.039623	-25.788911	115.161951	-74.983100
	0.039633	-26.077209	115.161951	-75.042700
	0.039642	-25.791994	115.161951	-75.042700
	0.039652	-25.065118	115.161951	-75.042700
	0.039661	-25.372891	115.161951	-75.042700
	0.039671	-25.876617	115.161951	-75.042700
	0.039680	-24.861314	115.161951	-75.042700
	0.039690	-26.059815	115.161951	-75.042700
	0.039699	-24.869632	115.161951	-75.102300
	0.039709	-24.802728	115.161951	-75.161900
	0.039718	-25.674165	115.161951	-75.161900
	0.039727	-25.268037	115.161951	-75.161900
	0.039737	-24.626880	115.161951	-75.221500
	0.039746	-25.161279	115.161951	-75.281100
	0.039756	-24.520272	115.161951	-75.281100
	0.039765	-25.046583	115.161951	-75.221500
	0.039775	-25.576489	115.161951	-75.221500
	0.039784	-25.463548	115.161951	-75.281100
	0.039794	-25.228959	115.161951	-75.340700
	0.039803	-26.120527	115.161951	-75.340700
	0.039813	-25.383379	115.161951	-75.400300
	0.039822	-24.911290	115.161951	-75.340700
	0.039832	-25.051201	115.161951	-75.221500
	0.039841	-25.809243	115.161951	-75.221500
	0.039851	-25.384203	115.161951	-75.281100
	0.039860	-25.589982	115.161951	-75.340700
	0.039869	-24.715639	115.161951	-75.340700
	0.039879	-25.697426	115.161951	-75.400300
	0.039888	-25.611807	115.161951	-75.459900
	0.039898	-26.898013	115.161951	-75.519600
	0.039907	-26.395615	115.161951	-75.519600
	0.039917	-26.307324	115.161951	-75.519600
	0.039926	-26.461806	115.161951	-75.579200
	0.039936	-26.525245	115.161951	-75.638800
	0.039945	-26.185233	115.161951	-75.698400
	0.039955	-26.436862	115.161951	-75.758000
	0.039964	-25.875104	115.161951	-75.698400
	0.039974	-26.989459	115.161951	-75.698400
	0.039983	-26.533076	115.161951	-75.817600
	0.039993	-27.640704	115.161951	-75.877200
	0.040002	-27.290995	115.161951	-75.877200
	0.040012	-26.935135	115.161951	-75.877200
	0.040021	-26.529764	115.161951	-75.877200
	0.040030	-27.549874	115.161951	-75.877200
	0.040040	-26.724887	115.161951	-75.877200
	0.040049	-26.240014	115.161951	-75.936800
	0.040059	-26.733095	115.161951	-76.056000
	0.040068	-27.024143	115.161951	-76.056000
	0.040078	-26.520900	115.161951	-75.936800
	0.040087	-26.687253	115.161951	-75.996400
	0.040097	-25.903087	115.161951	-76.056000
	0.040106	-27.972576	115.161951	-76.115600
	0.040116	-26.801655	115.161951	-76.175200
	0.040125	-27.081949	115.161951	-76.234800
	0.040135	-26.512748	115.161951	-76.354000
	0.040144	-25.970222	115.161951	-76.115600
	0.040154	-25.502716	115.161951	-75.281100
	0.040163	-27.015503	115.161951	-74.983100
	0.040172	-27.133513	115.161951	-74.744700
	0.040182	-27.364338	115.161951	-74.446700
	0.040191	-26.953304	115.161951	-74.387100
	0.040201	-27.417239	115.161951	-74.387100
	0.040210	-27.744997	115.161951	-74.446700
	0.040220	-27.347381	115.161951	-74.506300
	0.040229	-27.947593	115.161951	-74.446700
	0.040239	-27.406914	115.161951	-74.506300
	0.040248	-27.690607	115.161951	-74.506300
	0.040258	-28.026956	115.161951	-74.506300
	0.040267	-28.539043	115.161951	-74.565900
	0.040277	-28.322678	115.161951	-74.565900
	0.040286	-29.139772	115.161951	-74.685100
	0.040296	-28.437144	115.161951	-74.685100
	0.040305	-28.316280	115.161951	-74.685100
	0.040315	-27.597190	115.161951	-74.565900
	0.040324	-28.466345	115.161951	-74.625500
	0.040333	-26.942312	115.161951	-74.685100
	0.040343	-28.410765	115.161951	-74.744700
	0.040352	-26.714377	115.161951	-74.744700
	0.040362	-27.972730	115.161951	-74.744700
	0.040371	-28.095959	115.161951	-74.744700
	0.040381	-29.053222	115.161951	-74.804300
	0.040390	-28.521378	115.161951	-74.804300
	0.040400	-27.433737	115.161951	-74.804300
	0.040409	-28.538027	115.161951	-74.863900
	0.040419	-29.165991	115.161951	-74.863900
	0.040428	-28.077963	115.161951	-74.863900
	0.040438	-28.628514	115.161951	-74.923500
	0.040447	-28.492614	115.161951	-75.042700
	0.040457	-27.705121	115.161951	-75.042700
	0.040466	-28.248675	115.161951	-75.042700
	0.040475	-28.266143	115.161951	-74.983100
	0.040485	-28.228654	115.161951	-74.983100
	0.040494	-26.906075	115.161951	-75.042700
	0.040504	-28.666796	115.161951	-75.102300
	0.040513	-27.422762	115.161951	-75.102300
	0.040523	-28.063716	115.161951	-75.161900
	0.040532	-28.074898	115.161951	-75.221500
	0.040542	-28.777798	115.161951	-75.281100
	0.040551	-27.994468	115.161951	-75.281100
	0.040561	-27.952971	115.161951	-75.281100
	0.040570	-28.358410	115.161951	-75.221500
	0.040580	-27.564178	115.161951	-75.221500
	0.040589	-27.594621	115.161951	-75.221500
	0.040599	-27.764393	115.161951	-75.281100
	0.040608	-27.100252	115.161951	-75.281100
	0.040618	-28.668173	115.161951	-75.340700
	0.040627	-26.911125	115.161951	-75.340700
	0.040636	-27.079710	115.161951	-75.340700
	0.040646	-27.356748	115.161951	-75.400300
	0.040655	-27.881722	115.161951	-75.638800
	0.040665	-27.848141	115.161951	-75.758000
	0.040674	-26.966090	115.161951	-75.877200
	0.040684	-27.143607	115.161951	-75.877200
	0.040693	-27.976024	115.161951	-75.936800
	0.040703	-27.351837	115.161951	-75.996400
	0.040712	-28.649483	115.161951	-75.996400
	0.040722	-27.581924	115.161951	-75.996400
	0.040731	-28.024217	115.161951	-75.877200
	0.040741	-28.922500	115.161951	-75.638800
	0.040750	-28.747681	115.161951	-75.579200
	0.040760	-29.378083	115.161951	-75.579200
	0.040769	-27.865692	115.161951	-75.579200
	0.040778	-29.595472	115.161951	-75.579200
	0.040788	-28.750261	115.161951	-75.638800
	0.040797	-28.238380	115.161951	-75.638800
	0.040807	-28.503467	115.161951	-75.638800
	0.040816	-29.099534	115.161951	-75.698400
	0.040826	-29.039548	115.161951	-75.758000
	0.040835	-29.817001	115.161951	-75.698400
	0.040845	-29.610131	115.161951	-75.638800
	0.040854	-29.803072	115.161951	-75.579200
	0.040864	-30.197112	115.161951	-75.579200
	0.040873	-29.339263	115.161951	-75.579200
	0.040883	-29.666350	115.161951	-75.519600
	0.040892	-30.091401	115.161951	-75.519600
	0.040902	-30.186872	115.161951	-75.579200
	0.040911	-29.714684	115.161951	-75.638800
	0.040921	-29.034891	115.161951	-75.698400
	0.040930	-29.256340	115.161951	-75.758000
	0.040939	-28.482559	115.161951	-75.758000
	0.040949	-29.159139	115.161951	-75.698400
	0.040958	-28.110841	115.161951	-75.698400
	0.040968	-28.748135	115.161951	-75.698400
	0.040977	-30.093804	115.161951	-75.638800
	0.040987	-30.090751	115.161951	-75.638800
	0.040996	-29.924431	115.161951	-75.698400
	0.041006	-29.082134	115.161951	-75.758000
	0.041015	-30.026666	115.161951	-75.817600
	0.041025	-29.254375	115.161951	-75.817600
	0.041034	-29.482777	115.161951	-75.877200
	0.041044	-29.393152	115.161951	-75.936800
	0.041053	-29.684911	115.161951	-75.877200
	0.041063	-29.295325	115.161951	-75.877200
	0.041072	-28.128604	115.161951	-75.877200
	0.041081	-28.895868	115.161951	-75.877200
	0.041091	-29.061443	115.161951	-75.936800
	0.041100	-29.253328	115.161951	-75.996400
	0.041110	-29.563289	115.161951	-75.936800
	0.041119	-29.376036	115.161951	-75.936800
	0.041129	-30.025496	115.161951	-75.996400
	0.041138	-30.468263	115.161951	-75.996400
	0.041148	-30.459343	115.161951	-76.115600
	0.041157	-30.553173	115.161951	-76.115600
	0.041167	-30.831407	115.161951	-76.115600
	0.041176	-30.579679	115.161951	-76.115600
	0.041186	-30.547260	115.161951	-76.115600
	0.041195	-30.209784	115.161951	-76.175200
	0.041205	-30.282018	115.161951	-76.115600
	0.041214	-30.760533	115.161951	-76.115600
	0.041224	-30.436768	115.161951	-76.175200
	0.041233	-29.649783	115.161951	-76.115600
	0.041242	-30.243248	115.161951	-76.175200
	0.041252	-30.850928	115.161951	-76.234800
	0.041261	-30.806108	115.161951	-76.294400
	0.041271	-31.266738	115.161951	-76.294400
	0.041280	-30.269399	115.161951	-76.234800
	0.041290	-30.614363	115.161951	-76.354000
	0.041299	-31.379683	115.161951	-76.354000
	0.041309	-30.123759	115.161951	-76.354000
	0.041318	-30.581577	115.161951	-76.294400
	0.041328	-29.819163	115.161951	-76.234800
	0.041337	-31.012919	115.161951	-76.354000
	0.041347	-29.272210	115.161951	-76.413600
	0.041356	-29.895634	115.161951	-76.413600
	0.041366	-31.443647	115.161951	-76.413600
	0.041375	-31.525386	115.161951	-76.413600
	0.041384	-30.292768	115.161951	-76.473200
	0.041394	-30.208543	115.161951	-76.473200
	0.041403	-30.272028	115.161951	-76.473200
	0.041413	-31.137241	115.161951	-76.532800
	0.041422	-31.687592	115.161951	-76.592400
	0.041432	-31.775510	115.161951	-76.175200
	0.041441	-32.711069	115.161951	-75.877200
	0.041451	-32.641637	115.161951	-75.877200
	0.041460	-32.246850	115.161951	-75.877200
	0.041470	-32.579452	115.161951	-75.936800
	0.041479	-32.308096	115.161951	-75.936800
	0.041489	-32.646715	115.161951	-75.996400
	0.041498	-31.680823	115.161951	-76.056000
	0.041508	-32.780177	115.161951	-76.115600
	0.041517	-32.691265	115.161951	-76.115600
	0.041527	-33.289077	115.161951	-76.115600
	0.041536	-32.839871	115.161951	-76.115600
	0.041545	-32.507866	115.161951	-76.115600
	0.041555	-33.616232	115.161951	-76.115600
	0.041564	-32.880723	115.161951	-76.115600
	0.041574	-31.917858	115.161951	-76.115600
	0.041583	-33.341469	115.161951	-76.056000
	0.041593	-32.038189	115.161951	-75.996400
	0.041602	-32.066092	115.161951	-75.996400
	0.041612	-32.441166	115.161951	-76.056000
	0.041621	-32.947023	115.161951	-76.115600
	0.041631	-32.893709	115.161951	-76.115600
	0.041640	-32.111733	115.161951	-76.175200
	0.041650	-31.875641	115.161951	-76.175200
	0.041659	-32.672496	115.161951	-76.234800
	0.041669	-32.996590	115.161951	-76.294400
	0.041678	-32.889031	115.161951	-76.354000
	0.041687	-32.621391	115.161951	-76.354000
	0.041697	-32.507065	115.161951	-76.413600
	0.041706	-33.470292	115.161951	-76.473200
	0.041716	-32.136848	115.161951	-76.473200
	0.041725	-32.632298	115.161951	-76.592400
	0.041735	-32.311604	115.161951	-76.532800
	0.041744	-31.993048	115.161951	-76.592400
	0.041754	-32.295672	115.161951	-76.592400
	0.041763	-31.737824	115.161951	-76.532800
	0.041773	-32.834226	115.161951	-76.354000
	0.041782	-33.864312	115.161951	-76.234800
	0.041792	-33.780265	115.161951	-76.294400
	0.041801	-33.802984	115.161951	-76.354000
	0.041811	-33.505036	115.161951	-76.473200
	0.041820	-32.910150	115.161951	-76.413600
	0.041829	-35.342335	115.161951	-76.234800
	0.041839	-38.274589	115.161951	-75.161900
	0.041848	-37.664258	115.161951	-74.804300
	0.041858	-38.092006	115.161951	-74.804300
	0.041867	-38.393595	115.161951	-74.744700
	0.041877	-38.892685	115.161951	-74.744700
	0.041886	-38.092212	115.161951	-74.863900
	0.041896	-38.657563	115.161951	-74.863900
	0.041905	-37.302257	115.161951	-74.804300
	0.041915	-38.155238	115.161951	-74.804300
	0.041924	-37.955351	115.161951	-74.744700
	0.041934	-37.315251	115.161951	-74.804300
	0.041943	-38.325749	115.161951	-74.923500
	0.041953	-38.540179	115.161951	-74.923500
	0.041962	-41.667715	115.161951	-74.685100
	0.041972	-42.308272	115.161951	-74.387100
	0.041981	-41.072609	115.161951	-74.327500
	0.041990	-41.360947	115.161951	-74.267900
	0.042000	-41.713009	115.161951	-74.327500
	0.042009	-41.117196	115.161951	-74.387100
	0.042019	-41.468943	115.161951	-74.446700
	0.042028	-42.185899	115.161951	-74.506300
	0.042038	-41.245315	115.161951	-74.506300
	0.042047	-41.748441	115.161951	-74.506300
	0.042057	-41.437369	115.161951	-74.446700
	0.042066	-41.910795	115.161951	-74.446700
	0.042076	-42.835548	115.161951	-74.387100
	0.042085	-43.052385	115.161951	-73.016200
	0.042095	-44.707541	115.161951	-71.883700
	0.042104	-44.724309	115.161951	-71.526000
	0.042114	-45.234847	115.161951	-71.347200
	0.042123	-48.066654	115.161951	-70.572400
	0.042132	-48.027406	115.161951	-70.155100
	0.042142	-48.142715	115.161951	-69.976300
	0.042151	-47.784215	115.161951	-69.976300
	0.042161	-48.425592	115.161951	-69.976300
	0.042170	-48.168359	115.161951	-69.916700
	0.042180	-47.750456	115.161951	-69.976300
	0.042189	-47.471225	115.161951	-70.035900
	0.042199	-48.160126	115.161951	-70.035900
	0.042208	-48.110304	115.161951	-69.976300
	0.042218	-47.733610	115.161951	-69.976300
	0.042227	-47.098194	115.161951	-69.976300
	0.042237	-48.522705	115.161951	-70.035900
	0.042246	-48.442238	115.161951	-70.155100
	0.042256	-47.692855	115.161951	-70.155100
	0.042265	-48.159955	115.161951	-70.155100
	0.042275	-48.629598	115.161951	-70.155100
	0.042284	-49.298442	115.161951	-70.155100
	0.042293	-48.389940	115.161951	-70.214700
	0.042303	-46.738056	115.161951	-70.274300
	0.042312	-47.561983	115.161951	-70.274300
	0.042322	-47.874930	115.161951	-70.274300
	0.042331	-48.324886	115.161951	-70.274300
	0.042341	-45.789347	115.161951	-70.333900
	0.042350	-47.586048	115.161951	-70.393600
	0.042360	-46.823824	115.161951	-70.393600
	0.042369	-47.866492	115.161951	-70.453200
	0.042379	-47.883331	115.161951	-70.512800
	0.042388	-47.671819	115.161951	-70.512800
	0.042398	-47.565453	115.161951	-70.512800
	0.042407	-47.758196	115.161951	-70.572400
	0.042417	-49.028554	115.161951	-70.572400
	0.042426	-48.739869	115.161951	-70.572400
	0.042435	-48.454095	115.161951	-70.632000
	0.042445	-49.159643	115.161951	-70.632000
	0.042454	-48.539362	115.161951	-70.632000
	0.042464	-47.916073	115.161951	-70.632000
	0.042473	-48.935527	115.161951	-70.691600
	0.042483	-49.027618	115.161951	-70.751200
	0.042492	-48.916516	115.161951	-70.751200
	0.042502	-48.760865	115.161951	-70.810800
	0.042511	-48.569538	115.161951	-71.049200
	0.042521	-48.441048	115.161951	-71.168400
	0.042530	-49.014760	115.161951	-71.108800
	0.042540	-50.486177	115.161951	-70.095500
	0.042549	-53.512457	115.161951	-68.486200
	0.042559	-54.115681	115.161951	-68.009400
	0.042568	-53.668179	115.161951	-67.949800
	0.042578	-52.998065	115.161951	-67.949800
	0.042587	-53.411048	115.161951	-68.009400
	0.042596	-53.556837	115.161951	-68.009400
	0.042606	-53.478462	115.161951	-68.009400
	0.042615	-53.623675	115.161951	-68.009400
	0.042625	-53.469254	115.161951	-68.009400
	0.042634	-52.942008	115.161951	-68.069000
	0.042644	-54.115311	115.161951	-68.069000
	0.042653	-54.104725	115.161951	-68.009400
	0.042663	-54.112643	115.161951	-68.009400
	0.042672	-53.881911	115.161951	-68.009400
	0.042682	-54.751289	115.161951	-68.009400
	0.042691	-54.036496	115.161951	-68.009400
	0.042701	-53.868229	115.161951	-68.009400
	0.042710	-54.807132	115.161951	-67.949800
	0.042720	-53.695979	115.161951	-67.949800
	0.042729	-53.861902	115.161951	-67.949800
	0.042738	-54.447610	115.161951	-68.009400
	0.042748	-53.801680	115.161951	-68.069000
	0.042757	-54.315971	115.161951	-68.069000
	0.042767	-54.905035	115.161951	-68.128600
	0.042776	-54.931697	115.161951	-68.188200
	0.042786	-56.473548	115.161951	-67.949800
	0.042795	-58.151085	115.161951	-67.294100
	0.042805	-57.593395	115.161951	-67.055700
	0.042814	-58.474753	115.161951	-66.876900
	0.042824	-56.510636	115.161951	-66.876900
	0.042833	-57.162186	115.161951	-66.876900
	0.042843	-58.244470	115.161951	-66.638500
	0.042852	-58.141439	115.161951	-66.519200
	0.042862	-59.023471	115.161951	-66.519200
	0.042871	-59.060924	115.161951	-66.340400
	0.042881	-61.480355	115.161951	-65.804000
	0.042890	-61.585832	115.161951	-65.267600
	0.042899	-63.391464	115.161951	-64.433100
	0.042909	-63.444851	115.161951	-64.015900
	0.042918	-63.434308	115.161951	-63.837000
	0.042928	-63.341304	115.161951	-63.837000
	0.042937	-62.709736	115.161951	-63.837000
	0.042947	-64.564436	115.161951	-63.837000
	0.042956	-63.785595	115.161951	-63.837000
	0.042966	-64.056494	115.161951	-63.896600
	0.042975	-62.961139	115.161951	-64.015900
	0.042985	-62.280563	115.161951	-64.015900
	0.042994	-63.134292	115.161951	-64.015900
	0.043004	-63.289894	115.161951	-64.015900
	0.043013	-63.713610	115.161951	-63.658200
	0.043023	-64.944678	115.161951	-63.181400
	0.043032	-64.244966	115.161951	-63.121800
	0.043041	-65.398530	115.161951	-63.121800
	0.043051	-65.589352	115.161951	-63.121800
	0.043060	-65.608405	115.161951	-63.062200
	0.043070	-65.562471	115.161951	-63.062200
	0.043079	-65.108287	115.161951	-63.062200
	0.043089	-65.135133	115.161951	-63.062200
	0.043098	-64.818963	115.161951	-63.121800
	0.043108	-65.356431	115.161951	-63.062200
	0.043117	-65.966694	115.161951	-63.002600
	0.043127	-66.845933	115.161951	-63.002600
	0.043136	-66.473418	115.161951	-63.062200
	0.043146	-65.805055	115.161951	-63.062200
	0.043155	-66.156884	115.161951	-63.002600
	0.043165	-66.466910	115.161951	-63.002600
	0.043174	-66.304921	115.161951	-63.121800
	0.043184	-65.541907	115.161951	-63.181400
	0.043193	-66.502496	115.161951	-63.002600
	0.043202	-66.986051	115.161951	-63.002600
	0.043212	-66.719028	115.161951	-63.002600
	0.043221	-66.692568	115.161951	-63.002600
	0.043231	-66.079103	115.161951	-63.002600
	0.043240	-66.733680	115.161951	-63.002600
	0.043250	-66.547085	115.161951	-63.002600
	0.043259	-66.650108	115.161951	-63.002600
	0.043269	-66.485008	115.161951	-62.943000
	0.043278	-65.527677	115.161951	-62.883400
	0.043288	-67.207404	115.161951	-62.883400
	0.043297	-66.735247	115.161951	-62.943000
	0.043307	-65.848539	115.161951	-62.883400
	0.043316	-65.770512	115.161951	-62.943000
	0.043326	-66.320356	115.161951	-62.943000
	0.043335	-69.934152	115.161951	-62.644900
	0.043344	-68.166504	115.161951	-62.406500
	0.043354	-68.849424	115.161951	-62.346900
	0.043363	-68.671216	115.161951	-62.346900
	0.043373	-69.913784	115.161951	-62.346900
	0.043382	-68.723256	115.161951	-62.287300
	0.043392	-68.746554	115.161951	-62.346900
	0.043401	-68.520603	115.161951	-62.346900
	0.043411	-68.098506	115.161951	-62.287300
	0.043420	-69.136972	115.161951	-62.287300
	0.043430	-69.260273	115.161951	-62.287300
	0.043439	-68.650933	115.161951	-62.287300
	0.043449	-69.268360	115.161951	-62.287300
	0.043458	-68.753983	115.161951	-62.346900
	0.043468	-68.066642	115.161951	-62.346900
	0.043477	-68.927271	115.161951	-62.346900
	0.043487	-69.053280	115.161951	-62.406500
	0.043496	-67.745143	115.161951	-62.406500
	0.043505	-68.495121	115.161951	-62.406500
	0.043515	-69.045767	115.161951	-62.406500
	0.043524	-69.825701	115.161951	-62.406500
	0.043534	-68.789682	115.161951	-62.406500
	0.043543	-70.935964	115.161951	-62.287300
	0.043553	-71.296328	115.161951	-62.287300
	0.043562	-72.205425	115.161951	-62.346900
	0.043572	-71.501012	115.161951	-62.346900
	0.043581	-71.604951	115.161951	-62.287300
	0.043591	-71.453869	115.161951	-62.346900
	0.043600	-73.663115	115.161951	-62.108500
	0.043610	-73.813703	115.161951	-61.929700
	0.043619	-73.435113	115.161951	-61.810500
	0.043629	-74.130625	115.161951	-61.691300
	0.043638	-74.231205	115.161951	-61.691300
	0.043647	-73.891998	115.161951	-61.750900
	0.043657	-73.998881	115.161951	-61.750900
	0.043666	-73.135868	115.161951	-61.750900
	0.043676	-73.924077	115.161951	-61.691300
	0.043685	-74.272632	115.161951	-61.750900
	0.043695	-73.905310	115.161951	-61.750900
	0.043704	-73.859593	115.161951	-61.750900
	0.043714	-74.042973	115.161951	-61.750900
	0.043723	-73.559268	115.161951	-61.750900
	0.043733	-73.355919	115.161951	-61.750900
	0.043742	-73.786537	115.161951	-61.750900
	0.043752	-74.162350	115.161951	-61.750900
	0.043761	-73.929761	115.161951	-61.750900
	0.043771	-73.437143	115.161951	-61.750900
	0.043780	-72.198194	115.161951	-61.691300
	0.043790	-73.849327	115.161951	-61.631700
	0.043799	-72.654469	115.161951	-61.750900
	0.043808	-73.157280	115.161951	-61.750900
	0.043818	-73.549275	115.161951	-61.691300
	0.043827	-73.044327	115.161951	-61.691300
	0.043837	-73.448180	115.161951	-61.750900
	0.043846	-74.015570	115.161951	-61.810500
	0.043856	-73.694895	115.161951	-61.810500
	0.043865	-72.876178	115.161951	-61.810500
	0.043875	-73.353169	115.161951	-61.750900
	0.043884	-74.170843	115.161951	-61.810500
	0.043894	-73.307944	115.161951	-61.810500
	0.043903	-74.106667	115.161951	-61.810500
	0.043913	-73.773976	115.161951	-61.810500
	0.043922	-74.106569	115.161951	-61.750900
	0.043932	-73.706342	115.161951	-61.750900
	0.043941	-72.923991	115.161951	-61.750900
	0.043950	-72.868731	115.161951	-61.750900
	0.043960	-73.970942	115.161951	-61.750900
	0.043969	-74.668960	115.161951	-61.631700
	0.043979	-74.833584	115.161951	-61.572100
	0.043988	-74.314023	115.161951	-61.631700
	0.043998	-74.636073	115.161951	-61.631700
	0.044007	-74.802249	115.161951	-61.631700
	0.044017	-73.727718	115.161951	-61.631700
	0.044026	-75.062861	115.161951	-61.572100
	0.044036	-75.635663	115.161951	-61.572100
	0.044045	-74.919516	115.161951	-61.572100
	0.044055	-76.069278	115.161951	-61.572100
	0.044064	-76.033499	115.161951	-61.572100
	0.044074	-75.541028	115.161951	-61.572100
	0.044083	-79.003461	115.161951	-60.916200
	0.044093	-81.229734	115.161951	-60.379700
	0.044102	-81.051102	115.161951	-60.141300
	0.044111	-81.347299	115.161951	-60.081700
	0.044121	-81.310110	115.161951	-60.081700
	0.044130	-80.905277	115.161951	-60.022100
	0.044140	-81.545359	115.161951	-60.022100
	0.044149	-82.131542	115.161951	-59.962500
	0.044159	-80.787505	115.161951	-59.902900
	0.044168	-80.873046	115.161951	-60.022100
	0.044178	-81.828303	115.161951	-60.081700
	0.044187	-81.740208	115.161951	-60.379700
	0.044197	-81.483755	115.161951	-60.498900
	0.044206	-84.886006	115.161951	-60.320100
	0.044216	-85.148421	115.161951	-59.604900
	0.044225	-87.066882	115.161951	-59.068400
	0.044235	-89.320984	115.161951	-57.518700
	0.044244	-91.165605	115.161951	-56.505400
	0.044253	-91.319906	115.161951	-56.207400
	0.044263	-90.263482	115.161951	-56.207400
	0.044272	-91.304999	115.161951	-56.088200
	0.044282	-90.674321	115.161951	-56.088200
	0.044291	-90.651227	115.161951	-56.088200
	0.044301	-90.563171	115.161951	-56.088200
	0.044310	-90.025035	115.161951	-56.147800
	0.044320	-90.938490	115.161951	-56.147800
	0.044329	-90.871203	115.161951	-56.088200
	0.044339	-90.861265	115.161951	-56.147800
	0.044348	-90.404136	115.161951	-56.147800
	0.044358	-91.822315	115.161951	-56.088200
	0.044367	-90.831251	115.161951	-56.088200
	0.044377	-91.413558	115.161951	-56.028600
	0.044386	-89.779558	115.161951	-55.969000
	0.044396	-89.876758	115.161951	-55.909400
	0.044405	-89.411510	115.161951	-55.909400
	0.044414	-89.632784	115.161951	-55.909400
	0.044424	-90.592278	115.161951	-55.909400
	0.044433	-90.841368	115.161951	-55.909400
	0.044443	-90.778434	115.161951	-55.909400
	0.044452	-90.553662	115.161951	-55.909400
	0.044462	-90.793448	115.161951	-55.969000
	0.044471	-90.331082	115.161951	-55.969000
	0.044481	-91.542618	115.161951	-55.969000
	0.044490	-91.364609	115.161951	-55.969000
	0.044500	-90.519856	115.161951	-55.969000
	0.044509	-91.182966	115.161951	-55.969000
	0.044519	-91.403838	115.161951	-55.969000
	0.044528	-91.801560	115.161951	-55.969000
	0.044538	-91.806754	115.161951	-55.969000
	0.044547	-90.623867	115.161951	-55.909400
	0.044556	-91.254582	115.161951	-55.909400
	0.044566	-90.676889	115.161951	-55.909400
	0.044575	-90.402926	115.161951	-55.909400
	0.044585	-91.572773	115.161951	-55.909400
	0.044594	-91.848674	115.161951	-55.969000
	0.044604	-92.048355	115.161951	-55.969000
	0.044613	-92.111280	115.161951	-55.969000
	0.044623	-91.570659	115.161951	-55.909400
	0.044632	-92.148928	115.161951	-55.849800
	0.044642	-92.412101	115.161951	-55.849800
	0.044651	-91.295944	115.161951	-55.790200
	0.044661	-91.501245	115.161951	-55.790200
	0.044670	-90.856300	115.161951	-55.790200
	0.044680	-91.957751	115.161951	-55.849800
	0.044689	-90.672568	115.161951	-55.849800
	0.044699	-90.741162	115.161951	-55.849800
	0.044708	-91.146974	115.161951	-55.730600
	0.044717	-91.210662	115.161951	-55.671000
	0.044727	-91.882087	115.161951	-55.671000
	0.044736	-90.992828	115.161951	-55.671000
	0.044746	-90.662777	115.161951	-55.730600
	0.044755	-91.473754	115.161951	-55.730600
	0.044765	-91.302781	115.161951	-55.730600
	0.044774	-90.970358	115.161951	-55.790200
	0.044784	-91.639283	115.161951	-55.790200
	0.044793	-91.877747	115.161951	-55.790200
	0.044803	-92.215043	115.161951	-55.730600
	0.044812	-92.537382	115.161951	-55.730600
	0.044822	-92.103875	115.161951	-55.671000
	0.044831	-93.290232	115.161951	-55.730600
	0.044841	-92.318104	115.161951	-55.790200
	0.044850	-92.125999	115.161951	-55.730600
	0.044859	-91.662074	115.161951	-55.671000
	0.044869	-93.467846	115.161951	-55.432600
	0.044878	-93.905464	115.161951	-55.372900
	0.044888	-93.315008	115.161951	-55.313300
	0.044897	-94.397228	115.161951	-55.313300
	0.044907	-95.355515	115.161951	-55.313300
	0.044916	-94.374517	115.161951	-55.313300
	0.044926	-93.356949	115.161951	-54.955700
	0.044935	-98.402116	115.161951	-52.750300
	0.044945	-98.087192	115.161951	-51.379400
	0.044954	-98.572646	115.161951	-51.081400
	0.044964	-98.006637	115.161951	-51.021800
	0.044973	-98.463277	115.161951	-51.081400
	0.044983	-98.800817	115.161951	-50.902600
	0.044992	-98.160855	115.161951	-50.902600
	0.045002	-98.758849	115.161951	-50.902600
	0.045011	-100.585395	115.161951	-50.843000
	0.045020	-99.717180	115.161951	-50.843000
	0.045030	-101.021264	115.161951	-50.902600
	0.045039	-99.555171	115.161951	-50.902600
	0.045049	-99.949955	115.161951	-50.843000
	0.045058	-98.693892	115.161951	-50.902600
	0.045068	-99.040259	115.161951	-50.902600
	0.045077	-99.924582	115.161951	-50.902600
	0.045087	-98.762055	115.161951	-51.021800
	0.045096	-98.998001	115.161951	-51.021800
	0.045106	-99.125225	115.161951	-51.021800
	0.045115	-98.890088	115.161951	-50.664200
	0.045125	-105.231482	115.161951	-49.531700
	0.045134	-104.839019	115.161951	-48.935600
	0.045144	-104.615790	115.161951	-48.876000
	0.045153	-105.021575	115.161951	-48.876000
	0.045162	-104.841388	115.161951	-48.816400
	0.045172	-105.794493	115.161951	-48.816400
	0.045181	-106.136487	115.161951	-48.816400
	0.045191	-106.563582	115.161951	-48.816400
	0.045200	-105.011859	115.161951	-48.876000
	0.045210	-105.604467	115.161951	-48.935600
	0.045219	-105.303529	115.161951	-48.876000
	0.045229	-104.772218	115.161951	-48.816400
	0.045238	-106.813087	115.161951	-48.697200
	0.045248	-106.750263	115.161951	-48.697200
	0.045257	-107.765525	115.161951	-48.637600
	0.045267	-107.366357	115.161951	-48.578000
	0.045276	-106.642426	115.161951	-48.578000
	0.045286	-107.518585	115.161951	-48.578000
	0.045295	-106.593673	115.161951	-48.578000
	0.045305	-108.093987	115.161951	-48.280000
	0.045314	-109.086204	115.161951	-47.862800
	0.045323	-109.573572	115.161951	-47.505100
	0.045333	-115.754560	115.161951	-45.895800
	0.045342	-116.332124	115.161951	-45.240200
	0.045352	-115.461755	115.161951	-45.120900
	0.045361	-116.733971	115.161951	-45.061300
	0.045371	-116.465154	115.161951	-44.942100
	0.045380	-117.030304	115.161951	-44.942100
	0.045390	-116.485065	115.161951	-44.882500
	0.045399	-115.709192	115.161951	-44.942100
	0.045409	-115.778928	115.161951	-44.882500
	0.045418	-116.159652	115.161951	-44.942100
	0.045428	-116.800756	115.161951	-44.882500
	0.045437	-116.805469	115.161951	-44.882500
	0.045447	-116.293903	115.161951	-44.882500
	0.045456	-115.144812	115.161951	-44.822900
	0.045465	-116.338602	115.161951	-44.822900
	0.045475	-114.800550	115.161951	-44.763300
	0.045484	-114.417994	115.161951	-44.703700
	0.045494	-117.174455	115.161951	-44.822900
	0.045503	-115.784946	115.161951	-44.822900
	0.045513	-116.399997	115.161951	-44.882500
	0.045522	-116.170121	115.161951	-44.942100
	0.045532	-116.556829	115.161951	-45.001700
	0.045541	-115.798472	115.161951	-44.822900
	0.045551	-122.419738	115.161951	-43.452000
	0.045560	-121.755298	115.161951	-42.557900
	0.045570	-121.333064	115.161951	-42.438700
	0.045579	-122.719200	115.161951	-42.379100
	0.045589	-123.148753	115.161951	-42.379100
	0.045598	-122.565236	115.161951	-42.438700
	0.045608	-122.414259	115.161951	-42.498300
	0.045617	-123.223199	115.161951	-42.438700
	0.045626	-122.588175	115.161951	-42.379100
	0.045636	-122.548216	115.161951	-42.379100
	0.045645	-123.004339	115.161951	-42.379100
	0.045655	-122.045531	115.161951	-42.379100
	0.045664	-122.973544	115.161951	-42.438700
	0.045674	-123.212552	115.161951	-42.438700
	0.045683	-122.911140	115.161951	-42.379100
	0.045693	-123.623802	115.161951	-42.379100
	0.045702	-122.861928	115.161951	-42.319500
	0.045712	-123.318897	115.161951	-42.259900
	0.045721	-121.997125	115.161951	-42.200300
	0.045731	-123.644749	115.161951	-41.961900
	0.045740	-124.222202	115.161951	-41.544700
	0.045750	-125.528651	115.161951	-41.008200
	0.045759	-126.825732	115.161951	-40.650600
	0.045768	-126.315496	115.161951	-40.591000
	0.045778	-129.238115	115.161951	-40.114200
	0.045787	-135.930676	115.161951	-38.504800
	0.045797	-134.729037	115.161951	-38.028000
	0.045806	-136.165909	115.161951	-37.849200
	0.045816	-134.947018	115.161951	-37.849200
	0.045825	-135.962218	115.161951	-37.849200
	0.045835	-134.164851	115.161951	-37.789600
	0.045844	-135.745716	115.161951	-37.670400
	0.045854	-136.186803	115.161951	-37.431900
	0.045863	-135.863738	115.161951	-37.372300
	0.045873	-137.841168	115.161951	-37.372300
	0.045882	-137.470758	115.161951	-37.372300
	0.045892	-136.529709	115.161951	-37.372300
	0.045901	-136.306807	115.161951	-37.372300
	0.045910	-136.263953	115.161951	-37.312700
	0.045920	-139.496471	115.161951	-36.716700
	0.045929	-139.608130	115.161951	-36.478300
	0.045939	-140.177481	115.161951	-36.478300
	0.045948	-140.225684	115.161951	-36.478300
	0.045958	-140.670950	115.161951	-36.537900
	0.045967	-142.165029	115.161951	-36.537900
	0.045977	-139.326659	115.161951	-36.597500
	0.045986	-138.935318	115.161951	-36.657100
	0.045996	-139.955931	115.161951	-36.657100
	0.046005	-142.823137	115.161951	-36.180300
	0.046015	-149.087012	115.161951	-34.630500
	0.046024	-147.494500	115.161951	-33.796100
	0.046034	-148.910251	115.161951	-33.617300
	0.046043	-149.264127	115.161951	-33.617300
	0.046053	-149.034840	115.161951	-33.676900
	0.046062	-148.161728	115.161951	-33.676900
	0.046071	-148.490663	115.161951	-33.676900
	0.046081	-148.670636	115.161951	-33.676900
	0.046090	-148.654199	115.161951	-33.676900
	0.046100	-148.030400	115.161951	-33.617300
	0.046109	-149.087090	115.161951	-33.676900
	0.046119	-147.835574	115.161951	-33.557600
	0.046128	-148.572507	115.161951	-33.676900
	0.046138	-149.617325	115.161951	-33.676900
	0.046147	-148.874253	115.161951	-33.676900
	0.046157	-149.723883	115.161951	-33.617300
	0.046166	-149.586184	115.161951	-33.557600
	0.046176	-149.482849	115.161951	-33.676900
	0.046185	-149.105152	115.161951	-33.736500
	0.046195	-149.369681	115.161951	-33.855700
	0.046204	-149.668053	115.161951	-33.855700
	0.046213	-149.209692	115.161951	-33.855700
	0.046223	-150.012516	115.161951	-33.855700
	0.046232	-149.096297	115.161951	-33.736500
	0.046242	-152.314907	115.161951	-33.617300
	0.046251	-151.473282	115.161951	-33.438400
	0.046261	-150.725529	115.161951	-33.438400
	0.046270	-151.686983	115.161951	-33.378800
	0.046280	-152.108768	115.161951	-33.259600
	0.046289	-153.050854	115.161951	-33.140400
	0.046299	-152.410862	115.161951	-33.200000
	0.046308	-152.573734	115.161951	-33.259600
	0.046318	-152.979791	115.161951	-33.259600
	0.046327	-152.401137	115.161951	-33.259600
	0.046337	-152.173390	115.161951	-33.200000
	0.046346	-151.971003	115.161951	-33.259600
	0.046356	-152.618034	115.161951	-33.319200
	0.046365	-152.259937	115.161951	-33.259600
	0.046374	-151.742603	115.161951	-33.259600
	0.046384	-151.690288	115.161951	-33.259600
	0.046393	-152.450295	115.161951	-33.259600
	0.046403	-151.185555	115.161951	-33.140400
	0.046412	-152.149082	115.161951	-33.140400
	0.046422	-152.131354	115.161951	-33.080800
	0.046431	-152.668540	115.161951	-33.080800
	0.046441	-152.421762	115.161951	-33.080800
	0.046450	-151.460981	115.161951	-33.080800
	0.046460	-151.605445	115.161951	-33.080800
	0.046469	-151.952258	115.161951	-33.140400
	0.046479	-152.081729	115.161951	-33.080800
	0.046488	-151.437124	115.161951	-33.080800
	0.046498	-151.669837	115.161951	-33.140400
	0.046507	-152.487025	115.161951	-32.842400
	0.046516	-153.086615	115.161951	-32.484800
	0.046526	-152.685807	115.161951	-32.306000
	0.046535	-153.329577	115.161951	-32.246300
	0.046545	-153.157385	115.161951	-32.186700
	0.046554	-153.531220	115.161951	-32.186700
	0.046564	-153.491195	115.161951	-32.186700
	0.046573	-153.011846	115.161951	-32.067500
	0.046583	-152.299640	115.161951	-32.067500
	0.046592	-153.631416	115.161951	-32.067500
	0.046602	-152.899258	115.161951	-32.067500
	0.046611	-152.167176	115.161951	-32.067500
	0.046621	-152.000755	115.161951	-32.067500
	0.046630	-153.386428	115.161951	-32.067500
	0.046640	-153.236450	115.161951	-32.067500
	0.046649	-152.433122	115.161951	-32.067500
	0.046659	-153.170014	115.161951	-31.650300
	0.046668	-153.817101	115.161951	-31.292700
	0.046677	-153.379015	115.161951	-31.173500
	0.046687	-153.179511	115.161951	-31.173500
	0.046696	-153.912416	115.161951	-31.173500
	0.046706	-152.917541	115.161951	-31.173500
	0.046715	-154.225674	115.161951	-31.233100
	0.046725	-155.108365	115.161951	-31.054300
	0.046734	-154.653655	115.161951	-30.994600
	0.046744	-154.128616	115.161951	-30.935000
	0.046753	-155.657330	115.161951	-30.935000
	0.046763	-154.762277	115.161951	-30.994600
	0.046772	-154.857355	115.161951	-30.935000
	0.046782	-154.412998	115.161951	-30.935000
	0.046791	-154.736328	115.161951	-30.875400
	0.046801	-154.799643	115.161951	-30.875400
	0.046810	-154.434001	115.161951	-30.875400
	0.046819	-154.845212	115.161951	-30.875400
	0.046829	-155.158182	115.161951	-30.875400
	0.046838	-154.649005	115.161951	-30.815800
	0.046848	-153.909253	115.161951	-30.815800
	0.046857	-154.497138	115.161951	-30.815800
	0.046867	-154.290678	115.161951	-30.815800
	0.046876	-155.078990	115.161951	-30.815800
	0.046886	-154.687051	115.161951	-30.815800
	0.046895	-155.151067	115.161951	-30.756200
	0.046905	-155.377787	115.161951	-30.756200
	0.046914	-155.316565	115.161951	-30.696600
	0.046924	-156.351524	115.161951	-30.637000
	0.046933	-154.783731	115.161951	-30.637000
	0.046943	-155.390893	115.161951	-30.637000
	0.046952	-155.596504	115.161951	-30.577400
	0.046962	-154.911391	115.161951	-30.577400
	0.046971	-154.594829	115.161951	-30.517800
	0.046980	-154.902803	115.161951	-30.398500
	0.046990	-155.381268	115.161951	-30.398500
	0.046999	-154.431339	115.161951	-30.398500
	0.047009	-154.888479	115.161951	-30.398500
	0.047018	-155.051424	115.161951	-30.398500
	0.047028	-156.447447	115.161951	-30.279300
	0.047037	-157.780383	115.161951	-29.862000
	0.047047	-158.476659	115.161951	-29.564000
	0.047056	-157.198194	115.161951	-29.444800
	0.047066	-158.126955	115.161951	-29.146800
	0.047075	-159.156045	115.161951	-28.789200
	0.047085	-162.185077	115.161951	-28.550700
	0.047094	-160.560899	115.161951	-28.431500
	0.047104	-160.940852	115.161951	-28.252700
	0.047113	-162.303532	115.161951	-28.073900
	0.047122	-162.319246	115.161951	-28.073900
	0.047132	-162.784953	115.161951	-28.014300
	0.047141	-164.152282	115.161951	-27.537500
	0.047151	-165.640564	115.161951	-27.001000
	0.047160	-164.444829	115.161951	-26.941400
	0.047170	-164.791834	115.161951	-26.881800
	0.047179	-164.559360	115.161951	-26.941400
	0.047189	-164.743786	115.161951	-26.941400
	0.047198	-163.583821	115.161951	-26.941400
	0.047208	-163.413064	115.161951	-26.881800
	0.047217	-163.442194	115.161951	-26.881800
	0.047227	-163.763168	115.161951	-26.881800
	0.047236	-164.341630	115.161951	-26.822200
	0.047246	-163.728776	115.161951	-26.822200
	0.047255	-162.812200	115.161951	-26.762600
	0.047265	-163.165570	115.161951	-26.762600
	0.047274	-163.096806	115.161951	-26.822200
	0.047283	-163.710291	115.161951	-26.822200
	0.047293	-163.280499	115.161951	-26.881800
	0.047302	-161.846641	115.161951	-26.941400
	0.047312	-162.937193	115.161951	-27.001000
	0.047321	-161.631789	115.161951	-27.060600
	0.047331	-163.486555	115.161951	-27.060600
	0.047340	-163.493525	115.161951	-27.060600
	0.047350	-163.228215	115.161951	-27.001000
	0.047359	-163.191486	115.161951	-27.001000
	0.047369	-164.494201	115.161951	-26.941400
	0.047378	-164.334751	115.161951	-26.762600
	0.047388	-165.736317	115.161951	-26.524200
	0.047397	-165.351168	115.161951	-26.524200
	0.047407	-165.170399	115.161951	-26.464600
	0.047416	-165.621072	115.161951	-26.405000
	0.047425	-166.041739	115.161951	-26.464600
	0.047435	-165.906606	115.161951	-26.405000
	0.047444	-166.235759	115.161951	-26.405000
	0.047454	-165.601504	115.161951	-26.405000
	0.047463	-165.820201	115.161951	-26.405000
	0.047473	-166.211332	115.161951	-26.524200
	0.047482	-165.598146	115.161951	-26.583800
	0.047492	-165.130569	115.161951	-26.524200
	0.047501	-165.631467	115.161951	-26.524200
	0.047511	-165.758571	115.161951	-26.464600
	0.047520	-166.516316	115.161951	-26.524200
	0.047530	-165.448382	115.161951	-26.524200
	0.047539	-166.220893	115.161951	-26.524200
	0.047549	-166.134249	115.161951	-26.524200
	0.047558	-165.668923	115.161951	-26.583800
	0.047568	-165.573335	115.161951	-26.643400
	0.047577	-166.479531	115.161951	-26.643400
	0.047586	-166.613453	115.161951	-26.643400
	0.047596	-165.466530	115.161951	-26.643400
	0.047605	-166.073353	115.161951	-26.643400
	0.047615	-165.763016	115.161951	-26.643400
	0.047624	-166.104568	115.161951	-26.583800
	0.047634	-166.203672	115.161951	-26.583800
	0.047643	-166.492478	115.161951	-26.583800
	0.047653	-166.322512	115.161951	-26.583800
	0.047662	-166.426690	115.161951	-26.583800
	0.047672	-166.525541	115.161951	-26.583800
	0.047681	-166.677415	115.161951	-26.583800
	0.047691	-165.503901	115.161951	-26.583800
	0.047700	-167.207789	115.161951	-26.583800
	0.047710	-166.899240	115.161951	-26.583800
	0.047719	-166.514557	115.161951	-26.583800
	0.047728	-167.038567	115.161951	-26.583800
	0.047738	-168.142334	115.161951	-26.583800
	0.047747	-166.780474	115.161951	-26.524200
	0.047757	-166.621271	115.161951	-26.524200
	0.047766	-166.870214	115.161951	-26.583800
	0.047776	-166.611512	115.161951	-26.583800
	0.047785	-166.863299	115.161951	-26.583800
	0.047795	-166.889493	115.161951	-26.583800
	0.047804	-168.135515	115.161951	-26.583800
	0.047814	-167.835752	115.161951	-26.583800
	0.047823	-167.219598	115.161951	-26.583800
	0.047833	-167.377712	115.161951	-26.524200
	0.047842	-167.381259	115.161951	-26.524200
	0.047852	-168.352499	115.161951	-26.464600
	0.047861	-167.863579	115.161951	-26.405000
	0.047871	-167.998818	115.161951	-26.405000
	0.047880	-168.397358	115.161951	-26.405000
	0.047889	-167.109337	115.161951	-26.405000
	0.047899	-168.831420	115.161951	-26.285800
	0.047908	-168.580229	115.161951	-25.868500
	0.047918	-168.917504	115.161951	-25.808900
	0.047927	-169.189038	115.161951	-25.808900
	0.047937	-170.036872	115.161951	-25.808900
	0.047946	-171.628905	115.161951	-25.510900
	0.047956	-172.158381	115.161951	-25.153300
	0.047965	-175.352651	115.161951	-24.438000
	0.047975	-176.008311	115.161951	-23.842000
	0.047984	-175.632001	115.161951	-23.722800
	0.047994	-175.559650	115.161951	-23.722800
	0.048003	-176.658557	115.161951	-23.722800
	0.048013	-175.593041	115.161951	-23.722800
	0.048022	-175.038829	115.161951	-23.722800
	0.048031	-175.538241	115.161951	-23.722800
	0.048041	-175.415434	115.161951	-23.603600
	0.048050	-175.174679	115.161951	-23.603600
	0.048060	-175.828561	115.161951	-23.603600
	0.048069	-176.481872	115.161951	-23.544000
	0.048079	-175.128029	115.161951	-23.544000
	0.048088	-174.282432	115.161951	-23.484300
	0.048098	-175.827310	115.161951	-23.484300
	0.048107	-174.493554	115.161951	-23.484300
	0.048117	-175.090909	115.161951	-23.544000
	0.048126	-174.497771	115.161951	-23.544000
	0.048136	-175.388904	115.161951	-23.544000
	0.048145	-176.243637	115.161951	-23.603600
	0.048155	-175.017531	115.161951	-23.603600
	0.048164	-174.540177	115.161951	-23.603600
	0.048174	-175.672264	115.161951	-23.544000
	0.048183	-176.529037	115.161951	-23.544000
	0.048192	-175.508340	115.161951	-23.544000
	0.048202	-176.146750	115.161951	-23.544000
	0.048211	-176.166712	115.161951	-23.544000
	0.048221	-177.350600	115.161951	-23.603600
	0.048230	-175.824956	115.161951	-23.722800
	0.048240	-176.528089	115.161951	-23.722800
	0.048249	-176.332062	115.161951	-23.722800
	0.048259	-176.313153	115.161951	-23.722800
	0.048268	-176.182275	115.161951	-23.722800
	0.048278	-176.127936	115.161951	-23.603600
	0.048287	-176.113061	115.161951	-23.663200
	0.048297	-176.286128	115.161951	-23.722800
	0.048306	-175.050464	115.161951	-23.663200
	0.048316	-176.866229	115.161951	-23.603600
	0.048325	-176.134367	115.161951	-23.603600
	0.048334	-176.227478	115.161951	-23.663200
	0.048344	-176.673439	115.161951	-23.722800
	0.048353	-174.351797	115.161951	-23.722800
	0.048363	-175.426664	115.161951	-23.722800
	0.048372	-176.137536	115.161951	-23.722800
	0.048382	-176.292832	115.161951	-23.722800
	0.048391	-176.793945	115.161951	-23.663200
	0.048401	-176.516384	115.161951	-23.722800
	0.048410	-176.018790	115.161951	-23.663200
	0.048420	-176.177826	115.161951	-23.663200
	0.048429	-176.251321	115.161951	-23.603600
	0.048439	-175.932161	115.161951	-23.722800
	0.048448	-175.904386	115.161951	-23.722800
	0.048458	-176.523336	115.161951	-23.722800
	0.048467	-176.980398	115.161951	-23.722800
	0.048477	-177.719506	115.161951	-23.603600
	0.048486	-176.543789	115.161951	-23.603600
	0.048495	-176.115201	115.161951	-23.663200
	0.048505	-176.150302	115.161951	-23.663200
	0.048514	-176.356407	115.161951	-23.722800
	0.048524	-176.504558	115.161951	-23.722800
	0.048533	-176.880628	115.161951	-23.722800
	0.048543	-175.952225	115.161951	-23.722800
	0.048552	-175.948998	115.161951	-23.722800
	0.048562	-176.355183	115.161951	-23.722800
	0.048571	-176.405863	115.161951	-23.663200
	0.048581	-175.943412	115.161951	-23.603600
	0.048590	-176.475043	115.161951	-23.663200
	0.048600	-175.956903	115.161951	-23.663200
	0.048609	-176.232684	115.161951	-23.722800
	0.048619	-176.759203	115.161951	-23.722800
	0.048628	-176.744045	115.161951	-23.722800
	0.048637	-176.719820	115.161951	-23.782400
	0.048647	-176.697697	115.161951	-23.782400
	0.048656	-176.646765	115.161951	-23.722800
	0.048666	-176.195108	115.161951	-23.722800
	0.048675	-175.543810	115.161951	-23.722800
	0.048685	-175.796582	115.161951	-23.722800
	0.048694	-175.782204	115.161951	-23.782400
	0.048704	-175.673381	115.161951	-23.782400
	0.048713	-176.347612	115.161951	-23.782400
	0.048723	-175.943066	115.161951	-23.782400
	0.048732	-176.319310	115.161951	-23.782400
	0.048742	-176.821112	115.161951	-23.782400
	0.048751	-176.334559	115.161951	-23.722800
	0.048761	-175.776082	115.161951	-23.722800
	0.048770	-175.796861	115.161951	-23.722800
	0.048780	-175.714608	115.161951	-23.722800
	0.048789	-176.529978	115.161951	-23.722800
	0.048798	-176.413771	115.161951	-23.722800
	0.048808	-176.239485	115.161951	-23.722800
	0.048817	-175.370737	115.161951	-23.722800
	0.048827	-174.997223	115.161951	-23.722800
	0.048836	-176.311535	115.161951	-23.722800
	0.048846	-176.224369	115.161951	-23.782400
	0.048855	-175.882828	115.161951	-23.722800
	0.048865	-175.681005	115.161951	-23.722800
	0.048874	-176.511500	115.161951	-23.722800
	0.048884	-176.058923	115.161951	-23.603600
	0.048893	-176.346698	115.161951	-23.603600
	0.048903	-175.986075	115.161951	-23.722800
	0.048912	-176.635185	115.161951	-23.722800
	0.048922	-176.476159	115.161951	-23.663200
	0.048931	-175.642280	115.161951	-23.603600
	0.048940	-175.690805	115.161951	-23.603600
	0.048950	-175.752450	115.161951	-23.603600
	0.048959	-175.903321	115.161951	-23.663200
	0.048969	-176.999271	115.161951	-23.603600
	0.048978	-176.920024	115.161951	-23.603600
	0.048988	-176.477865	115.161951	-23.603600
	0.048997	-176.343609	115.161951	-23.603600
	0.049007	-176.511446	115.161951	-23.603600
	0.049016	-177.080141	115.161951	-23.544000
	0.049026	-177.265162	115.161951	-23.365100
	0.049035	-175.657733	115.161951	-23.365100
	0.049045	-175.644851	115.161951	-23.365100
	0.049054	-175.765139	115.161951	-23.424700
	0.049064	-175.828023	115.161951	-23.365100
	0.049073	-176.837763	115.161951	-23.424700
	0.049083	-176.851987	115.161951	-23.424700
	0.049092	-177.671110	115.161951	-23.424700
	0.049101	-177.459114	115.161951	-23.424700
	0.049111	-176.328921	115.161951	-23.424700
	0.049120	-176.329027	115.161951	-23.484300
	0.049130	-176.575349	115.161951	-23.424700
	0.049139	-177.879656	115.161951	-23.305500
	0.049149	-177.831636	115.161951	-23.186300
	0.049158	-177.569207	115.161951	-23.067100
	0.049168	-177.256702	115.161951	-23.007500
	0.049177	-178.007131	115.161951	-23.007500
	0.049187	-177.193412	115.161951	-23.007500
	0.049196	-179.018117	115.161951	-23.007500
	0.049206	-176.848553	115.161951	-23.007500
	0.049215	-178.446512	115.161951	-23.007500
	0.049225	-178.098281	115.161951	-23.007500
	0.049234	-178.753255	115.161951	-23.067100
	0.049243	-178.002206	115.161951	-23.067100
	0.049253	-178.366006	115.161951	-23.007500
	0.049262	-178.282364	115.161951	-23.067100
	0.049272	-178.058175	115.161951	-23.126700
	0.049281	-179.423303	115.161951	-23.245900
	0.049291	-179.275048	115.161951	-23.245900
	0.049300	-179.287392	115.161951	-23.245900
	0.049310	-178.060454	115.161951	-23.245900
	0.049319	-179.113743	115.161951	-23.126700
	0.049329	-180.047093	115.161951	-22.888300
	0.049338	-179.134801	115.161951	-22.769100
	0.049348	-179.833099	115.161951	-22.769100
	0.049357	-179.702129	115.161951	-22.769100
	0.049367	-180.067041	115.161951	-22.888300
	0.049376	-179.042016	115.161951	-22.947900
	0.049386	-179.620777	115.161951	-22.888300
	0.049395	-179.400292	115.161951	-22.888300
	0.049404	-179.457072	115.161951	-22.888300
	0.049414	-179.470390	115.161951	-22.888300
	0.049423	-180.147639	115.161951	-22.828700
	0.049433	-178.280509	115.161951	-22.828700
	0.049442	-178.222391	115.161951	-22.828700
	0.049452	-179.258022	115.161951	-22.769100
	0.049461	-179.680213	115.161951	-22.828700
	0.049471	-179.041371	115.161951	-22.828700
	0.049480	-180.043217	115.161951	-22.828700
	0.049490	-180.079626	115.161951	-22.769100
	0.049499	-178.585164	115.161951	-22.769100
	0.049509	-178.831842	115.161951	-22.769100
	0.049518	-180.001544	115.161951	-22.769100
	0.049528	-178.476891	115.161951	-22.769100
	0.049537	-179.810149	115.161951	-22.769100
	0.049546	-179.710772	115.161951	-22.769100
	0.049556	-180.527041	115.161951	-22.769100
	0.049565	-179.567931	115.161951	-22.828700
	0.049575	-180.208154	115.161951	-22.888300
	0.049584	-179.869688	115.161951	-22.769100
	0.049594	-178.546495	115.161951	-22.828700
	0.049603	-179.396597	115.161951	-22.769100
	0.049613	-180.144519	115.161951	-22.709500
	0.049622	-179.096560	115.161951	-22.709500
	0.049632	-179.847674	115.161951	-22.709500
	0.049641	-179.748651	115.161951	-22.709500
	0.049651	-179.156293	115.161951	-22.709500
	0.049660	-179.516210	115.161951	-22.649900
	0.049670	-178.835937	115.161951	-22.649900
	0.049679	-179.274038	115.161951	-22.709500
	0.049689	-180.040937	115.161951	-22.649900
	0.049698	-178.979397	115.161951	-22.709500
	0.049707	-178.226930	115.161951	-22.649900
	0.049717	-178.578392	115.161951	-22.709500
	0.049726	-179.679301	115.161951	-22.709500
	0.049736	-179.737861	115.161951	-22.649900
	0.049745	-179.939599	115.161951	-22.590300
	0.049755	-179.602638	115.161951	-22.590300
	0.049764	-179.846330	115.161951	-22.649900
	0.049774	-180.409706	115.161951	-22.709500
	0.049783	-179.495437	115.161951	-22.709500
	0.049793	-180.058265	115.161951	-22.769100
	0.049802	-179.129240	115.161951	-22.769100
	0.049812	-180.096519	115.161951	-22.709500
	0.049821	-179.848262	115.161951	-22.709500
	0.049831	-180.242661	115.161951	-22.709500
	0.049840	-181.583566	115.161951	-22.709500
	0.049849	-180.864378	115.161951	-22.709500
	0.049859	-180.753972	115.161951	-22.709500
	0.049868	-180.625076	115.161951	-22.769100
	0.049878	-180.012189	115.161951	-22.769100
	0.049887	-180.632704	115.161951	-22.769100
	0.049897	-180.278431	115.161951	-22.828700
	0.049906	-179.933377	115.161951	-22.828700
	0.049916	-181.777769	115.161951	-22.888300
	0.049925	-180.609753	115.161951	-22.947900
	0.049935	-181.244203	115.161951	-22.888300
	0.049944	-181.353534	115.161951	-22.888300
	0.049954	-181.601275	115.161951	-22.888300
	0.049963	-181.515275	115.161951	-22.888300
	0.049973	-181.256541	115.161951	-22.828700
	0.049982	-182.408195	115.161951	-22.828700
	0.049991	-180.258567	115.161951	-22.828700
	0.050001	-182.062113	115.161951	-22.769100
	0.050010	-180.801915	115.161951	-22.769100
	0.050020	-181.782617	115.161951	-22.769100
	0.050029	-180.488840	115.161951	-22.769100
	0.050039	-181.339818	115.161951	-22.769100
	0.050048	-179.704924	115.161951	-22.769100
	0.050058	-180.718080	115.161951	-22.769100
	0.050067	-180.864367	115.161951	-22.769100
	0.050077	-180.610394	115.161951	-22.709500
	0.050086	-180.664810	115.161951	-22.709500
	0.050096	-180.266623	115.161951	-22.769100
	0.050105	-180.744804	115.161951	-22.828700
	0.050115	-180.893303	115.161951	-22.769100
	0.050124	-180.798378	115.161951	-22.769100
	0.050134	-181.561166	115.161951	-22.709500
	0.050143	-180.852733	115.161951	-22.649900
	0.050152	-181.331339	115.161951	-22.590300
	0.050162	-180.786262	115.161951	-22.590300
	0.050171	-180.617449	115.161951	-22.530700
	0.050181	-180.171966	115.161951	-22.590300
	0.050190	-180.539482	115.161951	-22.590300
	0.050200	-180.788338	115.161951	-22.590300
	0.050209	-179.817272	115.161951	-22.590300
	0.050219	-181.045275	115.161951	-22.590300
	0.050228	-181.789173	115.161951	-22.590300
	0.050238	-180.216510	115.161951	-22.590300
	0.050247	-179.737203	115.161951	-22.649900
	0.050257	-180.023538	115.161951	-22.649900
	0.050266	-180.341046	115.161951	-22.709500
	0.050276	-180.904374	115.161951	-22.649900
	0.050285	-179.239468	115.161951	-22.709500
	0.050294	-180.640604	115.161951	-22.709500
	0.050304	-182.319255	115.161951	-22.649900
	0.050313	-181.608842	115.161951	-22.590300
	0.050323	-180.722268	115.161951	-22.649900
	0.050332	-181.080721	115.161951	-22.649900
	0.050342	-181.723158	115.161951	-22.590300
	0.050351	-181.383297	115.161951	-22.590300
	0.050361	-179.946941	115.161951	-22.590300
	0.050370	-179.719961	115.161951	-22.590300
	0.050380	-181.793396	115.161951	-22.649900
	0.050389	-181.496783	115.161951	-22.649900
	0.050399	-180.716527	115.161951	-22.649900
	0.050408	-180.767926	115.161951	-22.649900
	0.050418	-180.540569	115.161951	-22.649900
	0.050427	-180.624035	115.161951	-22.649900
	0.050437	-181.394377	115.161951	-22.590300
	0.050446	-181.326788	115.161951	-22.530700
	0.050455	-181.712099	115.161951	-22.471100
	0.050465	-181.920663	115.161951	-22.471100
	0.050474	-181.516761	115.161951	-22.471100
	0.050484	-180.864728	115.161951	-22.530700
