	-0.071022	-1.124705	115.161951	-40.054600
	-0.068270	0.195294	115.161951	-40.173800
	-0.065518	-0.592365	115.161951	-40.352600
	-0.062767	-0.181993	115.161951	-40.471800
	-0.060015	-0.225100	115.161951	-40.650600
	-0.057264	-0.400172	115.161951	-40.769800
	-0.054512	-0.745121	115.161951	-41.067800
	-0.051760	-0.311956	115.161951	-41.306300
	-0.049009	-0.610556	115.161951	-41.604300
	-0.046257	-1.108471	115.161951	-41.842700
	-0.043506	-0.872615	115.161951	-42.140700
	-0.040754	-0.456804	115.161951	-42.438700
	-0.038002	-0.411374	115.161951	-42.796400
	-0.035251	0.083842	115.161951	-43.034800
	-0.032499	-0.222039	115.161951	-43.452000
	-0.029748	-1.141670	115.161951	-43.869300
	-0.026996	-1.962373	115.161951	-44.286500
	-0.024245	-0.138461	115.161951	-44.644100
	-0.021493	-0.296315	115.161951	-45.120900
	-0.018741	-0.476677	115.161951	-45.657400
	-0.015990	-2.038254	115.161951	-46.253400
	-0.013238	-2.487058	115.161951	-46.789900
	-0.010487	-1.549754	115.161951	-47.445500
	-0.007735	-1.659277	115.161951	-48.101200
	-0.004984	-1.998550	115.161951	-48.876000
	-0.002232	-2.972374	115.161951	-49.770100
	0.000520	-2.581298	115.161951	-50.604600
	0.003271	-4.650558	115.161951	-51.379400
	0.006023	-4.483759	115.161951	-52.333100
	0.008774	-5.408926	115.161951	-53.465600
	0.011526	-5.208530	115.161951	-54.896100
	0.014278	-6.174749	115.161951	-56.267000
	0.017029	-8.252968	115.161951	-57.995600
	0.019781	-7.718360	115.161951	-59.783700
	0.022532	-9.603749	115.161951	-61.810500
	0.025284	-10.083472	115.161951	-64.552300
	0.028036	-10.582668	115.161951	-67.413300
	0.030787	-12.429703	115.161951	-71.049200
	0.033539	-14.849429	115.161951	-75.340700
	0.036290	-17.666935	115.161951	-81.301200
	0.036290	-20.126142	115.161951	-86.546400
	0.036300	-19.820812	115.161951	-88.215300
	0.036309	-20.719102	115.161951	-88.573000
	0.036319	-19.480925	115.161951	-88.632600
	0.036328	-20.273961	115.161951	-88.632600
	0.036338	-19.812069	115.161951	-88.692200
	0.036347	-19.994170	115.161951	-88.751800
	0.036357	-20.821262	115.161951	-88.811400
	0.036366	-21.199234	115.161951	-88.811400
	0.036376	-20.626702	115.161951	-88.811400
	0.036385	-20.453665	115.161951	-88.871000
	0.036394	-21.282061	115.161951	-88.871000
	0.036404	-20.454262	115.161951	-88.871000
	0.036413	-20.971967	115.161951	-88.871000
	0.036423	-20.573125	115.161951	-88.930600
	0.036432	-21.171451	115.161951	-89.049800
	0.036442	-20.260243	115.161951	-88.930600
	0.036451	-21.096757	115.161951	-88.930600
	0.036461	-18.849328	115.161951	-88.990200
	0.036470	-20.255079	115.161951	-88.930600
	0.036480	-21.248915	115.161951	-88.990200
	0.036489	-20.809839	115.161951	-89.049800
	0.036499	-20.787601	115.161951	-89.109400
	0.036508	-19.657820	115.161951	-89.109400
	0.036518	-21.403872	115.161951	-89.049800
	0.036527	-20.116393	115.161951	-88.930600
	0.036537	-20.795105	115.161951	-88.990200
	0.036546	-21.100650	115.161951	-88.990200
	0.036555	-20.595953	115.161951	-88.930600
	0.036565	-21.367842	115.161951	-88.871000
	0.036574	-21.041946	115.161951	-88.930600
	0.036584	-21.394537	115.161951	-88.930600
	0.036593	-20.343164	115.161951	-88.930600
	0.036603	-21.629149	115.161951	-88.990200
	0.036612	-21.043908	115.161951	-88.930600
	0.036622	-20.295223	115.161951	-88.930600
	0.036631	-20.932850	115.161951	-88.930600
	0.036641	-21.108840	115.161951	-89.049800
	0.036650	-19.640173	115.161951	-89.109400
	0.036660	-21.566671	115.161951	-89.109400
	0.036669	-20.926600	115.161951	-89.109400
	0.036679	-20.895148	115.161951	-89.109400
	0.036688	-22.092191	115.161951	-89.228600
	0.036697	-20.699486	115.161951	-89.169000
	0.036707	-19.688998	115.161951	-89.169000
	0.036716	-20.759329	115.161951	-89.169000
	0.036726	-20.793577	115.161951	-89.169000
	0.036735	-20.317165	115.161951	-89.288200
	0.036745	-21.006559	115.161951	-89.288200
	0.036754	-20.052449	115.161951	-89.228600
	0.036764	-22.213418	115.161951	-89.228600
	0.036773	-20.786475	115.161951	-89.228600
	0.036783	-20.994783	115.161951	-89.228600
	0.036792	-21.467058	115.161951	-89.228600
	0.036802	-21.373028	115.161951	-89.228600
	0.036811	-21.780996	115.161951	-89.288200
	0.036821	-21.392580	115.161951	-89.347800
	0.036830	-21.655901	115.161951	-89.347800
	0.036840	-20.980988	115.161951	-89.347800
	0.036849	-21.491936	115.161951	-89.347800
	0.036858	-20.725488	115.161951	-89.347800
	0.036868	-21.991086	115.161951	-89.347800
	0.036877	-21.287959	115.161951	-89.288200
	0.036887	-22.268791	115.161951	-89.347800
	0.036896	-21.413655	115.161951	-89.407400
	0.036906	-21.483500	115.161951	-89.347800
	0.036915	-21.556172	115.161951	-89.347800
	0.036925	-20.243426	115.161951	-89.347800
	0.036934	-20.951729	115.161951	-89.347800
	0.036944	-20.486447	115.161951	-89.407400
	0.036953	-20.803387	115.161951	-89.467000
	0.036963	-20.673649	115.161951	-89.467000
	0.036972	-21.460569	115.161951	-89.467000
	0.036982	-21.449624	115.161951	-89.526600
	0.036991	-22.367926	115.161951	-89.586200
	0.037000	-22.177887	115.161951	-89.586200
	0.037010	-20.601566	115.161951	-89.586200
	0.037019	-21.733271	115.161951	-89.586200
	0.037029	-20.672543	115.161951	-89.526600
	0.037038	-20.523011	115.161951	-89.526600
	0.037048	-21.832946	115.161951	-89.526600
	0.037057	-20.433121	115.161951	-89.586200
	0.037067	-20.495200	115.161951	-89.645900
	0.037076	-21.524755	115.161951	-89.645900
	0.037086	-21.160661	115.161951	-89.586200
	0.037095	-21.125626	115.161951	-89.586200
	0.037105	-22.561538	115.161951	-89.705500
	0.037114	-21.385069	115.161951	-89.645900
	0.037124	-21.966172	115.161951	-89.645900
	0.037133	-21.201703	115.161951	-89.705500
	0.037143	-22.028963	115.161951	-89.705500
	0.037152	-20.771979	115.161951	-89.705500
	0.037161	-21.869606	115.161951	-89.705500
	0.037171	-22.330385	115.161951	-89.645900
	0.037180	-20.851465	115.161951	-89.705500
	0.037190	-21.445173	115.161951	-89.765100
	0.037199	-20.847185	115.161951	-89.824700
	0.037209	-20.911054	115.161951	-89.765100
	0.037218	-21.095768	115.161951	-89.824700
	0.037228	-21.234856	115.161951	-89.884300
	0.037237	-20.217654	115.161951	-89.884300
	0.037247	-20.515298	115.161951	-89.943900
	0.037256	-20.001989	115.161951	-89.943900
	0.037266	-20.985548	115.161951	-89.884300
	0.037275	-19.617753	115.161951	-89.884300
	0.037285	-20.107572	115.161951	-89.884300
	0.037294	-20.879704	115.161951	-89.884300
	0.037303	-20.420839	115.161951	-89.884300
	0.037313	-19.693475	115.161951	-89.943900
	0.037322	-19.728358	115.161951	-89.943900
	0.037332	-20.105072	115.161951	-89.943900
	0.037341	-20.863234	115.161951	-89.943900
	0.037351	-20.174482	115.161951	-90.003500
	0.037360	-20.954397	115.161951	-90.003500
	0.037370	-20.559524	115.161951	-90.003500
	0.037379	-20.966586	115.161951	-90.003500
	0.037389	-20.194746	115.161951	-90.063100
	0.037398	-20.553386	115.161951	-90.003500
	0.037408	-20.889369	115.161951	-89.943900
	0.037417	-20.988776	115.161951	-90.003500
	0.037427	-20.312057	115.161951	-90.003500
	0.037436	-21.171974	115.161951	-90.122700
	0.037446	-21.441408	115.161951	-90.182300
	0.037455	-21.177179	115.161951	-90.182300
	0.037464	-20.775506	115.161951	-90.182300
	0.037474	-20.775563	115.161951	-90.182300
	0.037483	-20.836719	115.161951	-90.182300
	0.037493	-20.800517	115.161951	-90.182300
	0.037502	-21.181874	115.161951	-90.241900
	0.037512	-21.598981	115.161951	-90.241900
	0.037521	-20.731193	115.161951	-90.241900
	0.037531	-21.442473	115.161951	-90.301500
	0.037540	-22.647198	115.161951	-90.301500
	0.037550	-21.417560	115.161951	-90.301500
	0.037559	-21.165101	115.161951	-90.301500
	0.037569	-20.881722	115.161951	-90.301500
	0.037578	-21.015658	115.161951	-90.420700
	0.037588	-20.885175	115.161951	-90.539900
	0.037597	-21.016695	115.161951	-90.539900
	0.037606	-20.426393	115.161951	-90.539900
	0.037616	-21.392439	115.161951	-90.480300
	0.037625	-20.530765	115.161951	-90.599500
	0.037635	-21.555310	115.161951	-90.599500
	0.037644	-21.365607	115.161951	-90.659100
	0.037654	-20.266651	115.161951	-90.659100
	0.037663	-20.530703	115.161951	-90.718700
	0.037673	-21.833966	115.161951	-90.718700
	0.037682	-20.555553	115.161951	-90.778300
	0.037692	-21.503661	115.161951	-90.778300
	0.037701	-20.797089	115.161951	-90.778300
	0.037711	-22.004844	115.161951	-90.778300
	0.037720	-21.914395	115.161951	-90.778300
	0.037730	-21.945233	115.161951	-90.837900
	0.037739	-21.953617	115.161951	-90.897500
	0.037748	-21.771018	115.161951	-90.957200
	0.037758	-22.012364	115.161951	-90.957200
	0.037767	-21.493724	115.161951	-90.957200
	0.037777	-22.096799	115.161951	-90.957200
	0.037786	-21.159944	115.161951	-91.016800
	0.037796	-22.304686	115.161951	-91.016800
	0.037805	-22.578555	115.161951	-91.016800
	0.037815	-21.788528	115.161951	-91.016800
	0.037824	-21.673915	115.161951	-91.016800
	0.037834	-21.936464	115.161951	-91.076400
	0.037843	-22.726853	115.161951	-91.076400
	0.037853	-21.192504	115.161951	-91.136000
	0.037862	-20.817826	115.161951	-91.076400
	0.037872	-21.141293	115.161951	-91.136000
	0.037881	-20.867178	115.161951	-91.136000
	0.037891	-21.258486	115.161951	-91.136000
	0.037900	-21.208433	115.161951	-91.195600
	0.037909	-19.809776	115.161951	-91.195600
	0.037919	-21.600153	115.161951	-91.195600
	0.037928	-21.298940	115.161951	-91.195600
	0.037938	-21.416041	115.161951	-91.314800
	0.037947	-20.828601	115.161951	-91.374400
	0.037957	-20.770644	115.161951	-91.374400
	0.037966	-21.443232	115.161951	-91.314800
	0.037976	-21.452490	115.161951	-91.374400
	0.037985	-21.533198	115.161951	-91.374400
	0.037995	-21.466897	115.161951	-91.434000
	0.038004	-20.936780	115.161951	-91.434000
	0.038014	-21.920998	115.161951	-91.553200
	0.038023	-20.506622	115.161951	-91.553200
	0.038033	-21.479262	115.161951	-91.553200
	0.038042	-21.006353	115.161951	-91.612800
	0.038051	-21.064123	115.161951	-91.672400
	0.038061	-21.829236	115.161951	-91.672400
	0.038070	-22.467052	115.161951	-91.732000
	0.038080	-21.913381	115.161951	-91.791600
	0.038089	-22.198402	115.161951	-91.910800
	0.038099	-21.484028	115.161951	-91.970400
	0.038108	-20.769269	115.161951	-92.030000
	0.038118	-21.472225	115.161951	-92.030000
	0.038127	-20.579910	115.161951	-92.030000
	0.038137	-21.970054	115.161951	-92.089600
	0.038146	-21.144825	115.161951	-92.089600
	0.038156	-21.090210	115.161951	-92.149200
	0.038165	-21.307598	115.161951	-92.089600
	0.038175	-20.267644	115.161951	-92.149200
	0.038184	-20.643833	115.161951	-92.208900
	0.038194	-21.189900	115.161951	-92.268500
	0.038203	-21.213040	115.161951	-92.328100
	0.038212	-20.855803	115.161951	-92.387700
	0.038222	-21.660848	115.161951	-92.387700
	0.038231	-21.720974	115.161951	-92.387700
	0.038241	-21.847364	115.161951	-92.506900
	0.038250	-20.564784	115.161951	-92.506900
	0.038260	-22.140149	115.161951	-92.506900
	0.038269	-20.526727	115.161951	-92.566500
	0.038279	-20.899498	115.161951	-92.626100
	0.038288	-20.996600	115.161951	-92.685700
	0.038298	-21.693601	115.161951	-92.745300
	0.038307	-20.977415	115.161951	-92.745300
	0.038317	-21.352322	115.161951	-92.804900
	0.038326	-20.876321	115.161951	-92.864500
	0.038336	-22.303244	115.161951	-92.924100
	0.038345	-21.820770	115.161951	-92.924100
	0.038354	-20.867366	115.161951	-92.983700
	0.038364	-22.247682	115.161951	-92.983700
	0.038373	-21.147974	115.161951	-92.924100
	0.038383	-21.676313	115.161951	-92.983700
	0.038392	-20.875929	115.161951	-93.043300
	0.038402	-20.845529	115.161951	-93.043300
	0.038411	-21.895905	115.161951	-92.983700
	0.038421	-20.704103	115.161951	-92.983700
	0.038430	-22.076892	115.161951	-93.043300
	0.038440	-21.162644	115.161951	-93.162500
	0.038449	-21.130133	115.161951	-93.162500
	0.038459	-20.786855	115.161951	-93.162500
	0.038468	-22.365622	115.161951	-93.162500
	0.038478	-22.152455	115.161951	-93.162500
	0.038487	-21.245581	115.161951	-93.222100
	0.038497	-21.743430	115.161951	-93.281700
	0.038506	-22.325306	115.161951	-93.222100
	0.038515	-22.575682	115.161951	-93.281700
	0.038525	-22.624204	115.161951	-93.281700
	0.038534	-21.924834	115.161951	-93.341300
	0.038544	-23.170172	115.161951	-93.341300
	0.038553	-22.694989	115.161951	-93.341300
	0.038563	-22.128350	115.161951	-93.341300
	0.038572	-22.785061	115.161951	-93.341300
	0.038582	-22.230240	115.161951	-93.400900
	0.038591	-21.851475	115.161951	-93.400900
	0.038601	-21.344860	115.161951	-93.400900
	0.038610	-20.838923	115.161951	-93.520200
	0.038620	-22.132921	115.161951	-93.520200
	0.038629	-22.955414	115.161951	-93.520200
	0.038639	-22.221283	115.161951	-93.579800
	0.038648	-21.527751	115.161951	-93.579800
	0.038657	-23.113245	115.161951	-93.579800
	0.038667	-22.413200	115.161951	-93.579800
	0.038676	-22.420293	115.161951	-93.639400
	0.038686	-22.988296	115.161951	-93.699000
	0.038695	-23.005166	115.161951	-93.699000
	0.038705	-22.603286	115.161951	-93.639400
	0.038714	-22.531622	115.161951	-93.639400
	0.038724	-22.677261	115.161951	-93.699000
	0.038733	-21.850578	115.161951	-93.699000
	0.038743	-22.626152	115.161951	-93.758600
	0.038752	-22.650626	115.161951	-93.758600
	0.038762	-23.021872	115.161951	-93.818200
	0.038771	-21.893963	115.161951	-93.877800
	0.038781	-22.195219	115.161951	-93.818200
	0.038790	-21.723867	115.161951	-93.877800
	0.038800	-21.065425	115.161951	-93.877800
	0.038809	-20.642467	115.161951	-93.877800
	0.038818	-22.273782	115.161951	-93.877800
	0.038828	-22.000258	115.161951	-93.937400
	0.038837	-21.522862	115.161951	-94.056600
	0.038847	-22.730891	115.161951	-94.116200
	0.038856	-21.173254	115.161951	-94.175800
	0.038866	-21.733101	115.161951	-94.175800
	0.038875	-21.549446	115.161951	-94.175800
	0.038885	-21.067427	115.161951	-94.175800
	0.038894	-21.223407	115.161951	-94.175800
	0.038904	-20.975652	115.161951	-94.175800
	0.038913	-22.494318	115.161951	-94.116200
	0.038923	-21.255689	115.161951	-94.116200
	0.038932	-22.177898	115.161951	-94.116200
	0.038942	-22.105104	115.161951	-94.175800
	0.038951	-22.241813	115.161951	-94.235400
	0.038960	-22.738151	115.161951	-94.235400
	0.038970	-22.139609	115.161951	-94.235400
	0.038979	-22.966610	115.161951	-94.235400
	0.038989	-22.605578	115.161951	-94.295000
	0.038998	-22.988874	115.161951	-94.414200
	0.039008	-22.407720	115.161951	-94.354600
	0.039017	-22.997327	115.161951	-94.295000
	0.039027	-22.230868	115.161951	-94.414200
	0.039036	-22.689905	115.161951	-94.473800
	0.039046	-23.056060	115.161951	-94.473800
	0.039055	-23.065546	115.161951	-94.473800
	0.039065	-22.942665	115.161951	-94.473800
	0.039074	-23.692345	115.161951	-94.533400
	0.039084	-22.594232	115.161951	-94.533400
	0.039093	-23.980340	115.161951	-94.593000
	0.039103	-23.570144	115.161951	-94.652600
	0.039112	-22.660698	115.161951	-94.593000
	0.039121	-22.834441	115.161951	-94.533400
	0.039131	-23.274095	115.161951	-94.593000
	0.039140	-23.280770	115.161951	-94.652600
	0.039150	-23.353409	115.161951	-94.652600
	0.039159	-22.525158	115.161951	-94.593000
	0.039169	-23.093186	115.161951	-94.652600
	0.039178	-22.831523	115.161951	-94.652600
	0.039188	-23.197266	115.161951	-94.652600
	0.039197	-23.651458	115.161951	-94.712200
	0.039207	-22.967071	115.161951	-94.712200
	0.039216	-22.312223	115.161951	-94.712200
	0.039226	-22.895847	115.161951	-94.652600
	0.039235	-23.072868	115.161951	-94.712200
	0.039245	-23.317850	115.161951	-94.831500
	0.039254	-23.676105	115.161951	-94.831500
	0.039263	-23.082377	115.161951	-94.831500
	0.039273	-23.338155	115.161951	-94.831500
	0.039282	-22.651090	115.161951	-94.831500
	0.039292	-23.764369	115.161951	-94.950700
	0.039301	-23.129651	115.161951	-94.891100
	0.039311	-23.987495	115.161951	-94.831500
	0.039320	-23.669550	115.161951	-94.891100
	0.039330	-23.451845	115.161951	-94.950700
	0.039339	-24.423030	115.161951	-94.950700
	0.039349	-23.066627	115.161951	-95.010300
	0.039358	-24.599730	115.161951	-95.010300
	0.039368	-23.467189	115.161951	-95.010300
	0.039377	-23.460470	115.161951	-95.010300
	0.039387	-22.809490	115.161951	-95.069900
	0.039396	-24.003438	115.161951	-95.069900
	0.039406	-22.850420	115.161951	-95.069900
	0.039415	-22.855598	115.161951	-95.010300
	0.039424	-23.137350	115.161951	-94.950700
	0.039434	-24.520501	115.161951	-94.950700
	0.039443	-24.451933	115.161951	-95.010300
	0.039453	-23.502418	115.161951	-95.129500
	0.039462	-23.189275	115.161951	-95.069900
	0.039472	-23.454256	115.161951	-95.129500
	0.039481	-24.562124	115.161951	-95.129500
	0.039491	-25.248071	115.161951	-95.129500
	0.039500	-23.233239	115.161951	-95.129500
	0.039510	-23.117803	115.161951	-95.129500
	0.039519	-22.835021	115.161951	-95.129500
	0.039529	-24.137920	115.161951	-95.010300
	0.039538	-23.479230	115.161951	-94.950700
	0.039548	-23.551880	115.161951	-94.950700
	0.039557	-24.210703	115.161951	-94.950700
	0.039566	-24.492758	115.161951	-94.891100
	0.039576	-24.561520	115.161951	-94.831500
	0.039585	-24.455117	115.161951	-94.891100
	0.039595	-24.382027	115.161951	-95.010300
	0.039604	-25.416178	115.161951	-95.010300
	0.039614	-24.853825	115.161951	-95.010300
	0.039623	-24.567689	115.161951	-95.010300
	0.039633	-24.370755	115.161951	-95.010300
	0.039642	-24.449559	115.161951	-95.069900
	0.039652	-23.610259	115.161951	-95.189100
	0.039661	-23.699223	115.161951	-95.248700
	0.039671	-24.550185	115.161951	-95.308300
	0.039680	-24.209917	115.161951	-95.367900
	0.039690	-24.965910	115.161951	-95.367900
	0.039699	-25.241892	115.161951	-95.367900
	0.039709	-24.891972	115.161951	-95.367900
	0.039718	-24.430219	115.161951	-95.487100
	0.039727	-24.705626	115.161951	-95.546700
	0.039737	-24.839297	115.161951	-95.606300
	0.039746	-26.345264	115.161951	-95.606300
	0.039756	-25.717642	115.161951	-95.665900
	0.039765	-25.393196	115.161951	-95.665900
	0.039775	-26.229848	115.161951	-95.665900
	0.039784	-25.390148	115.161951	-95.665900
	0.039794	-26.396055	115.161951	-95.725500
	0.039803	-26.485270	115.161951	-95.785100
	0.039813	-24.869613	115.161951	-95.785100
	0.039822	-25.267097	115.161951	-95.785100
	0.039832	-25.174589	115.161951	-95.785100
	0.039841	-25.943931	115.161951	-95.844700
	0.039851	-24.314557	115.161951	-95.785100
	0.039860	-24.251171	115.161951	-95.785100
	0.039869	-23.950621	115.161951	-95.904300
	0.039879	-24.318104	115.161951	-95.904300
	0.039888	-24.585733	115.161951	-95.904300
	0.039898	-25.631316	115.161951	-95.606300
	0.039907	-25.656317	115.161951	-95.367900
	0.039917	-25.067556	115.161951	-95.189100
	0.039926	-25.353464	115.161951	-95.248700
	0.039936	-26.652551	115.161951	-95.367900
	0.039945	-25.794905	115.161951	-95.427500
	0.039955	-25.984544	115.161951	-95.487100
	0.039964	-25.280280	115.161951	-95.487100
	0.039974	-25.733397	115.161951	-95.367900
	0.039983	-26.016932	115.161951	-95.367900
	0.039993	-25.038413	115.161951	-95.487100
	0.040002	-26.006086	115.161951	-95.487100
	0.040012	-25.734605	115.161951	-95.487100
	0.040021	-25.004189	115.161951	-95.248700
	0.040030	-25.484391	115.161951	-95.248700
	0.040040	-24.426928	115.161951	-95.367900
	0.040049	-24.364270	115.161951	-95.367900
	0.040059	-24.775209	115.161951	-95.367900
	0.040068	-24.495111	115.161951	-95.367900
	0.040078	-25.477867	115.161951	-95.427500
	0.040087	-24.829910	115.161951	-95.487100
	0.040097	-24.536722	115.161951	-95.487100
	0.040106	-26.102936	115.161951	-95.546700
	0.040116	-25.032300	115.161951	-95.606300
	0.040125	-25.457718	115.161951	-95.606300
	0.040135	-26.286440	115.161951	-95.665900
	0.040144	-25.899256	115.161951	-95.725500
	0.040154	-25.095369	115.161951	-95.665900
	0.040163	-25.237364	115.161951	-95.665900
	0.040172	-25.374749	115.161951	-95.606300
	0.040182	-25.470295	115.161951	-95.665900
	0.040191	-25.846786	115.161951	-95.785100
	0.040201	-25.543237	115.161951	-95.844700
	0.040210	-25.760740	115.161951	-95.844700
	0.040220	-24.250728	115.161951	-95.844700
	0.040229	-26.622104	115.161951	-95.844700
	0.040239	-25.514776	115.161951	-95.904300
	0.040248	-25.868542	115.161951	-95.963900
	0.040258	-26.747912	115.161951	-95.963900
	0.040267	-25.831783	115.161951	-95.963900
	0.040277	-25.834904	115.161951	-95.904300
	0.040286	-25.757102	115.161951	-96.083200
	0.040296	-26.080160	115.161951	-96.083200
	0.040305	-27.521516	115.161951	-96.083200
	0.040315	-26.301173	115.161951	-95.963900
	0.040324	-26.641951	115.161951	-95.963900
	0.040333	-27.010976	115.161951	-96.023500
	0.040343	-26.475104	115.161951	-96.083200
	0.040352	-26.344117	115.161951	-96.083200
	0.040362	-26.308745	115.161951	-95.963900
	0.040371	-26.229334	115.161951	-95.963900
	0.040381	-26.263592	115.161951	-96.023500
	0.040390	-26.863536	115.161951	-96.142800
	0.040400	-27.139486	115.161951	-96.262000
	0.040409	-27.158850	115.161951	-96.381200
	0.040419	-27.567446	115.161951	-96.381200
	0.040428	-27.134440	115.161951	-96.440800
	0.040438	-26.251293	115.161951	-96.500400
	0.040447	-26.454658	115.161951	-96.500400
	0.040457	-26.461817	115.161951	-96.560000
	0.040466	-27.177965	115.161951	-96.619600
	0.040475	-27.142689	115.161951	-96.679200
	0.040485	-26.043307	115.161951	-96.679200
	0.040494	-25.752541	115.161951	-96.798400
	0.040504	-26.441480	115.161951	-96.798400
	0.040513	-26.096899	115.161951	-96.798400
	0.040523	-26.569770	115.161951	-96.738800
	0.040532	-26.964001	115.161951	-96.798400
	0.040542	-27.793177	115.161951	-96.858000
	0.040551	-27.547671	115.161951	-96.977200
	0.040561	-27.238542	115.161951	-97.036800
	0.040570	-25.910227	115.161951	-96.977200
	0.040580	-26.545356	115.161951	-96.977200
	0.040589	-26.947841	115.161951	-96.977200
	0.040599	-26.885369	115.161951	-97.036800
	0.040608	-27.404044	115.161951	-97.156000
	0.040618	-27.293517	115.161951	-97.156000
	0.040627	-27.527300	115.161951	-97.096400
	0.040636	-27.866165	115.161951	-96.977200
	0.040646	-28.335809	115.161951	-96.977200
	0.040655	-27.977426	115.161951	-96.858000
	0.040665	-28.861325	115.161951	-96.381200
	0.040674	-28.091734	115.161951	-96.083200
	0.040684	-27.419007	115.161951	-96.083200
	0.040693	-27.823417	115.161951	-96.142800
	0.040703	-27.294999	115.161951	-96.202400
	0.040712	-26.693758	115.161951	-96.142800
	0.040722	-27.681667	115.161951	-96.142800
	0.040731	-27.205921	115.161951	-96.202400
	0.040741	-27.926677	115.161951	-96.202400
	0.040750	-27.151029	115.161951	-96.262000
	0.040760	-26.831950	115.161951	-96.202400
	0.040769	-28.056600	115.161951	-96.202400
	0.040778	-27.875145	115.161951	-96.262000
	0.040788	-28.609054	115.161951	-96.023500
	0.040797	-28.873772	115.161951	-95.904300
	0.040807	-28.887135	115.161951	-95.904300
	0.040816	-27.835376	115.161951	-95.785100
	0.040826	-28.619745	115.161951	-95.844700
	0.040835	-28.217072	115.161951	-95.963900
	0.040845	-28.448251	115.161951	-96.023500
	0.040854	-27.762064	115.161951	-95.963900
	0.040864	-27.666200	115.161951	-95.904300
	0.040873	-28.567130	115.161951	-95.963900
	0.040883	-28.694975	115.161951	-95.963900
	0.040892	-29.378741	115.161951	-96.083200
	0.040902	-29.371038	115.161951	-96.083200
	0.040911	-29.473605	115.161951	-96.142800
	0.040921	-28.974639	115.161951	-96.202400
	0.040930	-29.510478	115.161951	-96.440800
	0.040939	-30.737488	115.161951	-96.560000
	0.040949	-28.905323	115.161951	-96.619600
	0.040958	-29.171131	115.161951	-96.560000
	0.040968	-30.517409	115.161951	-96.679200
	0.040977	-28.247613	115.161951	-96.679200
	0.040987	-28.810729	115.161951	-96.798400
	0.040996	-29.365196	115.161951	-96.798400
	0.041006	-29.696153	115.161951	-96.798400
	0.041015	-29.890745	115.161951	-96.798400
	0.041025	-29.823557	115.161951	-96.738800
	0.041034	-29.888313	115.161951	-96.738800
	0.041044	-30.445242	115.161951	-96.738800
	0.041053	-29.573717	115.161951	-96.798400
	0.041063	-29.983064	115.161951	-96.798400
	0.041072	-29.676727	115.161951	-96.917600
	0.041081	-29.477692	115.161951	-96.858000
	0.041091	-30.601308	115.161951	-96.977200
	0.041100	-30.079154	115.161951	-97.036800
	0.041110	-28.959181	115.161951	-96.977200
	0.041119	-29.076053	115.161951	-96.977200
	0.041129	-29.819772	115.161951	-96.977200
	0.041138	-29.370138	115.161951	-97.036800
	0.041148	-30.014208	115.161951	-97.096400
	0.041157	-30.510426	115.161951	-97.096400
	0.041167	-30.026377	115.161951	-97.036800
	0.041176	-31.492290	115.161951	-97.096400
	0.041186	-29.910746	115.161951	-97.156000
	0.041195	-29.226827	115.161951	-97.215600
	0.041205	-29.744601	115.161951	-97.215600
	0.041214	-30.509176	115.161951	-97.156000
	0.041224	-30.278676	115.161951	-97.156000
	0.041233	-29.535089	115.161951	-97.156000
	0.041242	-30.328260	115.161951	-97.215600
	0.041252	-30.372521	115.161951	-97.096400
	0.041261	-30.237485	115.161951	-97.096400
	0.041271	-30.271643	115.161951	-97.215600
	0.041280	-30.879907	115.161951	-97.275200
	0.041290	-30.393948	115.161951	-97.096400
	0.041299	-31.839800	115.161951	-96.619600
	0.041309	-32.738042	115.161951	-94.950700
	0.041318	-32.760993	115.161951	-93.639400
	0.041328	-32.628490	115.161951	-93.400900
	0.041337	-31.781361	115.161951	-93.520200
	0.041347	-32.088562	115.161951	-93.520200
	0.041356	-32.105396	115.161951	-93.520200
	0.041366	-30.571026	115.161951	-93.460500
	0.041375	-32.000764	115.161951	-93.579800
	0.041384	-32.173579	115.161951	-93.639400
	0.041394	-32.067783	115.161951	-93.639400
	0.041403	-31.746030	115.161951	-93.639400
	0.041413	-32.941129	115.161951	-93.639400
	0.041422	-32.009404	115.161951	-93.639400
	0.041432	-30.751825	115.161951	-93.639400
	0.041441	-31.984604	115.161951	-93.639400
	0.041451	-32.517599	115.161951	-93.699000
	0.041460	-32.161976	115.161951	-93.699000
	0.041470	-31.740901	115.161951	-93.699000
	0.041479	-31.946797	115.161951	-93.758600
	0.041489	-31.959418	115.161951	-93.818200
	0.041498	-33.209972	115.161951	-93.818200
	0.041508	-33.491374	115.161951	-93.877800
	0.041517	-32.185041	115.161951	-93.877800
	0.041527	-32.650790	115.161951	-93.997000
	0.041536	-32.352135	115.161951	-93.997000
	0.041545	-33.230986	115.161951	-93.997000
	0.041555	-33.237314	115.161951	-93.997000
	0.041564	-33.323352	115.161951	-93.937400
	0.041574	-32.152939	115.161951	-93.997000
	0.041583	-31.596484	115.161951	-93.937400
	0.041593	-32.299677	115.161951	-93.997000
	0.041602	-31.566884	115.161951	-94.056600
	0.041612	-33.551116	115.161951	-94.116200
	0.041621	-32.641334	115.161951	-94.175800
	0.041631	-31.153079	115.161951	-94.175800
	0.041640	-33.276641	115.161951	-94.175800
	0.041650	-31.953504	115.161951	-94.175800
	0.041659	-32.498786	115.161951	-94.175800
	0.041669	-32.564969	115.161951	-94.175800
	0.041678	-32.895027	115.161951	-94.175800
	0.041687	-31.180425	115.161951	-94.235400
	0.041697	-31.854754	115.161951	-94.235400
	0.041706	-32.641637	115.161951	-94.235400
	0.041716	-32.075563	115.161951	-94.235400
	0.041725	-32.994479	115.161951	-94.295000
	0.041735	-32.583770	115.161951	-94.473800
	0.041744	-32.528567	115.161951	-94.533400
	0.041754	-32.899509	115.161951	-94.712200
	0.041763	-32.326188	115.161951	-94.831500
	0.041773	-32.519507	115.161951	-94.950700
	0.041782	-32.987493	115.161951	-95.010300
	0.041792	-33.352554	115.161951	-95.069900
	0.041801	-32.985355	115.161951	-95.129500
	0.041811	-33.478085	115.161951	-95.308300
	0.041820	-32.608681	115.161951	-95.367900
	0.041829	-31.713873	115.161951	-95.367900
	0.041839	-32.706226	115.161951	-95.487100
	0.041848	-33.560429	115.161951	-95.546700
	0.041858	-33.628247	115.161951	-95.606300
	0.041867	-34.111503	115.161951	-95.606300
	0.041877	-33.326188	115.161951	-95.665900
	0.041886	-34.467654	115.161951	-95.904300
	0.041896	-34.566965	115.161951	-96.023500
	0.041905	-33.860445	115.161951	-96.023500
	0.041915	-33.842210	115.161951	-96.023500
	0.041924	-33.800804	115.161951	-95.963900
	0.041934	-33.350858	115.161951	-95.963900
	0.041943	-32.753175	115.161951	-96.023500
	0.041953	-34.577712	115.161951	-96.023500
	0.041962	-34.267316	115.161951	-96.083200
	0.041972	-34.289371	115.161951	-96.083200
	0.041981	-34.048713	115.161951	-95.963900
	0.041990	-34.157556	115.161951	-95.963900
	0.042000	-34.203593	115.161951	-95.963900
	0.042009	-35.051337	115.161951	-96.023500
	0.042019	-34.301862	115.161951	-95.963900
	0.042028	-34.073427	115.161951	-95.844700
	0.042038	-34.397790	115.161951	-95.844700
	0.042047	-36.135691	115.161951	-95.844700
	0.042057	-38.013499	115.161951	-95.665900
	0.042066	-38.693883	115.161951	-95.546700
	0.042076	-38.841950	115.161951	-95.546700
	0.042085	-38.264260	115.161951	-95.487100
	0.042095	-40.986033	115.161951	-94.891100
	0.042104	-41.135414	115.161951	-94.533400
	0.042114	-41.781145	115.161951	-94.414200
	0.042123	-40.617935	115.161951	-94.354600
	0.042132	-42.079139	115.161951	-94.295000
	0.042142	-41.580948	115.161951	-94.295000
	0.042151	-42.623241	115.161951	-94.295000
	0.042161	-42.121986	115.161951	-94.295000
	0.042170	-41.683815	115.161951	-94.295000
	0.042180	-42.539370	115.161951	-94.414200
	0.042189	-42.132855	115.161951	-94.414200
	0.042199	-42.372219	115.161951	-94.295000
	0.042208	-41.498579	115.161951	-94.354600
	0.042218	-41.606519	115.161951	-94.295000
	0.042227	-41.841630	115.161951	-94.414200
	0.042237	-41.600061	115.161951	-94.533400
	0.042246	-41.078715	115.161951	-94.533400
	0.042256	-42.428092	115.161951	-94.533400
	0.042265	-42.036053	115.161951	-94.712200
	0.042275	-42.163691	115.161951	-94.712200
	0.042284	-43.321684	115.161951	-94.533400
	0.042293	-41.211795	115.161951	-94.414200
	0.042303	-42.362549	115.161951	-94.295000
	0.042312	-42.937558	115.161951	-94.354600
	0.042322	-42.325600	115.161951	-94.414200
	0.042331	-42.507242	115.161951	-94.473800
	0.042341	-41.692292	115.161951	-94.473800
	0.042350	-41.532167	115.161951	-94.473800
	0.042360	-42.539106	115.161951	-94.473800
	0.042369	-42.224336	115.161951	-94.473800
	0.042379	-42.267478	115.161951	-94.473800
	0.042388	-42.983179	115.161951	-94.533400
	0.042398	-42.120067	115.161951	-94.533400
	0.042407	-42.436035	115.161951	-94.593000
	0.042417	-43.156713	115.161951	-94.652600
	0.042426	-42.736509	115.161951	-94.712200
	0.042435	-43.812871	115.161951	-94.712200
	0.042445	-44.235567	115.161951	-94.712200
	0.042454	-43.096870	115.161951	-94.831500
	0.042464	-43.483681	115.161951	-94.891100
	0.042473	-43.529006	115.161951	-94.950700
	0.042483	-43.854623	115.161951	-94.950700
	0.042492	-42.844855	115.161951	-95.069900
	0.042502	-43.331045	115.161951	-95.069900
	0.042511	-43.463657	115.161951	-95.069900
	0.042521	-42.575210	115.161951	-95.069900
	0.042530	-42.763241	115.161951	-95.129500
	0.042540	-43.303730	115.161951	-95.189100
	0.042549	-43.757999	115.161951	-95.248700
	0.042559	-43.708353	115.161951	-95.069900
	0.042568	-45.235205	115.161951	-94.771900
	0.042578	-44.480859	115.161951	-94.652600
	0.042587	-45.660416	115.161951	-94.652600
	0.042596	-45.332374	115.161951	-94.771900
	0.042606	-45.504608	115.161951	-94.831500
	0.042615	-45.235208	115.161951	-94.771900
	0.042625	-45.144910	115.161951	-94.771900
	0.042634	-44.473750	115.161951	-94.831500
	0.042644	-44.990929	115.161951	-94.950700
	0.042653	-45.318096	115.161951	-94.950700
	0.042663	-43.722163	115.161951	-94.950700
	0.042672	-44.439620	115.161951	-95.010300
	0.042682	-44.826008	115.161951	-95.010300
	0.042691	-43.989644	115.161951	-95.069900
	0.042701	-42.866432	115.161951	-95.069900
	0.042710	-44.399784	115.161951	-95.010300
	0.042720	-44.090366	115.161951	-95.010300
	0.042729	-44.195839	115.161951	-94.950700
	0.042738	-45.072127	115.161951	-94.950700
	0.042748	-44.170365	115.161951	-95.010300
	0.042757	-45.456535	115.161951	-95.010300
	0.042767	-46.015702	115.161951	-94.712200
	0.042776	-46.031264	115.161951	-94.652600
	0.042786	-46.987736	115.161951	-94.652600
	0.042795	-45.742331	115.161951	-94.652600
	0.042805	-45.491217	115.161951	-94.652600
	0.042814	-46.234991	115.161951	-94.652600
	0.042824	-45.492733	115.161951	-94.712200
	0.042833	-46.628682	115.161951	-94.771900
	0.042843	-45.264830	115.161951	-94.771900
	0.042852	-46.124569	115.161951	-94.712200
	0.042862	-46.754668	115.161951	-94.712200
	0.042871	-46.224375	115.161951	-94.771900
	0.042881	-46.052840	115.161951	-94.831500
	0.042890	-49.722378	115.161951	-94.712200
	0.042899	-51.771344	115.161951	-94.116200
	0.042909	-51.232755	115.161951	-93.877800
	0.042918	-51.338924	115.161951	-93.877800
	0.042928	-51.201694	115.161951	-93.877800
	0.042937	-50.389675	115.161951	-93.937400
	0.042947	-50.554347	115.161951	-94.116200
	0.042956	-50.629048	115.161951	-94.175800
	0.042966	-50.658677	115.161951	-94.175800
	0.042975	-51.555198	115.161951	-94.175800
	0.042985	-51.759673	115.161951	-94.235400
	0.042994	-51.731229	115.161951	-94.295000
	0.043004	-52.397711	115.161951	-94.235400
	0.043013	-52.298965	115.161951	-94.175800
	0.043023	-52.350583	115.161951	-94.235400
	0.043032	-51.926160	115.161951	-94.235400
	0.043041	-52.982454	115.161951	-94.295000
	0.043051	-53.130047	115.161951	-94.354600
	0.043060	-52.396989	115.161951	-94.354600
	0.043070	-51.846075	115.161951	-94.414200
	0.043079	-52.265686	115.161951	-94.414200
	0.043089	-52.237685	115.161951	-94.473800
	0.043098	-52.338841	115.161951	-94.473800
	0.043108	-52.421379	115.161951	-94.473800
	0.043117	-52.949808	115.161951	-94.414200
	0.043127	-52.207476	115.161951	-94.414200
	0.043136	-53.338700	115.161951	-94.473800
	0.043146	-53.205159	115.161951	-94.473800
	0.043155	-52.026368	115.161951	-94.473800
	0.043165	-52.332168	115.161951	-94.473800
	0.043174	-53.172085	115.161951	-94.473800
	0.043184	-53.536700	115.161951	-94.533400
	0.043193	-52.875342	115.161951	-94.652600
	0.043202	-52.662421	115.161951	-94.712200
	0.043212	-52.186521	115.161951	-94.712200
	0.043221	-52.414205	115.161951	-94.712200
	0.043231	-53.157365	115.161951	-94.533400
	0.043240	-56.795399	115.161951	-93.520200
	0.043250	-57.695837	115.161951	-92.983700
	0.043259	-56.701254	115.161951	-92.864500
	0.043269	-56.933205	115.161951	-92.804900
	0.043278	-55.296063	115.161951	-92.864500
	0.043288	-56.369370	115.161951	-92.864500
	0.043297	-57.393150	115.161951	-92.685700
	0.043307	-57.067080	115.161951	-92.506900
	0.043316	-57.471708	115.161951	-92.506900
	0.043326	-57.423187	115.161951	-92.506900
	0.043335	-58.761954	115.161951	-92.566500
	0.043344	-59.084181	115.161951	-91.434000
	0.043354	-59.030419	115.161951	-90.599500
	0.043363	-58.257620	115.161951	-90.480300
	0.043373	-58.928583	115.161951	-90.420700
	0.043382	-58.719160	115.161951	-90.420700
	0.043392	-58.953302	115.161951	-90.480300
	0.043401	-58.964073	115.161951	-90.420700
	0.043411	-58.633762	115.161951	-90.420700
	0.043420	-57.890761	115.161951	-90.420700
	0.043430	-58.715733	115.161951	-90.420700
	0.043439	-58.128881	115.161951	-91.016800
	0.043449	-59.003111	115.161951	-91.672400
	0.043458	-59.797988	115.161951	-91.732000
	0.043468	-58.351883	115.161951	-91.732000
	0.043477	-57.638131	115.161951	-91.851200
	0.043487	-58.408413	115.161951	-91.851200
	0.043496	-59.126140	115.161951	-91.851200
	0.043505	-58.053184	115.161951	-91.732000
	0.043515	-59.238789	115.161951	-91.851200
	0.043524	-58.217228	115.161951	-91.910800
	0.043534	-58.634124	115.161951	-91.910800
	0.043543	-58.989873	115.161951	-91.910800
	0.043553	-59.937044	115.161951	-91.732000
	0.043562	-59.202114	115.161951	-91.732000
	0.043572	-60.512244	115.161951	-91.732000
	0.043581	-59.941702	115.161951	-91.791600
	0.043591	-60.460730	115.161951	-91.851200
	0.043600	-59.559950	115.161951	-91.851200
	0.043610	-59.809761	115.161951	-91.851200
	0.043619	-59.706046	115.161951	-91.851200
	0.043629	-60.135672	115.161951	-91.851200
	0.043638	-59.049426	115.161951	-91.910800
	0.043647	-65.162326	115.161951	-90.718700
	0.043657	-72.296504	115.161951	-86.665600
	0.043666	-72.586237	115.161951	-85.115900
	0.043676	-71.274461	115.161951	-84.698700
	0.043685	-71.666141	115.161951	-84.698700
	0.043695	-72.835739	115.161951	-84.758300
	0.043704	-72.647084	115.161951	-84.817900
	0.043714	-72.811166	115.161951	-84.758300
	0.043723	-72.288851	115.161951	-84.698700
	0.043733	-72.116859	115.161951	-84.698700
	0.043742	-72.561251	115.161951	-84.639100
	0.043752	-73.613787	115.161951	-84.579500
	0.043761	-73.236584	115.161951	-84.579500
	0.043771	-72.636337	115.161951	-84.579500
	0.043780	-72.562801	115.161951	-84.579500
	0.043790	-72.537526	115.161951	-84.519900
	0.043799	-73.807845	115.161951	-84.519900
	0.043808	-73.507624	115.161951	-84.579500
	0.043818	-73.688159	115.161951	-84.519900
	0.043827	-73.529125	115.161951	-84.579500
	0.043837	-72.228592	115.161951	-84.519900
	0.043846	-73.357822	115.161951	-84.519900
	0.043856	-72.922955	115.161951	-84.519900
	0.043865	-72.947679	115.161951	-84.400600
	0.043875	-72.677943	115.161951	-84.519900
	0.043884	-74.501535	115.161951	-84.579500
	0.043894	-73.104090	115.161951	-84.639100
	0.043903	-73.297092	115.161951	-84.639100
	0.043913	-73.203337	115.161951	-84.639100
	0.043922	-73.058940	115.161951	-84.579500
	0.043932	-72.985003	115.161951	-84.519900
	0.043941	-73.150738	115.161951	-84.519900
	0.043950	-74.381441	115.161951	-84.519900
	0.043960	-73.181703	115.161951	-84.519900
	0.043969	-73.832806	115.161951	-84.519900
	0.043979	-77.937808	115.161951	-84.043000
	0.043988	-77.569029	115.161951	-83.745000
	0.043998	-77.402944	115.161951	-83.685400
	0.044007	-77.847096	115.161951	-83.685400
	0.044017	-77.808684	115.161951	-83.685400
	0.044026	-79.490706	115.161951	-82.850900
	0.044036	-83.353534	115.161951	-79.215000
	0.044045	-82.950384	115.161951	-77.844100
	0.044055	-83.925436	115.161951	-77.546100
	0.044064	-84.339310	115.161951	-77.486500
	0.044074	-85.257020	115.161951	-77.367300
	0.044083	-84.199002	115.161951	-77.486500
	0.044093	-84.039964	115.161951	-77.605700
	0.044102	-83.601075	115.161951	-77.605700
	0.044111	-84.867351	115.161951	-77.605700
	0.044121	-84.894334	115.161951	-77.605700
	0.044130	-84.426496	115.161951	-77.605700
	0.044140	-84.969724	115.161951	-77.605700
	0.044149	-85.432965	115.161951	-77.665300
	0.044159	-85.171175	115.161951	-77.665300
	0.044168	-85.262955	115.161951	-77.605700
	0.044178	-86.046575	115.161951	-77.546100
	0.044187	-84.718681	115.161951	-77.546100
	0.044197	-85.483943	115.161951	-77.546100
	0.044206	-85.638982	115.161951	-77.546100
	0.044216	-85.241763	115.161951	-77.605700
	0.044225	-85.071927	115.161951	-77.546100
	0.044235	-84.652123	115.161951	-77.605700
	0.044244	-85.538134	115.161951	-77.605700
	0.044253	-85.140636	115.161951	-77.605700
	0.044263	-84.694967	115.161951	-77.605700
	0.044272	-84.753638	115.161951	-77.605700
	0.044282	-84.987031	115.161951	-77.665300
	0.044291	-83.997480	115.161951	-77.665300
	0.044301	-85.691377	115.161951	-77.665300
	0.044310	-84.871691	115.161951	-77.605700
	0.044320	-85.533243	115.161951	-77.605700
	0.044329	-85.972919	115.161951	-77.605700
	0.044339	-85.308612	115.161951	-77.546100
	0.044348	-85.462094	115.161951	-77.486500
	0.044358	-85.560748	115.161951	-77.546100
	0.044367	-84.732956	115.161951	-77.546100
	0.044377	-84.424769	115.161951	-77.486500
	0.044386	-85.621934	115.161951	-77.486500
	0.044396	-84.538624	115.161951	-77.486500
	0.044405	-84.916892	115.161951	-77.546100
	0.044414	-87.118519	115.161951	-77.307700
	0.044424	-87.531490	115.161951	-76.711600
	0.044433	-88.442535	115.161951	-76.413600
	0.044443	-89.292798	115.161951	-75.936800
	0.044452	-90.106116	115.161951	-75.698400
	0.044462	-89.553005	115.161951	-75.638800
	0.044471	-89.117333	115.161951	-75.459900
	0.044481	-90.347256	115.161951	-75.400300
	0.044490	-89.733311	115.161951	-75.698400
	0.044500	-89.396205	115.161951	-75.817600
	0.044509	-89.658309	115.161951	-75.817600
	0.044519	-90.548498	115.161951	-75.817600
	0.044528	-91.033855	115.161951	-75.638800
	0.044538	-93.052399	115.161951	-75.519600
	0.044547	-96.947731	115.161951	-75.281100
	0.044556	-96.171574	115.161951	-75.221500
	0.044566	-95.604449	115.161951	-75.221500
	0.044575	-96.511425	115.161951	-75.221500
	0.044585	-95.506888	115.161951	-75.161900
	0.044594	-96.950275	115.161951	-75.221500
	0.044604	-95.595179	115.161951	-75.161900
	0.044613	-95.215043	115.161951	-75.102300
	0.044623	-95.715633	115.161951	-75.102300
	0.044632	-95.546043	115.161951	-75.102300
	0.044642	-96.234296	115.161951	-75.102300
	0.044651	-95.159891	115.161951	-75.102300
	0.044661	-95.726680	115.161951	-75.161900
	0.044670	-97.293661	115.161951	-75.102300
	0.044680	-95.975001	115.161951	-75.102300
	0.044689	-96.413942	115.161951	-75.102300
	0.044699	-96.196771	115.161951	-75.102300
	0.044708	-95.501101	115.161951	-75.042700
	0.044717	-96.574386	115.161951	-74.923500
	0.044727	-110.710712	115.161951	-72.062500
	0.044736	-111.434801	115.161951	-70.035900
	0.044746	-110.680377	115.161951	-69.499500
	0.044755	-111.576681	115.161951	-69.439900
	0.044765	-111.840820	115.161951	-69.439900
	0.044774	-111.650143	115.161951	-69.439900
	0.044784	-111.276480	115.161951	-69.439900
	0.044793	-112.380498	115.161951	-69.499500
	0.044803	-110.926094	115.161951	-69.499500
	0.044812	-111.531505	115.161951	-69.439900
	0.044822	-111.458875	115.161951	-69.380300
	0.044831	-112.287766	115.161951	-69.320700
	0.044841	-110.847347	115.161951	-69.320700
	0.044850	-111.232358	115.161951	-69.380300
	0.044859	-111.162450	115.161951	-69.320700
	0.044869	-111.411111	115.161951	-69.320700
	0.044878	-112.335505	115.161951	-69.082200
	0.044888	-112.363903	115.161951	-68.843800
	0.044897	-112.390238	115.161951	-68.784200
	0.044907	-112.540823	115.161951	-68.724600
	0.044916	-113.113328	115.161951	-68.665000
	0.044926	-112.733522	115.161951	-68.665000
	0.044935	-112.156229	115.161951	-68.784200
	0.044945	-113.542101	115.161951	-68.784200
	0.044954	-112.271421	115.161951	-68.665000
	0.044964	-112.887143	115.161951	-68.665000
	0.044973	-112.476598	115.161951	-68.724600
	0.044983	-113.260685	115.161951	-68.665000
	0.044992	-112.065873	115.161951	-68.605400
	0.045002	-112.609450	115.161951	-68.605400
	0.045011	-112.071326	115.161951	-68.545800
	0.045020	-112.429512	115.161951	-68.605400
	0.045030	-112.266943	115.161951	-68.605400
	0.045039	-112.378948	115.161951	-68.665000
	0.045049	-113.084742	115.161951	-68.665000
	0.045058	-112.321149	115.161951	-68.545800
	0.045068	-113.036368	115.161951	-68.545800
	0.045077	-112.058453	115.161951	-68.605400
	0.045087	-112.170246	115.161951	-68.665000
	0.045096	-112.030499	115.161951	-68.665000
	0.045106	-113.090412	115.161951	-68.605400
	0.045115	-112.175351	115.161951	-68.605400
	0.045125	-112.602802	115.161951	-68.545800
	0.045134	-112.315523	115.161951	-68.545800
	0.045144	-112.165742	115.161951	-68.545800
	0.045153	-112.435170	115.161951	-68.545800
	0.045162	-112.393304	115.161951	-68.545800
	0.045172	-112.571311	115.161951	-68.545800
	0.045181	-112.497181	115.161951	-68.605400
	0.045191	-111.640087	115.161951	-68.605400
	0.045200	-111.795823	115.161951	-68.545800
	0.045210	-112.658790	115.161951	-68.545800
	0.045219	-112.652705	115.161951	-68.486200
	0.045229	-112.649813	115.161951	-68.545800
	0.045238	-112.953948	115.161951	-68.545800
	0.045248	-113.501683	115.161951	-68.545800
	0.045257	-113.016956	115.161951	-68.486200
	0.045267	-113.235025	115.161951	-68.486200
	0.045276	-113.300825	115.161951	-68.486200
	0.045286	-113.445591	115.161951	-68.545800
	0.045295	-113.311036	115.161951	-68.486200
	0.045305	-112.729993	115.161951	-68.486200
	0.045314	-112.764783	115.161951	-68.486200
	0.045323	-111.877868	115.161951	-68.486200
	0.045333	-113.365675	115.161951	-68.426600
	0.045342	-113.309079	115.161951	-68.426600
	0.045352	-112.208895	115.161951	-68.426600
	0.045361	-113.052364	115.161951	-68.426600
	0.045371	-111.503802	115.161951	-68.367000
	0.045380	-113.105697	115.161951	-68.307400
	0.045390	-111.634806	115.161951	-68.307400
	0.045399	-111.772347	115.161951	-68.367000
	0.045409	-113.039389	115.161951	-68.367000
	0.045418	-112.456051	115.161951	-68.367000
	0.045428	-118.964765	115.161951	-67.711300
	0.045437	-126.280372	115.161951	-65.088700
	0.045447	-126.930742	115.161951	-63.717800
	0.045456	-127.298770	115.161951	-63.479400
	0.045465	-126.674438	115.161951	-63.419800
	0.045475	-126.500802	115.161951	-63.419800
	0.045484	-127.147670	115.161951	-63.360200
	0.045494	-127.955791	115.161951	-63.419800
	0.045503	-126.905180	115.161951	-63.479400
	0.045513	-126.513112	115.161951	-63.419800
	0.045522	-126.867976	115.161951	-63.360200
	0.045532	-126.250696	115.161951	-63.360200
	0.045541	-125.829224	115.161951	-63.419800
	0.045551	-127.141999	115.161951	-63.360200
	0.045560	-126.390644	115.161951	-63.300600
	0.045570	-126.710534	115.161951	-63.300600
	0.045579	-127.186952	115.161951	-63.419800
	0.045589	-126.495769	115.161951	-63.479400
	0.045598	-127.135358	115.161951	-63.479400
	0.045608	-127.202686	115.161951	-63.419800
	0.045617	-126.552364	115.161951	-63.419800
	0.045626	-127.025890	115.161951	-63.479400
	0.045636	-125.762285	115.161951	-63.479400
	0.045645	-127.393946	115.161951	-63.479400
	0.045655	-126.104347	115.161951	-63.479400
	0.045664	-126.227902	115.161951	-63.419800
	0.045674	-125.022883	115.161951	-63.479400
	0.045683	-127.099121	115.161951	-63.419800
	0.045693	-125.783342	115.161951	-63.300600
	0.045702	-129.022120	115.161951	-62.108500
	0.045712	-131.348827	115.161951	-61.274000
	0.045721	-130.619212	115.161951	-61.154800
	0.045731	-131.989161	115.161951	-61.095200
	0.045740	-132.082897	115.161951	-61.154800
	0.045750	-131.055865	115.161951	-61.154800
	0.045759	-133.171842	115.161951	-61.035600
	0.045768	-131.755236	115.161951	-61.095200
	0.045778	-131.618487	115.161951	-60.797000
	0.045787	-135.794348	115.161951	-59.306900
	0.045797	-136.032084	115.161951	-58.591600
	0.045806	-136.892236	115.161951	-58.353200
	0.045816	-136.261323	115.161951	-58.353200
	0.045825	-137.070277	115.161951	-58.353200
	0.045835	-137.949487	115.161951	-58.353200
	0.045844	-137.630467	115.161951	-58.353200
	0.045854	-138.676094	115.161951	-58.412800
	0.045863	-138.271951	115.161951	-58.412800
	0.045873	-137.806150	115.161951	-58.412800
	0.045882	-141.197049	115.161951	-57.637900
	0.045892	-154.495821	115.161951	-55.015300
	0.045901	-153.935320	115.161951	-53.465600
	0.045910	-153.259176	115.161951	-53.108000
	0.045920	-153.316514	115.161951	-53.048400
	0.045929	-152.066319	115.161951	-53.048400
	0.045939	-153.329654	115.161951	-53.048400
	0.045948	-153.324261	115.161951	-53.108000
	0.045958	-153.373607	115.161951	-53.108000
	0.045967	-157.099055	115.161951	-53.108000
	0.045977	-155.861032	115.161951	-53.227200
	0.045986	-154.798361	115.161951	-53.048400
	0.045996	-153.999135	115.161951	-53.048400
	0.046005	-154.815305	115.161951	-52.988800
	0.046015	-155.123766	115.161951	-52.929200
	0.046024	-154.494991	115.161951	-52.988800
	0.046034	-154.198260	115.161951	-52.929200
	0.046043	-155.759003	115.161951	-52.809900
	0.046053	-154.688101	115.161951	-52.809900
	0.046062	-155.295735	115.161951	-52.750300
	0.046071	-154.994291	115.161951	-52.690700
	0.046081	-155.803583	115.161951	-52.690700
	0.046090	-155.524355	115.161951	-52.690700
	0.046100	-154.650719	115.161951	-52.750300
	0.046109	-154.793628	115.161951	-52.690700
	0.046119	-155.722501	115.161951	-52.690700
	0.046128	-154.345464	115.161951	-52.631100
	0.046138	-155.149061	115.161951	-52.690700
	0.046147	-154.977164	115.161951	-52.631100
	0.046157	-155.539453	115.161951	-52.571500
	0.046166	-155.294129	115.161951	-52.571500
	0.046176	-156.264300	115.161951	-52.571500
	0.046185	-155.366312	115.161951	-52.571500
	0.046195	-155.190620	115.161951	-52.571500
	0.046204	-155.378548	115.161951	-52.511900
	0.046213	-156.354939	115.161951	-52.452300
	0.046223	-155.745997	115.161951	-52.511900
	0.046232	-155.735921	115.161951	-52.511900
	0.046242	-155.604524	115.161951	-52.392700
	0.046251	-155.255560	115.161951	-52.392700
	0.046261	-156.729477	115.161951	-52.452300
	0.046270	-155.196751	115.161951	-52.452300
	0.046280	-156.202124	115.161951	-52.452300
	0.046289	-155.844423	115.161951	-52.452300
	0.046299	-155.972038	115.161951	-52.511900
	0.046308	-156.538265	115.161951	-52.452300
	0.046318	-155.585662	115.161951	-52.273500
	0.046327	-154.942862	115.161951	-52.333100
	0.046337	-154.924338	115.161951	-52.333100
	0.046346	-155.428652	115.161951	-52.333100
	0.046356	-154.745531	115.161951	-52.452300
	0.046365	-155.315812	115.161951	-52.571500
	0.046374	-155.692282	115.161951	-52.511900
	0.046384	-155.873130	115.161951	-52.452300
	0.046393	-155.027549	115.161951	-52.511900
	0.046403	-155.392331	115.161951	-52.571500
	0.046412	-156.169786	115.161951	-52.571500
	0.046422	-155.360241	115.161951	-52.511900
	0.046431	-155.780736	115.161951	-52.571500
	0.046441	-155.501701	115.161951	-52.571500
	0.046450	-154.854793	115.161951	-52.571500
	0.046460	-155.376596	115.161951	-52.571500
	0.046469	-156.521387	115.161951	-52.571500
	0.046479	-156.280419	115.161951	-52.571500
	0.046488	-156.075762	115.161951	-52.511900
	0.046498	-157.071760	115.161951	-52.452300
	0.046507	-156.034740	115.161951	-52.392700
	0.046516	-156.167966	115.161951	-52.392700
	0.046526	-157.208815	115.161951	-52.452300
	0.046535	-156.936033	115.161951	-52.631100
	0.046545	-156.404770	115.161951	-52.750300
	0.046554	-155.848536	115.161951	-52.750300
	0.046564	-156.932222	115.161951	-52.750300
	0.046573	-157.005679	115.161951	-52.750300
	0.046583	-156.363654	115.161951	-52.631100
	0.046592	-159.241412	115.161951	-52.035100
	0.046602	-159.539492	115.161951	-51.498600
	0.046611	-158.760289	115.161951	-51.319800
	0.046621	-160.263816	115.161951	-51.260200
	0.046630	-160.681895	115.161951	-51.200600
	0.046640	-160.881958	115.161951	-51.200600
	0.046649	-160.852792	115.161951	-51.200600
	0.046659	-160.740285	115.161951	-51.141000
	0.046668	-160.333140	115.161951	-51.141000
	0.046677	-160.548765	115.161951	-51.200600
	0.046687	-160.790648	115.161951	-51.081400
	0.046696	-160.784604	115.161951	-51.021800
	0.046706	-161.234747	115.161951	-51.021800
	0.046715	-161.059251	115.161951	-51.081400
	0.046725	-161.138600	115.161951	-51.081400
	0.046734	-163.090213	115.161951	-50.664200
	0.046744	-163.734346	115.161951	-50.366200
	0.046753	-163.561739	115.161951	-50.246900
	0.046763	-163.049147	115.161951	-50.246900
	0.046772	-162.465801	115.161951	-50.246900
	0.046782	-162.769887	115.161951	-50.306600
	0.046791	-163.073473	115.161951	-50.246900
	0.046801	-164.111269	115.161951	-50.187300
	0.046810	-164.789792	115.161951	-50.068100
	0.046819	-164.359968	115.161951	-50.068100
	0.046829	-163.673553	115.161951	-50.008500
	0.046838	-163.323453	115.161951	-50.008500
	0.046848	-163.328681	115.161951	-50.008500
	0.046857	-163.136422	115.161951	-49.948900
	0.046867	-161.789286	115.161951	-49.948900
	0.046876	-164.357390	115.161951	-49.889300
	0.046886	-164.897342	115.161951	-49.531700
	0.046895	-166.201609	115.161951	-49.352900
	0.046905	-165.309246	115.161951	-49.352900
	0.046914	-164.937265	115.161951	-49.293300
	0.046924	-166.245434	115.161951	-49.233700
	0.046933	-166.389372	115.161951	-49.233700
	0.046943	-165.969789	115.161951	-49.293300
	0.046952	-165.715879	115.161951	-49.352900
	0.046962	-165.416302	115.161951	-49.293300
	0.046971	-165.902105	115.161951	-49.233700
	0.046980	-167.227758	115.161951	-49.114500
	0.046990	-165.275285	115.161951	-49.054900
	0.046999	-167.039570	115.161951	-48.995300
	0.047009	-166.832671	115.161951	-48.995300
	0.047018	-167.718994	115.161951	-49.054900
	0.047028	-167.359216	115.161951	-49.054900
	0.047037	-166.420128	115.161951	-48.995300
	0.047047	-166.152019	115.161951	-49.054900
	0.047056	-165.828111	115.161951	-49.054900
	0.047066	-167.132754	115.161951	-49.054900
	0.047075	-167.150630	115.161951	-49.054900
	0.047085	-166.166140	115.161951	-48.995300
	0.047094	-165.108808	115.161951	-48.995300
	0.047104	-165.572361	115.161951	-49.054900
	0.047113	-165.815161	115.161951	-48.995300
	0.047122	-164.837773	115.161951	-48.995300
	0.047132	-165.991107	115.161951	-48.935600
	0.047141	-165.996900	115.161951	-48.935600
	0.047151	-166.022300	115.161951	-49.054900
	0.047160	-165.977417	115.161951	-49.114500
	0.047170	-166.645543	115.161951	-49.114500
	0.047179	-166.466281	115.161951	-49.114500
	0.047189	-167.064452	115.161951	-49.114500
	0.047198	-165.918124	115.161951	-49.114500
	0.047208	-166.398890	115.161951	-49.054900
	0.047217	-165.853165	115.161951	-48.995300
	0.047227	-166.978657	115.161951	-48.995300
	0.047236	-166.458755	115.161951	-48.995300
	0.047246	-167.655253	115.161951	-48.935600
	0.047255	-168.554860	115.161951	-48.935600
	0.047265	-166.521977	115.161951	-48.935600
	0.047274	-168.005969	115.161951	-48.935600
	0.047283	-167.076162	115.161951	-48.995300
	0.047293	-167.140773	115.161951	-48.816400
	0.047302	-167.845438	115.161951	-48.816400
	0.047312	-167.610229	115.161951	-48.816400
	0.047321	-168.704006	115.161951	-48.697200
	0.047331	-168.214031	115.161951	-48.637600
	0.047340	-168.243583	115.161951	-48.697200
	0.047350	-167.922057	115.161951	-48.697200
	0.047359	-167.921753	115.161951	-48.697200
	0.047369	-167.691237	115.161951	-48.697200
	0.047378	-167.902690	115.161951	-48.637600
	0.047388	-166.967599	115.161951	-48.637600
	0.047397	-167.845837	115.161951	-48.637600
	0.047407	-166.688404	115.161951	-48.637600
	0.047416	-166.763638	115.161951	-48.637600
	0.047425	-167.838022	115.161951	-48.697200
	0.047435	-167.110263	115.161951	-48.697200
	0.047444	-167.829359	115.161951	-48.816400
	0.047454	-167.687314	115.161951	-48.876000
	0.047463	-167.960855	115.161951	-48.876000
	0.047473	-168.789175	115.161951	-48.876000
	0.047482	-168.328026	115.161951	-48.876000
	0.047492	-168.440188	115.161951	-48.935600
	0.047501	-167.654270	115.161951	-48.876000
	0.047511	-168.410001	115.161951	-48.816400
	0.047520	-167.977512	115.161951	-48.816400
	0.047530	-167.406632	115.161951	-48.816400
	0.047539	-170.392667	115.161951	-48.518400
	0.047549	-169.253363	115.161951	-48.101200
	0.047558	-168.950114	115.161951	-47.982000
	0.047568	-169.821844	115.161951	-47.803200
	0.047577	-170.504667	115.161951	-47.683900
	0.047586	-170.125084	115.161951	-47.624300
	0.047596	-170.444319	115.161951	-47.624300
	0.047605	-171.326170	115.161951	-47.564700
	0.047615	-170.846773	115.161951	-47.564700
	0.047624	-170.483985	115.161951	-47.564700
	0.047634	-171.562690	115.161951	-47.564700
	0.047643	-171.660095	115.161951	-47.505100
	0.047653	-171.632363	115.161951	-47.385900
	0.047662	-172.199379	115.161951	-47.385900
	0.047672	-172.448550	115.161951	-47.385900
	0.047681	-171.344201	115.161951	-47.266700
	0.047691	-171.411743	115.161951	-47.207100
	0.047700	-170.981050	115.161951	-47.207100
	0.047710	-170.936380	115.161951	-47.207100
	0.047719	-171.064308	115.161951	-47.147500
	0.047728	-170.425140	115.161951	-47.087900
	0.047738	-170.779654	115.161951	-47.087900
	0.047747	-170.440743	115.161951	-47.087900
	0.047757	-171.437519	115.161951	-47.087900
	0.047766	-171.666173	115.161951	-47.028300
	0.047776	-170.799689	115.161951	-47.087900
	0.047785	-170.943371	115.161951	-47.147500
	0.047795	-171.809432	115.161951	-47.028300
	0.047804	-171.887765	115.161951	-47.028300
	0.047814	-172.402293	115.161951	-46.968700
	0.047823	-175.128213	115.161951	-46.253400
	0.047833	-173.910470	115.161951	-45.895800
	0.047842	-174.272539	115.161951	-45.836200
	0.047852	-173.953735	115.161951	-45.776600
	0.047861	-173.743212	115.161951	-45.776600
	0.047871	-174.431808	115.161951	-45.836200
	0.047880	-174.083879	115.161951	-45.836200
	0.047889	-173.986703	115.161951	-45.776600
	0.047899	-173.873027	115.161951	-45.836200
	0.047908	-173.386746	115.161951	-45.836200
	0.047918	-173.485759	115.161951	-45.836200
	0.047927	-172.035240	115.161951	-45.776600
	0.047937	-173.019567	115.161951	-45.776600
	0.047946	-172.738355	115.161951	-45.717000
	0.047956	-174.209401	115.161951	-45.717000
	0.047965	-173.312933	115.161951	-45.776600
	0.047975	-173.222895	115.161951	-45.776600
	0.047984	-173.163669	115.161951	-45.776600
	0.047994	-172.612779	115.161951	-45.776600
	0.048003	-171.501537	115.161951	-45.776600
	0.048013	-172.365236	115.161951	-45.776600
	0.048022	-173.164712	115.161951	-45.717000
	0.048031	-172.212690	115.161951	-45.717000
	0.048041	-172.560345	115.161951	-45.597800
	0.048050	-172.870954	115.161951	-45.657400
	0.048060	-173.678652	115.161951	-45.657400
	0.048069	-173.733024	115.161951	-45.597800
	0.048079	-172.959476	115.161951	-45.597800
	0.048088	-174.418717	115.161951	-45.657400
	0.048098	-173.583970	115.161951	-45.717000
	0.048107	-174.244393	115.161951	-45.717000
	0.048117	-174.699928	115.161951	-45.597800
	0.048126	-173.578890	115.161951	-45.597800
	0.048136	-174.689252	115.161951	-45.597800
	0.048145	-174.180729	115.161951	-45.597800
	0.048155	-174.540800	115.161951	-45.657400
	0.048164	-174.367699	115.161951	-45.597800
	0.048174	-174.607386	115.161951	-45.538200
	0.048183	-174.218182	115.161951	-45.538200
	0.048192	-173.994097	115.161951	-45.478600
	0.048202	-173.733294	115.161951	-45.478600
	0.048211	-174.168878	115.161951	-45.419000
	0.048221	-173.027289	115.161951	-45.419000
	0.048230	-175.999029	115.161951	-45.419000
	0.048240	-174.385428	115.161951	-45.299800
	0.048249	-174.905946	115.161951	-45.240200
	0.048259	-173.081847	115.161951	-45.240200
	0.048268	-173.758715	115.161951	-45.240200
	0.048278	-175.130274	115.161951	-45.180600
	0.048287	-173.721206	115.161951	-45.240200
	0.048297	-174.161551	115.161951	-45.299800
	0.048306	-173.611114	115.161951	-45.299800
	0.048316	-175.905661	115.161951	-45.001700
	0.048325	-175.621078	115.161951	-44.644100
	0.048334	-176.349935	115.161951	-44.584500
	0.048344	-175.112929	115.161951	-44.644100
	0.048353	-175.284345	115.161951	-44.644100
	0.048363	-175.128063	115.161951	-44.644100
	0.048372	-175.860610	115.161951	-44.584500
	0.048382	-175.780351	115.161951	-44.584500
	0.048391	-176.379353	115.161951	-44.584500
	0.048401	-175.997462	115.161951	-44.584500
	0.048410	-175.401297	115.161951	-44.644100
	0.048420	-176.347432	115.161951	-44.644100
	0.048429	-176.010075	115.161951	-44.703700
	0.048439	-176.780977	115.161951	-44.644100
	0.048448	-175.645633	115.161951	-44.584500
	0.048458	-176.764980	115.161951	-44.644100
	0.048467	-176.524399	115.161951	-44.644100
	0.048477	-176.312891	115.161951	-44.465300
	0.048486	-176.896756	115.161951	-44.405700
	0.048495	-178.010099	115.161951	-44.346100
	0.048505	-177.818515	115.161951	-44.346100
	0.048514	-177.174714	115.161951	-44.405700
	0.048524	-178.419699	115.161951	-44.465300
	0.048533	-178.019138	115.161951	-44.405700
	0.048543	-178.100602	115.161951	-44.346100
	0.048552	-177.846336	115.161951	-44.405700
	0.048562	-177.806036	115.161951	-44.405700
	0.048571	-177.826227	115.161951	-44.405700
	0.048581	-177.631286	115.161951	-44.465300
	0.048590	-177.613306	115.161951	-44.465300
	0.048600	-178.165880	115.161951	-44.405700
	0.048609	-177.302623	115.161951	-44.405700
	0.048619	-177.297106	115.161951	-44.405700
	0.048628	-178.194003	115.161951	-44.405700
	0.048637	-177.581591	115.161951	-44.405700
	0.048647	-178.342486	115.161951	-44.405700
	0.048656	-178.202168	115.161951	-44.405700
	0.048666	-177.352020	115.161951	-44.405700
	0.048675	-177.579747	115.161951	-44.465300
	0.048685	-179.015206	115.161951	-44.465300
	0.048694	-178.351999	115.161951	-44.465300
	0.048704	-178.586736	115.161951	-44.465300
	0.048713	-178.891154	115.161951	-44.465300
	0.048723	-178.439439	115.161951	-44.524900
	0.048732	-178.138942	115.161951	-44.584500
	0.048742	-177.761541	115.161951	-44.524900
	0.048751	-178.179408	115.161951	-44.524900
	0.048761	-177.653990	115.161951	-44.584500
	0.048770	-178.174851	115.161951	-44.584500
	0.048780	-177.405681	115.161951	-44.584500
	0.048789	-179.131277	115.161951	-44.584500
	0.048798	-177.825792	115.161951	-44.644100
	0.048808	-177.458307	115.161951	-44.644100
	0.048817	-177.650081	115.161951	-44.644100
	0.048827	-178.073507	115.161951	-44.644100
	0.048836	-177.034452	115.161951	-44.644100
	0.048846	-177.313602	115.161951	-44.703700
	0.048855	-177.963322	115.161951	-44.703700
	0.048865	-178.403492	115.161951	-44.644100
	0.048874	-177.210256	115.161951	-44.644100
	0.048884	-176.974939	115.161951	-44.703700
	0.048893	-177.359918	115.161951	-44.644100
	0.048903	-177.012890	115.161951	-44.703700
	0.048912	-177.031151	115.161951	-44.763300
	0.048922	-176.675522	115.161951	-44.644100
	0.048931	-177.307820	115.161951	-44.465300
	0.048940	-176.798219	115.161951	-44.465300
	0.048950	-177.021911	115.161951	-44.465300
	0.048959	-177.284634	115.161951	-44.405700
	0.048969	-177.481631	115.161951	-44.346100
	0.048978	-176.763246	115.161951	-44.346100
	0.048988	-177.167583	115.161951	-44.346100
	0.048997	-176.621270	115.161951	-44.226900
	0.049007	-176.626259	115.161951	-44.226900
	0.049016	-176.027951	115.161951	-44.167300
	0.049026	-175.827636	115.161951	-44.107700
	0.049035	-177.768877	115.161951	-44.107700
	0.049045	-177.278124	115.161951	-43.988500
	0.049054	-177.681003	115.161951	-43.869300
	0.049064	-177.642987	115.161951	-43.809600
	0.049073	-178.381547	115.161951	-43.750000
	0.049083	-178.057968	115.161951	-43.750000
	0.049092	-177.112170	115.161951	-43.809600
	0.049101	-177.886503	115.161951	-43.809600
	0.049111	-179.041406	115.161951	-43.809600
	0.049120	-178.143038	115.161951	-43.869300
	0.049130	-178.539174	115.161951	-43.869300
	0.049139	-178.924756	115.161951	-43.928900
	0.049149	-178.233183	115.161951	-44.048100
	0.049158	-178.403867	115.161951	-44.048100
	0.049168	-179.119919	115.161951	-43.988500
	0.049177	-178.095158	115.161951	-43.988500
	0.049187	-178.687211	115.161951	-43.988500
	0.049196	-178.794842	115.161951	-44.048100
	0.049206	-178.814059	115.161951	-43.988500
	0.049215	-179.276560	115.161951	-43.988500
	0.049225	-179.234997	115.161951	-43.988500
	0.049234	-178.832974	115.161951	-43.928900
	0.049243	-176.982032	115.161951	-43.988500
	0.049253	-178.381264	115.161951	-43.928900
	0.049262	-177.556547	115.161951	-43.869300
	0.049272	-177.281783	115.161951	-43.869300
	0.049281	-178.353552	115.161951	-43.988500
	0.049291	-178.245480	115.161951	-43.988500
	0.049300	-177.947742	115.161951	-43.928900
	0.049310	-176.775934	115.161951	-43.988500
	0.049319	-177.562893	115.161951	-44.048100
	0.049329	-177.976358	115.161951	-44.048100
	0.049338	-178.125283	115.161951	-44.048100
	0.049348	-178.178047	115.161951	-44.048100
	0.049357	-177.733895	115.161951	-43.988500
	0.049367	-176.944748	115.161951	-44.048100
	0.049376	-177.936915	115.161951	-44.048100
	0.049386	-176.971840	115.161951	-44.107700
	0.049395	-177.217133	115.161951	-44.107700
	0.049404	-177.212891	115.161951	-44.107700
	0.049414	-177.756529	115.161951	-44.107700
	0.049423	-177.554391	115.161951	-44.107700
	0.049433	-178.084723	115.161951	-44.167300
	0.049442	-177.773925	115.161951	-44.167300
	0.049452	-177.934830	115.161951	-44.167300
	0.049461	-178.211925	115.161951	-44.167300
	0.049471	-177.705350	115.161951	-44.167300
	0.049480	-177.841095	115.161951	-44.226900
	0.049490	-177.528500	115.161951	-44.286500
	0.049499	-178.378331	115.161951	-44.286500
	0.049509	-178.408499	115.161951	-44.167300
	0.049518	-178.097067	115.161951	-44.107700
	0.049528	-178.927762	115.161951	-44.048100
	0.049537	-178.647372	115.161951	-43.869300
	0.049546	-177.749660	115.161951	-43.869300
	0.049556	-177.602561	115.161951	-43.869300
	0.049565	-178.290256	115.161951	-43.809600
	0.049575	-177.667357	115.161951	-43.809600
	0.049584	-177.472843	115.161951	-43.809600
	0.049594	-178.094868	115.161951	-43.750000
	0.049603	-178.794497	115.161951	-43.809600
	0.049613	-178.601981	115.161951	-43.809600
	0.049622	-178.590037	115.161951	-43.809600
	0.049632	-178.274755	115.161951	-43.750000
	0.049641	-178.291109	115.161951	-43.750000
	0.049651	-177.847475	115.161951	-43.809600
	0.049660	-179.124902	115.161951	-43.750000
	0.049670	-177.232958	115.161951	-43.690400
	0.049679	-177.721332	115.161951	-43.750000
	0.049689	-177.648369	115.161951	-43.750000
	0.049698	-178.655606	115.161951	-43.690400
	0.049707	-177.667909	115.161951	-43.750000
	0.049717	-179.022740	115.161951	-43.690400
	0.049726	-179.075337	115.161951	-43.630800
	0.049736	-179.664926	115.161951	-43.571200
	0.049745	-178.449310	115.161951	-43.630800
	0.049755	-178.728180	115.161951	-43.630800
	0.049764	-178.553530	115.161951	-43.571200
	0.049774	-178.553797	115.161951	-43.571200
	0.049783	-178.860856	115.161951	-43.511600
	0.049793	-179.343156	115.161951	-43.511600
	0.049802	-179.609144	115.161951	-43.511600
	0.049812	-179.453677	115.161951	-43.511600
	0.049821	-178.898266	115.161951	-43.511600
	0.049831	-179.213697	115.161951	-43.511600
	0.049840	-178.847975	115.161951	-43.571200
	0.049849	-179.523604	115.161951	-43.630800
	0.049859	-179.160174	115.161951	-43.809600
	0.049868	-179.558502	115.161951	-43.988500
	0.049878	-180.700231	115.161951	-44.048100
	0.049887	-179.291019	115.161951	-44.107700
	0.049897	-179.372629	115.161951	-44.107700
	0.049906	-179.690453	115.161951	-44.048100
	0.049916	-179.423240	115.161951	-44.048100
	0.049925	-178.883622	115.161951	-44.048100
	0.049935	-179.496801	115.161951	-44.048100
	0.049944	-179.440266	115.161951	-43.988500
	0.049954	-179.339864	115.161951	-43.988500
	0.049963	-177.884357	115.161951	-43.988500
	0.049973	-177.598254	115.161951	-43.988500
	0.049982	-179.028954	115.161951	-43.869300
	0.049991	-178.604112	115.161951	-43.869300
	0.050001	-178.944169	115.161951	-43.869300
	0.050010	-180.493358	115.161951	-43.809600
	0.050020	-179.708442	115.161951	-43.809600
	0.050029	-179.939684	115.161951	-43.809600
	0.050039	-179.825969	115.161951	-43.690400
	0.050048	-180.081571	115.161951	-43.571200
	0.050058	-181.093802	115.161951	-43.571200
	0.050067	-179.691066	115.161951	-43.571200
	0.050077	-179.725789	115.161951	-43.571200
	0.050086	-179.044973	115.161951	-43.571200
	0.050096	-179.545509	115.161951	-43.511600
	0.050105	-179.777335	115.161951	-43.511600
	0.050115	-180.035020	115.161951	-43.452000
	0.050124	-180.083794	115.161951	-43.511600
	0.050134	-179.283168	115.161951	-43.571200
	0.050143	-179.394614	115.161951	-43.571200
	0.050152	-180.498248	115.161951	-43.630800
	0.050162	-180.149903	115.161951	-43.630800
	0.050171	-180.253319	115.161951	-43.571200
	0.050181	-180.165269	115.161951	-43.511600
	0.050190	-179.464020	115.161951	-43.571200
	0.050200	-179.678510	115.161951	-43.630800
	0.050209	-179.708682	115.161951	-43.630800
	0.050219	-180.268189	115.161951	-43.571200
	0.050228	-178.772517	115.161951	-43.571200
	0.050238	-179.079101	115.161951	-43.630800
	0.050247	-178.828694	115.161951	-43.630800
	0.050257	-179.273162	115.161951	-43.750000
	0.050266	-179.567354	115.161951	-43.750000
	0.050276	-178.253474	115.161951	-43.690400
	0.050285	-179.669558	115.161951	-43.630800
	0.050294	-179.172668	115.161951	-43.750000
	0.050304	-178.975540	115.161951	-43.690400
	0.050313	-179.742646	115.161951	-43.690400
	0.050323	-179.601727	115.161951	-43.690400
	0.050332	-179.223313	115.161951	-43.690400
	0.050342	-179.867161	115.161951	-43.630800
	0.050351	-179.949622	115.161951	-43.750000
	0.050361	-180.687063	115.161951	-43.750000
	0.050370	-180.124648	115.161951	-43.750000
	0.050380	-178.926324	115.161951	-43.869300
	0.050389	-179.447546	115.161951	-43.928900
	0.050399	-178.026459	115.161951	-43.928900
	0.050408	-179.747252	115.161951	-43.928900
	0.050418	-179.569583	115.161951	-43.988500
	0.050427	-178.873187	115.161951	-44.048100
	0.050437	-179.463125	115.161951	-44.048100
	0.050446	-179.289987	115.161951	-44.107700
	0.050455	-180.002265	115.161951	-44.167300
	0.050465	-178.864060	115.161951	-44.167300
	0.050474	-179.018092	115.161951	-44.167300
	0.050484	-179.319674	115.161951	-44.226900
