	-0.071022	1.452825	115.161951	-33.557600
	-0.068270	-0.870332	115.161951	-33.557600
	-0.065518	-0.845795	115.161951	-33.676900
	-0.062767	-0.209895	115.161951	-33.796100
	-0.060015	-0.828874	115.161951	-33.974900
	-0.057264	-0.874619	115.161951	-34.213300
	-0.054512	-0.847776	115.161951	-34.451700
	-0.051760	-2.458840	115.161951	-34.690100
	-0.049009	-2.880737	115.161951	-34.928600
	-0.046257	-2.949540	115.161951	-35.167000
	-0.043506	-2.283835	115.161951	-35.345800
	-0.040754	-1.382959	115.161951	-35.643800
	-0.038002	-1.546711	115.161951	-36.001400
	-0.035251	-2.861322	115.161951	-36.418700
	-0.032499	-3.532633	115.161951	-36.716700
	-0.029748	-2.679400	115.161951	-37.133900
	-0.026996	-2.196613	115.161951	-37.551200
	-0.024245	-2.956684	115.161951	-37.908800
	-0.021493	-4.540768	115.161951	-38.266400
	-0.018741	-4.207738	115.161951	-38.802900
	-0.015990	-3.425708	115.161951	-39.398900
	-0.013238	-3.279553	115.161951	-39.935300
	-0.010487	-3.749334	115.161951	-40.531400
	-0.007735	-3.264179	115.161951	-41.067800
	-0.004984	-3.768418	115.161951	-42.081100
	-0.002232	-4.413537	115.161951	-42.796400
	0.000520	-4.969452	115.161951	-43.630800
	0.003271	-5.124984	115.161951	-44.346100
	0.006023	-5.598894	115.161951	-45.717000
	0.008774	-5.616048	115.161951	-46.670700
	0.011526	-6.734736	115.161951	-47.743600
	0.014278	-7.096585	115.161951	-49.531700
	0.017029	-7.825845	115.161951	-51.081400
	0.019781	-9.513262	115.161951	-52.929200
	0.022532	-9.113954	115.161951	-55.551800
	0.025284	-10.119754	115.161951	-57.816700
	0.028036	-10.451459	115.161951	-60.677800
	0.030787	-12.505095	115.161951	-64.969500
	0.033539	-14.949637	115.161951	-69.678300
	0.036290	-16.663291	115.161951	-74.744700
	0.036290	-20.031626	115.161951	-80.049500
	0.036300	-20.749265	115.161951	-81.480000
	0.036309	-20.598239	115.161951	-81.837600
	0.036319	-20.151754	115.161951	-81.897200
	0.036328	-20.145643	115.161951	-81.956900
	0.036338	-20.612443	115.161951	-82.016500
	0.036347	-20.400875	115.161951	-82.076100
	0.036357	-20.479125	115.161951	-82.076100
	0.036366	-20.260332	115.161951	-82.076100
	0.036376	-20.032088	115.161951	-82.016500
	0.036385	-19.950534	115.161951	-82.016500
	0.036394	-19.855706	115.161951	-82.016500
	0.036404	-20.025122	115.161951	-82.016500
	0.036413	-20.713340	115.161951	-82.016500
	0.036423	-20.128501	115.161951	-82.016500
	0.036432	-20.072734	115.161951	-82.076100
	0.036442	-20.141455	115.161951	-82.076100
	0.036451	-19.190939	115.161951	-82.135700
	0.036461	-19.802227	115.161951	-82.135700
	0.036470	-19.053518	115.161951	-82.135700
	0.036480	-18.385616	115.161951	-82.135700
	0.036489	-19.779406	115.161951	-82.135700
	0.036499	-19.367632	115.161951	-82.135700
	0.036508	-19.037814	115.161951	-82.314500
	0.036518	-19.935400	115.161951	-82.374100
	0.036527	-20.333209	115.161951	-82.433700
	0.036537	-21.110439	115.161951	-82.493300
	0.036546	-20.281457	115.161951	-82.552900
	0.036555	-19.941493	115.161951	-82.433700
	0.036565	-19.451090	115.161951	-82.433700
	0.036574	-20.802882	115.161951	-82.552900
	0.036584	-19.953802	115.161951	-82.612500
	0.036593	-19.658726	115.161951	-82.612500
	0.036603	-19.671152	115.161951	-82.612500
	0.036612	-20.119502	115.161951	-82.552900
	0.036622	-19.560502	115.161951	-82.433700
	0.036631	-19.346703	115.161951	-82.433700
	0.036641	-19.212099	115.161951	-82.552900
	0.036650	-19.254113	115.161951	-82.552900
	0.036660	-19.761362	115.161951	-82.612500
	0.036669	-18.274714	115.161951	-82.612500
	0.036679	-18.743431	115.161951	-82.612500
	0.036688	-18.767938	115.161951	-82.672100
	0.036697	-18.923044	115.161951	-82.672100
	0.036707	-19.104444	115.161951	-82.672100
	0.036716	-19.391910	115.161951	-82.731700
	0.036726	-18.830417	115.161951	-82.672100
	0.036735	-18.732538	115.161951	-82.731700
	0.036745	-20.187888	115.161951	-82.731700
	0.036754	-19.147032	115.161951	-82.731700
	0.036764	-19.056954	115.161951	-82.791300
	0.036773	-19.645950	115.161951	-82.791300
	0.036783	-19.609077	115.161951	-82.791300
	0.036792	-19.651607	115.161951	-82.731700
	0.036802	-20.253155	115.161951	-82.731700
	0.036811	-20.427896	115.161951	-82.731700
	0.036821	-19.487805	115.161951	-82.791300
	0.036830	-20.181772	115.161951	-82.791300
	0.036840	-21.084174	115.161951	-82.850900
	0.036849	-20.169764	115.161951	-82.850900
	0.036858	-21.623753	115.161951	-82.850900
	0.036868	-21.068529	115.161951	-82.850900
	0.036877	-21.182255	115.161951	-82.791300
	0.036887	-20.967478	115.161951	-82.791300
	0.036896	-20.397528	115.161951	-82.791300
	0.036906	-21.847400	115.161951	-82.731700
	0.036915	-22.675166	115.161951	-82.672100
	0.036925	-20.820497	115.161951	-82.731700
	0.036934	-21.656125	115.161951	-82.731700
	0.036944	-22.282245	115.161951	-82.731700
	0.036953	-21.570897	115.161951	-82.791300
	0.036963	-20.774281	115.161951	-82.791300
	0.036972	-20.785000	115.161951	-82.850900
	0.036982	-22.181824	115.161951	-82.791300
	0.036991	-21.775326	115.161951	-82.791300
	0.037000	-21.821881	115.161951	-82.850900
	0.037010	-21.292922	115.161951	-82.850900
	0.037019	-22.769255	115.161951	-82.791300
	0.037029	-22.320948	115.161951	-82.791300
	0.037038	-22.001122	115.161951	-82.791300
	0.037048	-20.486097	115.161951	-82.850900
	0.037057	-22.236613	115.161951	-82.910500
	0.037067	-20.612205	115.161951	-82.970100
	0.037076	-22.016163	115.161951	-83.029700
	0.037086	-21.689219	115.161951	-83.029700
	0.037095	-20.517760	115.161951	-82.970100
	0.037105	-22.227330	115.161951	-82.970100
	0.037114	-21.483298	115.161951	-82.970100
	0.037124	-21.741072	115.161951	-82.970100
	0.037133	-21.035238	115.161951	-82.910500
	0.037143	-22.413139	115.161951	-82.970100
	0.037152	-20.191425	115.161951	-83.029700
	0.037161	-21.944931	115.161951	-83.089300
	0.037171	-22.228609	115.161951	-83.148900
	0.037180	-20.381785	115.161951	-83.208500
	0.037190	-21.107873	115.161951	-83.268200
	0.037199	-20.105416	115.161951	-83.268200
	0.037209	-21.343892	115.161951	-83.268200
	0.037218	-21.444899	115.161951	-83.268200
	0.037228	-21.087648	115.161951	-83.268200
	0.037237	-21.432128	115.161951	-83.387400
	0.037247	-20.639075	115.161951	-83.387400
	0.037256	-22.269449	115.161951	-83.327800
	0.037266	-21.109113	115.161951	-83.268200
	0.037275	-20.292017	115.161951	-83.268200
	0.037285	-21.390940	115.161951	-83.387400
	0.037294	-20.165319	115.161951	-83.387400
	0.037303	-20.440768	115.161951	-83.387400
	0.037313	-21.389465	115.161951	-83.387400
	0.037322	-20.501738	115.161951	-83.447000
	0.037332	-21.629078	115.161951	-83.506600
	0.037341	-20.081532	115.161951	-83.506600
	0.037351	-20.149509	115.161951	-83.447000
	0.037360	-20.323788	115.161951	-83.447000
	0.037370	-20.449116	115.161951	-83.506600
	0.037379	-20.585993	115.161951	-83.447000
	0.037389	-21.058138	115.161951	-83.447000
	0.037398	-21.246402	115.161951	-83.447000
	0.037408	-20.249853	115.161951	-83.506600
	0.037417	-20.461807	115.161951	-83.566200
	0.037427	-19.879351	115.161951	-83.566200
	0.037436	-20.226689	115.161951	-83.685400
	0.037446	-19.834614	115.161951	-83.804600
	0.037455	-20.216660	115.161951	-83.804600
	0.037464	-20.941130	115.161951	-83.804600
	0.037474	-20.531582	115.161951	-83.804600
	0.037483	-20.943197	115.161951	-83.804600
	0.037493	-20.711081	115.161951	-83.864200
	0.037502	-21.571349	115.161951	-83.864200
	0.037512	-20.815428	115.161951	-83.923800
	0.037521	-22.613609	115.161951	-83.864200
	0.037531	-21.675324	115.161951	-83.923800
	0.037540	-22.728024	115.161951	-83.983400
	0.037550	-22.136576	115.161951	-84.043000
	0.037559	-23.027271	115.161951	-84.102600
	0.037569	-21.728768	115.161951	-84.102600
	0.037578	-22.720570	115.161951	-84.162200
	0.037588	-22.229844	115.161951	-84.281400
	0.037597	-22.968252	115.161951	-84.281400
	0.037606	-22.133803	115.161951	-84.281400
	0.037616	-22.732842	115.161951	-84.221800
	0.037625	-21.536587	115.161951	-84.281400
	0.037635	-21.392984	115.161951	-84.341000
	0.037644	-21.499442	115.161951	-84.400600
	0.037654	-21.049712	115.161951	-84.400600
	0.037663	-20.877664	115.161951	-84.460200
	0.037673	-20.761449	115.161951	-84.519900
	0.037682	-20.105599	115.161951	-84.519900
	0.037692	-21.409384	115.161951	-84.579500
	0.037701	-22.036606	115.161951	-84.639100
	0.037711	-21.508443	115.161951	-84.639100
	0.037720	-21.650702	115.161951	-84.639100
	0.037730	-21.312489	115.161951	-84.639100
	0.037739	-21.467654	115.161951	-84.698700
	0.037748	-23.233593	115.161951	-84.758300
	0.037758	-21.057179	115.161951	-84.698700
	0.037767	-22.167146	115.161951	-84.698700
	0.037777	-22.139955	115.161951	-84.698700
	0.037786	-21.320631	115.161951	-84.817900
	0.037796	-20.858018	115.161951	-84.877500
	0.037805	-21.349079	115.161951	-84.877500
	0.037815	-21.308457	115.161951	-84.937100
	0.037824	-21.222823	115.161951	-84.877500
	0.037834	-21.235773	115.161951	-84.937100
	0.037843	-20.322544	115.161951	-84.937100
	0.037853	-21.866617	115.161951	-84.937100
	0.037862	-21.585190	115.161951	-84.937100
	0.037872	-21.457538	115.161951	-84.937100
	0.037881	-21.091382	115.161951	-84.937100
	0.037891	-21.271882	115.161951	-84.937100
	0.037900	-21.276716	115.161951	-84.996700
	0.037909	-21.111286	115.161951	-85.115900
	0.037919	-21.330112	115.161951	-85.115900
	0.037928	-20.414758	115.161951	-85.115900
	0.037938	-21.079139	115.161951	-85.175500
	0.037947	-21.005224	115.161951	-85.175500
	0.037957	-20.311463	115.161951	-85.175500
	0.037966	-21.251732	115.161951	-85.235100
	0.037976	-22.160088	115.161951	-85.354300
	0.037985	-21.655553	115.161951	-85.413900
	0.037995	-20.919740	115.161951	-85.354300
	0.038004	-22.758846	115.161951	-85.413900
	0.038014	-21.717767	115.161951	-85.473500
	0.038023	-21.813183	115.161951	-85.473500
	0.038033	-21.212648	115.161951	-85.533100
	0.038042	-21.441297	115.161951	-85.533100
	0.038051	-21.147349	115.161951	-85.592700
	0.038061	-20.620834	115.161951	-85.533100
	0.038070	-21.612582	115.161951	-85.592700
	0.038080	-20.575934	115.161951	-85.652300
	0.038089	-22.301513	115.161951	-85.711900
	0.038099	-22.404166	115.161951	-85.711900
	0.038108	-22.248736	115.161951	-85.711900
	0.038118	-22.053210	115.161951	-85.711900
	0.038127	-23.128815	115.161951	-85.711900
	0.038137	-22.517855	115.161951	-85.831200
	0.038146	-21.985476	115.161951	-85.831200
	0.038156	-22.641732	115.161951	-85.831200
	0.038165	-21.535868	115.161951	-85.831200
	0.038175	-21.279178	115.161951	-85.771500
	0.038184	-21.158331	115.161951	-85.771500
	0.038194	-21.772413	115.161951	-85.890800
	0.038203	-20.801456	115.161951	-85.950400
	0.038212	-21.405029	115.161951	-85.950400
	0.038222	-21.851540	115.161951	-86.010000
	0.038231	-21.742756	115.161951	-86.010000
	0.038241	-22.045755	115.161951	-86.010000
	0.038250	-21.977745	115.161951	-86.069600
	0.038260	-22.604717	115.161951	-86.129200
	0.038269	-23.007859	115.161951	-86.129200
	0.038279	-22.671874	115.161951	-86.129200
	0.038288	-22.171779	115.161951	-86.248400
	0.038298	-22.287108	115.161951	-86.248400
	0.038307	-22.499851	115.161951	-86.188800
	0.038317	-22.724633	115.161951	-86.248400
	0.038326	-22.502993	115.161951	-86.248400
	0.038336	-21.988143	115.161951	-86.248400
	0.038345	-22.598644	115.161951	-86.308000
	0.038354	-22.847047	115.161951	-86.308000
	0.038364	-23.618409	115.161951	-86.308000
	0.038373	-22.196509	115.161951	-86.308000
	0.038383	-21.650742	115.161951	-86.308000
	0.038392	-21.634383	115.161951	-86.367600
	0.038402	-21.425732	115.161951	-86.367600
	0.038411	-21.862863	115.161951	-86.367600
	0.038421	-20.554023	115.161951	-86.367600
	0.038430	-21.750647	115.161951	-86.367600
	0.038440	-21.797097	115.161951	-86.367600
	0.038449	-20.468234	115.161951	-86.427200
	0.038459	-21.405213	115.161951	-86.427200
	0.038468	-22.227806	115.161951	-86.367600
	0.038478	-22.550588	115.161951	-86.308000
	0.038487	-21.224334	115.161951	-86.367600
	0.038497	-22.065014	115.161951	-86.486800
	0.038506	-22.367803	115.161951	-86.486800
	0.038515	-20.997803	115.161951	-86.486800
	0.038525	-21.334845	115.161951	-86.486800
	0.038534	-22.395663	115.161951	-86.546400
	0.038544	-21.852846	115.161951	-86.546400
	0.038553	-21.445037	115.161951	-86.606000
	0.038563	-22.028965	115.161951	-86.546400
	0.038572	-22.438130	115.161951	-86.606000
	0.038582	-20.699546	115.161951	-86.606000
	0.038591	-21.301666	115.161951	-86.665600
	0.038601	-21.587761	115.161951	-86.606000
	0.038610	-21.627538	115.161951	-86.606000
	0.038620	-22.022670	115.161951	-86.606000
	0.038629	-22.055873	115.161951	-86.665600
	0.038639	-21.846991	115.161951	-86.725200
	0.038648	-22.631067	115.161951	-86.725200
	0.038657	-22.165439	115.161951	-86.725200
	0.038667	-21.265124	115.161951	-86.725200
	0.038676	-22.104654	115.161951	-86.784800
	0.038686	-22.326149	115.161951	-86.844400
	0.038695	-22.111846	115.161951	-86.784800
	0.038705	-20.992357	115.161951	-86.844400
	0.038714	-21.256232	115.161951	-86.844400
	0.038724	-21.416158	115.161951	-86.904000
	0.038733	-21.801505	115.161951	-86.904000
	0.038743	-22.299894	115.161951	-86.963600
	0.038752	-23.450675	115.161951	-87.023200
	0.038762	-22.122132	115.161951	-87.082900
	0.038771	-22.623500	115.161951	-86.963600
	0.038781	-22.180142	115.161951	-86.963600
	0.038790	-22.621685	115.161951	-86.963600
	0.038800	-22.546733	115.161951	-87.082900
	0.038809	-22.964599	115.161951	-87.142500
	0.038818	-22.822824	115.161951	-87.142500
	0.038828	-22.295449	115.161951	-87.142500
	0.038837	-22.410182	115.161951	-87.202100
	0.038847	-22.202762	115.161951	-87.261700
	0.038856	-23.367713	115.161951	-87.261700
	0.038866	-22.161924	115.161951	-87.261700
	0.038875	-22.197251	115.161951	-87.321300
	0.038885	-21.978933	115.161951	-87.380900
	0.038894	-23.676851	115.161951	-87.380900
	0.038904	-21.839916	115.161951	-87.440500
	0.038913	-22.328394	115.161951	-87.440500
	0.038923	-21.602111	115.161951	-87.440500
	0.038932	-23.077657	115.161951	-87.500100
	0.038942	-22.159848	115.161951	-87.559700
	0.038951	-23.073558	115.161951	-87.678900
	0.038960	-22.452143	115.161951	-87.738500
	0.038970	-21.930791	115.161951	-87.738500
	0.038979	-22.387767	115.161951	-87.738500
	0.038989	-22.156254	115.161951	-87.798100
	0.038998	-23.443857	115.161951	-87.857700
	0.039008	-22.699981	115.161951	-87.798100
	0.039017	-23.548410	115.161951	-87.857700
	0.039027	-22.556897	115.161951	-87.857700
	0.039036	-22.228562	115.161951	-87.917300
	0.039046	-22.508550	115.161951	-87.917300
	0.039055	-22.856351	115.161951	-87.976900
	0.039065	-23.345777	115.161951	-87.917300
	0.039074	-21.849996	115.161951	-87.917300
	0.039084	-22.910637	115.161951	-87.976900
	0.039093	-21.012324	115.161951	-87.976900
	0.039103	-21.686644	115.161951	-87.976900
	0.039112	-22.741969	115.161951	-87.917300
	0.039121	-21.118545	115.161951	-87.917300
	0.039131	-23.075568	115.161951	-87.976900
	0.039140	-22.542610	115.161951	-88.096100
	0.039150	-22.581396	115.161951	-88.096100
	0.039159	-23.628893	115.161951	-88.096100
	0.039169	-23.641786	115.161951	-88.096100
	0.039178	-23.057083	115.161951	-88.155700
	0.039188	-23.839394	115.161951	-88.215300
	0.039197	-24.051744	115.161951	-88.274900
	0.039207	-23.600903	115.161951	-88.215300
	0.039216	-23.032656	115.161951	-88.096100
	0.039226	-23.115863	115.161951	-88.036500
	0.039235	-23.839675	115.161951	-88.096100
	0.039245	-23.874180	115.161951	-88.096100
	0.039254	-23.135777	115.161951	-88.096100
	0.039263	-22.566992	115.161951	-88.036500
	0.039273	-22.828444	115.161951	-88.036500
	0.039282	-23.307305	115.161951	-88.036500
	0.039292	-22.946720	115.161951	-88.155700
	0.039301	-23.215341	115.161951	-88.215300
	0.039311	-23.743685	115.161951	-88.215300
	0.039320	-22.844338	115.161951	-88.215300
	0.039330	-22.708499	115.161951	-88.215300
	0.039339	-22.462248	115.161951	-88.215300
	0.039349	-22.083733	115.161951	-88.274900
	0.039358	-22.384844	115.161951	-88.334500
	0.039368	-23.047344	115.161951	-88.334500
	0.039377	-22.624806	115.161951	-88.394200
	0.039387	-22.277050	115.161951	-88.453800
	0.039396	-22.554676	115.161951	-88.513400
	0.039406	-23.025934	115.161951	-88.573000
	0.039415	-22.561215	115.161951	-88.573000
	0.039424	-22.849105	115.161951	-88.573000
	0.039434	-22.364962	115.161951	-88.513400
	0.039443	-23.153931	115.161951	-88.573000
	0.039453	-22.757651	115.161951	-88.573000
	0.039462	-23.006302	115.161951	-88.632600
	0.039472	-22.711252	115.161951	-88.632600
	0.039481	-22.766568	115.161951	-88.632600
	0.039491	-23.101580	115.161951	-88.632600
	0.039500	-23.378275	115.161951	-88.632600
	0.039510	-23.396013	115.161951	-88.751800
	0.039519	-23.178771	115.161951	-88.751800
	0.039529	-23.237370	115.161951	-88.751800
	0.039538	-24.848022	115.161951	-88.751800
	0.039548	-24.625866	115.161951	-88.751800
	0.039557	-24.483333	115.161951	-88.751800
	0.039566	-24.110042	115.161951	-88.811400
	0.039576	-24.487935	115.161951	-88.871000
	0.039585	-24.902620	115.161951	-88.871000
	0.039595	-24.405854	115.161951	-88.871000
	0.039604	-23.618576	115.161951	-88.871000
	0.039614	-23.950059	115.161951	-88.871000
	0.039623	-24.542430	115.161951	-88.871000
	0.039633	-24.820166	115.161951	-88.811400
	0.039642	-23.684709	115.161951	-88.811400
	0.039652	-23.088346	115.161951	-88.871000
	0.039661	-22.882861	115.161951	-88.871000
	0.039671	-23.437922	115.161951	-88.871000
	0.039680	-24.176071	115.161951	-88.871000
	0.039690	-23.084248	115.161951	-88.871000
	0.039699	-22.921025	115.161951	-88.990200
	0.039709	-23.254123	115.161951	-89.049800
	0.039718	-21.942767	115.161951	-88.930600
	0.039727	-23.094626	115.161951	-88.990200
	0.039737	-22.771660	115.161951	-89.109400
	0.039746	-22.158471	115.161951	-89.049800
	0.039756	-22.710984	115.161951	-89.109400
	0.039765	-21.899735	115.161951	-89.109400
	0.039775	-24.221619	115.161951	-89.169000
	0.039784	-23.111727	115.161951	-89.228600
	0.039794	-22.277616	115.161951	-89.228600
	0.039803	-23.642250	115.161951	-89.228600
	0.039813	-23.581539	115.161951	-89.228600
	0.039822	-22.640195	115.161951	-89.288200
	0.039832	-23.524803	115.161951	-89.347800
	0.039841	-23.501323	115.161951	-89.407400
	0.039851	-23.668043	115.161951	-89.467000
	0.039860	-23.220549	115.161951	-89.467000
	0.039869	-23.285836	115.161951	-89.586200
	0.039879	-23.407017	115.161951	-89.467000
	0.039888	-23.905062	115.161951	-89.407400
	0.039898	-23.409245	115.161951	-89.467000
	0.039907	-23.457150	115.161951	-89.467000
	0.039917	-23.776764	115.161951	-89.467000
	0.039926	-25.215449	115.161951	-89.586200
	0.039936	-24.069365	115.161951	-89.645900
	0.039945	-23.928054	115.161951	-89.645900
	0.039955	-23.791635	115.161951	-89.645900
	0.039964	-24.177643	115.161951	-89.645900
	0.039974	-23.920308	115.161951	-89.645900
	0.039983	-23.578679	115.161951	-89.705500
	0.039993	-23.473909	115.161951	-89.765100
	0.040002	-24.469805	115.161951	-89.765100
	0.040012	-23.534060	115.161951	-89.884300
	0.040021	-23.103548	115.161951	-89.884300
	0.040030	-22.575533	115.161951	-89.943900
	0.040040	-21.855532	115.161951	-90.003500
	0.040049	-24.003603	115.161951	-90.003500
	0.040059	-23.726313	115.161951	-90.003500
	0.040068	-23.921739	115.161951	-90.003500
	0.040078	-24.069264	115.161951	-90.003500
	0.040087	-23.581049	115.161951	-90.063100
	0.040097	-24.178400	115.161951	-90.063100
	0.040106	-23.211453	115.161951	-90.063100
	0.040116	-23.764153	115.161951	-90.063100
	0.040125	-23.513683	115.161951	-90.182300
	0.040135	-23.834290	115.161951	-90.241900
	0.040144	-23.313013	115.161951	-90.241900
	0.040154	-22.975686	115.161951	-90.182300
	0.040163	-24.140910	115.161951	-90.241900
	0.040172	-22.731909	115.161951	-90.241900
	0.040182	-23.261594	115.161951	-90.241900
	0.040191	-23.298526	115.161951	-90.301500
	0.040201	-22.816509	115.161951	-90.301500
	0.040210	-24.165008	115.161951	-90.301500
	0.040220	-24.159677	115.161951	-90.301500
	0.040229	-24.240578	115.161951	-90.361100
	0.040239	-24.034201	115.161951	-90.420700
	0.040248	-24.494816	115.161951	-90.301500
	0.040258	-23.990226	115.161951	-90.122700
	0.040267	-23.706908	115.161951	-90.182300
	0.040277	-24.740351	115.161951	-90.182300
	0.040286	-25.960739	115.161951	-90.241900
	0.040296	-24.414991	115.161951	-90.182300
	0.040305	-23.975318	115.161951	-90.301500
	0.040315	-24.273821	115.161951	-90.420700
	0.040324	-25.388009	115.161951	-90.420700
	0.040333	-26.522959	115.161951	-90.361100
	0.040343	-26.384480	115.161951	-90.420700
	0.040352	-25.906841	115.161951	-90.420700
	0.040362	-26.210852	115.161951	-90.480300
	0.040371	-25.969152	115.161951	-90.539900
	0.040381	-25.961215	115.161951	-90.539900
	0.040390	-26.444588	115.161951	-90.599500
	0.040400	-25.625230	115.161951	-90.718700
	0.040409	-24.269550	115.161951	-90.718700
	0.040419	-25.282549	115.161951	-90.778300
	0.040428	-26.570444	115.161951	-90.778300
	0.040438	-26.174319	115.161951	-90.837900
	0.040447	-25.617603	115.161951	-90.897500
	0.040457	-25.520694	115.161951	-90.897500
	0.040466	-25.783740	115.161951	-90.897500
	0.040475	-26.505867	115.161951	-90.897500
	0.040485	-26.305037	115.161951	-91.016800
	0.040494	-26.306684	115.161951	-91.016800
	0.040504	-25.854760	115.161951	-91.016800
	0.040513	-26.719032	115.161951	-90.778300
	0.040523	-26.985366	115.161951	-90.718700
	0.040532	-25.492844	115.161951	-90.718700
	0.040542	-27.324208	115.161951	-90.718700
	0.040551	-25.961863	115.161951	-90.718700
	0.040561	-25.210108	115.161951	-90.778300
	0.040570	-26.197758	115.161951	-90.837900
	0.040580	-25.977164	115.161951	-90.897500
	0.040589	-26.069679	115.161951	-90.957200
	0.040599	-25.452433	115.161951	-90.957200
	0.040608	-25.522198	115.161951	-91.016800
	0.040618	-26.457980	115.161951	-91.016800
	0.040627	-26.467869	115.161951	-91.076400
	0.040636	-26.070998	115.161951	-91.076400
	0.040646	-24.674866	115.161951	-91.076400
	0.040655	-25.993150	115.161951	-91.195600
	0.040665	-26.056448	115.161951	-91.195600
	0.040674	-25.808122	115.161951	-91.136000
	0.040684	-26.658780	115.161951	-91.195600
	0.040693	-26.903986	115.161951	-91.314800
	0.040703	-27.610497	115.161951	-91.314800
	0.040712	-27.225308	115.161951	-91.314800
	0.040722	-27.762855	115.161951	-91.314800
	0.040731	-27.477742	115.161951	-91.255200
	0.040741	-27.703029	115.161951	-91.314800
	0.040750	-26.877015	115.161951	-91.374400
	0.040760	-27.069909	115.161951	-91.374400
	0.040769	-26.794024	115.161951	-91.374400
	0.040778	-26.111493	115.161951	-91.374400
	0.040788	-26.300693	115.161951	-91.434000
	0.040797	-27.522913	115.161951	-91.434000
	0.040807	-26.595646	115.161951	-91.434000
	0.040816	-26.056520	115.161951	-91.374400
	0.040826	-25.440266	115.161951	-91.434000
	0.040835	-26.507234	115.161951	-91.553200
	0.040845	-27.053087	115.161951	-91.612800
	0.040854	-25.973527	115.161951	-91.553200
	0.040864	-26.815251	115.161951	-91.553200
	0.040873	-25.530860	115.161951	-91.553200
	0.040883	-26.614957	115.161951	-91.672400
	0.040892	-27.393357	115.161951	-91.672400
	0.040902	-26.674391	115.161951	-91.732000
	0.040911	-26.997542	115.161951	-91.732000
	0.040921	-25.860682	115.161951	-91.672400
	0.040930	-28.009768	115.161951	-91.612800
	0.040939	-26.425595	115.161951	-91.910800
	0.040949	-25.865002	115.161951	-92.030000
	0.040958	-26.221131	115.161951	-92.030000
	0.040968	-26.110478	115.161951	-91.732000
	0.040977	-27.493537	115.161951	-91.434000
	0.040987	-27.389822	115.161951	-91.434000
	0.040996	-28.043342	115.161951	-91.434000
	0.041006	-27.108161	115.161951	-91.136000
	0.041015	-28.937227	115.161951	-90.897500
	0.041025	-27.180086	115.161951	-90.897500
	0.041034	-26.328578	115.161951	-91.016800
	0.041044	-28.240084	115.161951	-91.076400
	0.041053	-28.523904	115.161951	-91.076400
	0.041063	-27.044286	115.161951	-91.076400
	0.041072	-26.938847	115.161951	-91.136000
	0.041081	-27.632402	115.161951	-91.136000
	0.041091	-27.664359	115.161951	-91.136000
	0.041100	-28.683888	115.161951	-91.136000
	0.041110	-29.355850	115.161951	-91.195600
	0.041119	-29.508276	115.161951	-91.136000
	0.041129	-27.071612	115.161951	-91.195600
	0.041138	-28.490805	115.161951	-91.255200
	0.041148	-28.335287	115.161951	-91.255200
	0.041157	-28.544426	115.161951	-91.314800
	0.041167	-28.565811	115.161951	-91.314800
	0.041176	-28.760234	115.161951	-91.374400
	0.041186	-27.424827	115.161951	-91.374400
	0.041195	-27.723942	115.161951	-91.493600
	0.041205	-28.345097	115.161951	-91.553200
	0.041214	-28.912305	115.161951	-91.553200
	0.041224	-29.027444	115.161951	-91.553200
	0.041233	-28.443211	115.161951	-91.553200
	0.041242	-28.905105	115.161951	-91.612800
	0.041252	-28.057799	115.161951	-91.672400
	0.041261	-28.162210	115.161951	-91.732000
	0.041271	-28.487898	115.161951	-91.672400
	0.041280	-28.718132	115.161951	-91.732000
	0.041290	-28.487219	115.161951	-91.791600
	0.041299	-28.034638	115.161951	-91.910800
	0.041309	-29.872385	115.161951	-91.910800
	0.041318	-28.814600	115.161951	-91.910800
	0.041328	-29.560740	115.161951	-91.851200
	0.041337	-29.077687	115.161951	-91.910800
	0.041347	-29.801390	115.161951	-91.970400
	0.041356	-29.526551	115.161951	-91.970400
	0.041366	-29.327193	115.161951	-91.910800
	0.041375	-29.657806	115.161951	-91.970400
	0.041384	-29.294076	115.161951	-92.089600
	0.041394	-29.216427	115.161951	-92.149200
	0.041403	-28.369332	115.161951	-92.030000
	0.041413	-28.251367	115.161951	-92.030000
	0.041422	-29.060864	115.161951	-92.030000
	0.041432	-28.128657	115.161951	-92.149200
	0.041441	-28.706758	115.161951	-92.208900
	0.041451	-28.008388	115.161951	-92.268500
	0.041460	-28.441405	115.161951	-92.268500
	0.041470	-28.377450	115.161951	-92.268500
	0.041479	-28.457771	115.161951	-92.268500
	0.041489	-28.124758	115.161951	-92.328100
	0.041498	-27.629624	115.161951	-92.328100
	0.041508	-28.268635	115.161951	-92.328100
	0.041517	-28.533744	115.161951	-92.387700
	0.041527	-27.331743	115.161951	-92.447300
	0.041536	-29.510309	115.161951	-92.506900
	0.041545	-28.780186	115.161951	-92.566500
	0.041555	-28.806533	115.161951	-92.626100
	0.041564	-28.951159	115.161951	-92.626100
	0.041574	-29.607896	115.161951	-92.685700
	0.041583	-27.739645	115.161951	-92.685700
	0.041593	-28.564501	115.161951	-92.745300
	0.041602	-28.913095	115.161951	-92.745300
	0.041612	-27.644656	115.161951	-92.745300
	0.041621	-30.196945	115.161951	-92.685700
	0.041631	-29.978868	115.161951	-92.745300
	0.041640	-30.269289	115.161951	-92.745300
	0.041650	-30.092178	115.161951	-92.745300
	0.041659	-29.823433	115.161951	-92.804900
	0.041669	-28.223641	115.161951	-92.804900
	0.041678	-29.837327	115.161951	-92.804900
	0.041687	-29.426325	115.161951	-92.864500
	0.041697	-29.358314	115.161951	-92.864500
	0.041706	-30.996065	115.161951	-92.864500
	0.041716	-28.984272	115.161951	-92.864500
	0.041725	-30.251814	115.161951	-92.983700
	0.041735	-30.638783	115.161951	-93.043300
	0.041744	-30.597668	115.161951	-93.043300
	0.041754	-29.654092	115.161951	-93.043300
	0.041763	-30.599515	115.161951	-93.043300
	0.041773	-30.549180	115.161951	-93.102900
	0.041782	-30.677551	115.161951	-93.102900
	0.041792	-30.344527	115.161951	-93.162500
	0.041801	-31.233242	115.161951	-93.162500
	0.041811	-30.649547	115.161951	-93.222100
	0.041820	-29.816017	115.161951	-93.281700
	0.041829	-30.817383	115.161951	-92.983700
	0.041839	-31.275419	115.161951	-92.626100
	0.041848	-32.176370	115.161951	-92.447300
	0.041858	-30.934328	115.161951	-92.447300
	0.041867	-31.206888	115.161951	-92.447300
	0.041877	-30.692631	115.161951	-92.447300
	0.041886	-31.760781	115.161951	-92.506900
	0.041896	-32.426439	115.161951	-92.506900
	0.041905	-31.881926	115.161951	-92.506900
	0.041915	-31.714738	115.161951	-92.506900
	0.041924	-31.352496	115.161951	-92.506900
	0.041934	-32.117100	115.161951	-92.506900
	0.041943	-32.323976	115.161951	-92.566500
	0.041953	-31.532886	115.161951	-92.566500
	0.041962	-31.018486	115.161951	-92.566500
	0.041972	-32.871097	115.161951	-92.506900
	0.041981	-31.676188	115.161951	-92.506900
	0.041990	-33.591999	115.161951	-92.566500
	0.042000	-33.208466	115.161951	-92.685700
	0.042009	-31.935128	115.161951	-92.685700
	0.042019	-32.333169	115.161951	-92.685700
	0.042028	-32.497293	115.161951	-92.566500
	0.042038	-32.161592	115.161951	-92.685700
	0.042047	-31.662133	115.161951	-92.745300
	0.042057	-31.436952	115.161951	-92.804900
	0.042066	-32.764112	115.161951	-92.864500
	0.042076	-33.414369	115.161951	-92.864500
	0.042085	-33.153593	115.161951	-92.804900
	0.042095	-32.517223	115.161951	-92.864500
	0.042104	-33.409544	115.161951	-92.864500
	0.042114	-31.653687	115.161951	-92.983700
	0.042123	-32.991474	115.161951	-92.804900
	0.042132	-33.963667	115.161951	-92.626100
	0.042142	-34.602109	115.161951	-92.566500
	0.042151	-34.619122	115.161951	-92.685700
	0.042161	-34.535298	115.161951	-92.745300
	0.042170	-34.471999	115.161951	-92.685700
	0.042180	-35.002251	115.161951	-92.626100
	0.042189	-33.793521	115.161951	-92.745300
	0.042199	-33.625886	115.161951	-92.745300
	0.042208	-33.911571	115.161951	-92.745300
	0.042218	-33.681318	115.161951	-92.804900
	0.042227	-34.038488	115.161951	-92.864500
	0.042237	-34.469560	115.161951	-92.864500
	0.042246	-34.653823	115.161951	-92.924100
	0.042256	-34.941719	115.161951	-92.924100
	0.042265	-35.892482	115.161951	-92.924100
	0.042275	-34.246917	115.161951	-92.924100
	0.042284	-33.017622	115.161951	-93.043300
	0.042293	-34.268568	115.161951	-93.043300
	0.042303	-33.532905	115.161951	-92.983700
	0.042312	-33.550788	115.161951	-93.043300
	0.042322	-34.655725	115.161951	-93.043300
	0.042331	-33.489418	115.161951	-93.043300
	0.042341	-34.684423	115.161951	-93.102900
	0.042350	-34.644492	115.161951	-93.341300
	0.042360	-33.535555	115.161951	-93.400900
	0.042369	-33.197921	115.161951	-93.400900
	0.042379	-34.589711	115.161951	-93.400900
	0.042388	-34.193949	115.161951	-93.520200
	0.042398	-34.472859	115.161951	-93.520200
	0.042407	-34.067418	115.161951	-93.460500
	0.042417	-34.176668	115.161951	-93.460500
	0.042426	-33.701280	115.161951	-93.520200
	0.042435	-34.050676	115.161951	-93.520200
	0.042445	-34.313028	115.161951	-93.579800
	0.042454	-34.869671	115.161951	-93.639400
	0.042464	-33.459338	115.161951	-93.639400
	0.042473	-34.513934	115.161951	-93.699000
	0.042483	-35.011490	115.161951	-93.758600
	0.042492	-34.891878	115.161951	-93.877800
	0.042502	-35.717446	115.161951	-93.937400
	0.042511	-34.626238	115.161951	-93.937400
	0.042521	-34.830555	115.161951	-93.997000
	0.042530	-34.617297	115.161951	-93.997000
	0.042540	-33.819755	115.161951	-93.997000
	0.042549	-36.644309	115.161951	-93.758600
	0.042559	-36.127380	115.161951	-93.400900
	0.042568	-37.656920	115.161951	-93.341300
	0.042578	-36.510372	115.161951	-93.281700
	0.042587	-37.359598	115.161951	-92.745300
	0.042596	-38.752631	115.161951	-92.030000
	0.042606	-37.953409	115.161951	-91.970400
	0.042615	-39.222611	115.161951	-91.970400
	0.042625	-38.675757	115.161951	-91.970400
	0.042634	-39.456627	115.161951	-91.970400
	0.042644	-38.653062	115.161951	-91.970400
	0.042653	-39.083620	115.161951	-91.970400
	0.042663	-38.823777	115.161951	-92.030000
	0.042672	-38.570243	115.161951	-92.030000
	0.042682	-38.687958	115.161951	-91.970400
	0.042691	-38.267157	115.161951	-91.910800
	0.042701	-39.660254	115.161951	-91.910800
	0.042710	-40.333153	115.161951	-91.910800
	0.042720	-39.316260	115.161951	-91.910800
	0.042729	-40.151507	115.161951	-91.910800
	0.042738	-40.689472	115.161951	-91.970400
	0.042748	-40.746276	115.161951	-91.910800
	0.042757	-40.615398	115.161951	-91.910800
	0.042767	-39.740564	115.161951	-91.970400
	0.042776	-39.258830	115.161951	-92.030000
	0.042786	-38.677678	115.161951	-92.089600
	0.042795	-39.966186	115.161951	-92.149200
	0.042805	-40.528696	115.161951	-92.149200
	0.042814	-39.811218	115.161951	-92.149200
	0.042824	-38.727612	115.161951	-92.149200
	0.042833	-39.545394	115.161951	-92.089600
	0.042843	-41.673994	115.161951	-91.255200
	0.042852	-42.830945	115.161951	-90.599500
	0.042862	-42.769611	115.161951	-90.480300
	0.042871	-43.102219	115.161951	-90.539900
	0.042881	-42.907846	115.161951	-90.480300
	0.042890	-43.391603	115.161951	-90.182300
	0.042899	-49.356562	115.161951	-88.990200
	0.042909	-48.008716	115.161951	-88.453800
	0.042918	-49.653003	115.161951	-88.155700
	0.042928	-51.404231	115.161951	-87.619300
	0.042937	-53.764216	115.161951	-86.784800
	0.042947	-52.978981	115.161951	-86.427200
	0.042956	-53.747600	115.161951	-86.308000
	0.042966	-54.410960	115.161951	-86.248400
	0.042975	-53.993550	115.161951	-86.248400
	0.042985	-54.845018	115.161951	-86.308000
	0.042994	-53.879378	115.161951	-86.367600
	0.043004	-54.171445	115.161951	-86.427200
	0.043013	-54.520660	115.161951	-86.427200
	0.043023	-54.697155	115.161951	-86.486800
	0.043032	-53.611232	115.161951	-86.486800
	0.043041	-54.327072	115.161951	-86.486800
	0.043051	-54.525979	115.161951	-86.486800
	0.043060	-54.298786	115.161951	-86.427200
	0.043070	-53.714118	115.161951	-86.427200
	0.043079	-55.040235	115.161951	-86.367600
	0.043089	-54.904445	115.161951	-86.367600
	0.043098	-54.969530	115.161951	-86.367600
	0.043108	-54.373033	115.161951	-86.308000
	0.043117	-54.040444	115.161951	-86.308000
	0.043127	-55.193451	115.161951	-86.308000
	0.043136	-54.416440	115.161951	-86.486800
	0.043146	-55.083366	115.161951	-86.486800
	0.043155	-54.246069	115.161951	-86.486800
	0.043165	-54.171237	115.161951	-86.427200
	0.043174	-56.618956	115.161951	-85.354300
	0.043184	-57.028342	115.161951	-84.877500
	0.043193	-56.656293	115.161951	-84.758300
	0.043202	-58.332364	115.161951	-84.758300
	0.043212	-56.985940	115.161951	-84.698700
	0.043221	-56.574208	115.161951	-84.698700
	0.043231	-56.740063	115.161951	-84.758300
	0.043240	-56.536561	115.161951	-84.877500
	0.043250	-57.558353	115.161951	-84.877500
	0.043259	-57.455437	115.161951	-84.817900
	0.043269	-56.486804	115.161951	-84.817900
	0.043278	-57.171852	115.161951	-84.102600
	0.043288	-69.880059	115.161951	-81.420400
	0.043297	-69.959153	115.161951	-79.632300
	0.043307	-70.112372	115.161951	-79.274600
	0.043316	-69.257921	115.161951	-79.215000
	0.043326	-70.262946	115.161951	-79.095800
	0.043335	-70.110524	115.161951	-79.215000
	0.043344	-68.476856	115.161951	-79.274600
	0.043354	-69.279486	115.161951	-79.215000
	0.043363	-69.172941	115.161951	-79.215000
	0.043373	-68.783281	115.161951	-79.215000
	0.043382	-69.478853	115.161951	-79.215000
	0.043392	-70.163081	115.161951	-79.215000
	0.043401	-69.952368	115.161951	-79.274600
	0.043411	-71.183966	115.161951	-79.274600
	0.043420	-70.123219	115.161951	-79.215000
	0.043430	-70.476459	115.161951	-79.215000
	0.043439	-69.507046	115.161951	-79.334200
	0.043449	-69.610869	115.161951	-79.274600
	0.043458	-69.835421	115.161951	-79.274600
	0.043468	-70.492226	115.161951	-79.274600
	0.043477	-69.502068	115.161951	-79.274600
	0.043487	-70.157325	115.161951	-79.334200
	0.043496	-69.701272	115.161951	-79.334200
	0.043505	-69.334678	115.161951	-79.334200
	0.043515	-70.130836	115.161951	-79.334200
	0.043524	-69.496785	115.161951	-79.334200
	0.043534	-69.125997	115.161951	-79.334200
	0.043543	-69.589691	115.161951	-79.393900
	0.043553	-69.586530	115.161951	-79.274600
	0.043562	-69.934669	115.161951	-79.274600
	0.043572	-68.980629	115.161951	-79.334200
	0.043581	-70.449257	115.161951	-79.393900
	0.043591	-71.024303	115.161951	-79.393900
	0.043600	-70.562083	115.161951	-79.513100
	0.043610	-69.847203	115.161951	-79.632300
	0.043619	-70.167544	115.161951	-79.632300
	0.043629	-70.466134	115.161951	-79.632300
	0.043638	-70.055682	115.161951	-79.691900
	0.043647	-70.376241	115.161951	-79.751500
	0.043657	-70.358367	115.161951	-79.691900
	0.043666	-70.559426	115.161951	-79.572700
	0.043676	-70.202315	115.161951	-79.572700
	0.043685	-70.889606	115.161951	-79.632300
	0.043695	-70.661102	115.161951	-79.572700
	0.043704	-70.852691	115.161951	-79.453500
	0.043714	-70.770325	115.161951	-79.393900
	0.043723	-70.718436	115.161951	-79.453500
	0.043733	-71.186111	115.161951	-79.453500
	0.043742	-70.034193	115.161951	-79.453500
	0.043752	-70.268514	115.161951	-79.453500
	0.043761	-70.710565	115.161951	-79.453500
	0.043771	-71.677546	115.161951	-79.513100
	0.043780	-71.105700	115.161951	-79.513100
	0.043790	-70.396302	115.161951	-79.513100
	0.043799	-70.727537	115.161951	-79.453500
	0.043808	-70.425226	115.161951	-79.513100
	0.043818	-70.807656	115.161951	-79.572700
	0.043827	-73.658732	115.161951	-77.963300
	0.043837	-75.559259	115.161951	-75.877200
	0.043846	-76.078073	115.161951	-75.221500
	0.043856	-75.438454	115.161951	-75.042700
	0.043865	-76.904905	115.161951	-75.102300
	0.043875	-76.711292	115.161951	-74.804300
	0.043884	-79.017576	115.161951	-74.148600
	0.043894	-78.456471	115.161951	-73.850600
	0.043903	-78.588891	115.161951	-73.850600
	0.043913	-77.916960	115.161951	-73.850600
	0.043922	-78.379170	115.161951	-73.850600
	0.043932	-78.407381	115.161951	-73.910200
	0.043941	-78.967540	115.161951	-73.910200
	0.043950	-78.808338	115.161951	-73.910200
	0.043960	-79.391368	115.161951	-73.969800
	0.043969	-78.101305	115.161951	-73.969800
	0.043979	-78.487995	115.161951	-73.969800
	0.043988	-79.182017	115.161951	-73.969800
	0.043998	-78.503772	115.161951	-74.089000
	0.044007	-78.989917	115.161951	-74.148600
	0.044017	-78.225616	115.161951	-74.148600
	0.044026	-79.075598	115.161951	-74.089000
	0.044036	-79.137277	115.161951	-74.029400
	0.044045	-81.026021	115.161951	-73.671800
	0.044055	-80.618518	115.161951	-73.433400
	0.044064	-79.555860	115.161951	-73.433400
	0.044074	-80.088135	115.161951	-73.433400
	0.044083	-80.235891	115.161951	-73.433400
	0.044093	-80.871652	115.161951	-73.433400
	0.044102	-81.535073	115.161951	-73.433400
	0.044111	-80.948405	115.161951	-73.433400
	0.044121	-81.914160	115.161951	-73.433400
	0.044130	-80.767451	115.161951	-73.433400
	0.044140	-80.701033	115.161951	-73.493000
	0.044149	-81.578490	115.161951	-73.433400
	0.044159	-80.815919	115.161951	-73.433400
	0.044168	-81.439932	115.161951	-73.433400
	0.044178	-82.188218	115.161951	-73.493000
	0.044187	-80.824506	115.161951	-73.433400
	0.044197	-81.153456	115.161951	-73.433400
	0.044206	-81.918304	115.161951	-73.373800
	0.044216	-81.519525	115.161951	-73.433400
	0.044225	-80.769218	115.161951	-73.433400
	0.044235	-80.856715	115.161951	-73.433400
	0.044244	-81.711571	115.161951	-73.433400
	0.044253	-81.107891	115.161951	-73.373800
	0.044263	-81.474374	115.161951	-73.433400
	0.044272	-81.084100	115.161951	-73.433400
	0.044282	-79.955969	115.161951	-73.433400
	0.044291	-80.239207	115.161951	-73.433400
	0.044301	-79.717280	115.161951	-73.493000
	0.044310	-79.695219	115.161951	-73.433400
	0.044320	-79.960515	115.161951	-73.433400
	0.044329	-80.209153	115.161951	-73.433400
	0.044339	-80.646623	115.161951	-73.373800
	0.044348	-79.765958	115.161951	-73.433400
	0.044358	-80.574928	115.161951	-73.493000
	0.044367	-81.131638	115.161951	-73.552600
	0.044377	-80.548151	115.161951	-73.612200
	0.044386	-80.399489	115.161951	-73.552600
	0.044396	-81.057162	115.161951	-73.493000
	0.044405	-80.903303	115.161951	-73.493000
	0.044414	-79.984523	115.161951	-73.433400
	0.044424	-81.078327	115.161951	-73.373800
	0.044433	-80.732645	115.161951	-73.373800
	0.044443	-82.830853	115.161951	-71.287600
	0.044452	-85.819185	115.161951	-67.711300
	0.044462	-85.952449	115.161951	-66.996100
	0.044471	-86.245015	115.161951	-66.817300
	0.044481	-85.661412	115.161951	-66.698100
	0.044490	-85.913587	115.161951	-66.698100
	0.044500	-85.567781	115.161951	-66.698100
	0.044509	-84.266814	115.161951	-66.757700
	0.044519	-85.955444	115.161951	-66.817300
	0.044528	-85.578129	115.161951	-66.817300
	0.044538	-86.423081	115.161951	-66.876900
	0.044547	-85.630789	115.161951	-66.817300
	0.044556	-85.375748	115.161951	-66.817300
	0.044566	-85.767898	115.161951	-66.817300
	0.044575	-84.798208	115.161951	-66.817300
	0.044585	-85.352674	115.161951	-66.876900
	0.044594	-87.253888	115.161951	-66.578900
	0.044604	-87.906197	115.161951	-66.161600
	0.044613	-88.158713	115.161951	-66.042400
	0.044623	-87.643642	115.161951	-66.102000
	0.044632	-88.959002	115.161951	-66.042400
	0.044642	-89.483793	115.161951	-66.042400
	0.044651	-88.096295	115.161951	-66.102000
	0.044661	-88.985269	115.161951	-66.102000
	0.044670	-88.366542	115.161951	-66.042400
	0.044680	-89.643353	115.161951	-66.042400
	0.044689	-89.048698	115.161951	-66.042400
	0.044699	-89.389737	115.161951	-66.042400
	0.044708	-88.716087	115.161951	-65.982800
	0.044717	-89.131400	115.161951	-65.982800
	0.044727	-89.429237	115.161951	-65.982800
	0.044736	-89.858363	115.161951	-65.982800
	0.044746	-90.189049	115.161951	-65.863600
	0.044755	-89.117923	115.161951	-65.863600
	0.044765	-89.943640	115.161951	-65.923200
	0.044774	-90.045964	115.161951	-65.684800
	0.044784	-92.659921	115.161951	-64.850300
	0.044793	-92.311837	115.161951	-64.433100
	0.044803	-94.338287	115.161951	-64.313900
	0.044812	-93.805696	115.161951	-64.373500
	0.044822	-93.373016	115.161951	-64.373500
	0.044831	-93.211592	115.161951	-64.373500
	0.044841	-95.403800	115.161951	-64.194700
	0.044850	-95.175576	115.161951	-64.135100
	0.044859	-95.437063	115.161951	-64.135100
	0.044869	-94.771513	115.161951	-64.135100
	0.044878	-96.554972	115.161951	-64.075500
	0.044888	-94.431784	115.161951	-64.015900
	0.044897	-96.711191	115.161951	-63.837000
	0.044907	-100.372096	115.161951	-63.062200
	0.044916	-114.197246	115.161951	-60.737400
	0.044926	-114.735289	115.161951	-59.485700
	0.044935	-113.455798	115.161951	-59.306900
	0.044945	-114.413029	115.161951	-59.306900
	0.044954	-115.353406	115.161951	-59.247200
	0.044964	-113.927777	115.161951	-59.187600
	0.044973	-113.971116	115.161951	-59.128000
	0.044983	-113.972743	115.161951	-59.068400
	0.044992	-114.126708	115.161951	-59.068400
	0.045002	-114.373962	115.161951	-59.068400
	0.045011	-113.785668	115.161951	-59.068400
	0.045020	-114.339358	115.161951	-58.830000
	0.045030	-113.760292	115.161951	-58.651200
	0.045039	-114.920715	115.161951	-58.532000
	0.045049	-115.997589	115.161951	-58.412800
	0.045058	-114.536955	115.161951	-58.412800
	0.045068	-114.614829	115.161951	-58.412800
	0.045077	-114.392931	115.161951	-58.412800
	0.045087	-121.892224	115.161951	-57.578300
	0.045096	-121.430077	115.161951	-57.101500
	0.045106	-121.769532	115.161951	-56.922700
	0.045115	-121.037111	115.161951	-56.922700
	0.045125	-121.778987	115.161951	-56.863100
	0.045134	-121.651924	115.161951	-56.803500
	0.045144	-122.828846	115.161951	-56.743900
	0.045153	-121.272204	115.161951	-56.743900
	0.045162	-121.483761	115.161951	-56.684300
	0.045172	-120.842026	115.161951	-56.624600
	0.045181	-121.842997	115.161951	-56.565000
	0.045191	-122.006763	115.161951	-56.505400
	0.045200	-120.813460	115.161951	-56.505400
	0.045210	-121.042533	115.161951	-56.445800
	0.045219	-121.639401	115.161951	-56.445800
	0.045229	-121.330723	115.161951	-56.386200
	0.045238	-137.683721	115.161951	-54.300100
	0.045248	-137.627777	115.161951	-51.975500
	0.045257	-137.412933	115.161951	-51.021800
	0.045267	-140.768815	115.161951	-50.306600
	0.045276	-140.485173	115.161951	-49.948900
	0.045286	-139.696233	115.161951	-49.889300
	0.045295	-140.714405	115.161951	-49.948900
	0.045305	-141.041359	115.161951	-49.948900
	0.045314	-139.746061	115.161951	-49.889300
	0.045323	-139.505105	115.161951	-49.948900
	0.045333	-139.722727	115.161951	-49.948900
	0.045342	-140.388080	115.161951	-49.889300
	0.045352	-139.177206	115.161951	-49.770100
	0.045361	-140.049410	115.161951	-49.770100
	0.045371	-139.949285	115.161951	-49.770100
	0.045380	-139.949712	115.161951	-49.710500
	0.045390	-140.289549	115.161951	-49.770100
	0.045399	-139.254933	115.161951	-49.770100
	0.045409	-139.129616	115.161951	-49.770100
	0.045418	-139.293673	115.161951	-49.770100
	0.045428	-139.138347	115.161951	-49.710500
	0.045437	-139.040073	115.161951	-49.710500
	0.045447	-140.696433	115.161951	-49.650900
	0.045456	-141.630980	115.161951	-49.650900
	0.045465	-140.153843	115.161951	-49.650900
	0.045475	-139.759509	115.161951	-49.531700
	0.045484	-141.238563	115.161951	-49.472100
	0.045494	-139.665362	115.161951	-49.531700
	0.045503	-139.137242	115.161951	-49.531700
	0.045513	-139.163481	115.161951	-49.531700
	0.045522	-139.452637	115.161951	-49.531700
	0.045532	-138.484381	115.161951	-49.472100
	0.045541	-140.179832	115.161951	-49.472100
	0.045551	-138.569239	115.161951	-49.472100
	0.045560	-139.052920	115.161951	-49.412500
	0.045570	-140.541484	115.161951	-49.352900
	0.045579	-139.285370	115.161951	-49.293300
	0.045589	-140.005962	115.161951	-49.293300
	0.045598	-139.615023	115.161951	-49.233700
	0.045608	-140.422604	115.161951	-49.114500
	0.045617	-140.284325	115.161951	-49.174100
	0.045626	-139.880804	115.161951	-49.174100
	0.045636	-140.562550	115.161951	-49.114500
	0.045645	-140.626734	115.161951	-49.114500
	0.045655	-140.492741	115.161951	-49.174100
	0.045664	-139.672271	115.161951	-49.233700
	0.045674	-139.591830	115.161951	-49.293300
	0.045683	-139.363598	115.161951	-49.233700
	0.045693	-141.188110	115.161951	-49.293300
	0.045702	-140.494671	115.161951	-49.233700
	0.045712	-141.392151	115.161951	-49.293300
	0.045721	-141.309693	115.161951	-49.293300
	0.045731	-141.535733	115.161951	-49.233700
	0.045740	-141.907534	115.161951	-49.293300
	0.045750	-139.808017	115.161951	-49.352900
	0.045759	-140.026918	115.161951	-49.352900
	0.045768	-139.976025	115.161951	-49.352900
	0.045778	-140.860231	115.161951	-49.352900
	0.045787	-141.368662	115.161951	-49.352900
	0.045797	-141.549212	115.161951	-49.352900
	0.045806	-141.615449	115.161951	-49.352900
	0.045816	-140.755431	115.161951	-49.352900
	0.045825	-141.885188	115.161951	-49.412500
	0.045835	-141.986667	115.161951	-49.352900
	0.045844	-142.004572	115.161951	-49.352900
	0.045854	-141.924880	115.161951	-49.352900
	0.045863	-141.465770	115.161951	-49.352900
	0.045873	-141.201236	115.161951	-49.352900
	0.045882	-140.837710	115.161951	-49.352900
	0.045892	-142.103872	115.161951	-49.352900
	0.045901	-142.755254	115.161951	-49.233700
	0.045910	-144.784103	115.161951	-49.114500
	0.045920	-144.080147	115.161951	-49.114500
	0.045929	-144.704303	115.161951	-49.054900
	0.045939	-143.209263	115.161951	-48.935600
	0.045948	-144.485762	115.161951	-48.876000
	0.045958	-143.966061	115.161951	-48.876000
	0.045967	-143.775954	115.161951	-48.876000
	0.045977	-144.069206	115.161951	-48.876000
	0.045986	-143.607723	115.161951	-48.876000
	0.045996	-143.281089	115.161951	-48.876000
	0.046005	-143.131333	115.161951	-48.876000
	0.046015	-143.169659	115.161951	-48.876000
	0.046024	-143.742539	115.161951	-48.876000
	0.046034	-147.157113	115.161951	-48.518400
	0.046043	-146.216066	115.161951	-47.982000
	0.046053	-147.350547	115.161951	-47.922400
	0.046062	-146.509588	115.161951	-47.862800
	0.046071	-146.489231	115.161951	-47.803200
	0.046081	-148.190995	115.161951	-47.803200
	0.046090	-148.213319	115.161951	-47.803200
	0.046100	-147.003325	115.161951	-47.803200
	0.046109	-147.484160	115.161951	-47.803200
	0.046119	-147.229842	115.161951	-47.922400
	0.046128	-146.905876	115.161951	-47.982000
	0.046138	-146.052871	115.161951	-47.982000
	0.046147	-147.088288	115.161951	-47.982000
	0.046157	-147.146781	115.161951	-47.982000
	0.046166	-146.711735	115.161951	-47.982000
	0.046176	-146.723389	115.161951	-47.922400
	0.046185	-146.559393	115.161951	-47.922400
	0.046195	-147.309083	115.161951	-47.922400
	0.046204	-146.851788	115.161951	-47.922400
	0.046213	-148.173560	115.161951	-47.922400
	0.046223	-146.936049	115.161951	-47.982000
	0.046232	-147.729413	115.161951	-47.922400
	0.046242	-147.113259	115.161951	-47.922400
	0.046251	-147.237519	115.161951	-47.922400
	0.046261	-147.493787	115.161951	-47.922400
	0.046270	-147.192954	115.161951	-47.922400
	0.046280	-146.952286	115.161951	-47.982000
	0.046289	-148.046687	115.161951	-47.982000
	0.046299	-147.607384	115.161951	-47.803200
	0.046308	-148.315197	115.161951	-47.803200
	0.046318	-149.104482	115.161951	-47.922400
	0.046327	-148.871156	115.161951	-47.922400
	0.046337	-147.956995	115.161951	-47.922400
	0.046346	-146.900342	115.161951	-47.922400
	0.046356	-148.517066	115.161951	-47.862800
	0.046365	-147.513308	115.161951	-47.803200
	0.046374	-146.840024	115.161951	-47.743600
	0.046384	-147.114023	115.161951	-47.803200
	0.046393	-147.421916	115.161951	-47.803200
	0.046403	-146.900442	115.161951	-47.803200
	0.046412	-147.963981	115.161951	-47.803200
	0.046422	-146.744785	115.161951	-47.803200
	0.046431	-148.045253	115.161951	-47.743600
	0.046441	-147.836783	115.161951	-47.683900
	0.046450	-147.821089	115.161951	-47.743600
	0.046460	-147.664111	115.161951	-47.743600
	0.046469	-147.271692	115.161951	-47.743600
	0.046479	-147.170231	115.161951	-47.207100
	0.046488	-153.297131	115.161951	-46.015000
	0.046498	-151.959799	115.161951	-45.478600
	0.046507	-152.639824	115.161951	-45.419000
	0.046516	-152.239024	115.161951	-45.419000
	0.046526	-153.427754	115.161951	-45.359400
	0.046535	-152.970074	115.161951	-45.240200
	0.046545	-153.356843	115.161951	-45.240200
	0.046554	-152.804586	115.161951	-45.240200
	0.046564	-154.710100	115.161951	-45.240200
	0.046573	-152.626412	115.161951	-45.240200
	0.046583	-152.688999	115.161951	-45.240200
	0.046592	-153.228197	115.161951	-45.180600
	0.046602	-153.226957	115.161951	-45.240200
	0.046611	-152.446640	115.161951	-45.240200
	0.046621	-152.456630	115.161951	-45.240200
	0.046630	-153.143446	115.161951	-45.180600
	0.046640	-153.356501	115.161951	-45.180600
	0.046649	-153.836054	115.161951	-45.180600
	0.046659	-153.011857	115.161951	-45.240200
	0.046668	-151.751144	115.161951	-45.240200
	0.046677	-151.968880	115.161951	-45.299800
	0.046687	-153.001577	115.161951	-45.299800
	0.046696	-152.333416	115.161951	-45.299800
	0.046706	-153.123140	115.161951	-45.419000
	0.046715	-152.873031	115.161951	-45.419000
	0.046725	-152.884504	115.161951	-45.359400
	0.046734	-151.600625	115.161951	-45.419000
	0.046744	-152.318774	115.161951	-45.419000
	0.046753	-152.179632	115.161951	-45.419000
	0.046763	-152.524783	115.161951	-45.419000
	0.046772	-152.751231	115.161951	-45.478600
	0.046782	-152.429970	115.161951	-45.419000
	0.046791	-153.594405	115.161951	-45.419000
	0.046801	-153.508121	115.161951	-45.299800
	0.046810	-152.872083	115.161951	-45.299800
	0.046819	-153.260581	115.161951	-45.299800
	0.046829	-153.355198	115.161951	-45.240200
	0.046838	-154.476199	115.161951	-45.299800
	0.046848	-154.063333	115.161951	-45.240200
	0.046857	-154.827237	115.161951	-45.120900
	0.046867	-153.766228	115.161951	-45.180600
	0.046876	-153.681005	115.161951	-45.180600
	0.046886	-154.351743	115.161951	-45.240200
	0.046895	-153.009619	115.161951	-45.240200
	0.046905	-154.163314	115.161951	-45.180600
	0.046914	-153.437575	115.161951	-45.180600
	0.046924	-154.149651	115.161951	-45.180600
	0.046933	-153.089010	115.161951	-45.180600
	0.046943	-152.999847	115.161951	-45.061300
	0.046952	-153.099374	115.161951	-44.942100
	0.046962	-153.645028	115.161951	-44.942100
	0.046971	-153.733155	115.161951	-44.942100
	0.046980	-152.518826	115.161951	-45.001700
	0.046990	-153.842706	115.161951	-45.061300
	0.046999	-152.770360	115.161951	-45.001700
	0.047009	-153.229973	115.161951	-45.001700
	0.047018	-154.152267	115.161951	-44.942100
	0.047028	-152.929380	115.161951	-44.882500
	0.047037	-153.349102	115.161951	-44.882500
	0.047047	-154.524396	115.161951	-44.942100
	0.047056	-153.855395	115.161951	-44.942100
	0.047066	-154.678083	115.161951	-44.882500
	0.047075	-154.979764	115.161951	-44.882500
	0.047085	-153.979498	115.161951	-44.882500
	0.047094	-153.977109	115.161951	-44.822900
	0.047104	-154.117515	115.161951	-44.822900
	0.047113	-155.428985	115.161951	-44.882500
	0.047122	-154.420291	115.161951	-44.882500
	0.047132	-154.371833	115.161951	-44.703700
	0.047141	-155.284517	115.161951	-44.703700
	0.047151	-157.793824	115.161951	-44.286500
	0.047160	-158.439302	115.161951	-43.750000
	0.047170	-157.988551	115.161951	-43.630800
	0.047179	-157.682721	115.161951	-43.571200
	0.047189	-157.698194	115.161951	-43.571200
	0.047198	-158.247961	115.161951	-43.511600
	0.047208	-157.498716	115.161951	-43.571200
	0.047217	-157.811355	115.161951	-43.511600
	0.047227	-157.400475	115.161951	-43.571200
	0.047236	-157.423375	115.161951	-43.511600
	0.047246	-157.799296	115.161951	-43.511600
	0.047255	-158.182087	115.161951	-43.571200
	0.047265	-157.993634	115.161951	-43.452000
	0.047274	-158.423207	115.161951	-43.452000
	0.047283	-158.762482	115.161951	-43.392400
	0.047293	-157.428412	115.161951	-43.452000
	0.047302	-157.893307	115.161951	-43.452000
	0.047312	-158.342503	115.161951	-43.392400
	0.047321	-157.071909	115.161951	-43.392400
	0.047331	-158.092860	115.161951	-43.452000
	0.047340	-158.619676	115.161951	-43.452000
	0.047350	-158.765467	115.161951	-43.452000
	0.047359	-158.895776	115.161951	-42.975200
	0.047369	-159.001761	115.161951	-42.856000
	0.047378	-159.097838	115.161951	-42.736800
	0.047388	-158.655074	115.161951	-42.736800
	0.047397	-159.419067	115.161951	-42.796400
	0.047407	-159.181287	115.161951	-42.856000
	0.047416	-159.936557	115.161951	-42.856000
	0.047425	-159.449903	115.161951	-42.856000
	0.047435	-159.672465	115.161951	-42.796400
	0.047444	-159.458798	115.161951	-42.856000
	0.047454	-159.215379	115.161951	-42.856000
	0.047463	-158.384484	115.161951	-42.856000
	0.047473	-158.430973	115.161951	-42.856000
	0.047482	-158.717232	115.161951	-42.856000
	0.047492	-159.226417	115.161951	-42.915600
	0.047501	-158.210833	115.161951	-42.915600
	0.047511	-158.120948	115.161951	-42.915600
	0.047520	-158.498873	115.161951	-42.856000
	0.047530	-158.340162	115.161951	-42.856000
	0.047539	-157.305712	115.161951	-42.796400
	0.047549	-158.587697	115.161951	-42.796400
	0.047558	-157.368770	115.161951	-42.617600
	0.047568	-164.383686	115.161951	-41.067800
	0.047577	-163.989503	115.161951	-40.233400
	0.047586	-164.322520	115.161951	-40.114200
	0.047596	-165.051155	115.161951	-40.054600
	0.047605	-164.953319	115.161951	-39.994900
	0.047615	-165.680615	115.161951	-40.054600
	0.047624	-165.058354	115.161951	-39.935300
	0.047634	-164.411843	115.161951	-39.875700
	0.047643	-164.767457	115.161951	-39.875700
	0.047653	-164.252924	115.161951	-39.935300
	0.047662	-164.337579	115.161951	-39.935300
	0.047672	-166.027904	115.161951	-39.935300
	0.047681	-164.668919	115.161951	-39.935300
	0.047691	-165.317223	115.161951	-39.875700
	0.047700	-164.882600	115.161951	-39.875700
	0.047710	-163.750319	115.161951	-39.875700
	0.047719	-164.418462	115.161951	-39.875700
	0.047728	-164.159464	115.161951	-39.875700
	0.047738	-165.128635	115.161951	-39.875700
	0.047747	-165.063567	115.161951	-39.875700
	0.047757	-164.850212	115.161951	-39.935300
	0.047766	-165.547377	115.161951	-39.875700
	0.047776	-165.445471	115.161951	-39.875700
	0.047785	-166.324585	115.161951	-39.756500
	0.047795	-166.615018	115.161951	-39.637300
	0.047804	-166.829298	115.161951	-39.637300
	0.047814	-166.233895	115.161951	-39.577700
	0.047823	-168.028737	115.161951	-39.637300
	0.047833	-167.062192	115.161951	-39.637300
	0.047842	-167.383553	115.161951	-39.577700
	0.047852	-167.288870	115.161951	-39.577700
	0.047861	-165.959629	115.161951	-39.637300
	0.047871	-166.917100	115.161951	-39.637300
	0.047880	-167.098937	115.161951	-39.577700
	0.047889	-167.193473	115.161951	-39.518100
	0.047899	-167.887913	115.161951	-39.518100
	0.047908	-168.027773	115.161951	-39.518100
	0.047918	-166.579775	115.161951	-39.518100
	0.047927	-166.338930	115.161951	-39.339300
	0.047937	-171.040735	115.161951	-38.385600
	0.047946	-169.869844	115.161951	-38.028000
	0.047956	-169.379101	115.161951	-37.908800
	0.047965	-169.150748	115.161951	-37.908800
	0.047975	-169.236450	115.161951	-37.908800
	0.047984	-169.918965	115.161951	-37.908800
	0.047994	-169.460038	115.161951	-37.849200
	0.048003	-169.426683	115.161951	-37.849200
	0.048013	-170.091370	115.161951	-37.789600
	0.048022	-169.733726	115.161951	-37.730000
	0.048031	-170.039784	115.161951	-37.670400
	0.048041	-170.949611	115.161951	-37.670400
	0.048050	-171.298419	115.161951	-37.670400
	0.048060	-170.989925	115.161951	-37.670400
	0.048069	-170.760100	115.161951	-37.670400
	0.048079	-170.914950	115.161951	-37.670400
	0.048088	-170.612022	115.161951	-37.670400
	0.048098	-170.011748	115.161951	-37.670400
	0.048107	-169.426458	115.161951	-37.730000
	0.048117	-170.971677	115.161951	-37.670400
	0.048126	-171.734027	115.161951	-37.670400
	0.048136	-171.442248	115.161951	-37.670400
	0.048145	-170.949536	115.161951	-37.730000
	0.048155	-170.360758	115.161951	-37.789600
	0.048164	-170.984166	115.161951	-37.789600
	0.048174	-169.435253	115.161951	-37.789600
	0.048183	-170.100102	115.161951	-37.730000
	0.048192	-170.998032	115.161951	-37.670400
	0.048202	-169.448706	115.161951	-37.670400
	0.048211	-169.109562	115.161951	-37.789600
	0.048221	-169.707053	115.161951	-37.670400
	0.048230	-169.026394	115.161951	-37.610800
	0.048240	-168.889499	115.161951	-37.610800
	0.048249	-170.154271	115.161951	-37.670400
	0.048259	-169.992481	115.161951	-37.610800
	0.048268	-170.412407	115.161951	-37.670400
	0.048278	-170.896417	115.161951	-37.610800
	0.048287	-170.100725	115.161951	-37.610800
	0.048297	-170.788515	115.161951	-37.610800
	0.048306	-169.499104	115.161951	-37.551200
	0.048316	-171.011671	115.161951	-37.551200
	0.048325	-171.383557	115.161951	-37.491600
	0.048334	-170.636983	115.161951	-37.431900
	0.048344	-170.645199	115.161951	-37.431900
	0.048353	-170.324805	115.161951	-37.551200
	0.048363	-170.310656	115.161951	-37.491600
	0.048372	-170.984702	115.161951	-37.551200
	0.048382	-169.873569	115.161951	-37.551200
	0.048391	-170.789082	115.161951	-37.431900
	0.048401	-170.691487	115.161951	-37.372300
	0.048410	-170.137311	115.161951	-37.372300
	0.048420	-169.964430	115.161951	-37.431900
	0.048429	-169.970076	115.161951	-37.431900
	0.048439	-170.744362	115.161951	-37.431900
	0.048448	-170.147862	115.161951	-37.372300
	0.048458	-169.705988	115.161951	-37.312700
	0.048467	-170.519011	115.161951	-37.312700
	0.048477	-170.247027	115.161951	-37.312700
	0.048486	-170.891854	115.161951	-37.253100
	0.048495	-169.940990	115.161951	-37.312700
	0.048505	-169.309697	115.161951	-37.431900
	0.048514	-170.283706	115.161951	-37.431900
	0.048524	-169.573628	115.161951	-37.372300
	0.048533	-169.575173	115.161951	-37.372300
	0.048543	-169.236890	115.161951	-37.372300
	0.048552	-169.927209	115.161951	-37.431900
	0.048562	-169.917723	115.161951	-37.431900
	0.048571	-170.057134	115.161951	-37.372300
	0.048581	-170.248935	115.161951	-37.372300
	0.048590	-170.669732	115.161951	-37.372300
	0.048600	-170.632392	115.161951	-37.312700
	0.048609	-171.270417	115.161951	-37.312700
	0.048619	-171.531900	115.161951	-37.372300
	0.048628	-171.795713	115.161951	-37.372300
	0.048637	-171.076940	115.161951	-37.372300
	0.048647	-170.956123	115.161951	-37.431900
	0.048656	-171.630737	115.161951	-37.372300
	0.048666	-171.817682	115.161951	-37.372300
	0.048675	-172.507843	115.161951	-37.372300
	0.048685	-173.308045	115.161951	-37.372300
	0.048694	-172.743607	115.161951	-37.431900
	0.048704	-171.525240	115.161951	-37.372300
	0.048713	-171.900432	115.161951	-37.253100
	0.048723	-171.375314	115.161951	-37.253100
	0.048732	-171.043375	115.161951	-37.253100
	0.048742	-171.768314	115.161951	-37.253100
	0.048751	-170.782180	115.161951	-37.312700
	0.048761	-171.014305	115.161951	-37.312700
	0.048770	-170.816249	115.161951	-37.193500
	0.048780	-171.445554	115.161951	-37.133900
	0.048789	-172.468770	115.161951	-37.193500
	0.048798	-171.344316	115.161951	-37.253100
	0.048808	-172.331818	115.161951	-37.253100
	0.048817	-171.701627	115.161951	-37.133900
	0.048827	-172.227476	115.161951	-37.133900
	0.048836	-172.974077	115.161951	-37.193500
	0.048846	-172.289862	115.161951	-37.133900
	0.048855	-171.447174	115.161951	-37.133900
	0.048865	-172.214173	115.161951	-37.193500
	0.048874	-172.082339	115.161951	-37.193500
	0.048884	-171.830150	115.161951	-37.193500
	0.048893	-171.865564	115.161951	-37.133900
	0.048903	-171.460200	115.161951	-37.074300
	0.048912	-172.071841	115.161951	-37.074300
	0.048922	-171.388130	115.161951	-37.074300
	0.048931	-171.923544	115.161951	-37.074300
	0.048940	-172.555322	115.161951	-37.074300
	0.048950	-171.828059	115.161951	-37.074300
	0.048959	-172.459244	115.161951	-37.014700
	0.048969	-171.917838	115.161951	-37.014700
	0.048978	-172.402043	115.161951	-37.074300
	0.048988	-172.265348	115.161951	-37.074300
	0.048997	-172.793008	115.161951	-37.074300
	0.049007	-171.592746	115.161951	-37.133900
	0.049016	-172.802404	115.161951	-37.133900
	0.049026	-172.787381	115.161951	-37.074300
	0.049035	-172.308574	115.161951	-37.074300
	0.049045	-172.681783	115.161951	-37.133900
	0.049054	-172.583435	115.161951	-37.074300
	0.049064	-172.306524	115.161951	-37.014700
	0.049073	-173.249753	115.161951	-37.014700
	0.049083	-171.339213	115.161951	-37.074300
	0.049092	-171.672600	115.161951	-37.014700
	0.049101	-172.037168	115.161951	-36.955100
	0.049111	-172.218464	115.161951	-37.014700
	0.049120	-171.709056	115.161951	-37.014700
	0.049130	-171.032798	115.161951	-37.074300
	0.049139	-171.922661	115.161951	-37.014700
	0.049149	-171.831475	115.161951	-37.014700
	0.049158	-172.615829	115.161951	-37.014700
	0.049168	-170.093643	115.161951	-36.955100
	0.049177	-171.504208	115.161951	-36.955100
	0.049187	-171.548670	115.161951	-36.955100
	0.049196	-172.145211	115.161951	-37.014700
	0.049206	-171.558677	115.161951	-36.955100
	0.049215	-171.795316	115.161951	-36.597500
	0.049225	-171.537556	115.161951	-36.537900
	0.049234	-173.018777	115.161951	-36.537900
	0.049243	-171.991151	115.161951	-36.537900
	0.049253	-171.626822	115.161951	-36.537900
	0.049262	-172.606159	115.161951	-36.537900
	0.049272	-175.808826	115.161951	-36.180300
	0.049281	-176.372127	115.161951	-35.822600
	0.049291	-176.307758	115.161951	-35.763000
	0.049300	-177.319407	115.161951	-35.703400
	0.049310	-176.981675	115.161951	-35.643800
	0.049319	-176.841404	115.161951	-35.643800
	0.049329	-176.401967	115.161951	-35.584200
	0.049338	-176.819235	115.161951	-35.584200
	0.049348	-176.482503	115.161951	-35.524600
	0.049357	-177.056964	115.161951	-35.524600
	0.049367	-176.918920	115.161951	-35.465000
	0.049376	-176.336628	115.161951	-35.465000
	0.049386	-175.242533	115.161951	-35.405400
	0.049395	-176.601577	115.161951	-35.286200
	0.049404	-179.106898	115.161951	-34.928600
	0.049414	-179.094544	115.161951	-34.690100
	0.049423	-180.177978	115.161951	-34.570900
	0.049433	-179.164263	115.161951	-34.570900
	0.049442	-179.534750	115.161951	-34.511300
	0.049452	-178.790986	115.161951	-34.570900
	0.049461	-179.633131	115.161951	-34.570900
	0.049471	-179.549678	115.161951	-34.570900
	0.049480	-179.460156	115.161951	-34.511300
	0.049490	-179.558385	115.161951	-34.511300
	0.049499	-179.318547	115.161951	-34.511300
	0.049509	-179.667180	115.161951	-34.511300
	0.049518	-179.373672	115.161951	-34.511300
	0.049528	-179.445910	115.161951	-34.511300
	0.049537	-179.273589	115.161951	-34.570900
	0.049546	-179.816827	115.161951	-34.511300
	0.049556	-180.747311	115.161951	-34.570900
	0.049565	-180.657159	115.161951	-34.690100
	0.049575	-179.276057	115.161951	-34.749700
	0.049584	-180.014976	115.161951	-34.809300
	0.049594	-179.504312	115.161951	-34.809300
	0.049603	-180.192314	115.161951	-34.749700
	0.049613	-180.018149	115.161951	-34.749700
	0.049622	-180.639017	115.161951	-34.690100
	0.049632	-180.133742	115.161951	-34.690100
	0.049641	-181.086219	115.161951	-34.749700
	0.049651	-178.910550	115.161951	-34.749700
	0.049660	-180.053416	115.161951	-34.630500
	0.049670	-179.824646	115.161951	-34.570900
	0.049679	-180.387510	115.161951	-34.630500
	0.049689	-180.706757	115.161951	-34.690100
	0.049698	-180.772703	115.161951	-34.690100
	0.049707	-180.368820	115.161951	-34.690100
	0.049717	-179.749655	115.161951	-34.690100
	0.049726	-179.996567	115.161951	-34.630500
	0.049736	-179.661728	115.161951	-34.690100
	0.049745	-180.668736	115.161951	-34.630500
	0.049755	-180.454663	115.161951	-34.570900
	0.049764	-180.697961	115.161951	-34.630500
	0.049774	-180.246161	115.161951	-34.570900
	0.049783	-180.362891	115.161951	-34.511300
	0.049793	-179.732342	115.161951	-34.511300
	0.049802	-180.407981	115.161951	-34.511300
	0.049812	-180.276526	115.161951	-34.451700
	0.049821	-178.874393	115.161951	-34.451700
	0.049831	-180.508822	115.161951	-34.451700
	0.049840	-179.843809	115.161951	-34.451700
	0.049849	-180.086847	115.161951	-34.332500
	0.049859	-180.530803	115.161951	-34.332500
	0.049868	-179.240893	115.161951	-34.332500
	0.049878	-180.291493	115.161951	-34.272900
	0.049887	-179.478371	115.161951	-34.332500
	0.049897	-179.651773	115.161951	-34.332500
	0.049906	-179.872788	115.161951	-34.272900
	0.049916	-178.787364	115.161951	-34.332500
	0.049925	-179.984185	115.161951	-34.392100
	0.049935	-180.693162	115.161951	-34.451700
	0.049944	-179.466778	115.161951	-34.392100
	0.049954	-180.402575	115.161951	-34.272900
	0.049963	-180.000842	115.161951	-34.272900
	0.049973	-179.044587	115.161951	-34.153700
	0.049982	-180.235019	115.161951	-34.153700
	0.049991	-178.758898	115.161951	-34.153700
	0.050001	-180.692978	115.161951	-34.213300
	0.050010	-180.221895	115.161951	-34.213300
	0.050020	-178.620514	115.161951	-34.272900
	0.050029	-179.067151	115.161951	-34.272900
	0.050039	-178.520766	115.161951	-34.213300
	0.050048	-179.052870	115.161951	-34.153700
	0.050058	-180.282923	115.161951	-34.213300
	0.050067	-179.536666	115.161951	-34.213300
	0.050077	-179.109811	115.161951	-34.272900
	0.050086	-179.897928	115.161951	-34.213300
	0.050096	-179.814113	115.161951	-34.094100
	0.050105	-179.973504	115.161951	-34.094100
	0.050115	-180.422493	115.161951	-34.153700
	0.050124	-180.480742	115.161951	-34.034500
	0.050134	-178.886593	115.161951	-34.034500
	0.050143	-178.645711	115.161951	-34.034500
	0.050152	-179.799917	115.161951	-34.034500
	0.050162	-179.266210	115.161951	-34.034500
	0.050171	-179.716733	115.161951	-34.034500
	0.050181	-179.758123	115.161951	-34.034500
	0.050190	-180.064605	115.161951	-34.094100
	0.050200	-179.344322	115.161951	-34.034500
	0.050209	-179.491565	115.161951	-33.974900
	0.050219	-179.754165	115.161951	-33.974900
	0.050228	-180.234835	115.161951	-33.974900
	0.050238	-179.880832	115.161951	-33.915300
	0.050247	-179.716976	115.161951	-33.915300
	0.050257	-179.002490	115.161951	-33.855700
	0.050266	-178.223186	115.161951	-33.915300
	0.050276	-179.594604	115.161951	-33.974900
	0.050285	-179.725761	115.161951	-33.974900
	0.050294	-178.883698	115.161951	-33.915300
	0.050304	-179.450940	115.161951	-33.974900
	0.050313	-178.745715	115.161951	-33.974900
	0.050323	-179.960127	115.161951	-34.034500
	0.050332	-180.160334	115.161951	-34.034500
	0.050342	-178.418284	115.161951	-33.974900
	0.050351	-178.173706	115.161951	-33.915300
	0.050361	-180.191623	115.161951	-33.915300
	0.050370	-179.368031	115.161951	-33.974900
	0.050380	-179.230500	115.161951	-33.974900
	0.050389	-178.160657	115.161951	-33.915300
	0.050399	-180.294341	115.161951	-33.915300
	0.050408	-180.045858	115.161951	-33.974900
	0.050418	-179.492988	115.161951	-34.034500
	0.050427	-179.804144	115.161951	-33.974900
	0.050437	-179.429528	115.161951	-34.034500
	0.050446	-179.759146	115.161951	-34.034500
	0.050455	-178.582189	115.161951	-34.034500
	0.050465	-179.728511	115.161951	-33.974900
	0.050474	-179.763594	115.161951	-34.034500
	0.050484	-179.146673	115.161951	-33.974900
