	-0.071022	-0.862310	115.161951	-33.557600
	-0.068270	-0.814238	115.161951	-33.617300
	-0.065518	-1.255335	115.161951	-33.736500
	-0.062767	-1.389142	115.161951	-33.974900
	-0.060015	-0.267953	115.161951	-34.213300
	-0.057264	-1.100493	115.161951	-34.451700
	-0.054512	-1.597234	115.161951	-34.690100
	-0.051760	-1.117362	115.161951	-34.869000
	-0.049009	-0.787168	115.161951	-35.107400
	-0.046257	-1.536777	115.161951	-35.405400
	-0.043506	-1.940768	115.161951	-35.763000
	-0.040754	-1.444558	115.161951	-36.061000
	-0.038002	-1.702236	115.161951	-36.359100
	-0.035251	-1.979133	115.161951	-36.716700
	-0.032499	-2.381524	115.161951	-37.193500
	-0.029748	-2.788578	115.161951	-37.610800
	-0.026996	-2.763953	115.161951	-38.028000
	-0.024245	-3.091064	115.161951	-38.445200
	-0.021493	-3.025775	115.161951	-38.981700
	-0.018741	-3.667760	115.161951	-39.518100
	-0.015990	-3.438936	115.161951	-40.114200
	-0.013238	-3.874966	115.161951	-40.710200
	-0.010487	-2.863971	115.161951	-41.365900
	-0.007735	-4.941229	115.161951	-41.902300
	-0.004984	-4.481492	115.161951	-42.677200
	-0.002232	-4.785728	115.161951	-43.332800
	0.000520	-4.576180	115.161951	-44.226900
	0.003271	-5.765487	115.161951	-45.180600
	0.006023	-4.405609	115.161951	-46.074600
	0.008774	-5.007557	115.161951	-47.207100
	0.011526	-6.806753	115.161951	-48.399200
	0.014278	-7.205606	115.161951	-49.770100
	0.017029	-8.258199	115.161951	-51.498600
	0.019781	-10.207346	115.161951	-53.346400
	0.022532	-9.231153	115.161951	-55.492200
	0.025284	-10.681580	115.161951	-58.055200
	0.028036	-12.048692	115.161951	-60.916200
	0.030787	-13.275574	115.161951	-64.731100
	0.033539	-16.268332	115.161951	-69.261100
	0.036290	-18.710465	115.161951	-75.281100
	0.036290	-20.271560	115.161951	-80.347500
	0.036300	-20.148467	115.161951	-82.135700
	0.036309	-21.095364	115.161951	-82.552900
	0.036319	-20.720353	115.161951	-82.672100
	0.036328	-20.483733	115.161951	-82.672100
	0.036338	-19.871664	115.161951	-82.731700
	0.036347	-20.908988	115.161951	-82.731700
	0.036357	-19.818085	115.161951	-82.731700
	0.036366	-20.762878	115.161951	-82.731700
	0.036376	-20.567401	115.161951	-82.731700
	0.036385	-20.817966	115.161951	-82.791300
	0.036394	-20.879106	115.161951	-82.850900
	0.036404	-19.792273	115.161951	-82.791300
	0.036413	-19.894056	115.161951	-82.791300
	0.036423	-20.195373	115.161951	-82.850900
	0.036432	-21.322036	115.161951	-82.850900
	0.036442	-20.668891	115.161951	-82.910500
	0.036451	-20.813081	115.161951	-82.910500
	0.036461	-21.743914	115.161951	-82.910500
	0.036470	-21.882781	115.161951	-82.910500
	0.036480	-21.340571	115.161951	-82.910500
	0.036489	-21.491121	115.161951	-82.970100
	0.036499	-22.002290	115.161951	-82.970100
	0.036508	-21.959916	115.161951	-82.970100
	0.036518	-21.343923	115.161951	-83.029700
	0.036527	-21.441213	115.161951	-82.970100
	0.036537	-20.227636	115.161951	-83.029700
	0.036546	-21.078895	115.161951	-83.029700
	0.036555	-21.177638	115.161951	-83.089300
	0.036565	-21.052743	115.161951	-83.089300
	0.036574	-20.865746	115.161951	-83.089300
	0.036584	-21.573584	115.161951	-83.148900
	0.036593	-21.004869	115.161951	-83.208500
	0.036603	-21.527299	115.161951	-83.208500
	0.036612	-21.905624	115.161951	-83.148900
	0.036622	-20.305366	115.161951	-83.148900
	0.036631	-21.686163	115.161951	-83.148900
	0.036641	-21.204143	115.161951	-83.208500
	0.036650	-21.764443	115.161951	-83.268200
	0.036660	-21.712792	115.161951	-83.268200
	0.036669	-21.639924	115.161951	-83.268200
	0.036679	-20.996018	115.161951	-83.208500
	0.036688	-22.631732	115.161951	-83.268200
	0.036697	-22.125106	115.161951	-83.327800
	0.036707	-22.321237	115.161951	-83.387400
	0.036716	-21.300767	115.161951	-83.387400
	0.036726	-21.789239	115.161951	-83.387400
	0.036735	-22.860296	115.161951	-83.327800
	0.036745	-20.798195	115.161951	-83.387400
	0.036754	-21.877203	115.161951	-83.447000
	0.036764	-21.571930	115.161951	-83.447000
	0.036773	-21.706471	115.161951	-83.447000
	0.036783	-22.821071	115.161951	-83.447000
	0.036792	-22.159930	115.161951	-83.506600
	0.036802	-20.949028	115.161951	-83.566200
	0.036811	-21.109501	115.161951	-83.566200
	0.036821	-21.759160	115.161951	-83.566200
	0.036830	-21.681143	115.161951	-83.566200
	0.036840	-21.415137	115.161951	-83.625800
	0.036849	-20.621726	115.161951	-83.625800
	0.036858	-20.879156	115.161951	-83.566200
	0.036868	-21.246174	115.161951	-83.566200
	0.036877	-22.002822	115.161951	-83.566200
	0.036887	-21.138075	115.161951	-83.685400
	0.036896	-20.336723	115.161951	-83.745000
	0.036906	-21.942722	115.161951	-83.685400
	0.036915	-20.626551	115.161951	-83.685400
	0.036925	-21.070236	115.161951	-83.745000
	0.036934	-20.625435	115.161951	-83.685400
	0.036944	-20.572079	115.161951	-83.685400
	0.036953	-21.413389	115.161951	-83.625800
	0.036963	-20.286154	115.161951	-83.745000
	0.036972	-22.163546	115.161951	-83.745000
	0.036982	-21.080630	115.161951	-83.745000
	0.036991	-21.951982	115.161951	-83.804600
	0.037000	-21.852648	115.161951	-83.864200
	0.037010	-21.058015	115.161951	-83.864200
	0.037019	-19.741680	115.161951	-83.804600
	0.037029	-21.843664	115.161951	-83.864200
	0.037038	-20.302694	115.161951	-83.864200
	0.037048	-20.694597	115.161951	-83.864200
	0.037057	-20.736797	115.161951	-83.923800
	0.037067	-20.973339	115.161951	-83.983400
	0.037076	-21.497342	115.161951	-83.923800
	0.037086	-20.184320	115.161951	-83.983400
	0.037095	-21.367263	115.161951	-83.983400
	0.037105	-21.723015	115.161951	-84.043000
	0.037114	-20.649750	115.161951	-83.983400
	0.037124	-22.118010	115.161951	-83.983400
	0.037133	-21.054893	115.161951	-84.043000
	0.037143	-20.639239	115.161951	-84.102600
	0.037152	-20.524381	115.161951	-84.162200
	0.037161	-20.983370	115.161951	-84.162200
	0.037171	-19.801387	115.161951	-84.162200
	0.037180	-20.830789	115.161951	-84.162200
	0.037190	-19.962390	115.161951	-84.162200
	0.037199	-20.919790	115.161951	-84.281400
	0.037209	-20.654912	115.161951	-84.281400
	0.037218	-20.981226	115.161951	-84.221800
	0.037228	-21.357304	115.161951	-84.221800
	0.037237	-20.807891	115.161951	-84.281400
	0.037247	-21.297826	115.161951	-84.221800
	0.037256	-19.806532	115.161951	-84.221800
	0.037266	-20.340512	115.161951	-84.221800
	0.037275	-19.944722	115.161951	-84.162200
	0.037285	-19.880029	115.161951	-84.221800
	0.037294	-20.021303	115.161951	-84.281400
	0.037303	-19.801318	115.161951	-84.341000
	0.037313	-19.771664	115.161951	-84.400600
	0.037322	-19.235132	115.161951	-84.341000
	0.037332	-19.729906	115.161951	-84.281400
	0.037341	-20.501591	115.161951	-84.281400
	0.037351	-21.237645	115.161951	-84.281400
	0.037360	-20.648749	115.161951	-84.341000
	0.037370	-20.611043	115.161951	-84.341000
	0.037379	-20.336561	115.161951	-84.341000
	0.037389	-21.150604	115.161951	-84.400600
	0.037398	-20.743684	115.161951	-84.460200
	0.037408	-19.881101	115.161951	-84.460200
	0.037417	-19.538338	115.161951	-84.519900
	0.037427	-19.937800	115.161951	-84.460200
	0.037436	-20.337530	115.161951	-84.460200
	0.037446	-20.183312	115.161951	-84.519900
	0.037455	-20.116555	115.161951	-84.579500
	0.037464	-19.674329	115.161951	-84.519900
	0.037474	-20.446121	115.161951	-84.519900
	0.037483	-19.751057	115.161951	-84.519900
	0.037493	-20.474429	115.161951	-84.579500
	0.037502	-19.740087	115.161951	-84.579500
	0.037512	-19.949526	115.161951	-84.579500
	0.037521	-20.058761	115.161951	-84.579500
	0.037531	-21.579252	115.161951	-84.579500
	0.037540	-21.045056	115.161951	-84.698700
	0.037550	-20.573786	115.161951	-84.698700
	0.037559	-21.462493	115.161951	-84.758300
	0.037569	-20.945976	115.161951	-84.698700
	0.037578	-21.535541	115.161951	-84.758300
	0.037588	-21.379255	115.161951	-84.758300
	0.037597	-20.963415	115.161951	-84.817900
	0.037606	-19.194531	115.161951	-84.817900
	0.037616	-20.148570	115.161951	-84.877500
	0.037625	-21.077050	115.161951	-84.817900
	0.037635	-21.514223	115.161951	-84.877500
	0.037644	-21.272100	115.161951	-84.877500
	0.037654	-21.278060	115.161951	-84.877500
	0.037663	-21.208046	115.161951	-84.937100
	0.037673	-19.840551	115.161951	-84.937100
	0.037682	-21.867776	115.161951	-84.937100
	0.037692	-23.421344	115.161951	-84.937100
	0.037701	-22.277666	115.161951	-84.996700
	0.037711	-21.867376	115.161951	-84.937100
	0.037720	-21.341526	115.161951	-84.937100
	0.037730	-21.491702	115.161951	-84.937100
	0.037739	-22.118378	115.161951	-84.937100
	0.037748	-21.709081	115.161951	-84.996700
	0.037758	-20.617491	115.161951	-84.996700
	0.037767	-20.422331	115.161951	-84.996700
	0.037777	-21.833830	115.161951	-84.996700
	0.037786	-20.963315	115.161951	-85.115900
	0.037796	-19.862599	115.161951	-85.115900
	0.037805	-21.297716	115.161951	-85.175500
	0.037815	-21.254657	115.161951	-85.175500
	0.037824	-21.056738	115.161951	-85.175500
	0.037834	-21.723461	115.161951	-85.235100
	0.037843	-20.903235	115.161951	-85.235100
	0.037853	-21.403971	115.161951	-85.235100
	0.037862	-20.963426	115.161951	-85.175500
	0.037872	-20.514615	115.161951	-85.235100
	0.037881	-20.757845	115.161951	-85.294700
	0.037891	-20.513017	115.161951	-85.413900
	0.037900	-21.687660	115.161951	-85.413900
	0.037909	-20.384997	115.161951	-85.473500
	0.037919	-21.557747	115.161951	-85.473500
	0.037928	-21.653808	115.161951	-85.473500
	0.037938	-22.430226	115.161951	-85.473500
	0.037947	-21.719304	115.161951	-85.533100
	0.037957	-21.274390	115.161951	-85.473500
	0.037966	-21.209221	115.161951	-85.473500
	0.037976	-20.448445	115.161951	-85.533100
	0.037985	-20.398081	115.161951	-85.652300
	0.037995	-20.775422	115.161951	-85.711900
	0.038004	-21.174552	115.161951	-85.711900
	0.038014	-21.103050	115.161951	-85.771500
	0.038023	-20.843773	115.161951	-85.771500
	0.038033	-20.361355	115.161951	-85.771500
	0.038042	-21.190731	115.161951	-85.771500
	0.038051	-22.334955	115.161951	-85.771500
	0.038061	-20.988670	115.161951	-85.831200
	0.038070	-21.340265	115.161951	-85.771500
	0.038080	-21.430568	115.161951	-85.831200
	0.038089	-21.376970	115.161951	-85.950400
	0.038099	-20.954899	115.161951	-85.950400
	0.038108	-21.267052	115.161951	-85.950400
	0.038118	-20.612313	115.161951	-85.950400
	0.038127	-21.797322	115.161951	-85.950400
	0.038137	-23.236153	115.161951	-85.950400
	0.038146	-23.194177	115.161951	-85.950400
	0.038156	-21.730860	115.161951	-85.950400
	0.038165	-20.888978	115.161951	-85.950400
	0.038175	-22.165866	115.161951	-85.950400
	0.038184	-21.896696	115.161951	-86.010000
	0.038194	-21.554438	115.161951	-86.010000
	0.038203	-21.565582	115.161951	-86.010000
	0.038212	-21.107703	115.161951	-86.069600
	0.038222	-20.571829	115.161951	-86.069600
	0.038231	-20.925521	115.161951	-86.069600
	0.038241	-21.991827	115.161951	-86.069600
	0.038250	-21.986443	115.161951	-86.129200
	0.038260	-20.765411	115.161951	-86.188800
	0.038269	-21.044617	115.161951	-86.129200
	0.038279	-20.785491	115.161951	-86.129200
	0.038288	-21.309218	115.161951	-86.188800
	0.038298	-21.456802	115.161951	-86.248400
	0.038307	-22.489674	115.161951	-86.248400
	0.038317	-21.865213	115.161951	-86.248400
	0.038326	-22.370737	115.161951	-86.308000
	0.038336	-22.546475	115.161951	-86.367600
	0.038345	-22.735141	115.161951	-86.367600
	0.038354	-22.491272	115.161951	-86.367600
	0.038364	-21.481068	115.161951	-86.367600
	0.038373	-21.580956	115.161951	-86.367600
	0.038383	-21.380168	115.161951	-86.367600
	0.038392	-21.066403	115.161951	-86.427200
	0.038402	-21.651988	115.161951	-86.367600
	0.038411	-22.666436	115.161951	-86.427200
	0.038421	-21.217825	115.161951	-86.546400
	0.038430	-22.698752	115.161951	-86.606000
	0.038440	-22.781110	115.161951	-86.665600
	0.038449	-22.209512	115.161951	-86.665600
	0.038459	-21.789145	115.161951	-86.665600
	0.038468	-20.998698	115.161951	-86.665600
	0.038478	-21.550787	115.161951	-86.665600
	0.038487	-21.102917	115.161951	-86.725200
	0.038497	-21.139881	115.161951	-86.784800
	0.038506	-21.810634	115.161951	-86.784800
	0.038515	-21.963759	115.161951	-86.844400
	0.038525	-22.621533	115.161951	-86.784800
	0.038534	-21.416801	115.161951	-86.844400
	0.038544	-22.791259	115.161951	-86.963600
	0.038553	-21.844180	115.161951	-87.082900
	0.038563	-21.302447	115.161951	-87.082900
	0.038572	-21.504112	115.161951	-87.142500
	0.038582	-22.458524	115.161951	-87.142500
	0.038591	-22.281458	115.161951	-87.202100
	0.038601	-22.147127	115.161951	-87.202100
	0.038610	-21.741775	115.161951	-87.142500
	0.038620	-22.106157	115.161951	-87.142500
	0.038629	-22.043280	115.161951	-87.202100
	0.038639	-21.314295	115.161951	-87.202100
	0.038648	-22.056797	115.161951	-87.261700
	0.038657	-22.781613	115.161951	-87.261700
	0.038667	-21.765303	115.161951	-87.321300
	0.038676	-22.404432	115.161951	-87.321300
	0.038686	-21.134965	115.161951	-87.261700
	0.038695	-21.731645	115.161951	-87.321300
	0.038705	-22.337771	115.161951	-87.380900
	0.038714	-22.007748	115.161951	-87.380900
	0.038724	-20.897404	115.161951	-87.380900
	0.038733	-21.349213	115.161951	-87.380900
	0.038743	-22.272384	115.161951	-87.380900
	0.038752	-21.869899	115.161951	-87.380900
	0.038762	-20.766120	115.161951	-87.440500
	0.038771	-21.433643	115.161951	-87.500100
	0.038781	-20.984098	115.161951	-87.500100
	0.038790	-22.291215	115.161951	-87.619300
	0.038800	-22.113732	115.161951	-87.678900
	0.038809	-21.720236	115.161951	-87.917300
	0.038818	-21.637794	115.161951	-87.917300
	0.038828	-21.708643	115.161951	-87.917300
	0.038837	-22.145576	115.161951	-87.917300
	0.038847	-22.588680	115.161951	-87.857700
	0.038856	-23.082832	115.161951	-87.798100
	0.038866	-23.035379	115.161951	-87.857700
	0.038875	-21.771451	115.161951	-87.857700
	0.038885	-22.665064	115.161951	-87.917300
	0.038894	-22.281423	115.161951	-87.917300
	0.038904	-22.866318	115.161951	-87.917300
	0.038913	-22.854283	115.161951	-87.917300
	0.038923	-22.797427	115.161951	-87.917300
	0.038932	-22.542564	115.161951	-87.917300
	0.038942	-23.565594	115.161951	-88.036500
	0.038951	-24.556918	115.161951	-87.976900
	0.038960	-24.119872	115.161951	-87.976900
	0.038970	-23.340662	115.161951	-87.976900
	0.038979	-23.368040	115.161951	-87.976900
	0.038989	-23.346334	115.161951	-88.096100
	0.038998	-23.561754	115.161951	-88.096100
	0.039008	-23.337627	115.161951	-88.155700
	0.039017	-23.861197	115.161951	-88.155700
	0.039027	-23.687550	115.161951	-88.215300
	0.039036	-22.752992	115.161951	-88.274900
	0.039046	-23.185858	115.161951	-88.274900
	0.039055	-23.510098	115.161951	-88.274900
	0.039065	-23.277881	115.161951	-88.274900
	0.039074	-24.044133	115.161951	-88.215300
	0.039084	-23.148951	115.161951	-88.215300
	0.039093	-22.917457	115.161951	-88.274900
	0.039103	-22.395161	115.161951	-88.274900
	0.039112	-23.032347	115.161951	-88.274900
	0.039121	-22.476289	115.161951	-88.274900
	0.039131	-23.312645	115.161951	-88.274900
	0.039140	-22.979187	115.161951	-88.453800
	0.039150	-23.479595	115.161951	-88.453800
	0.039159	-23.352391	115.161951	-88.513400
	0.039169	-23.525892	115.161951	-88.513400
	0.039178	-23.136423	115.161951	-88.513400
	0.039188	-22.758908	115.161951	-88.573000
	0.039197	-22.939402	115.161951	-88.632600
	0.039207	-22.774202	115.161951	-88.632600
	0.039216	-24.401083	115.161951	-88.632600
	0.039226	-23.308463	115.161951	-88.573000
	0.039235	-23.503014	115.161951	-88.513400
	0.039245	-22.628977	115.161951	-88.573000
	0.039254	-23.553505	115.161951	-88.573000
	0.039263	-23.156123	115.161951	-88.632600
	0.039273	-23.208150	115.161951	-88.692200
	0.039282	-21.576345	115.161951	-88.751800
	0.039292	-21.405385	115.161951	-88.751800
	0.039301	-22.280241	115.161951	-88.811400
	0.039311	-22.562639	115.161951	-88.811400
	0.039320	-23.711975	115.161951	-88.871000
	0.039330	-23.049457	115.161951	-88.871000
	0.039339	-22.944339	115.161951	-88.871000
	0.039349	-22.883549	115.161951	-88.871000
	0.039358	-23.326531	115.161951	-88.871000
	0.039368	-22.581045	115.161951	-88.871000
	0.039377	-22.789440	115.161951	-88.871000
	0.039387	-23.090114	115.161951	-88.871000
	0.039396	-23.704737	115.161951	-88.871000
	0.039406	-22.813949	115.161951	-88.871000
	0.039415	-23.714916	115.161951	-88.871000
	0.039424	-23.788665	115.161951	-88.871000
	0.039434	-23.518586	115.161951	-88.871000
	0.039443	-22.801735	115.161951	-88.930600
	0.039453	-23.198690	115.161951	-89.049800
	0.039462	-22.344112	115.161951	-88.990200
	0.039472	-22.806476	115.161951	-89.049800
	0.039481	-22.153491	115.161951	-89.049800
	0.039491	-22.549871	115.161951	-89.049800
	0.039500	-22.961466	115.161951	-89.049800
	0.039510	-23.217917	115.161951	-89.049800
	0.039519	-23.248279	115.161951	-89.049800
	0.039529	-22.610205	115.161951	-88.990200
	0.039538	-22.522922	115.161951	-89.109400
	0.039548	-23.765998	115.161951	-89.109400
	0.039557	-23.401207	115.161951	-89.109400
	0.039566	-23.995500	115.161951	-89.169000
	0.039576	-24.300278	115.161951	-89.169000
	0.039585	-23.605246	115.161951	-89.169000
	0.039595	-22.878084	115.161951	-89.109400
	0.039604	-24.360422	115.161951	-89.109400
	0.039614	-22.907052	115.161951	-89.109400
	0.039623	-24.381181	115.161951	-89.169000
	0.039633	-22.638734	115.161951	-89.228600
	0.039642	-22.801558	115.161951	-89.228600
	0.039652	-22.876532	115.161951	-89.228600
	0.039661	-22.417704	115.161951	-89.288200
	0.039671	-24.021825	115.161951	-89.288200
	0.039680	-24.041850	115.161951	-89.288200
	0.039690	-24.424108	115.161951	-89.288200
	0.039699	-24.551075	115.161951	-89.228600
	0.039709	-23.656485	115.161951	-89.228600
	0.039718	-24.951264	115.161951	-89.228600
	0.039727	-25.865200	115.161951	-89.288200
	0.039737	-24.767252	115.161951	-89.407400
	0.039746	-25.212941	115.161951	-89.407400
	0.039756	-23.374587	115.161951	-89.467000
	0.039765	-24.800904	115.161951	-89.467000
	0.039775	-23.979549	115.161951	-89.467000
	0.039784	-25.265100	115.161951	-89.467000
	0.039794	-24.560674	115.161951	-89.467000
	0.039803	-24.083375	115.161951	-89.407400
	0.039813	-24.253568	115.161951	-89.407400
	0.039822	-24.755599	115.161951	-89.347800
	0.039832	-23.820239	115.161951	-89.347800
	0.039841	-22.993961	115.161951	-89.407400
	0.039851	-24.713408	115.161951	-89.467000
	0.039860	-22.615466	115.161951	-89.467000
	0.039869	-23.801347	115.161951	-89.467000
	0.039879	-23.316588	115.161951	-89.467000
	0.039888	-24.245745	115.161951	-89.586200
	0.039898	-24.356586	115.161951	-89.586200
	0.039907	-24.283462	115.161951	-89.586200
	0.039917	-24.307622	115.161951	-89.645900
	0.039926	-23.917204	115.161951	-89.705500
	0.039936	-25.100690	115.161951	-89.824700
	0.039945	-24.251581	115.161951	-89.884300
	0.039955	-23.846382	115.161951	-89.943900
	0.039964	-24.567769	115.161951	-89.943900
	0.039974	-24.393248	115.161951	-89.943900
	0.039983	-24.364794	115.161951	-90.003500
	0.039993	-25.527160	115.161951	-90.063100
	0.040002	-25.200129	115.161951	-90.122700
	0.040012	-25.498585	115.161951	-90.182300
	0.040021	-24.618138	115.161951	-90.182300
	0.040030	-25.749511	115.161951	-90.241900
	0.040040	-24.933904	115.161951	-90.301500
	0.040049	-24.502217	115.161951	-90.241900
	0.040059	-25.487203	115.161951	-90.301500
	0.040068	-25.029118	115.161951	-90.241900
	0.040078	-25.446188	115.161951	-90.241900
	0.040087	-24.557812	115.161951	-90.301500
	0.040097	-24.671319	115.161951	-90.420700
	0.040106	-24.266291	115.161951	-90.420700
	0.040116	-23.592758	115.161951	-90.420700
	0.040125	-24.132030	115.161951	-90.420700
	0.040135	-24.268248	115.161951	-90.480300
	0.040144	-24.754868	115.161951	-90.480300
	0.040154	-24.118762	115.161951	-90.480300
	0.040163	-24.648195	115.161951	-90.480300
	0.040172	-25.964458	115.161951	-90.480300
	0.040182	-24.770537	115.161951	-90.480300
	0.040191	-24.937967	115.161951	-90.480300
	0.040201	-24.769805	115.161951	-90.539900
	0.040210	-24.645070	115.161951	-90.599500
	0.040220	-25.575925	115.161951	-90.599500
	0.040229	-24.365172	115.161951	-90.659100
	0.040239	-23.998256	115.161951	-90.718700
	0.040248	-24.613243	115.161951	-90.778300
	0.040258	-24.527931	115.161951	-90.778300
	0.040267	-25.465005	115.161951	-90.778300
	0.040277	-24.456234	115.161951	-90.837900
	0.040286	-24.693288	115.161951	-90.957200
	0.040296	-25.009562	115.161951	-91.076400
	0.040305	-24.314686	115.161951	-91.076400
	0.040315	-25.096847	115.161951	-91.016800
	0.040324	-26.174458	115.161951	-91.076400
	0.040333	-24.576867	115.161951	-91.016800
	0.040343	-24.850821	115.161951	-90.897500
	0.040352	-25.458605	115.161951	-90.837900
	0.040362	-25.333815	115.161951	-90.837900
	0.040371	-25.555831	115.161951	-90.837900
	0.040381	-26.517103	115.161951	-90.837900
	0.040390	-25.611428	115.161951	-90.837900
	0.040400	-26.511720	115.161951	-90.837900
	0.040409	-26.187072	115.161951	-90.897500
	0.040419	-25.656810	115.161951	-90.957200
	0.040428	-26.106043	115.161951	-90.957200
	0.040438	-25.525654	115.161951	-91.016800
	0.040447	-26.311449	115.161951	-91.076400
	0.040457	-27.034151	115.161951	-91.016800
	0.040466	-26.118672	115.161951	-91.076400
	0.040475	-26.941808	115.161951	-91.076400
	0.040485	-26.456311	115.161951	-91.076400
	0.040494	-26.684743	115.161951	-91.136000
	0.040504	-26.538930	115.161951	-91.136000
	0.040513	-26.519022	115.161951	-91.195600
	0.040523	-26.637589	115.161951	-91.195600
	0.040532	-26.437092	115.161951	-91.195600
	0.040542	-26.465068	115.161951	-91.195600
	0.040551	-26.949739	115.161951	-91.136000
	0.040561	-26.122910	115.161951	-91.136000
	0.040570	-25.834436	115.161951	-91.195600
	0.040580	-25.134861	115.161951	-91.255200
	0.040589	-26.114740	115.161951	-91.374400
	0.040599	-25.873885	115.161951	-91.434000
	0.040608	-25.670903	115.161951	-91.374400
	0.040618	-25.202776	115.161951	-91.374400
	0.040627	-26.471653	115.161951	-91.374400
	0.040636	-26.380833	115.161951	-91.434000
	0.040646	-26.031650	115.161951	-91.434000
	0.040655	-26.717506	115.161951	-91.434000
	0.040665	-27.655457	115.161951	-91.553200
	0.040674	-27.967564	115.161951	-91.553200
	0.040684	-27.218767	115.161951	-91.553200
	0.040693	-25.215607	115.161951	-91.612800
	0.040703	-26.584362	115.161951	-91.672400
	0.040712	-27.617710	115.161951	-91.612800
	0.040722	-26.793859	115.161951	-91.612800
	0.040731	-26.231584	115.161951	-91.612800
	0.040741	-26.534277	115.161951	-91.672400
	0.040750	-27.089302	115.161951	-91.612800
	0.040760	-27.490878	115.161951	-91.493600
	0.040769	-27.294117	115.161951	-91.434000
	0.040778	-27.633277	115.161951	-91.493600
	0.040788	-26.244537	115.161951	-91.553200
	0.040797	-26.508384	115.161951	-91.493600
	0.040807	-27.834249	115.161951	-91.493600
	0.040816	-27.235024	115.161951	-91.434000
	0.040826	-27.316526	115.161951	-91.553200
	0.040835	-27.216257	115.161951	-91.612800
	0.040845	-27.031900	115.161951	-91.612800
	0.040854	-26.639498	115.161951	-91.612800
	0.040864	-26.909420	115.161951	-91.672400
	0.040873	-27.157630	115.161951	-91.732000
	0.040883	-27.422714	115.161951	-91.791600
	0.040892	-27.192405	115.161951	-91.851200
	0.040902	-27.393979	115.161951	-91.851200
	0.040911	-27.901846	115.161951	-91.851200
	0.040921	-28.185395	115.161951	-91.851200
	0.040930	-28.072344	115.161951	-91.910800
	0.040939	-27.913662	115.161951	-91.970400
	0.040949	-27.911895	115.161951	-91.970400
	0.040958	-27.736372	115.161951	-91.970400
	0.040968	-27.446003	115.161951	-91.970400
	0.040977	-27.464423	115.161951	-91.970400
	0.040987	-28.796200	115.161951	-91.970400
	0.040996	-28.523614	115.161951	-92.089600
	0.041006	-28.038823	115.161951	-92.149200
	0.041015	-27.339373	115.161951	-92.030000
	0.041025	-26.945209	115.161951	-92.149200
	0.041034	-26.929984	115.161951	-92.208900
	0.041044	-26.436387	115.161951	-92.268500
	0.041053	-26.223956	115.161951	-92.268500
	0.041063	-27.539013	115.161951	-92.268500
	0.041072	-26.161335	115.161951	-92.328100
	0.041081	-27.508050	115.161951	-92.328100
	0.041091	-27.626596	115.161951	-92.387700
	0.041100	-26.708316	115.161951	-92.447300
	0.041110	-28.612289	115.161951	-92.447300
	0.041119	-28.382771	115.161951	-92.447300
	0.041129	-28.499116	115.161951	-92.506900
	0.041138	-28.239889	115.161951	-92.566500
	0.041148	-27.286457	115.161951	-92.685700
	0.041157	-28.381222	115.161951	-92.685700
	0.041167	-29.147393	115.161951	-92.685700
	0.041176	-28.973721	115.161951	-92.685700
	0.041186	-28.320990	115.161951	-92.626100
	0.041195	-29.490468	115.161951	-92.685700
	0.041205	-29.522208	115.161951	-92.685700
	0.041214	-28.847788	115.161951	-92.685700
	0.041224	-28.686960	115.161951	-92.685700
	0.041233	-28.442974	115.161951	-92.745300
	0.041242	-28.694926	115.161951	-92.804900
	0.041252	-28.435594	115.161951	-92.864500
	0.041261	-28.633114	115.161951	-92.864500
	0.041271	-28.577492	115.161951	-92.864500
	0.041280	-29.257629	115.161951	-92.864500
	0.041290	-27.703473	115.161951	-92.983700
	0.041299	-28.515099	115.161951	-93.043300
	0.041309	-28.720948	115.161951	-93.043300
	0.041318	-28.688699	115.161951	-93.102900
	0.041328	-28.586249	115.161951	-93.162500
	0.041337	-28.321533	115.161951	-93.222100
	0.041347	-29.350989	115.161951	-93.162500
	0.041356	-29.491332	115.161951	-93.102900
	0.041366	-29.318966	115.161951	-93.162500
	0.041375	-28.714720	115.161951	-93.162500
	0.041384	-27.757968	115.161951	-93.162500
	0.041394	-29.041651	115.161951	-93.222100
	0.041403	-28.484838	115.161951	-93.281700
	0.041413	-29.129581	115.161951	-93.162500
	0.041422	-28.749899	115.161951	-93.162500
	0.041432	-28.566304	115.161951	-93.281700
	0.041441	-29.122456	115.161951	-93.281700
	0.041451	-29.578178	115.161951	-93.341300
	0.041460	-30.694221	115.161951	-93.400900
	0.041470	-29.846411	115.161951	-93.579800
	0.041479	-29.317952	115.161951	-93.699000
	0.041489	-29.938917	115.161951	-93.758600
	0.041498	-30.638531	115.161951	-93.699000
	0.041508	-30.163385	115.161951	-93.639400
	0.041517	-29.543644	115.161951	-93.639400
	0.041527	-30.503554	115.161951	-93.758600
	0.041536	-28.894876	115.161951	-93.877800
	0.041545	-29.788884	115.161951	-93.877800
	0.041555	-29.055615	115.161951	-93.937400
	0.041564	-28.530740	115.161951	-93.937400
	0.041574	-29.945117	115.161951	-93.937400
	0.041583	-28.761460	115.161951	-93.997000
	0.041593	-28.747357	115.161951	-93.997000
	0.041602	-29.422240	115.161951	-94.056600
	0.041612	-28.979150	115.161951	-94.116200
	0.041621	-30.031537	115.161951	-94.056600
	0.041631	-29.812239	115.161951	-94.056600
	0.041640	-29.975146	115.161951	-94.116200
	0.041650	-30.440844	115.161951	-94.116200
	0.041659	-30.674014	115.161951	-94.056600
	0.041669	-30.926815	115.161951	-93.997000
	0.041678	-31.154422	115.161951	-93.997000
	0.041687	-30.843180	115.161951	-94.056600
	0.041697	-30.979149	115.161951	-94.175800
	0.041706	-31.507651	115.161951	-94.175800
	0.041716	-30.515887	115.161951	-94.175800
	0.041725	-30.839785	115.161951	-94.175800
	0.041735	-29.894177	115.161951	-94.235400
	0.041744	-31.849824	115.161951	-94.175800
	0.041754	-32.552103	115.161951	-94.235400
	0.041763	-30.820629	115.161951	-94.235400
	0.041773	-31.296915	115.161951	-94.175800
	0.041782	-31.894460	115.161951	-94.175800
	0.041792	-32.684162	115.161951	-94.235400
	0.041801	-31.718764	115.161951	-94.295000
	0.041811	-31.915747	115.161951	-94.295000
	0.041820	-30.743161	115.161951	-94.295000
	0.041829	-30.276368	115.161951	-94.295000
	0.041839	-30.501935	115.161951	-94.295000
	0.041848	-30.557111	115.161951	-94.235400
	0.041858	-30.608733	115.161951	-94.235400
	0.041867	-29.820204	115.161951	-94.175800
	0.041877	-31.357400	115.161951	-94.175800
	0.041886	-30.356345	115.161951	-94.295000
	0.041896	-30.496017	115.161951	-94.295000
	0.041905	-31.026018	115.161951	-94.295000
	0.041915	-30.560614	115.161951	-94.414200
	0.041924	-31.480761	115.161951	-94.414200
	0.041934	-30.974333	115.161951	-94.533400
	0.041943	-31.858821	115.161951	-94.652600
	0.041953	-30.866556	115.161951	-94.712200
	0.041962	-31.664449	115.161951	-94.712200
	0.041972	-31.590688	115.161951	-94.771900
	0.041981	-30.552023	115.161951	-94.831500
	0.041990	-31.200068	115.161951	-94.831500
	0.042000	-31.342622	115.161951	-94.831500
	0.042009	-31.923928	115.161951	-94.831500
	0.042019	-30.665238	115.161951	-94.891100
	0.042028	-32.150999	115.161951	-94.950700
	0.042038	-33.284096	115.161951	-94.712200
	0.042047	-32.638004	115.161951	-94.652600
	0.042057	-32.890147	115.161951	-94.533400
	0.042066	-32.556303	115.161951	-94.533400
	0.042076	-32.267823	115.161951	-94.652600
	0.042085	-32.455918	115.161951	-94.712200
	0.042095	-32.486762	115.161951	-94.771900
	0.042104	-33.451474	115.161951	-94.771900
	0.042114	-32.878170	115.161951	-94.771900
	0.042123	-33.632785	115.161951	-94.831500
	0.042132	-34.286672	115.161951	-94.831500
	0.042142	-32.354482	115.161951	-94.831500
	0.042151	-34.048527	115.161951	-94.950700
	0.042161	-33.203869	115.161951	-94.950700
	0.042170	-33.161093	115.161951	-94.891100
	0.042180	-32.963089	115.161951	-94.950700
	0.042189	-34.417135	115.161951	-95.010300
	0.042199	-37.314340	115.161951	-93.937400
	0.042208	-36.933531	115.161951	-93.341300
	0.042218	-36.766138	115.161951	-93.162500
	0.042227	-37.675347	115.161951	-93.162500
	0.042237	-37.950300	115.161951	-93.162500
	0.042246	-37.885063	115.161951	-93.281700
	0.042256	-38.269329	115.161951	-93.281700
	0.042265	-38.901123	115.161951	-93.222100
	0.042275	-39.918783	115.161951	-93.102900
	0.042284	-39.383757	115.161951	-93.102900
	0.042293	-38.582624	115.161951	-93.162500
	0.042303	-39.222647	115.161951	-93.222100
	0.042312	-38.645678	115.161951	-93.222100
	0.042322	-39.772708	115.161951	-93.222100
	0.042331	-38.294943	115.161951	-93.281700
	0.042341	-39.502210	115.161951	-93.281700
	0.042350	-39.524079	115.161951	-93.341300
	0.042360	-39.229609	115.161951	-93.102900
	0.042369	-40.209491	115.161951	-93.043300
	0.042379	-40.638557	115.161951	-93.043300
	0.042388	-39.827167	115.161951	-93.102900
	0.042398	-39.729904	115.161951	-93.102900
	0.042407	-39.890613	115.161951	-93.043300
	0.042417	-40.148323	115.161951	-93.043300
	0.042426	-40.616177	115.161951	-92.983700
	0.042435	-38.914536	115.161951	-93.102900
	0.042445	-39.742758	115.161951	-93.162500
	0.042454	-39.919585	115.161951	-93.162500
	0.042464	-40.622060	115.161951	-93.162500
	0.042473	-40.310835	115.161951	-93.162500
	0.042483	-38.928814	115.161951	-93.162500
	0.042492	-41.012351	115.161951	-93.102900
	0.042502	-40.026622	115.161951	-93.162500
	0.042511	-40.608262	115.161951	-93.162500
	0.042521	-39.419297	115.161951	-93.162500
	0.042530	-41.103574	115.161951	-93.102900
	0.042540	-40.515398	115.161951	-92.864500
	0.042549	-41.484337	115.161951	-92.685700
	0.042559	-41.537310	115.161951	-92.268500
	0.042568	-40.452885	115.161951	-92.149200
	0.042578	-41.845740	115.161951	-92.208900
	0.042587	-43.536298	115.161951	-89.407400
	0.042596	-45.313092	115.161951	-86.725200
	0.042606	-45.676504	115.161951	-85.950400
	0.042615	-44.900261	115.161951	-85.771500
	0.042625	-45.381623	115.161951	-85.831200
	0.042634	-45.100215	115.161951	-85.831200
	0.042644	-45.491825	115.161951	-85.831200
	0.042653	-45.512186	115.161951	-85.831200
	0.042663	-45.558256	115.161951	-85.831200
	0.042672	-45.026646	115.161951	-85.890800
	0.042682	-45.048020	115.161951	-85.890800
	0.042691	-44.919010	115.161951	-85.950400
	0.042701	-44.633031	115.161951	-86.010000
	0.042710	-45.230101	115.161951	-86.010000
	0.042720	-43.632027	115.161951	-86.010000
	0.042729	-43.663466	115.161951	-86.010000
	0.042738	-44.315600	115.161951	-86.010000
	0.042748	-44.373228	115.161951	-86.069600
	0.042757	-44.689603	115.161951	-86.129200
	0.042767	-44.345301	115.161951	-86.129200
	0.042776	-44.089025	115.161951	-86.308000
	0.042786	-45.901294	115.161951	-86.963600
	0.042795	-46.523595	115.161951	-87.202100
	0.042805	-46.429211	115.161951	-87.202100
	0.042814	-47.395128	115.161951	-87.082900
	0.042824	-47.553531	115.161951	-86.963600
	0.042833	-48.022060	115.161951	-86.904000
	0.042843	-47.558314	115.161951	-86.963600
	0.042852	-52.415736	115.161951	-86.308000
	0.042862	-52.638731	115.161951	-85.473500
	0.042871	-53.466022	115.161951	-85.235100
	0.042881	-53.949991	115.161951	-85.175500
	0.042890	-53.252497	115.161951	-85.115900
	0.042899	-54.642317	115.161951	-85.115900
	0.042909	-54.094906	115.161951	-85.115900
	0.042918	-53.612748	115.161951	-85.175500
	0.042928	-53.338692	115.161951	-85.115900
	0.042937	-53.353575	115.161951	-85.175500
	0.042947	-53.850089	115.161951	-85.115900
	0.042956	-53.272633	115.161951	-84.996700
	0.042966	-53.686968	115.161951	-84.937100
	0.042975	-53.114198	115.161951	-84.996700
	0.042985	-52.809295	115.161951	-84.937100
	0.042994	-53.194027	115.161951	-84.877500
	0.043004	-56.764020	115.161951	-84.579500
	0.043013	-55.653874	115.161951	-84.400600
	0.043023	-55.468436	115.161951	-84.281400
	0.043032	-56.261996	115.161951	-84.162200
	0.043041	-56.188546	115.161951	-84.281400
	0.043051	-56.363016	115.161951	-84.281400
	0.043060	-57.057379	115.161951	-84.341000
	0.043070	-56.591399	115.161951	-84.281400
	0.043079	-57.933893	115.161951	-84.341000
	0.043089	-58.015836	115.161951	-84.400600
	0.043098	-57.283303	115.161951	-84.460200
	0.043108	-57.839123	115.161951	-84.579500
	0.043117	-57.792247	115.161951	-84.579500
	0.043127	-57.923293	115.161951	-84.519900
	0.043136	-57.777259	115.161951	-84.579500
	0.043146	-57.932622	115.161951	-84.519900
	0.043155	-58.318790	115.161951	-84.519900
	0.043165	-57.317650	115.161951	-84.579500
	0.043174	-57.848610	115.161951	-84.579500
	0.043184	-57.793028	115.161951	-84.579500
	0.043193	-58.338642	115.161951	-84.639100
	0.043202	-58.206592	115.161951	-84.639100
	0.043212	-57.215102	115.161951	-84.698700
	0.043221	-58.289309	115.161951	-84.758300
	0.043231	-59.022754	115.161951	-84.698700
	0.043240	-57.564288	115.161951	-84.758300
	0.043250	-57.672379	115.161951	-84.817900
	0.043259	-58.222166	115.161951	-84.817900
	0.043269	-58.038972	115.161951	-84.817900
	0.043278	-58.765531	115.161951	-84.817900
	0.043288	-58.272233	115.161951	-84.758300
	0.043297	-57.485117	115.161951	-84.698700
	0.043307	-58.252476	115.161951	-84.698700
	0.043316	-57.527340	115.161951	-84.698700
	0.043326	-63.766181	115.161951	-82.731700
	0.043335	-66.484831	115.161951	-80.407100
	0.043344	-66.564123	115.161951	-79.632300
	0.043354	-66.528063	115.161951	-79.453500
	0.043363	-67.148002	115.161951	-79.453500
	0.043373	-66.939026	115.161951	-79.453500
	0.043382	-67.042615	115.161951	-79.453500
	0.043392	-66.942651	115.161951	-79.513100
	0.043401	-65.959918	115.161951	-79.513100
	0.043411	-67.171686	115.161951	-79.513100
	0.043420	-66.110202	115.161951	-79.513100
	0.043430	-66.571462	115.161951	-79.513100
	0.043439	-66.755217	115.161951	-79.393900
	0.043449	-66.539867	115.161951	-79.334200
	0.043458	-66.929834	115.161951	-79.215000
	0.043468	-67.319166	115.161951	-79.095800
	0.043477	-67.216169	115.161951	-79.036200
	0.043487	-66.310419	115.161951	-79.036200
	0.043496	-66.515302	115.161951	-78.976600
	0.043505	-66.317825	115.161951	-78.917000
	0.043515	-65.910163	115.161951	-78.917000
	0.043524	-67.067573	115.161951	-78.917000
	0.043534	-65.579042	115.161951	-78.917000
	0.043543	-66.384998	115.161951	-78.976600
	0.043553	-66.306209	115.161951	-78.976600
	0.043562	-66.975232	115.161951	-78.917000
	0.043572	-66.868216	115.161951	-78.917000
	0.043581	-66.049735	115.161951	-78.917000
	0.043591	-65.849164	115.161951	-78.917000
	0.043600	-65.035989	115.161951	-78.917000
	0.043610	-67.162078	115.161951	-78.857400
	0.043619	-67.111819	115.161951	-78.797800
	0.043629	-66.414266	115.161951	-78.917000
	0.043638	-66.243612	115.161951	-78.976600
	0.043647	-66.244671	115.161951	-78.976600
	0.043657	-67.301571	115.161951	-78.976600
	0.043666	-66.679360	115.161951	-78.976600
	0.043676	-66.349854	115.161951	-78.976600
	0.043685	-66.867786	115.161951	-79.036200
	0.043695	-67.014420	115.161951	-79.095800
	0.043704	-66.814184	115.161951	-79.095800
	0.043714	-66.841665	115.161951	-79.095800
	0.043723	-67.016617	115.161951	-79.036200
	0.043733	-66.804739	115.161951	-79.095800
	0.043742	-67.158312	115.161951	-79.036200
	0.043752	-69.660292	115.161951	-78.976600
	0.043761	-73.871425	115.161951	-78.142200
	0.043771	-72.632551	115.161951	-77.605700
	0.043780	-73.553012	115.161951	-77.546100
	0.043790	-73.544267	115.161951	-77.546100
	0.043799	-74.277461	115.161951	-77.546100
	0.043808	-73.130020	115.161951	-77.605700
	0.043818	-73.094308	115.161951	-77.605700
	0.043827	-72.957079	115.161951	-77.605700
	0.043837	-73.295051	115.161951	-77.605700
	0.043846	-73.169890	115.161951	-77.605700
	0.043856	-74.455567	115.161951	-77.605700
	0.043865	-73.404791	115.161951	-77.605700
	0.043875	-73.736308	115.161951	-77.665300
	0.043884	-72.732535	115.161951	-77.724900
	0.043894	-73.770096	115.161951	-77.724900
	0.043903	-72.409917	115.161951	-77.724900
	0.043913	-72.987165	115.161951	-77.784500
	0.043922	-72.313270	115.161951	-77.844100
	0.043932	-72.452608	115.161951	-77.784500
	0.043941	-74.162721	115.161951	-77.307700
	0.043950	-75.939539	115.161951	-76.234800
	0.043960	-77.479979	115.161951	-74.685100
	0.043969	-78.290353	115.161951	-74.029400
	0.043979	-77.184880	115.161951	-73.910200
	0.043988	-77.627753	115.161951	-73.910200
	0.043998	-83.555387	115.161951	-72.718100
	0.044007	-83.641064	115.161951	-71.704900
	0.044017	-84.230227	115.161951	-71.406800
	0.044026	-85.028460	115.161951	-71.466400
	0.044036	-84.543845	115.161951	-71.526000
	0.044045	-84.601246	115.161951	-71.585600
	0.044055	-84.227903	115.161951	-71.526000
	0.044064	-83.978981	115.161951	-71.466400
	0.044074	-84.644560	115.161951	-71.406800
	0.044083	-84.467136	115.161951	-71.347200
	0.044093	-84.215165	115.161951	-71.287600
	0.044102	-84.092227	115.161951	-71.287600
	0.044111	-84.692314	115.161951	-71.287600
	0.044121	-85.162633	115.161951	-71.287600
	0.044130	-84.534047	115.161951	-71.347200
	0.044140	-85.060886	115.161951	-71.406800
	0.044149	-84.099802	115.161951	-71.347200
	0.044159	-85.069024	115.161951	-71.347200
	0.044168	-84.080421	115.161951	-71.347200
	0.044178	-85.752536	115.161951	-71.347200
	0.044187	-84.908266	115.161951	-71.287600
	0.044197	-85.837443	115.161951	-71.287600
	0.044206	-85.290739	115.161951	-71.347200
	0.044216	-83.867253	115.161951	-71.406800
	0.044225	-85.541865	115.161951	-71.347200
	0.044235	-84.560150	115.161951	-71.347200
	0.044244	-84.905975	115.161951	-71.347200
	0.044253	-84.845043	115.161951	-71.287600
	0.044263	-84.370381	115.161951	-71.228000
	0.044272	-83.958570	115.161951	-71.168400
	0.044282	-84.526476	115.161951	-71.228000
	0.044291	-84.627041	115.161951	-71.228000
	0.044301	-84.986280	115.161951	-71.168400
	0.044310	-83.277119	115.161951	-71.108800
	0.044320	-84.440163	115.161951	-71.108800
	0.044329	-83.833838	115.161951	-71.108800
	0.044339	-84.581408	115.161951	-71.108800
	0.044348	-84.557907	115.161951	-71.168400
	0.044358	-84.202712	115.161951	-71.168400
	0.044367	-85.109077	115.161951	-71.049200
	0.044377	-85.149174	115.161951	-71.049200
	0.044386	-85.102293	115.161951	-70.930000
	0.044396	-86.435898	115.161951	-70.870400
	0.044405	-87.348247	115.161951	-70.453200
	0.044414	-87.989756	115.161951	-70.155100
	0.044424	-88.142160	115.161951	-69.976300
	0.044433	-88.483843	115.161951	-69.916700
	0.044443	-87.730847	115.161951	-70.035900
	0.044452	-88.038087	115.161951	-70.155100
	0.044462	-88.598184	115.161951	-70.155100
	0.044471	-88.703330	115.161951	-70.095500
	0.044481	-89.110563	115.161951	-70.095500
	0.044490	-89.299627	115.161951	-70.155100
	0.044500	-89.323385	115.161951	-70.155100
	0.044509	-89.640096	115.161951	-70.095500
	0.044519	-90.369078	115.161951	-70.035900
	0.044528	-89.873704	115.161951	-69.976300
	0.044538	-89.462435	115.161951	-70.035900
	0.044547	-89.809261	115.161951	-69.976300
	0.044556	-88.844270	115.161951	-70.035900
	0.044566	-89.561075	115.161951	-70.035900
	0.044575	-89.667430	115.161951	-70.095500
	0.044585	-90.120716	115.161951	-70.155100
	0.044594	-89.290730	115.161951	-70.214700
	0.044604	-89.701175	115.161951	-70.155100
	0.044613	-89.897450	115.161951	-70.035900
	0.044623	-89.085041	115.161951	-69.678300
	0.044632	-91.238039	115.161951	-69.380300
	0.044642	-92.691800	115.161951	-68.665000
	0.044651	-93.442202	115.161951	-68.247800
	0.044661	-93.830210	115.161951	-68.188200
	0.044670	-94.917460	115.161951	-68.069000
	0.044680	-93.927917	115.161951	-67.890200
	0.044689	-94.052003	115.161951	-67.830600
	0.044699	-93.262209	115.161951	-67.890200
	0.044708	-94.550392	115.161951	-67.770900
	0.044717	-94.336025	115.161951	-67.711300
	0.044727	-94.740831	115.161951	-67.711300
	0.044736	-93.038966	115.161951	-67.711300
	0.044746	-95.801853	115.161951	-67.532500
	0.044755	-102.320776	115.161951	-65.982800
	0.044765	-101.573853	115.161951	-65.267600
	0.044774	-101.896093	115.161951	-65.029100
	0.044784	-101.536589	115.161951	-64.969500
	0.044793	-102.181380	115.161951	-64.969500
	0.044803	-101.940852	115.161951	-64.969500
	0.044812	-102.631835	115.161951	-64.969500
	0.044822	-102.896040	115.161951	-65.029100
	0.044831	-101.003415	115.161951	-65.088700
	0.044841	-101.438636	115.161951	-65.148300
	0.044850	-102.354732	115.161951	-65.148300
	0.044859	-101.086500	115.161951	-65.148300
	0.044869	-101.055219	115.161951	-65.148300
	0.044878	-100.626764	115.161951	-65.148300
	0.044888	-101.768265	115.161951	-65.148300
	0.044897	-100.651563	115.161951	-65.148300
	0.044907	-107.274609	115.161951	-64.075500
	0.044916	-107.815494	115.161951	-62.943000
	0.044926	-107.481508	115.161951	-62.644900
	0.044935	-107.511960	115.161951	-62.585300
	0.044945	-108.188707	115.161951	-62.585300
	0.044954	-107.733262	115.161951	-62.466100
	0.044964	-109.453155	115.161951	-62.406500
	0.044973	-108.327033	115.161951	-62.466100
	0.044983	-108.661322	115.161951	-62.525700
	0.044992	-109.683164	115.161951	-62.525700
	0.045002	-109.266902	115.161951	-62.466100
	0.045011	-108.976324	115.161951	-62.406500
	0.045020	-108.719612	115.161951	-62.406500
	0.045030	-109.467145	115.161951	-62.406500
	0.045039	-108.909776	115.161951	-62.406500
	0.045049	-108.561100	115.161951	-62.406500
	0.045058	-109.443744	115.161951	-62.406500
	0.045068	-107.499337	115.161951	-62.406500
	0.045077	-109.103493	115.161951	-62.346900
	0.045087	-110.088820	115.161951	-62.346900
	0.045096	-111.351465	115.161951	-62.108500
	0.045106	-111.499163	115.161951	-61.929700
	0.045115	-112.557795	115.161951	-61.810500
	0.045125	-113.399495	115.161951	-61.750900
	0.045134	-113.672700	115.161951	-61.750900
	0.045144	-112.843330	115.161951	-61.750900
	0.045153	-112.769442	115.161951	-61.810500
	0.045162	-113.014727	115.161951	-61.810500
	0.045172	-113.133092	115.161951	-61.810500
	0.045181	-113.593869	115.161951	-61.810500
	0.045191	-115.039878	115.161951	-61.870100
	0.045200	-114.165002	115.161951	-61.870100
	0.045210	-113.988971	115.161951	-61.870100
	0.045219	-113.148511	115.161951	-61.870100
	0.045229	-114.704044	115.161951	-61.750900
	0.045238	-114.939843	115.161951	-61.691300
	0.045248	-113.529104	115.161951	-61.750900
	0.045257	-113.355907	115.161951	-61.750900
	0.045267	-113.498259	115.161951	-61.810500
	0.045276	-113.051806	115.161951	-61.750900
	0.045286	-113.419690	115.161951	-61.750900
	0.045295	-113.474444	115.161951	-61.750900
	0.045305	-113.836157	115.161951	-61.750900
	0.045314	-115.074260	115.161951	-61.750900
	0.045323	-113.932397	115.161951	-61.691300
	0.045333	-114.889255	115.161951	-61.691300
	0.045342	-114.137560	115.161951	-61.691300
	0.045352	-113.661687	115.161951	-61.691300
	0.045361	-113.700729	115.161951	-61.691300
	0.045371	-114.562509	115.161951	-61.691300
	0.045380	-114.142432	115.161951	-61.631700
	0.045390	-113.973898	115.161951	-61.572100
	0.045399	-114.131165	115.161951	-61.572100
	0.045409	-114.310874	115.161951	-61.512500
	0.045418	-113.570406	115.161951	-61.512500
	0.045428	-113.746522	115.161951	-61.452900
	0.045437	-113.426976	115.161951	-61.393200
	0.045447	-113.247444	115.161951	-61.333600
	0.045456	-113.687296	115.161951	-61.393200
	0.045465	-114.596694	115.161951	-61.393200
	0.045475	-114.567048	115.161951	-61.452900
	0.045484	-113.621001	115.161951	-61.512500
	0.045494	-114.711266	115.161951	-61.512500
	0.045503	-112.985852	115.161951	-61.512500
	0.045513	-114.761878	115.161951	-61.452900
	0.045522	-116.269767	115.161951	-61.333600
	0.045532	-122.768922	115.161951	-59.247200
	0.045541	-140.565067	115.161951	-54.717300
	0.045551	-140.826960	115.161951	-51.737100
	0.045560	-140.421369	115.161951	-51.021800
	0.045570	-140.961755	115.161951	-50.843000
	0.045579	-140.737327	115.161951	-50.783400
	0.045589	-141.015942	115.161951	-50.843000
	0.045598	-140.181335	115.161951	-50.843000
	0.045608	-140.411289	115.161951	-50.843000
	0.045617	-140.674884	115.161951	-50.843000
	0.045626	-140.315368	115.161951	-50.783400
	0.045636	-141.467555	115.161951	-50.783400
	0.045645	-141.470671	115.161951	-50.783400
	0.045655	-141.623543	115.161951	-50.783400
	0.045664	-141.070844	115.161951	-50.783400
	0.045674	-141.064391	115.161951	-50.783400
	0.045683	-140.478444	115.161951	-50.783400
	0.045693	-141.861711	115.161951	-50.843000
	0.045702	-140.317040	115.161951	-50.783400
	0.045712	-140.705679	115.161951	-50.783400
	0.045721	-140.368995	115.161951	-50.783400
	0.045731	-141.117050	115.161951	-50.843000
	0.045740	-141.039468	115.161951	-50.783400
	0.045750	-141.044012	115.161951	-50.664200
	0.045759	-139.937127	115.161951	-50.604600
	0.045768	-140.593333	115.161951	-50.604600
	0.045778	-140.736778	115.161951	-50.545000
	0.045787	-141.360176	115.161951	-50.545000
	0.045797	-142.038424	115.161951	-50.485400
	0.045806	-140.980075	115.161951	-50.485400
	0.045816	-140.207972	115.161951	-50.485400
	0.045825	-140.703624	115.161951	-50.485400
	0.045835	-141.170985	115.161951	-50.425800
	0.045844	-141.053909	115.161951	-50.485400
	0.045854	-140.684875	115.161951	-50.545000
	0.045863	-142.466191	115.161951	-50.664200
	0.045873	-142.504358	115.161951	-50.664200
	0.045882	-142.324987	115.161951	-50.783400
	0.045892	-142.308165	115.161951	-50.783400
	0.045901	-142.091927	115.161951	-50.664200
	0.045910	-141.238890	115.161951	-50.664200
	0.045920	-141.764543	115.161951	-50.783400
	0.045929	-141.273428	115.161951	-50.723800
	0.045939	-141.056361	115.161951	-50.664200
	0.045948	-142.041794	115.161951	-50.664200
	0.045958	-141.374974	115.161951	-50.723800
	0.045967	-141.316534	115.161951	-50.783400
	0.045977	-141.596034	115.161951	-50.783400
	0.045986	-141.262928	115.161951	-50.783400
	0.045996	-140.905590	115.161951	-50.664200
	0.046005	-140.419505	115.161951	-50.664200
	0.046015	-140.840928	115.161951	-50.783400
	0.046024	-140.981457	115.161951	-50.783400
	0.046034	-142.310403	115.161951	-50.783400
	0.046043	-142.331024	115.161951	-50.723800
	0.046053	-142.588948	115.161951	-50.664200
	0.046062	-141.776110	115.161951	-50.664200
	0.046071	-141.507270	115.161951	-50.664200
	0.046081	-142.333862	115.161951	-50.723800
	0.046090	-141.863764	115.161951	-50.723800
	0.046100	-142.376510	115.161951	-50.723800
	0.046109	-141.436821	115.161951	-50.783400
	0.046119	-142.150060	115.161951	-50.783400
	0.046128	-142.532812	115.161951	-50.783400
	0.046138	-141.960981	115.161951	-50.783400
	0.046147	-141.583055	115.161951	-50.783400
	0.046157	-141.243319	115.161951	-50.723800
	0.046166	-141.664278	115.161951	-50.723800
	0.046176	-140.506161	115.161951	-50.783400
	0.046185	-141.275131	115.161951	-50.843000
	0.046195	-141.632636	115.161951	-50.843000
	0.046204	-142.910252	115.161951	-50.545000
	0.046213	-144.038078	115.161951	-50.246900
	0.046223	-144.394534	115.161951	-50.187300
	0.046232	-143.449495	115.161951	-50.246900
	0.046242	-143.997433	115.161951	-50.246900
	0.046251	-143.642037	115.161951	-50.187300
	0.046261	-143.166191	115.161951	-50.068100
	0.046270	-144.784330	115.161951	-50.068100
	0.046280	-142.150443	115.161951	-50.008500
	0.046289	-143.676306	115.161951	-49.889300
	0.046299	-143.160998	115.161951	-49.889300
	0.046308	-143.272143	115.161951	-49.948900
	0.046318	-143.792030	115.161951	-49.889300
	0.046327	-143.871697	115.161951	-49.829700
	0.046337	-142.075129	115.161951	-49.770100
	0.046346	-143.474056	115.161951	-49.770100
	0.046356	-144.110875	115.161951	-49.770100
	0.046365	-144.017723	115.161951	-49.829700
	0.046374	-144.910281	115.161951	-49.889300
	0.046384	-143.556270	115.161951	-49.889300
	0.046393	-143.067270	115.161951	-49.829700
	0.046403	-144.035325	115.161951	-49.770100
	0.046412	-144.299375	115.161951	-49.829700
	0.046422	-144.111316	115.161951	-49.889300
	0.046431	-143.392906	115.161951	-49.948900
	0.046441	-143.550106	115.161951	-50.008500
	0.046450	-143.482936	115.161951	-50.008500
	0.046460	-144.113411	115.161951	-50.008500
	0.046469	-142.783878	115.161951	-50.008500
	0.046479	-144.515549	115.161951	-50.008500
	0.046488	-143.985951	115.161951	-50.008500
	0.046498	-143.419862	115.161951	-49.948900
	0.046507	-144.602776	115.161951	-49.531700
	0.046516	-147.429817	115.161951	-48.637600
	0.046526	-147.868689	115.161951	-48.339600
	0.046535	-147.788115	115.161951	-48.339600
	0.046545	-147.524392	115.161951	-48.339600
	0.046554	-147.794486	115.161951	-48.339600
	0.046564	-147.724224	115.161951	-48.339600
	0.046573	-147.923769	115.161951	-48.339600
	0.046583	-149.131644	115.161951	-48.458800
	0.046592	-148.012460	115.161951	-48.518400
	0.046602	-148.284779	115.161951	-48.578000
	0.046611	-148.643783	115.161951	-48.578000
	0.046621	-148.879729	115.161951	-48.578000
	0.046630	-148.309698	115.161951	-48.578000
	0.046640	-147.962277	115.161951	-48.518400
	0.046649	-149.853674	115.161951	-48.399200
	0.046659	-148.455847	115.161951	-48.518400
	0.046668	-148.494161	115.161951	-48.637600
	0.046677	-149.113876	115.161951	-48.637600
	0.046687	-149.167691	115.161951	-48.518400
	0.046696	-147.944677	115.161951	-48.458800
	0.046706	-148.626994	115.161951	-48.458800
	0.046715	-148.329343	115.161951	-48.399200
	0.046725	-148.313417	115.161951	-48.458800
	0.046734	-148.978635	115.161951	-48.458800
	0.046744	-149.048670	115.161951	-48.518400
	0.046753	-148.065333	115.161951	-48.458800
	0.046763	-148.676512	115.161951	-48.458800
	0.046772	-148.241371	115.161951	-48.399200
	0.046782	-148.308127	115.161951	-48.518400
	0.046791	-149.151193	115.161951	-48.458800
	0.046801	-149.348415	115.161951	-48.160800
	0.046810	-150.732066	115.161951	-47.982000
	0.046819	-151.193218	115.161951	-47.862800
	0.046829	-150.849163	115.161951	-47.624300
	0.046838	-150.388486	115.161951	-47.564700
	0.046848	-150.375409	115.161951	-47.683900
	0.046857	-151.435296	115.161951	-47.743600
	0.046867	-152.473669	115.161951	-47.743600
	0.046876	-152.597470	115.161951	-47.743600
	0.046886	-152.563007	115.161951	-47.743600
	0.046895	-153.022850	115.161951	-47.683900
	0.046905	-152.591005	115.161951	-47.743600
	0.046914	-152.319797	115.161951	-47.683900
	0.046924	-152.637151	115.161951	-47.624300
	0.046933	-153.040711	115.161951	-47.624300
	0.046943	-152.137631	115.161951	-47.683900
	0.046952	-152.276473	115.161951	-47.683900
	0.046962	-151.983678	115.161951	-47.683900
	0.046971	-152.398097	115.161951	-47.743600
	0.046980	-151.842518	115.161951	-47.683900
	0.046990	-151.855775	115.161951	-47.683900
	0.046999	-151.580967	115.161951	-47.624300
	0.047009	-151.855301	115.161951	-47.624300
	0.047018	-151.438976	115.161951	-47.564700
	0.047028	-152.065976	115.161951	-47.564700
	0.047037	-151.794737	115.161951	-47.624300
	0.047047	-152.136104	115.161951	-47.683900
	0.047056	-151.713503	115.161951	-47.683900
	0.047066	-152.385212	115.161951	-47.683900
	0.047075	-151.662925	115.161951	-47.683900
	0.047085	-153.133056	115.161951	-47.683900
	0.047094	-151.154455	115.161951	-47.743600
	0.047104	-152.161590	115.161951	-47.683900
	0.047113	-151.857296	115.161951	-47.624300
	0.047122	-153.028712	115.161951	-47.683900
	0.047132	-153.044105	115.161951	-47.683900
	0.047141	-152.528412	115.161951	-47.564700
	0.047151	-151.779877	115.161951	-47.564700
	0.047160	-153.291123	115.161951	-47.624300
	0.047170	-152.914424	115.161951	-47.624300
	0.047179	-152.171668	115.161951	-47.683900
	0.047189	-159.791220	115.161951	-46.372600
	0.047198	-162.335874	115.161951	-44.942100
	0.047208	-163.295128	115.161951	-44.226900
	0.047217	-164.173386	115.161951	-43.213600
	0.047227	-164.744248	115.161951	-42.915600
	0.047236	-163.374311	115.161951	-42.915600
	0.047246	-164.731604	115.161951	-42.975200
	0.047255	-163.770802	115.161951	-42.975200
	0.047265	-164.951535	115.161951	-42.975200
	0.047274	-164.723307	115.161951	-43.034800
	0.047283	-164.694833	115.161951	-43.034800
	0.047293	-164.748704	115.161951	-42.975200
	0.047302	-165.258434	115.161951	-42.975200
	0.047312	-163.651698	115.161951	-42.975200
	0.047321	-164.611178	115.161951	-42.975200
	0.047331	-167.408048	115.161951	-42.736800
	0.047340	-170.503045	115.161951	-41.723500
	0.047350	-167.972840	115.161951	-41.365900
	0.047359	-170.485812	115.161951	-41.306300
	0.047369	-169.484850	115.161951	-41.306300
	0.047378	-169.514552	115.161951	-41.306300
	0.047388	-170.103798	115.161951	-41.306300
	0.047397	-169.576489	115.161951	-41.306300
	0.047407	-169.234229	115.161951	-41.306300
	0.047416	-169.035522	115.161951	-41.306300
	0.047425	-169.406140	115.161951	-41.246600
	0.047435	-169.707079	115.161951	-41.187000
	0.047444	-170.194349	115.161951	-41.127400
	0.047454	-170.245287	115.161951	-41.067800
	0.047463	-170.463019	115.161951	-41.067800
	0.047473	-170.710998	115.161951	-41.067800
	0.047482	-169.538224	115.161951	-41.067800
	0.047492	-169.606449	115.161951	-41.008200
	0.047501	-169.014895	115.161951	-41.008200
	0.047511	-169.018993	115.161951	-40.948600
	0.047520	-169.522661	115.161951	-41.008200
	0.047530	-169.610511	115.161951	-41.008200
	0.047539	-169.421214	115.161951	-41.008200
	0.047549	-170.262906	115.161951	-41.008200
	0.047558	-169.693030	115.161951	-41.067800
	0.047568	-169.547986	115.161951	-41.067800
	0.047577	-168.846092	115.161951	-41.008200
	0.047586	-169.772098	115.161951	-40.948600
	0.047596	-169.677107	115.161951	-40.948600
	0.047605	-171.943276	115.161951	-40.412200
	0.047615	-172.488078	115.161951	-39.935300
	0.047624	-171.929026	115.161951	-39.816100
	0.047634	-171.890708	115.161951	-39.756500
	0.047643	-172.715762	115.161951	-39.756500
	0.047653	-172.172042	115.161951	-39.816100
	0.047662	-172.804359	115.161951	-39.875700
	0.047672	-171.675537	115.161951	-39.756500
	0.047681	-172.447296	115.161951	-39.756500
	0.047691	-171.830572	115.161951	-39.696900
	0.047700	-172.419794	115.161951	-39.637300
	0.047710	-172.257675	115.161951	-39.637300
	0.047719	-171.027806	115.161951	-39.637300
	0.047728	-172.665565	115.161951	-39.637300
	0.047738	-171.938894	115.161951	-39.696900
	0.047747	-171.498682	115.161951	-39.696900
	0.047757	-171.496273	115.161951	-39.637300
	0.047766	-171.466915	115.161951	-39.637300
	0.047776	-171.933613	115.161951	-39.339300
	0.047785	-172.854943	115.161951	-38.743300
	0.047795	-173.052862	115.161951	-38.504800
	0.047804	-173.794228	115.161951	-38.504800
	0.047814	-172.452447	115.161951	-38.504800
	0.047823	-172.384186	115.161951	-38.504800
	0.047833	-173.099711	115.161951	-38.564400
	0.047842	-173.076005	115.161951	-38.504800
	0.047852	-173.522795	115.161951	-38.504800
	0.047861	-173.791467	115.161951	-38.504800
	0.047871	-173.925933	115.161951	-38.504800
	0.047880	-172.579394	115.161951	-38.445200
	0.047889	-172.663460	115.161951	-38.445200
	0.047899	-173.406108	115.161951	-38.504800
	0.047908	-173.910186	115.161951	-38.504800
	0.047918	-173.172326	115.161951	-38.504800
	0.047927	-173.453299	115.161951	-38.564400
	0.047937	-173.884571	115.161951	-38.624000
	0.047946	-173.509952	115.161951	-38.624000
	0.047956	-174.123685	115.161951	-38.564400
	0.047965	-173.986266	115.161951	-38.624000
	0.047975	-173.183579	115.161951	-38.624000
	0.047984	-173.731979	115.161951	-38.624000
	0.047994	-173.736354	115.161951	-38.683600
	0.048003	-173.364957	115.161951	-38.683600
	0.048013	-173.254693	115.161951	-38.743300
	0.048022	-173.227462	115.161951	-38.683600
	0.048031	-173.859698	115.161951	-38.743300
	0.048041	-174.209947	115.161951	-38.802900
	0.048050	-174.052852	115.161951	-38.862500
	0.048060	-173.808043	115.161951	-38.922100
	0.048069	-172.818988	115.161951	-38.862500
	0.048079	-174.185051	115.161951	-38.922100
	0.048088	-174.195260	115.161951	-38.922100
	0.048098	-173.864663	115.161951	-38.922100
	0.048107	-172.605707	115.161951	-38.862500
	0.048117	-173.444880	115.161951	-38.922100
	0.048126	-173.784700	115.161951	-38.922100
	0.048136	-173.359728	115.161951	-38.922100
	0.048145	-173.985210	115.161951	-38.862500
	0.048155	-173.567243	115.161951	-38.802900
	0.048164	-173.760417	115.161951	-38.922100
	0.048174	-174.860692	115.161951	-38.922100
	0.048183	-175.658087	115.161951	-38.445200
	0.048192	-175.871754	115.161951	-38.266400
	0.048202	-176.586078	115.161951	-38.385600
	0.048211	-176.207274	115.161951	-38.326000
	0.048221	-175.349426	115.161951	-38.326000
	0.048230	-176.637101	115.161951	-38.266400
	0.048240	-175.950628	115.161951	-38.266400
	0.048249	-175.414948	115.161951	-38.266400
	0.048259	-176.829664	115.161951	-38.266400
	0.048268	-176.199389	115.161951	-38.326000
	0.048278	-176.146704	115.161951	-38.206800
	0.048287	-175.181869	115.161951	-38.147200
	0.048297	-175.406806	115.161951	-38.147200
	0.048306	-174.797519	115.161951	-38.087600
	0.048316	-175.912372	115.161951	-38.028000
	0.048325	-175.124113	115.161951	-38.147200
	0.048334	-175.114885	115.161951	-38.147200
	0.048344	-175.058995	115.161951	-38.087600
	0.048353	-175.623166	115.161951	-38.087600
	0.048363	-175.069715	115.161951	-38.147200
	0.048372	-175.066095	115.161951	-38.087600
	0.048382	-175.427694	115.161951	-38.087600
	0.048391	-174.711744	115.161951	-38.028000
	0.048401	-174.498059	115.161951	-38.028000
	0.048410	-175.051431	115.161951	-38.028000
	0.048420	-175.697530	115.161951	-38.087600
	0.048429	-175.515937	115.161951	-38.087600
	0.048439	-175.408367	115.161951	-38.087600
	0.048448	-175.759102	115.161951	-37.789600
	0.048458	-176.769010	115.161951	-37.372300
	0.048467	-176.868335	115.161951	-37.312700
	0.048477	-176.025937	115.161951	-37.312700
	0.048486	-176.370121	115.161951	-37.312700
	0.048495	-177.544622	115.161951	-37.312700
	0.048505	-176.415589	115.161951	-37.312700
	0.048514	-176.888057	115.161951	-37.312700
	0.048524	-176.432225	115.161951	-37.312700
	0.048533	-176.689799	115.161951	-37.372300
	0.048543	-177.204881	115.161951	-37.372300
	0.048552	-177.022780	115.161951	-37.431900
	0.048562	-176.803684	115.161951	-37.372300
	0.048571	-177.164905	115.161951	-37.312700
	0.048581	-177.197848	115.161951	-37.312700
	0.048590	-176.801887	115.161951	-37.312700
	0.048600	-177.127395	115.161951	-37.312700
	0.048609	-177.658502	115.161951	-37.312700
	0.048619	-177.648048	115.161951	-37.312700
	0.048628	-176.832967	115.161951	-37.372300
	0.048637	-178.156758	115.161951	-37.372300
	0.048647	-178.057989	115.161951	-37.372300
	0.048656	-178.141468	115.161951	-37.312700
	0.048666	-176.478407	115.161951	-37.312700
	0.048675	-176.469881	115.161951	-37.372300
	0.048685	-177.684830	115.161951	-37.431900
	0.048694	-178.157529	115.161951	-37.372300
	0.048704	-177.944900	115.161951	-37.312700
	0.048713	-177.278948	115.161951	-37.372300
	0.048723	-177.321385	115.161951	-37.312700
	0.048732	-177.743732	115.161951	-37.372300
	0.048742	-177.307987	115.161951	-37.372300
	0.048751	-176.633330	115.161951	-37.372300
	0.048761	-176.835631	115.161951	-37.372300
	0.048770	-176.979069	115.161951	-37.372300
	0.048780	-176.640179	115.161951	-37.312700
	0.048789	-176.852382	115.161951	-37.253100
	0.048798	-176.980278	115.161951	-37.253100
	0.048808	-177.972673	115.161951	-37.253100
	0.048817	-179.058851	115.161951	-37.253100
	0.048827	-176.919337	115.161951	-37.312700
	0.048836	-177.757637	115.161951	-37.193500
	0.048846	-177.705051	115.161951	-37.133900
	0.048855	-176.537239	115.161951	-37.193500
	0.048865	-177.570311	115.161951	-37.133900
	0.048874	-177.489581	115.161951	-37.133900
	0.048884	-177.013151	115.161951	-37.133900
	0.048893	-177.092250	115.161951	-37.133900
	0.048903	-177.367429	115.161951	-37.133900
	0.048912	-177.142703	115.161951	-37.133900
	0.048922	-178.026489	115.161951	-37.133900
	0.048931	-178.053333	115.161951	-37.133900
	0.048940	-177.679154	115.161951	-37.133900
	0.048950	-177.766623	115.161951	-37.193500
	0.048959	-178.681143	115.161951	-37.253100
	0.048969	-178.029360	115.161951	-37.253100
	0.048978	-178.979048	115.161951	-37.193500
	0.048988	-178.669599	115.161951	-37.133900
	0.048997	-178.576040	115.161951	-37.133900
	0.049007	-178.935190	115.161951	-37.193500
	0.049016	-178.650305	115.161951	-37.133900
	0.049026	-179.050431	115.161951	-37.193500
	0.049035	-179.321681	115.161951	-37.193500
	0.049045	-178.237730	115.161951	-37.253100
	0.049054	-178.110327	115.161951	-37.253100
	0.049064	-179.324779	115.161951	-37.133900
	0.049073	-178.326641	115.161951	-37.074300
	0.049083	-177.253301	115.161951	-37.074300
	0.049092	-177.947984	115.161951	-37.133900
	0.049101	-178.714880	115.161951	-37.133900
	0.049111	-178.529448	115.161951	-37.133900
	0.049120	-178.483077	115.161951	-37.133900
	0.049130	-178.100250	115.161951	-37.074300
	0.049139	-178.679912	115.161951	-37.074300
	0.049149	-179.330904	115.161951	-37.014700
	0.049158	-178.467695	115.161951	-36.955100
	0.049168	-179.164723	115.161951	-37.014700
	0.049177	-177.716212	115.161951	-37.074300
	0.049187	-178.731116	115.161951	-37.074300
	0.049196	-178.468325	115.161951	-37.074300
	0.049206	-177.742119	115.161951	-37.014700
	0.049215	-178.755667	115.161951	-37.014700
	0.049225	-178.999120	115.161951	-37.074300
	0.049234	-178.363828	115.161951	-36.955100
	0.049243	-178.517279	115.161951	-36.835900
	0.049253	-177.862873	115.161951	-36.776300
	0.049262	-177.397672	115.161951	-36.835900
	0.049272	-179.220440	115.161951	-36.835900
	0.049281	-177.409520	115.161951	-36.776300
	0.049291	-178.368531	115.161951	-36.835900
	0.049300	-178.849297	115.161951	-36.895500
	0.049310	-177.803646	115.161951	-36.835900
	0.049319	-178.885481	115.161951	-36.835900
	0.049329	-179.510674	115.161951	-36.835900
	0.049338	-178.306633	115.161951	-36.835900
	0.049348	-179.917079	115.161951	-36.835900
	0.049357	-180.185661	115.161951	-36.895500
	0.049367	-177.962401	115.161951	-36.835900
	0.049376	-179.043752	115.161951	-36.835900
	0.049386	-177.566652	115.161951	-36.895500
	0.049395	-178.929265	115.161951	-36.955100
	0.049404	-177.676522	115.161951	-37.014700
	0.049414	-177.861764	115.161951	-37.014700
	0.049423	-178.529338	115.161951	-37.014700
	0.049433	-178.402080	115.161951	-36.955100
	0.049442	-178.450192	115.161951	-36.955100
	0.049452	-179.013301	115.161951	-37.014700
	0.049461	-179.077820	115.161951	-36.955100
	0.049471	-178.662419	115.161951	-36.895500
	0.049480	-179.175325	115.161951	-36.955100
	0.049490	-179.696669	115.161951	-36.895500
	0.049499	-177.982334	115.161951	-36.895500
	0.049509	-179.023275	115.161951	-36.895500
	0.049518	-179.342780	115.161951	-36.955100
	0.049528	-179.945407	115.161951	-36.955100
	0.049537	-179.486392	115.161951	-36.955100
	0.049546	-180.122774	115.161951	-36.955100
	0.049556	-179.036591	115.161951	-36.895500
	0.049565	-179.400703	115.161951	-36.955100
	0.049575	-180.466136	115.161951	-36.835900
	0.049584	-179.723014	115.161951	-36.776300
	0.049594	-179.578857	115.161951	-36.835900
	0.049603	-179.253135	115.161951	-36.835900
	0.049613	-180.658931	115.161951	-36.776300
	0.049622	-179.940940	115.161951	-36.597500
	0.049632	-180.529225	115.161951	-36.537900
	0.049641	-180.251626	115.161951	-36.657100
	0.049651	-180.397348	115.161951	-36.657100
	0.049660	-179.322865	115.161951	-36.597500
	0.049670	-181.056055	115.161951	-36.537900
	0.049679	-179.584961	115.161951	-36.537900
	0.049689	-180.280565	115.161951	-36.478300
	0.049698	-180.882397	115.161951	-36.537900
	0.049707	-180.281797	115.161951	-36.597500
	0.049717	-179.930160	115.161951	-36.537900
	0.049726	-180.544794	115.161951	-36.478300
	0.049736	-180.938070	115.161951	-36.478300
	0.049745	-180.189700	115.161951	-36.537900
	0.049755	-179.540874	115.161951	-36.597500
	0.049764	-179.877285	115.161951	-36.537900
	0.049774	-179.068747	115.161951	-36.537900
	0.049783	-178.893599	115.161951	-36.478300
	0.049793	-179.751510	115.161951	-36.478300
	0.049802	-180.132940	115.161951	-36.359100
	0.049812	-181.202275	115.161951	-36.418700
	0.049821	-179.714979	115.161951	-36.418700
	0.049831	-180.516612	115.161951	-36.418700
	0.049840	-180.042297	115.161951	-36.418700
	0.049849	-179.671861	115.161951	-36.418700
	0.049859	-179.225613	115.161951	-36.478300
	0.049868	-179.826090	115.161951	-36.478300
	0.049878	-178.675416	115.161951	-36.478300
	0.049887	-179.668023	115.161951	-36.478300
	0.049897	-178.790312	115.161951	-36.478300
	0.049906	-179.176773	115.161951	-36.478300
	0.049916	-180.547832	115.161951	-36.537900
	0.049925	-179.478528	115.161951	-36.478300
	0.049935	-180.166707	115.161951	-36.418700
	0.049944	-179.883780	115.161951	-36.418700
	0.049954	-179.237824	115.161951	-36.418700
	0.049963	-178.638938	115.161951	-36.359100
	0.049973	-178.746891	115.161951	-36.359100
	0.049982	-179.353879	115.161951	-36.418700
	0.049991	-180.177522	115.161951	-36.359100
	0.050001	-179.310079	115.161951	-36.418700
	0.050010	-179.852740	115.161951	-36.418700
	0.050020	-179.557198	115.161951	-36.359100
	0.050029	-179.682528	115.161951	-36.299500
	0.050039	-180.382840	115.161951	-36.359100
	0.050048	-178.329848	115.161951	-36.299500
	0.050058	-179.397214	115.161951	-36.239900
	0.050067	-180.359628	115.161951	-36.239900
	0.050077	-179.400784	115.161951	-36.239900
	0.050086	-179.788460	115.161951	-36.239900
	0.050096	-178.769091	115.161951	-36.239900
	0.050105	-178.924745	115.161951	-36.299500
	0.050115	-179.400722	115.161951	-36.239900
	0.050124	-180.091288	115.161951	-36.359100
	0.050134	-179.193845	115.161951	-36.359100
	0.050143	-178.886469	115.161951	-36.359100
	0.050152	-178.573766	115.161951	-36.299500
	0.050162	-178.273868	115.161951	-36.359100
	0.050171	-178.922986	115.161951	-36.359100
	0.050181	-179.137920	115.161951	-36.299500
	0.050190	-178.983880	115.161951	-36.299500
	0.050200	-179.055019	115.161951	-36.299500
	0.050209	-180.363440	115.161951	-36.418700
	0.050219	-180.203307	115.161951	-36.418700
	0.050228	-179.678931	115.161951	-36.359100
	0.050238	-179.685620	115.161951	-36.478300
	0.050247	-179.707929	115.161951	-36.537900
	0.050257	-180.489000	115.161951	-36.537900
	0.050266	-180.662458	115.161951	-36.537900
	0.050276	-179.946578	115.161951	-36.597500
	0.050285	-179.970235	115.161951	-36.657100
	0.050294	-180.127744	115.161951	-36.597500
	0.050304	-179.503048	115.161951	-36.657100
	0.050313	-179.044602	115.161951	-36.657100
	0.050323	-179.528893	115.161951	-36.716700
	0.050332	-179.469208	115.161951	-36.716700
	0.050342	-179.611829	115.161951	-36.716700
	0.050351	-179.019999	115.161951	-36.716700
	0.050361	-179.890641	115.161951	-36.716700
	0.050370	-179.506603	115.161951	-36.657100
	0.050380	-178.396201	115.161951	-36.657100
	0.050389	-179.368369	115.161951	-36.776300
	0.050399	-178.854942	115.161951	-36.776300
	0.050408	-179.139563	115.161951	-36.776300
	0.050418	-178.696575	115.161951	-36.776300
	0.050427	-178.558431	115.161951	-36.776300
	0.050437	-178.684009	115.161951	-36.776300
	0.050446	-177.344201	115.161951	-36.776300
	0.050455	-178.778051	115.161951	-36.776300
	0.050465	-178.456296	115.161951	-36.776300
	0.050474	-177.121288	115.161951	-36.776300
	0.050484	-178.090787	115.161951	-36.776300
