	-0.071022	0.750241	115.161951	-31.352300
	-0.068270	-0.152204	115.161951	-31.352300
	-0.065518	1.088473	115.161951	-31.531100
	-0.062767	0.049192	115.161951	-31.709900
	-0.060015	0.688502	115.161951	-31.948300
	-0.057264	0.023992	115.161951	-32.186700
	-0.054512	-0.075788	115.161951	-32.365600
	-0.051760	-0.707214	115.161951	-32.544400
	-0.049009	-0.252507	115.161951	-32.782800
	-0.046257	-1.455353	115.161951	-33.080800
	-0.043506	-0.821363	115.161951	-33.378800
	-0.040754	-1.148858	115.161951	-33.676900
	-0.038002	-0.349433	115.161951	-33.974900
	-0.035251	-0.385692	115.161951	-34.272900
	-0.032499	-1.324293	115.161951	-34.690100
	-0.029748	-0.153813	115.161951	-35.047800
	-0.026996	-0.851923	115.161951	-35.405400
	-0.024245	-2.081932	115.161951	-35.822600
	-0.021493	-2.232932	115.161951	-36.239900
	-0.018741	-1.593496	115.161951	-36.716700
	-0.015990	-2.575512	115.161951	-37.253100
	-0.013238	-2.538078	115.161951	-37.789600
	-0.010487	-2.679453	115.161951	-38.385600
	-0.007735	-3.419572	115.161951	-39.041300
	-0.004984	-4.105292	115.161951	-39.875700
	-0.002232	-3.390689	115.161951	-40.531400
	0.000520	-5.211473	115.161951	-41.365900
	0.003271	-5.235023	115.161951	-42.200300
	0.006023	-5.911113	115.161951	-43.213600
	0.008774	-5.699100	115.161951	-44.465300
	0.011526	-5.901833	115.161951	-45.717000
	0.014278	-7.133082	115.161951	-47.147500
	0.017029	-8.084855	115.161951	-48.995300
	0.019781	-9.057288	115.161951	-50.664200
	0.022532	-10.256875	115.161951	-52.988800
	0.025284	-10.442101	115.161951	-55.313300
	0.028036	-12.949980	115.161951	-58.412800
	0.030787	-13.149466	115.161951	-62.168100
	0.033539	-14.295004	115.161951	-66.638500
	0.036290	-19.039691	115.161951	-71.824100
	0.036290	-18.488433	115.161951	-76.950100
	0.036300	-18.803133	115.161951	-78.678600
	0.036309	-18.738381	115.161951	-78.976600
	0.036319	-17.738286	115.161951	-79.036200
	0.036328	-17.526213	115.161951	-79.036200
	0.036338	-18.721317	115.161951	-79.155400
	0.036347	-18.163727	115.161951	-79.274600
	0.036357	-18.186585	115.161951	-79.274600
	0.036366	-18.748028	115.161951	-79.274600
	0.036376	-18.095745	115.161951	-79.334200
	0.036385	-19.229806	115.161951	-79.393900
	0.036394	-18.246934	115.161951	-79.453500
	0.036404	-17.735197	115.161951	-79.453500
	0.036413	-19.318969	115.161951	-79.513100
	0.036423	-19.035573	115.161951	-79.453500
	0.036432	-18.237810	115.161951	-79.513100
	0.036442	-19.007941	115.161951	-79.572700
	0.036451	-18.652858	115.161951	-79.572700
	0.036461	-18.200025	115.161951	-79.513100
	0.036470	-19.587393	115.161951	-79.572700
	0.036480	-19.146877	115.161951	-79.632300
	0.036489	-18.897746	115.161951	-79.632300
	0.036499	-19.563637	115.161951	-79.632300
	0.036508	-18.347848	115.161951	-79.632300
	0.036518	-18.342760	115.161951	-79.632300
	0.036527	-18.563558	115.161951	-79.632300
	0.036537	-17.986942	115.161951	-79.751500
	0.036546	-18.506755	115.161951	-79.751500
	0.036555	-18.813861	115.161951	-79.751500
	0.036565	-19.409724	115.161951	-79.751500
	0.036574	-18.845036	115.161951	-79.751500
	0.036584	-17.933857	115.161951	-79.811100
	0.036593	-19.136236	115.161951	-79.930300
	0.036603	-18.013080	115.161951	-79.930300
	0.036612	-17.875650	115.161951	-79.930300
	0.036622	-19.121908	115.161951	-79.930300
	0.036631	-19.752732	115.161951	-79.989900
	0.036641	-19.458365	115.161951	-79.989900
	0.036650	-19.560286	115.161951	-79.989900
	0.036660	-20.149623	115.161951	-80.049500
	0.036669	-19.079883	115.161951	-80.049500
	0.036679	-19.351917	115.161951	-80.049500
	0.036688	-17.424321	115.161951	-80.109100
	0.036697	-19.385233	115.161951	-80.049500
	0.036707	-19.893609	115.161951	-80.049500
	0.036716	-20.423512	115.161951	-80.109100
	0.036726	-18.984590	115.161951	-80.168700
	0.036735	-19.972027	115.161951	-80.287900
	0.036745	-19.020630	115.161951	-80.228300
	0.036754	-20.413563	115.161951	-80.168700
	0.036764	-19.698992	115.161951	-80.109100
	0.036773	-19.134491	115.161951	-80.168700
	0.036783	-19.114763	115.161951	-80.168700
	0.036792	-19.610509	115.161951	-80.168700
	0.036802	-19.965669	115.161951	-80.228300
	0.036811	-18.977020	115.161951	-80.228300
	0.036821	-18.981533	115.161951	-80.287900
	0.036830	-19.447164	115.161951	-80.287900
	0.036840	-19.137249	115.161951	-80.347500
	0.036849	-19.731393	115.161951	-80.347500
	0.036858	-19.504578	115.161951	-80.407100
	0.036868	-18.329424	115.161951	-80.466700
	0.036877	-19.808735	115.161951	-80.526300
	0.036887	-19.405776	115.161951	-80.585900
	0.036896	-19.941934	115.161951	-80.585900
	0.036906	-19.047943	115.161951	-80.585900
	0.036915	-17.579865	115.161951	-80.705200
	0.036925	-18.891947	115.161951	-80.705200
	0.036934	-19.704620	115.161951	-80.764800
	0.036944	-19.950297	115.161951	-80.764800
	0.036953	-18.721455	115.161951	-80.824400
	0.036963	-19.472832	115.161951	-80.884000
	0.036972	-18.441079	115.161951	-80.884000
	0.036982	-19.528433	115.161951	-80.884000
	0.036991	-20.037459	115.161951	-80.943600
	0.037000	-19.424801	115.161951	-80.943600
	0.037010	-19.952610	115.161951	-81.003200
	0.037019	-19.625839	115.161951	-81.003200
	0.037029	-18.769768	115.161951	-81.003200
	0.037038	-19.387781	115.161951	-81.062800
	0.037048	-19.582847	115.161951	-81.062800
	0.037057	-20.347639	115.161951	-81.062800
	0.037067	-19.197601	115.161951	-81.062800
	0.037076	-20.635843	115.161951	-81.062800
	0.037086	-20.360687	115.161951	-81.122400
	0.037095	-21.003512	115.161951	-81.182000
	0.037105	-20.690758	115.161951	-81.182000
	0.037114	-19.348424	115.161951	-81.182000
	0.037124	-20.600624	115.161951	-81.241600
	0.037133	-18.831673	115.161951	-81.241600
	0.037143	-18.389132	115.161951	-81.241600
	0.037152	-18.922997	115.161951	-81.301200
	0.037161	-19.453795	115.161951	-81.360800
	0.037171	-18.888310	115.161951	-81.360800
	0.037180	-18.653280	115.161951	-81.420400
	0.037190	-19.699562	115.161951	-81.420400
	0.037199	-19.457785	115.161951	-81.480000
	0.037209	-19.278941	115.161951	-81.480000
	0.037218	-20.649115	115.161951	-81.480000
	0.037228	-19.659784	115.161951	-81.480000
	0.037237	-18.689304	115.161951	-81.480000
	0.037247	-19.189819	115.161951	-81.539600
	0.037256	-19.636056	115.161951	-81.599200
	0.037266	-19.272534	115.161951	-81.599200
	0.037275	-19.623919	115.161951	-81.599200
	0.037285	-19.773450	115.161951	-81.599200
	0.037294	-19.690346	115.161951	-81.658800
	0.037303	-20.117325	115.161951	-81.718400
	0.037313	-20.421794	115.161951	-81.778000
	0.037322	-19.705817	115.161951	-81.778000
	0.037332	-20.264410	115.161951	-81.778000
	0.037341	-20.082329	115.161951	-81.837600
	0.037351	-20.668200	115.161951	-81.897200
	0.037360	-21.540609	115.161951	-81.837600
	0.037370	-19.301332	115.161951	-81.837600
	0.037379	-20.939622	115.161951	-81.778000
	0.037389	-20.180453	115.161951	-81.837600
	0.037398	-19.852000	115.161951	-81.897200
	0.037408	-19.641828	115.161951	-81.897200
	0.037417	-18.598254	115.161951	-81.956900
	0.037427	-19.540215	115.161951	-81.956900
	0.037436	-18.779920	115.161951	-82.016500
	0.037446	-19.152511	115.161951	-82.076100
	0.037455	-19.673063	115.161951	-82.076100
	0.037464	-18.620218	115.161951	-82.076100
	0.037474	-19.286441	115.161951	-82.076100
	0.037483	-19.358610	115.161951	-82.076100
	0.037493	-19.358522	115.161951	-82.135700
	0.037502	-19.197791	115.161951	-82.135700
	0.037512	-19.463783	115.161951	-82.195300
	0.037521	-20.066514	115.161951	-82.254900
	0.037531	-20.027516	115.161951	-82.195300
	0.037540	-20.444422	115.161951	-82.195300
	0.037550	-21.333629	115.161951	-82.254900
	0.037559	-21.188081	115.161951	-82.314500
	0.037569	-19.553246	115.161951	-82.314500
	0.037578	-20.410475	115.161951	-82.374100
	0.037588	-20.139296	115.161951	-82.433700
	0.037597	-20.036315	115.161951	-82.493300
	0.037606	-19.491231	115.161951	-82.493300
	0.037616	-19.831703	115.161951	-82.433700
	0.037625	-20.185261	115.161951	-82.493300
	0.037635	-19.699458	115.161951	-82.552900
	0.037644	-19.283546	115.161951	-82.552900
	0.037654	-18.969762	115.161951	-82.552900
	0.037663	-19.438101	115.161951	-82.552900
	0.037673	-19.542294	115.161951	-82.552900
	0.037682	-19.399848	115.161951	-82.552900
	0.037692	-18.831154	115.161951	-82.552900
	0.037701	-19.158886	115.161951	-82.552900
	0.037711	-18.554573	115.161951	-82.552900
	0.037720	-19.434974	115.161951	-82.552900
	0.037730	-18.515509	115.161951	-82.493300
	0.037739	-19.775681	115.161951	-82.612500
	0.037748	-18.831147	115.161951	-82.672100
	0.037758	-18.735657	115.161951	-82.731700
	0.037767	-18.589951	115.161951	-82.731700
	0.037777	-19.109425	115.161951	-82.731700
	0.037786	-19.980616	115.161951	-82.910500
	0.037796	-19.349253	115.161951	-82.970100
	0.037805	-19.052485	115.161951	-82.970100
	0.037815	-19.101307	115.161951	-82.970100
	0.037824	-19.077201	115.161951	-82.910500
	0.037834	-18.241520	115.161951	-82.970100
	0.037843	-19.012962	115.161951	-83.089300
	0.037853	-19.816973	115.161951	-83.089300
	0.037862	-19.342299	115.161951	-83.148900
	0.037872	-19.433064	115.161951	-83.148900
	0.037881	-18.088449	115.161951	-83.148900
	0.037891	-18.912354	115.161951	-83.148900
	0.037900	-19.157795	115.161951	-83.208500
	0.037909	-20.627685	115.161951	-83.208500
	0.037919	-19.395472	115.161951	-83.208500
	0.037928	-20.034736	115.161951	-83.208500
	0.037938	-20.683816	115.161951	-83.268200
	0.037947	-21.196165	115.161951	-83.208500
	0.037957	-21.280658	115.161951	-83.208500
	0.037966	-19.657152	115.161951	-83.208500
	0.037976	-19.782302	115.161951	-83.148900
	0.037985	-21.001235	115.161951	-83.208500
	0.037995	-20.751485	115.161951	-83.268200
	0.038004	-20.592585	115.161951	-83.268200
	0.038014	-19.925006	115.161951	-83.327800
	0.038023	-20.278060	115.161951	-83.387400
	0.038033	-19.840944	115.161951	-83.387400
	0.038042	-20.262299	115.161951	-83.387400
	0.038051	-20.705108	115.161951	-83.387400
	0.038061	-20.029078	115.161951	-83.387400
	0.038070	-20.614049	115.161951	-83.387400
	0.038080	-21.371407	115.161951	-83.327800
	0.038089	-20.572874	115.161951	-83.447000
	0.038099	-20.334951	115.161951	-83.447000
	0.038108	-21.162412	115.161951	-83.447000
	0.038118	-22.166650	115.161951	-83.387400
	0.038127	-19.933538	115.161951	-83.447000
	0.038137	-21.488949	115.161951	-83.506600
	0.038146	-21.671653	115.161951	-83.566200
	0.038156	-21.257880	115.161951	-83.566200
	0.038165	-21.292581	115.161951	-83.566200
	0.038175	-19.600878	115.161951	-83.506600
	0.038184	-20.557100	115.161951	-83.387400
	0.038194	-21.116905	115.161951	-83.268200
	0.038203	-21.510932	115.161951	-83.387400
	0.038212	-22.660746	115.161951	-83.387400
	0.038222	-21.962116	115.161951	-83.447000
	0.038231	-20.911151	115.161951	-83.447000
	0.038241	-21.287633	115.161951	-83.506600
	0.038250	-22.081031	115.161951	-83.506600
	0.038260	-20.344963	115.161951	-83.506600
	0.038269	-19.971376	115.161951	-83.506600
	0.038279	-20.677887	115.161951	-83.506600
	0.038288	-20.600438	115.161951	-83.566200
	0.038298	-20.445123	115.161951	-83.625800
	0.038307	-20.680183	115.161951	-83.685400
	0.038317	-19.021090	115.161951	-83.745000
	0.038326	-19.981083	115.161951	-83.745000
	0.038336	-19.499330	115.161951	-83.804600
	0.038345	-19.652978	115.161951	-83.804600
	0.038354	-19.928877	115.161951	-83.745000
	0.038364	-19.663352	115.161951	-83.685400
	0.038373	-20.497053	115.161951	-83.745000
	0.038383	-20.187113	115.161951	-83.745000
	0.038392	-19.488430	115.161951	-83.745000
	0.038402	-20.278263	115.161951	-83.745000
	0.038411	-20.380824	115.161951	-83.745000
	0.038421	-19.768619	115.161951	-83.745000
	0.038430	-20.585362	115.161951	-83.804600
	0.038440	-19.796246	115.161951	-83.864200
	0.038449	-19.741771	115.161951	-83.923800
	0.038459	-19.692165	115.161951	-83.983400
	0.038468	-19.217094	115.161951	-83.923800
	0.038478	-20.384748	115.161951	-83.983400
	0.038487	-19.933922	115.161951	-84.043000
	0.038497	-18.302069	115.161951	-84.102600
	0.038506	-18.803582	115.161951	-84.102600
	0.038515	-19.802149	115.161951	-84.043000
	0.038525	-18.956239	115.161951	-84.043000
	0.038534	-20.053558	115.161951	-84.102600
	0.038544	-20.149332	115.161951	-84.162200
	0.038553	-19.376602	115.161951	-84.281400
	0.038563	-19.806408	115.161951	-84.281400
	0.038572	-19.819017	115.161951	-84.281400
	0.038582	-19.112388	115.161951	-84.281400
	0.038591	-19.637293	115.161951	-84.281400
	0.038601	-19.878065	115.161951	-84.281400
	0.038610	-19.833642	115.161951	-84.341000
	0.038620	-20.599432	115.161951	-84.341000
	0.038629	-20.710899	115.161951	-84.341000
	0.038639	-21.011078	115.161951	-84.341000
	0.038648	-20.762583	115.161951	-84.341000
	0.038657	-20.803601	115.161951	-84.341000
	0.038667	-20.685451	115.161951	-84.341000
	0.038676	-20.413478	115.161951	-84.281400
	0.038686	-21.662995	115.161951	-84.341000
	0.038695	-20.737124	115.161951	-84.281400
	0.038705	-20.925250	115.161951	-84.281400
	0.038714	-20.576415	115.161951	-84.281400
	0.038724	-21.091149	115.161951	-84.281400
	0.038733	-21.775469	115.161951	-84.281400
	0.038743	-20.372047	115.161951	-84.400600
	0.038752	-22.465552	115.161951	-84.400600
	0.038762	-21.041285	115.161951	-84.460200
	0.038771	-21.158815	115.161951	-84.400600
	0.038781	-22.167289	115.161951	-84.400600
	0.038790	-21.258595	115.161951	-84.460200
	0.038800	-21.214102	115.161951	-84.519900
	0.038809	-21.943284	115.161951	-84.579500
	0.038818	-22.130175	115.161951	-84.579500
	0.038828	-23.156954	115.161951	-84.579500
	0.038837	-22.158756	115.161951	-84.639100
	0.038847	-22.050030	115.161951	-84.698700
	0.038856	-22.940594	115.161951	-84.698700
	0.038866	-22.108299	115.161951	-84.698700
	0.038875	-22.143223	115.161951	-84.758300
	0.038885	-22.081480	115.161951	-84.817900
	0.038894	-21.731591	115.161951	-84.758300
	0.038904	-21.044449	115.161951	-84.698700
	0.038913	-21.288136	115.161951	-84.758300
	0.038923	-21.818170	115.161951	-84.758300
	0.038932	-20.879291	115.161951	-84.758300
	0.038942	-19.952723	115.161951	-84.877500
	0.038951	-20.737309	115.161951	-84.937100
	0.038960	-20.683525	115.161951	-84.937100
	0.038970	-21.438899	115.161951	-84.937100
	0.038979	-20.847986	115.161951	-84.937100
	0.038989	-21.823224	115.161951	-84.996700
	0.038998	-20.342758	115.161951	-84.996700
	0.039008	-21.893341	115.161951	-84.937100
	0.039017	-21.014187	115.161951	-84.937100
	0.039027	-21.634129	115.161951	-84.996700
	0.039036	-22.066765	115.161951	-84.996700
	0.039046	-22.062812	115.161951	-84.996700
	0.039055	-22.164064	115.161951	-85.115900
	0.039065	-21.438867	115.161951	-85.115900
	0.039074	-21.912358	115.161951	-85.115900
	0.039084	-21.797953	115.161951	-85.175500
	0.039093	-21.222717	115.161951	-85.175500
	0.039103	-21.434818	115.161951	-85.175500
	0.039112	-21.605831	115.161951	-85.175500
	0.039121	-21.922940	115.161951	-85.175500
	0.039131	-21.266190	115.161951	-85.235100
	0.039140	-21.771695	115.161951	-85.294700
	0.039150	-21.476945	115.161951	-85.354300
	0.039159	-22.300197	115.161951	-85.354300
	0.039169	-21.189846	115.161951	-85.354300
	0.039178	-22.421320	115.161951	-85.354300
	0.039188	-22.598024	115.161951	-85.354300
	0.039197	-22.351871	115.161951	-85.413900
	0.039207	-22.199008	115.161951	-85.354300
	0.039216	-21.674970	115.161951	-85.294700
	0.039226	-21.669758	115.161951	-85.294700
	0.039235	-22.203016	115.161951	-85.354300
	0.039245	-21.733366	115.161951	-85.413900
	0.039254	-21.886657	115.161951	-85.413900
	0.039263	-21.777420	115.161951	-85.473500
	0.039273	-21.683413	115.161951	-85.473500
	0.039282	-21.457467	115.161951	-85.473500
	0.039292	-21.180684	115.161951	-85.473500
	0.039301	-21.943316	115.161951	-85.473500
	0.039311	-21.393143	115.161951	-85.533100
	0.039320	-21.890588	115.161951	-85.533100
	0.039330	-21.484562	115.161951	-85.533100
	0.039339	-21.929081	115.161951	-85.652300
	0.039349	-22.296857	115.161951	-85.711900
	0.039358	-21.778067	115.161951	-85.652300
	0.039368	-22.502801	115.161951	-85.652300
	0.039377	-21.537974	115.161951	-85.711900
	0.039387	-22.243628	115.161951	-85.771500
	0.039396	-22.012832	115.161951	-85.831200
	0.039406	-20.979768	115.161951	-85.890800
	0.039415	-21.711127	115.161951	-85.890800
	0.039424	-21.433263	115.161951	-85.950400
	0.039434	-21.351361	115.161951	-85.950400
	0.039443	-22.214226	115.161951	-86.010000
	0.039453	-21.654206	115.161951	-86.010000
	0.039462	-21.226077	115.161951	-86.010000
	0.039472	-22.596329	115.161951	-85.890800
	0.039481	-22.020362	115.161951	-85.831200
	0.039491	-22.729019	115.161951	-85.890800
	0.039500	-21.907398	115.161951	-85.950400
	0.039510	-23.578640	115.161951	-85.950400
	0.039519	-22.461477	115.161951	-86.010000
	0.039529	-21.986359	115.161951	-86.069600
	0.039538	-22.099236	115.161951	-86.069600
	0.039548	-22.339940	115.161951	-86.069600
	0.039557	-21.911068	115.161951	-86.069600
	0.039566	-22.123423	115.161951	-86.069600
	0.039576	-22.077903	115.161951	-86.248400
	0.039585	-22.368151	115.161951	-86.308000
	0.039595	-22.434921	115.161951	-86.308000
	0.039604	-22.227507	115.161951	-86.248400
	0.039614	-22.722549	115.161951	-86.248400
	0.039623	-21.995294	115.161951	-86.248400
	0.039633	-22.726594	115.161951	-86.308000
	0.039642	-21.545872	115.161951	-86.308000
	0.039652	-21.052497	115.161951	-86.367600
	0.039661	-21.746632	115.161951	-86.367600
	0.039671	-21.799164	115.161951	-86.427200
	0.039680	-21.168475	115.161951	-86.486800
	0.039690	-22.673447	115.161951	-86.546400
	0.039699	-22.532056	115.161951	-86.665600
	0.039709	-23.313773	115.161951	-86.665600
	0.039718	-22.826720	115.161951	-86.665600
	0.039727	-23.677414	115.161951	-86.784800
	0.039737	-22.645694	115.161951	-86.784800
	0.039746	-22.481377	115.161951	-86.784800
	0.039756	-22.342055	115.161951	-86.784800
	0.039765	-23.039460	115.161951	-86.784800
	0.039775	-23.660405	115.161951	-86.844400
	0.039784	-23.703387	115.161951	-86.904000
	0.039794	-23.172701	115.161951	-86.963600
	0.039803	-22.822010	115.161951	-87.023200
	0.039813	-23.534410	115.161951	-87.082900
	0.039822	-23.097196	115.161951	-87.082900
	0.039832	-23.146261	115.161951	-87.082900
	0.039841	-22.477843	115.161951	-87.142500
	0.039851	-23.621281	115.161951	-87.142500
	0.039860	-23.701049	115.161951	-87.202100
	0.039869	-23.610126	115.161951	-87.202100
	0.039879	-23.244280	115.161951	-87.202100
	0.039888	-24.266131	115.161951	-87.261700
	0.039898	-24.102593	115.161951	-87.261700
	0.039907	-24.529266	115.161951	-87.321300
	0.039917	-24.184087	115.161951	-87.380900
	0.039926	-24.138014	115.161951	-87.440500
	0.039936	-24.724667	115.161951	-87.500100
	0.039945	-24.465368	115.161951	-87.559700
	0.039955	-23.440597	115.161951	-87.500100
	0.039964	-24.012733	115.161951	-87.500100
	0.039974	-22.787988	115.161951	-87.500100
	0.039983	-24.481162	115.161951	-87.440500
	0.039993	-24.466592	115.161951	-87.500100
	0.040002	-24.243076	115.161951	-87.500100
	0.040012	-25.187922	115.161951	-87.559700
	0.040021	-24.535643	115.161951	-87.500100
	0.040030	-23.494905	115.161951	-87.500100
	0.040040	-24.396239	115.161951	-87.619300
	0.040049	-23.818654	115.161951	-87.738500
	0.040059	-24.698148	115.161951	-87.738500
	0.040068	-24.234730	115.161951	-87.798100
	0.040078	-25.359483	115.161951	-87.738500
	0.040087	-24.866731	115.161951	-87.678900
	0.040097	-24.004164	115.161951	-87.678900
	0.040106	-23.830515	115.161951	-87.678900
	0.040116	-24.322263	115.161951	-87.738500
	0.040125	-24.324333	115.161951	-87.738500
	0.040135	-23.525652	115.161951	-87.738500
	0.040144	-24.748114	115.161951	-87.738500
	0.040154	-23.247559	115.161951	-87.678900
	0.040163	-24.200063	115.161951	-87.678900
	0.040172	-23.579102	115.161951	-87.738500
	0.040182	-23.436625	115.161951	-87.738500
	0.040191	-24.173496	115.161951	-87.738500
	0.040201	-24.167020	115.161951	-87.798100
	0.040210	-24.153316	115.161951	-87.857700
	0.040220	-24.282214	115.161951	-87.857700
	0.040229	-25.356570	115.161951	-87.857700
	0.040239	-23.598502	115.161951	-87.917300
	0.040248	-23.725364	115.161951	-87.917300
	0.040258	-24.404196	115.161951	-87.917300
	0.040267	-23.666707	115.161951	-87.976900
	0.040277	-23.863746	115.161951	-87.976900
	0.040286	-23.860832	115.161951	-87.619300
	0.040296	-24.025420	115.161951	-87.380900
	0.040305	-23.223357	115.161951	-87.321300
	0.040315	-23.291147	115.161951	-87.321300
	0.040324	-24.277954	115.161951	-87.380900
	0.040333	-24.076686	115.161951	-87.500100
	0.040343	-25.596316	115.161951	-87.500100
	0.040352	-24.195699	115.161951	-87.500100
	0.040362	-25.171342	115.161951	-87.500100
	0.040371	-23.459600	115.161951	-87.500100
	0.040381	-24.282026	115.161951	-87.559700
	0.040390	-24.138702	115.161951	-87.619300
	0.040400	-25.313654	115.161951	-87.559700
	0.040409	-24.278233	115.161951	-87.619300
	0.040419	-24.517517	115.161951	-87.619300
	0.040428	-24.433639	115.161951	-87.619300
	0.040438	-24.890477	115.161951	-87.619300
	0.040447	-24.850516	115.161951	-87.678900
	0.040457	-24.535130	115.161951	-87.738500
	0.040466	-24.024251	115.161951	-87.500100
	0.040475	-25.326084	115.161951	-87.261700
	0.040485	-24.328885	115.161951	-87.261700
	0.040494	-25.137687	115.161951	-87.321300
	0.040504	-24.208358	115.161951	-87.380900
	0.040513	-24.591556	115.161951	-87.440500
	0.040523	-24.400573	115.161951	-87.440500
	0.040532	-26.973677	115.161951	-87.380900
	0.040542	-26.075520	115.161951	-87.440500
	0.040551	-26.478473	115.161951	-87.500100
	0.040561	-27.137794	115.161951	-87.440500
	0.040570	-26.420849	115.161951	-87.380900
	0.040580	-26.604579	115.161951	-87.380900
	0.040589	-27.677916	115.161951	-87.440500
	0.040599	-26.926817	115.161951	-87.440500
	0.040608	-25.788775	115.161951	-87.380900
	0.040618	-27.510982	115.161951	-87.380900
	0.040627	-27.016988	115.161951	-87.380900
	0.040636	-27.058845	115.161951	-87.380900
	0.040646	-26.437417	115.161951	-87.380900
	0.040655	-27.286489	115.161951	-87.380900
	0.040665	-26.179539	115.161951	-87.321300
	0.040674	-26.973264	115.161951	-87.380900
	0.040684	-27.256638	115.161951	-87.321300
	0.040693	-26.806888	115.161951	-87.321300
	0.040703	-26.834088	115.161951	-87.380900
	0.040712	-26.900962	115.161951	-87.380900
	0.040722	-26.764913	115.161951	-87.440500
	0.040731	-27.336221	115.161951	-87.380900
	0.040741	-26.982245	115.161951	-87.440500
	0.040750	-26.307112	115.161951	-87.500100
	0.040760	-27.272528	115.161951	-87.559700
	0.040769	-27.524044	115.161951	-87.559700
	0.040778	-27.828428	115.161951	-87.619300
	0.040788	-26.835757	115.161951	-87.619300
	0.040797	-27.643873	115.161951	-87.678900
	0.040807	-27.527466	115.161951	-87.678900
	0.040816	-27.711079	115.161951	-87.678900
	0.040826	-26.595954	115.161951	-87.738500
	0.040835	-27.485495	115.161951	-87.798100
	0.040845	-26.013799	115.161951	-87.917300
	0.040854	-27.834170	115.161951	-87.917300
	0.040864	-26.076229	115.161951	-88.036500
	0.040873	-27.672149	115.161951	-88.036500
	0.040883	-27.754456	115.161951	-88.155700
	0.040892	-27.437699	115.161951	-88.096100
	0.040902	-28.506201	115.161951	-88.036500
	0.040911	-27.570955	115.161951	-87.976900
	0.040921	-28.218206	115.161951	-87.976900
	0.040930	-27.798841	115.161951	-88.036500
	0.040939	-27.616192	115.161951	-88.096100
	0.040949	-27.787827	115.161951	-88.096100
	0.040958	-27.582703	115.161951	-87.976900
	0.040968	-27.737027	115.161951	-87.917300
	0.040977	-27.535675	115.161951	-87.976900
	0.040987	-28.659504	115.161951	-87.976900
	0.040996	-27.542709	115.161951	-87.976900
	0.041006	-28.704847	115.161951	-88.036500
	0.041015	-28.860772	115.161951	-88.036500
	0.041025	-28.952463	115.161951	-88.036500
	0.041034	-28.668006	115.161951	-88.036500
	0.041044	-28.092045	115.161951	-88.155700
	0.041053	-27.191042	115.161951	-88.155700
	0.041063	-28.406575	115.161951	-88.215300
	0.041072	-26.990178	115.161951	-88.215300
	0.041081	-27.725102	115.161951	-88.274900
	0.041091	-27.904973	115.161951	-88.274900
	0.041100	-26.529603	115.161951	-88.334500
	0.041110	-27.668370	115.161951	-88.513400
	0.041119	-27.274535	115.161951	-88.453800
	0.041129	-27.392975	115.161951	-88.453800
	0.041138	-26.598939	115.161951	-88.453800
	0.041148	-27.324535	115.161951	-88.453800
	0.041157	-27.118071	115.161951	-88.513400
	0.041167	-28.239387	115.161951	-88.513400
	0.041176	-27.534947	115.161951	-88.453800
	0.041186	-28.512941	115.161951	-88.573000
	0.041195	-27.511215	115.161951	-88.632600
	0.041205	-27.500369	115.161951	-88.692200
	0.041214	-27.388644	115.161951	-88.632600
	0.041224	-27.394790	115.161951	-88.632600
	0.041233	-27.033237	115.161951	-88.632600
	0.041242	-27.596293	115.161951	-88.751800
	0.041252	-28.278274	115.161951	-88.751800
	0.041261	-27.952317	115.161951	-88.751800
	0.041271	-27.838232	115.161951	-88.811400
	0.041280	-28.221067	115.161951	-88.871000
	0.041290	-28.242962	115.161951	-88.930600
	0.041299	-28.752787	115.161951	-88.990200
	0.041309	-27.989042	115.161951	-88.930600
	0.041318	-27.351119	115.161951	-88.930600
	0.041328	-27.920499	115.161951	-88.930600
	0.041337	-27.979438	115.161951	-89.049800
	0.041347	-27.659286	115.161951	-89.109400
	0.041356	-28.700244	115.161951	-89.109400
	0.041366	-27.037642	115.161951	-89.109400
	0.041375	-27.978384	115.161951	-89.109400
	0.041384	-28.185415	115.161951	-89.169000
	0.041394	-27.709887	115.161951	-89.169000
	0.041403	-28.027682	115.161951	-89.169000
	0.041413	-28.791407	115.161951	-89.169000
	0.041422	-28.348540	115.161951	-89.228600
	0.041432	-28.273859	115.161951	-89.228600
	0.041441	-28.705236	115.161951	-89.288200
	0.041451	-28.889122	115.161951	-89.347800
	0.041460	-29.659069	115.161951	-89.526600
	0.041470	-30.300056	115.161951	-89.765100
	0.041479	-30.437443	115.161951	-89.824700
	0.041489	-28.333258	115.161951	-89.884300
	0.041498	-30.133661	115.161951	-89.943900
	0.041508	-29.421832	115.161951	-89.943900
	0.041517	-30.395011	115.161951	-89.884300
	0.041527	-29.257900	115.161951	-89.705500
	0.041536	-30.357467	115.161951	-89.705500
	0.041545	-30.116264	115.161951	-89.765100
	0.041555	-30.581592	115.161951	-89.765100
	0.041564	-29.972509	115.161951	-89.765100
	0.041574	-30.960692	115.161951	-89.765100
	0.041583	-31.201338	115.161951	-89.765100
	0.041593	-30.694641	115.161951	-89.884300
	0.041602	-30.877326	115.161951	-89.884300
	0.041612	-31.287524	115.161951	-89.884300
	0.041621	-31.778003	115.161951	-89.884300
	0.041631	-31.530792	115.161951	-89.884300
	0.041640	-30.717992	115.161951	-89.943900
	0.041650	-31.545329	115.161951	-90.003500
	0.041659	-31.951129	115.161951	-90.003500
	0.041669	-31.449622	115.161951	-90.063100
	0.041678	-31.165412	115.161951	-90.063100
	0.041687	-31.179235	115.161951	-90.182300
	0.041697	-31.056803	115.161951	-90.241900
	0.041706	-31.520021	115.161951	-90.241900
	0.041716	-31.262689	115.161951	-90.122700
	0.041725	-32.651040	115.161951	-90.003500
	0.041735	-30.904422	115.161951	-89.765100
	0.041744	-32.730966	115.161951	-89.228600
	0.041754	-33.016328	115.161951	-88.751800
	0.041763	-33.376156	115.161951	-88.573000
	0.041773	-34.335711	115.161951	-88.573000
	0.041782	-32.864678	115.161951	-88.632600
	0.041792	-32.617614	115.161951	-88.632600
	0.041801	-33.363641	115.161951	-88.751800
	0.041811	-33.943855	115.161951	-88.632600
	0.041820	-34.084926	115.161951	-88.513400
	0.041829	-33.626539	115.161951	-88.453800
	0.041839	-33.966784	115.161951	-88.453800
	0.041848	-33.395269	115.161951	-88.513400
	0.041858	-34.045141	115.161951	-88.513400
	0.041867	-34.055986	115.161951	-88.573000
	0.041877	-33.390319	115.161951	-88.573000
	0.041886	-34.260253	115.161951	-88.573000
	0.041896	-34.646208	115.161951	-88.513400
	0.041905	-33.690459	115.161951	-88.394200
	0.041915	-34.837632	115.161951	-88.453800
	0.041924	-33.640325	115.161951	-88.453800
	0.041934	-34.263765	115.161951	-88.513400
	0.041943	-34.008031	115.161951	-88.036500
	0.041953	-34.223364	115.161951	-87.142500
	0.041962	-35.386141	115.161951	-86.844400
	0.041972	-35.935637	115.161951	-86.844400
	0.041981	-35.169171	115.161951	-86.844400
	0.041990	-34.605977	115.161951	-86.784800
	0.042000	-33.987691	115.161951	-86.844400
	0.042009	-34.240210	115.161951	-86.844400
	0.042019	-35.098802	115.161951	-86.844400
	0.042028	-36.392583	115.161951	-86.844400
	0.042038	-35.377404	115.161951	-86.904000
	0.042047	-34.589832	115.161951	-86.904000
	0.042057	-34.700815	115.161951	-86.904000
	0.042066	-35.026327	115.161951	-86.963600
	0.042076	-35.123040	115.161951	-86.963600
	0.042085	-36.198402	115.161951	-87.082900
	0.042095	-34.967255	115.161951	-87.082900
	0.042104	-35.508351	115.161951	-87.142500
	0.042114	-34.929016	115.161951	-87.082900
	0.042123	-35.756215	115.161951	-87.082900
	0.042132	-35.371686	115.161951	-87.082900
	0.042142	-35.237042	115.161951	-87.142500
	0.042151	-35.586129	115.161951	-87.142500
	0.042161	-35.576090	115.161951	-87.082900
	0.042170	-35.090356	115.161951	-87.082900
	0.042180	-35.094758	115.161951	-87.082900
	0.042189	-35.571323	115.161951	-87.142500
	0.042199	-36.832080	115.161951	-87.202100
	0.042208	-36.104104	115.161951	-87.261700
	0.042218	-35.384632	115.161951	-87.321300
	0.042227	-36.255518	115.161951	-87.261700
	0.042237	-36.347548	115.161951	-87.380900
	0.042246	-37.641813	115.161951	-87.500100
	0.042256	-37.704226	115.161951	-86.129200
	0.042265	-38.273261	115.161951	-84.519900
	0.042275	-38.878144	115.161951	-83.983400
	0.042284	-38.805400	115.161951	-83.983400
	0.042293	-38.469311	115.161951	-83.983400
	0.042303	-38.074364	115.161951	-83.864200
	0.042312	-39.839777	115.161951	-83.566200
	0.042322	-39.646724	115.161951	-83.387400
	0.042331	-39.961424	115.161951	-83.327800
	0.042341	-40.148103	115.161951	-83.387400
	0.042350	-39.444136	115.161951	-83.447000
	0.042360	-40.592531	115.161951	-83.447000
	0.042369	-38.702087	115.161951	-83.447000
	0.042379	-39.940152	115.161951	-83.506600
	0.042388	-39.998734	115.161951	-83.506600
	0.042398	-39.798544	115.161951	-83.447000
	0.042407	-41.563040	115.161951	-83.268200
	0.042417	-39.825372	115.161951	-83.208500
	0.042426	-40.484170	115.161951	-83.268200
	0.042435	-40.664090	115.161951	-83.208500
	0.042445	-41.481016	115.161951	-83.029700
	0.042454	-42.159841	115.161951	-82.970100
	0.042464	-41.963431	115.161951	-82.910500
	0.042473	-41.946190	115.161951	-82.910500
	0.042483	-42.140785	115.161951	-82.910500
	0.042492	-42.118762	115.161951	-83.029700
	0.042502	-42.439087	115.161951	-83.029700
	0.042511	-40.470810	115.161951	-83.029700
	0.042521	-40.996608	115.161951	-83.029700
	0.042530	-41.240289	115.161951	-83.089300
	0.042540	-41.039611	115.161951	-83.089300
	0.042549	-41.025078	115.161951	-83.089300
	0.042559	-41.537250	115.161951	-83.148900
	0.042568	-41.740620	115.161951	-83.089300
	0.042578	-40.209160	115.161951	-83.148900
	0.042587	-40.773267	115.161951	-83.148900
	0.042596	-40.453801	115.161951	-83.148900
	0.042606	-42.019054	115.161951	-83.208500
	0.042615	-41.846040	115.161951	-83.268200
	0.042625	-41.171325	115.161951	-83.268200
	0.042634	-40.808712	115.161951	-83.208500
	0.042644	-42.530287	115.161951	-83.208500
	0.042653	-41.640847	115.161951	-83.089300
	0.042663	-41.026345	115.161951	-83.029700
	0.042672	-45.715289	115.161951	-82.314500
	0.042682	-46.737134	115.161951	-81.301200
	0.042691	-46.566963	115.161951	-80.824400
	0.042701	-47.815230	115.161951	-80.764800
	0.042710	-47.729068	115.161951	-80.705200
	0.042720	-46.804211	115.161951	-80.645600
	0.042729	-47.538756	115.161951	-80.645600
	0.042738	-47.876886	115.161951	-80.705200
	0.042748	-46.252553	115.161951	-80.764800
	0.042757	-46.890977	115.161951	-80.824400
	0.042767	-47.661587	115.161951	-80.943600
	0.042776	-47.827723	115.161951	-81.003200
	0.042786	-46.440385	115.161951	-81.003200
	0.042795	-47.856142	115.161951	-80.943600
	0.042805	-46.808527	115.161951	-81.003200
	0.042814	-48.729063	115.161951	-80.645600
	0.042824	-48.926906	115.161951	-80.347500
	0.042833	-48.843614	115.161951	-80.287900
	0.042843	-49.236845	115.161951	-80.287900
	0.042852	-48.933834	115.161951	-80.287900
	0.042862	-49.869622	115.161951	-80.228300
	0.042871	-50.124976	115.161951	-80.287900
	0.042881	-49.204311	115.161951	-80.228300
	0.042890	-49.431972	115.161951	-80.168700
	0.042899	-49.626272	115.161951	-80.168700
	0.042909	-50.371250	115.161951	-80.168700
	0.042918	-49.311287	115.161951	-80.168700
	0.042928	-49.287097	115.161951	-80.168700
	0.042937	-49.107598	115.161951	-80.347500
	0.042947	-49.709456	115.161951	-80.347500
	0.042956	-49.147166	115.161951	-80.407100
	0.042966	-48.977607	115.161951	-80.347500
	0.042975	-49.004051	115.161951	-80.407100
	0.042985	-49.028955	115.161951	-80.466700
	0.042994	-49.306075	115.161951	-80.407100
	0.043004	-50.725645	115.161951	-80.287900
	0.043013	-50.784024	115.161951	-80.168700
	0.043023	-49.708070	115.161951	-80.109100
	0.043032	-49.747652	115.161951	-80.168700
	0.043041	-51.565503	115.161951	-80.228300
	0.043051	-52.128665	115.161951	-80.168700
	0.043060	-51.732035	115.161951	-80.168700
	0.043070	-51.255849	115.161951	-80.049500
	0.043079	-50.830218	115.161951	-80.049500
	0.043089	-51.344015	115.161951	-80.109100
	0.043098	-51.595277	115.161951	-80.109100
	0.043108	-50.005657	115.161951	-80.168700
	0.043117	-49.896172	115.161951	-80.168700
	0.043127	-50.415268	115.161951	-80.168700
	0.043136	-50.311953	115.161951	-80.168700
	0.043146	-51.800623	115.161951	-80.168700
	0.043155	-51.654640	115.161951	-80.168700
	0.043165	-51.885904	115.161951	-80.109100
	0.043174	-51.125148	115.161951	-80.109100
	0.043184	-50.731952	115.161951	-80.109100
	0.043193	-51.075922	115.161951	-80.109100
	0.043202	-50.925465	115.161951	-80.168700
	0.043212	-51.649948	115.161951	-80.228300
	0.043221	-50.084855	115.161951	-80.168700
	0.043231	-50.208879	115.161951	-80.168700
	0.043240	-54.109707	115.161951	-79.632300
	0.043250	-55.170437	115.161951	-78.201800
	0.043259	-55.009848	115.161951	-77.784500
	0.043269	-56.774102	115.161951	-77.665300
	0.043278	-56.350985	115.161951	-77.784500
	0.043288	-55.492023	115.161951	-77.844100
	0.043297	-55.872450	115.161951	-77.844100
	0.043307	-55.646957	115.161951	-77.844100
	0.043316	-56.789484	115.161951	-77.844100
	0.043326	-56.616592	115.161951	-77.844100
	0.043335	-56.584447	115.161951	-77.903700
	0.043344	-56.458997	115.161951	-77.963300
	0.043354	-55.491309	115.161951	-77.844100
	0.043363	-56.228450	115.161951	-77.665300
	0.043373	-57.215475	115.161951	-77.605700
	0.043382	-55.704653	115.161951	-77.665300
	0.043392	-55.866018	115.161951	-77.724900
	0.043401	-56.353665	115.161951	-77.784500
	0.043411	-56.766032	115.161951	-77.844100
	0.043420	-56.184934	115.161951	-77.903700
	0.043430	-56.501336	115.161951	-77.963300
	0.043439	-56.168734	115.161951	-77.963300
	0.043449	-56.227423	115.161951	-77.963300
	0.043458	-55.999206	115.161951	-77.963300
	0.043468	-55.942411	115.161951	-78.082600
	0.043477	-56.129655	115.161951	-78.022900
	0.043487	-55.510212	115.161951	-78.022900
	0.043496	-55.629063	115.161951	-78.082600
	0.043505	-55.968905	115.161951	-77.963300
	0.043515	-55.929509	115.161951	-77.963300
	0.043524	-56.632057	115.161951	-78.022900
	0.043534	-56.826207	115.161951	-78.022900
	0.043543	-56.337430	115.161951	-78.022900
	0.043553	-57.765880	115.161951	-78.022900
	0.043562	-58.137215	115.161951	-78.082600
	0.043572	-57.827290	115.161951	-78.082600
	0.043581	-57.055467	115.161951	-78.142200
	0.043591	-57.045269	115.161951	-78.142200
	0.043600	-57.919032	115.161951	-77.963300
	0.043610	-57.869277	115.161951	-77.844100
	0.043619	-57.258301	115.161951	-77.844100
	0.043629	-58.279750	115.161951	-77.844100
	0.043638	-57.438670	115.161951	-77.903700
	0.043647	-56.811248	115.161951	-77.844100
	0.043657	-58.696716	115.161951	-77.844100
	0.043666	-69.502779	115.161951	-76.771200
	0.043676	-73.896931	115.161951	-74.506300
	0.043685	-74.410844	115.161951	-73.612200
	0.043695	-73.569076	115.161951	-73.373800
	0.043704	-73.600940	115.161951	-73.254600
	0.043714	-74.450833	115.161951	-73.195000
	0.043723	-74.765735	115.161951	-73.135400
	0.043733	-77.624014	115.161951	-72.837300
	0.043742	-81.656682	115.161951	-71.585600
	0.043752	-80.611253	115.161951	-70.989600
	0.043761	-80.085396	115.161951	-70.870400
	0.043771	-80.471802	115.161951	-70.930000
	0.043780	-81.200846	115.161951	-70.930000
	0.043790	-81.332663	115.161951	-70.930000
	0.043799	-81.311837	115.161951	-70.930000
	0.043808	-80.556540	115.161951	-70.930000
	0.043818	-80.729536	115.161951	-70.989600
	0.043827	-81.228783	115.161951	-70.989600
	0.043837	-81.300151	115.161951	-71.108800
	0.043846	-80.942219	115.161951	-71.108800
	0.043856	-81.089737	115.161951	-71.108800
	0.043865	-82.092901	115.161951	-71.108800
	0.043875	-81.724888	115.161951	-71.108800
	0.043884	-81.433972	115.161951	-71.108800
	0.043894	-81.999508	115.161951	-71.168400
	0.043903	-81.194532	115.161951	-71.168400
	0.043913	-80.682963	115.161951	-71.228000
	0.043922	-81.078040	115.161951	-71.287600
	0.043932	-81.005351	115.161951	-71.287600
	0.043941	-83.707327	115.161951	-71.049200
	0.043950	-82.792240	115.161951	-71.108800
	0.043960	-82.017810	115.161951	-71.108800
	0.043969	-81.840637	115.161951	-71.108800
	0.043979	-82.491527	115.161951	-71.168400
	0.043988	-81.909662	115.161951	-71.108800
	0.043998	-82.774670	115.161951	-71.108800
	0.044007	-82.859747	115.161951	-71.168400
	0.044017	-82.456207	115.161951	-71.168400
	0.044026	-82.414029	115.161951	-71.108800
	0.044036	-82.541420	115.161951	-71.049200
	0.044045	-83.087292	115.161951	-71.108800
	0.044055	-82.899060	115.161951	-71.049200
	0.044064	-82.223987	115.161951	-71.049200
	0.044074	-82.471365	115.161951	-71.108800
	0.044083	-82.120922	115.161951	-71.108800
	0.044093	-82.113016	115.161951	-71.049200
	0.044102	-82.457576	115.161951	-70.989600
	0.044111	-82.194465	115.161951	-71.049200
	0.044121	-82.841799	115.161951	-71.049200
	0.044130	-83.213472	115.161951	-70.930000
	0.044140	-83.752025	115.161951	-70.870400
	0.044149	-82.390616	115.161951	-70.930000
	0.044159	-81.753320	115.161951	-70.870400
	0.044168	-83.105062	115.161951	-70.810800
	0.044178	-83.486422	115.161951	-70.751200
	0.044187	-83.558424	115.161951	-70.632000
	0.044197	-81.991193	115.161951	-70.632000
	0.044206	-82.838625	115.161951	-70.572400
	0.044216	-82.861098	115.161951	-70.632000
	0.044225	-82.554082	115.161951	-70.572400
	0.044235	-83.120691	115.161951	-70.512800
	0.044244	-83.525721	115.161951	-70.572400
	0.044253	-82.698136	115.161951	-70.632000
	0.044263	-82.743549	115.161951	-70.632000
	0.044272	-83.959426	115.161951	-70.632000
	0.044282	-83.670855	115.161951	-70.572400
	0.044291	-83.281478	115.161951	-70.632000
	0.044301	-83.823315	115.161951	-70.632000
	0.044310	-84.162488	115.161951	-70.572400
	0.044320	-84.192161	115.161951	-70.572400
	0.044329	-83.039986	115.161951	-70.572400
	0.044339	-83.229041	115.161951	-70.572400
	0.044348	-84.534368	115.161951	-70.632000
	0.044358	-85.186620	115.161951	-70.632000
	0.044367	-83.989437	115.161951	-70.691600
	0.044377	-84.211250	115.161951	-71.108800
	0.044386	-84.253824	115.161951	-71.228000
	0.044396	-84.046074	115.161951	-71.287600
	0.044405	-85.317968	115.161951	-71.347200
	0.044414	-84.441921	115.161951	-71.347200
	0.044424	-84.856686	115.161951	-71.347200
	0.044433	-85.095058	115.161951	-71.347200
	0.044443	-84.438300	115.161951	-71.406800
	0.044452	-84.666160	115.161951	-71.406800
	0.044462	-83.921393	115.161951	-71.406800
	0.044471	-84.577035	115.161951	-71.406800
	0.044481	-85.043961	115.161951	-71.466400
	0.044490	-84.170964	115.161951	-71.466400
	0.044500	-84.746805	115.161951	-71.406800
	0.044509	-85.398473	115.161951	-71.347200
	0.044519	-85.296556	115.161951	-71.287600
	0.044528	-84.581956	115.161951	-71.228000
	0.044538	-84.316685	115.161951	-71.287600
	0.044547	-84.958782	115.161951	-71.347200
	0.044556	-84.624500	115.161951	-71.347200
	0.044566	-83.728018	115.161951	-71.347200
	0.044575	-84.548932	115.161951	-71.347200
	0.044585	-84.522132	115.161951	-71.168400
	0.044594	-85.726399	115.161951	-71.049200
	0.044604	-86.295237	115.161951	-70.751200
	0.044613	-92.141007	115.161951	-68.963000
	0.044623	-91.959984	115.161951	-68.009400
	0.044632	-92.701133	115.161951	-67.830600
	0.044642	-91.510364	115.161951	-67.830600
	0.044651	-92.455477	115.161951	-67.830600
	0.044661	-92.801786	115.161951	-67.770900
	0.044670	-93.611972	115.161951	-67.651700
	0.044680	-92.549389	115.161951	-67.651700
	0.044689	-94.137514	115.161951	-67.651700
	0.044699	-92.802771	115.161951	-67.592100
	0.044708	-93.245665	115.161951	-67.532500
	0.044717	-92.872803	115.161951	-67.472900
	0.044727	-93.817312	115.161951	-67.413300
	0.044736	-95.852117	115.161951	-66.876900
	0.044746	-97.008252	115.161951	-66.757700
	0.044755	-97.639683	115.161951	-66.876900
	0.044765	-96.534851	115.161951	-66.996100
	0.044774	-96.325731	115.161951	-66.936500
	0.044784	-96.634942	115.161951	-66.876900
	0.044793	-97.052740	115.161951	-66.876900
	0.044803	-97.235242	115.161951	-66.936500
	0.044812	-97.486222	115.161951	-66.936500
	0.044822	-97.266544	115.161951	-66.876900
	0.044831	-97.553500	115.161951	-66.936500
	0.044841	-96.031884	115.161951	-66.996100
	0.044850	-96.415085	115.161951	-66.996100
	0.044859	-96.360094	115.161951	-67.055700
	0.044869	-96.415594	115.161951	-66.996100
	0.044878	-96.992583	115.161951	-67.055700
	0.044888	-96.541634	115.161951	-66.996100
	0.044897	-97.112194	115.161951	-66.936500
	0.044907	-97.390672	115.161951	-67.055700
	0.044916	-97.004911	115.161951	-66.996100
	0.044926	-96.767494	115.161951	-66.996100
	0.044935	-96.567998	115.161951	-66.996100
	0.044945	-96.768989	115.161951	-66.996100
	0.044954	-97.584443	115.161951	-66.996100
	0.044964	-97.189003	115.161951	-66.996100
	0.044973	-97.566909	115.161951	-66.996100
	0.044983	-104.067427	115.161951	-66.519200
	0.044992	-110.853878	115.161951	-63.896600
	0.045002	-111.654800	115.161951	-62.943000
	0.045011	-110.949381	115.161951	-62.644900
	0.045020	-109.969337	115.161951	-62.525700
	0.045030	-110.801151	115.161951	-62.525700
	0.045039	-111.230876	115.161951	-62.644900
	0.045049	-109.921092	115.161951	-62.644900
	0.045058	-111.602038	115.161951	-62.704600
	0.045068	-111.011150	115.161951	-62.644900
	0.045077	-112.003341	115.161951	-62.644900
	0.045087	-111.702853	115.161951	-62.704600
	0.045096	-110.586257	115.161951	-62.644900
	0.045106	-110.843885	115.161951	-62.704600
	0.045115	-112.134321	115.161951	-62.764200
	0.045125	-110.961207	115.161951	-62.764200
	0.045134	-111.120961	115.161951	-62.823800
	0.045144	-111.696523	115.161951	-62.883400
	0.045153	-109.727267	115.161951	-62.644900
	0.045162	-115.022242	115.161951	-60.916200
	0.045172	-116.023087	115.161951	-60.022100
	0.045181	-114.602457	115.161951	-59.724100
	0.045191	-115.005899	115.161951	-59.664500
	0.045200	-114.397090	115.161951	-59.604900
	0.045210	-114.097655	115.161951	-59.664500
	0.045219	-114.292521	115.161951	-59.604900
	0.045229	-114.813018	115.161951	-59.604900
	0.045238	-116.292142	115.161951	-59.306900
	0.045248	-115.862718	115.161951	-59.128000
	0.045257	-115.184656	115.161951	-59.008800
	0.045267	-115.950596	115.161951	-58.889600
	0.045276	-114.537087	115.161951	-58.830000
	0.045286	-116.088803	115.161951	-58.830000
	0.045295	-116.325484	115.161951	-58.830000
	0.045305	-116.564848	115.161951	-58.830000
	0.045314	-116.788282	115.161951	-58.770400
	0.045323	-116.522863	115.161951	-58.770400
	0.045333	-116.002328	115.161951	-58.770400
	0.045342	-116.261679	115.161951	-58.830000
	0.045352	-115.347942	115.161951	-58.770400
	0.045361	-115.983797	115.161951	-58.770400
	0.045371	-115.510729	115.161951	-58.830000
	0.045380	-116.271416	115.161951	-58.770400
	0.045390	-115.158491	115.161951	-58.710800
	0.045399	-115.417023	115.161951	-58.770400
	0.045409	-115.779323	115.161951	-58.770400
	0.045418	-115.940580	115.161951	-58.770400
	0.045428	-115.155917	115.161951	-58.770400
	0.045437	-116.860242	115.161951	-58.651200
	0.045447	-115.380540	115.161951	-58.651200
	0.045456	-116.314646	115.161951	-58.710800
	0.045465	-115.763467	115.161951	-58.651200
	0.045475	-115.645746	115.161951	-58.591600
	0.045484	-115.843929	115.161951	-58.591600
	0.045494	-115.118462	115.161951	-58.651200
	0.045503	-116.589958	115.161951	-58.651200
	0.045513	-116.060068	115.161951	-58.651200
	0.045522	-116.996145	115.161951	-58.651200
	0.045532	-116.610601	115.161951	-58.651200
	0.045541	-115.773218	115.161951	-58.651200
	0.045551	-116.771338	115.161951	-58.651200
	0.045560	-117.032053	115.161951	-58.532000
	0.045570	-116.043487	115.161951	-58.532000
	0.045579	-116.515902	115.161951	-58.591600
	0.045589	-116.964326	115.161951	-58.651200
	0.045598	-117.463876	115.161951	-58.710800
	0.045608	-116.088129	115.161951	-58.591600
	0.045617	-116.822122	115.161951	-58.532000
	0.045626	-116.529717	115.161951	-58.532000
	0.045636	-116.460040	115.161951	-58.591600
	0.045645	-116.184858	115.161951	-58.651200
	0.045655	-116.700188	115.161951	-58.651200
	0.045664	-116.524133	115.161951	-58.651200
	0.045674	-116.958352	115.161951	-58.591600
	0.045683	-116.010865	115.161951	-58.472400
	0.045693	-115.470004	115.161951	-58.532000
	0.045702	-117.420475	115.161951	-58.591600
	0.045712	-115.690855	115.161951	-58.591600
	0.045721	-116.047295	115.161951	-58.532000
	0.045731	-115.797316	115.161951	-58.532000
	0.045740	-116.405889	115.161951	-58.591600
	0.045750	-115.758816	115.161951	-58.532000
	0.045759	-116.235767	115.161951	-58.532000
	0.045768	-116.317046	115.161951	-58.591600
	0.045778	-117.629222	115.161951	-58.651200
	0.045787	-116.260052	115.161951	-58.651200
	0.045797	-116.142629	115.161951	-58.710800
	0.045806	-116.409549	115.161951	-58.472400
	0.045816	-118.450084	115.161951	-57.995600
	0.045825	-119.004136	115.161951	-57.697500
	0.045835	-123.326413	115.161951	-56.743900
	0.045844	-132.153826	115.161951	-54.419300
	0.045854	-132.461819	115.161951	-53.048400
	0.045863	-131.671728	115.161951	-52.750300
	0.045873	-132.009035	115.161951	-52.690700
	0.045882	-131.911681	115.161951	-52.750300
	0.045892	-131.257928	115.161951	-52.690700
	0.045901	-131.793092	115.161951	-52.631100
	0.045910	-131.702719	115.161951	-52.631100
	0.045920	-132.097262	115.161951	-52.690700
	0.045929	-132.736218	115.161951	-52.750300
	0.045939	-132.060686	115.161951	-52.750300
	0.045948	-131.754246	115.161951	-52.809900
	0.045958	-132.516658	115.161951	-52.750300
	0.045967	-131.713757	115.161951	-52.571500
	0.045977	-132.220731	115.161951	-52.571500
	0.045986	-132.538650	115.161951	-52.571500
	0.045996	-132.417578	115.161951	-52.571500
	0.046005	-131.507314	115.161951	-52.571500
	0.046015	-132.181122	115.161951	-52.571500
	0.046024	-132.611457	115.161951	-52.571500
	0.046034	-132.287424	115.161951	-52.511900
	0.046043	-132.472225	115.161951	-52.511900
	0.046053	-132.505731	115.161951	-52.571500
	0.046062	-131.381083	115.161951	-52.631100
	0.046071	-132.151092	115.161951	-52.631100
	0.046081	-132.511732	115.161951	-52.631100
	0.046090	-132.967136	115.161951	-52.631100
	0.046100	-132.252088	115.161951	-52.631100
	0.046109	-133.094393	115.161951	-52.511900
	0.046119	-132.789158	115.161951	-51.975500
	0.046128	-133.224056	115.161951	-51.677500
	0.046138	-132.798790	115.161951	-51.617900
	0.046147	-134.339175	115.161951	-51.617900
	0.046157	-135.153359	115.161951	-51.617900
	0.046166	-135.120215	115.161951	-51.617900
	0.046176	-133.457900	115.161951	-51.617900
	0.046185	-135.401146	115.161951	-51.260200
	0.046195	-143.032928	115.161951	-49.948900
	0.046204	-142.350774	115.161951	-49.293300
	0.046213	-142.767051	115.161951	-49.233700
	0.046223	-143.199639	115.161951	-49.174100
	0.046232	-142.428397	115.161951	-49.114500
	0.046242	-142.657824	115.161951	-48.995300
	0.046251	-142.462198	115.161951	-48.935600
	0.046261	-142.794610	115.161951	-48.935600
	0.046270	-141.606601	115.161951	-48.935600
	0.046280	-142.248105	115.161951	-48.935600
	0.046289	-142.077278	115.161951	-48.935600
	0.046299	-142.136327	115.161951	-48.935600
	0.046308	-141.691858	115.161951	-48.935600
	0.046318	-141.604487	115.161951	-48.876000
	0.046327	-141.334502	115.161951	-48.876000
	0.046337	-141.659238	115.161951	-48.935600
	0.046346	-142.237858	115.161951	-48.935600
	0.046356	-142.596991	115.161951	-48.935600
	0.046365	-141.906017	115.161951	-48.876000
	0.046374	-141.908416	115.161951	-48.816400
	0.046384	-142.140197	115.161951	-48.816400
	0.046393	-143.052521	115.161951	-48.816400
	0.046403	-144.388717	115.161951	-48.578000
	0.046412	-144.918301	115.161951	-48.280000
	0.046422	-143.746829	115.161951	-48.220400
	0.046431	-144.470159	115.161951	-48.160800
	0.046441	-144.817600	115.161951	-48.101200
	0.046450	-144.958984	115.161951	-48.041600
	0.046460	-144.659725	115.161951	-48.041600
	0.046469	-145.087574	115.161951	-48.041600
	0.046479	-145.354699	115.161951	-48.041600
	0.046488	-146.163623	115.161951	-48.041600
	0.046498	-144.925970	115.161951	-48.041600
	0.046507	-146.662397	115.161951	-48.101200
	0.046516	-146.106525	115.161951	-48.101200
	0.046526	-146.179732	115.161951	-48.101200
	0.046535	-145.582988	115.161951	-48.101200
	0.046545	-146.572026	115.161951	-48.041600
	0.046554	-146.229120	115.161951	-47.982000
	0.046564	-145.805763	115.161951	-47.982000
	0.046573	-145.460599	115.161951	-47.982000
	0.046583	-144.224809	115.161951	-47.982000
	0.046592	-145.861434	115.161951	-47.982000
	0.046602	-145.438114	115.161951	-47.982000
	0.046611	-144.839698	115.161951	-47.922400
	0.046621	-145.061228	115.161951	-47.922400
	0.046630	-145.141239	115.161951	-47.982000
	0.046640	-145.746646	115.161951	-47.922400
	0.046649	-144.923781	115.161951	-47.922400
	0.046659	-144.980233	115.161951	-47.922400
	0.046668	-145.208896	115.161951	-47.922400
	0.046677	-144.798509	115.161951	-47.922400
	0.046687	-145.090106	115.161951	-48.041600
	0.046696	-145.273325	115.161951	-47.982000
	0.046706	-145.420918	115.161951	-47.862800
	0.046715	-145.118578	115.161951	-47.862800
	0.046725	-145.557316	115.161951	-47.922400
	0.046734	-144.730989	115.161951	-47.922400
	0.046744	-145.306446	115.161951	-47.922400
	0.046753	-144.508761	115.161951	-47.862800
	0.046763	-145.226764	115.161951	-47.922400
	0.046772	-145.699178	115.161951	-47.922400
	0.046782	-145.535720	115.161951	-47.982000
	0.046791	-145.392288	115.161951	-47.982000
	0.046801	-145.512143	115.161951	-47.982000
	0.046810	-145.133704	115.161951	-47.982000
	0.046819	-146.025624	115.161951	-47.982000
	0.046829	-144.332084	115.161951	-47.982000
	0.046838	-145.514276	115.161951	-47.982000
	0.046848	-146.597425	115.161951	-47.385900
	0.046857	-145.892745	115.161951	-47.028300
	0.046867	-146.725247	115.161951	-46.968700
	0.046876	-146.424362	115.161951	-46.968700
	0.046886	-147.117186	115.161951	-46.968700
	0.046895	-146.624965	115.161951	-46.968700
	0.046905	-146.347548	115.161951	-46.968700
	0.046914	-146.332338	115.161951	-46.968700
	0.046924	-147.081202	115.161951	-46.909100
	0.046933	-147.510170	115.161951	-46.909100
	0.046943	-147.352674	115.161951	-46.849500
	0.046952	-146.741267	115.161951	-46.789900
	0.046962	-147.647540	115.161951	-46.789900
	0.046971	-146.846427	115.161951	-46.789900
	0.046980	-146.917772	115.161951	-46.849500
	0.046990	-147.814120	115.161951	-46.849500
	0.046999	-147.383913	115.161951	-46.849500
	0.047009	-147.633406	115.161951	-46.789900
	0.047018	-148.422214	115.161951	-46.789900
	0.047028	-148.369246	115.161951	-46.730300
	0.047037	-147.883377	115.161951	-46.670700
	0.047047	-151.319580	115.161951	-46.372600
	0.047056	-153.601456	115.161951	-45.776600
	0.047066	-152.475345	115.161951	-45.478600
	0.047075	-154.154234	115.161951	-45.419000
	0.047085	-153.893359	115.161951	-45.359400
	0.047094	-152.545807	115.161951	-45.359400
	0.047104	-153.393645	115.161951	-45.359400
	0.047113	-153.364627	115.161951	-45.359400
	0.047122	-153.038995	115.161951	-45.359400
	0.047132	-153.858135	115.161951	-45.419000
	0.047141	-152.716465	115.161951	-45.359400
	0.047151	-153.316567	115.161951	-45.299800
	0.047160	-152.576250	115.161951	-45.359400
	0.047170	-153.220901	115.161951	-45.419000
	0.047179	-154.532192	115.161951	-45.240200
	0.047189	-153.100298	115.161951	-45.120900
	0.047198	-153.634427	115.161951	-45.120900
	0.047208	-153.968775	115.161951	-45.120900
	0.047217	-154.151542	115.161951	-45.180600
	0.047227	-153.314707	115.161951	-45.180600
	0.047236	-153.837297	115.161951	-45.180600
	0.047246	-153.494981	115.161951	-45.180600
	0.047255	-153.158431	115.161951	-45.120900
	0.047265	-152.730511	115.161951	-45.120900
	0.047274	-152.473799	115.161951	-45.120900
	0.047283	-154.037968	115.161951	-45.120900
	0.047293	-153.797810	115.161951	-45.120900
	0.047302	-152.869464	115.161951	-45.001700
	0.047312	-154.140901	115.161951	-45.001700
	0.047321	-153.561274	115.161951	-45.001700
	0.047331	-153.288653	115.161951	-45.001700
	0.047340	-153.657040	115.161951	-45.001700
	0.047350	-152.671406	115.161951	-44.942100
	0.047359	-154.139139	115.161951	-45.001700
	0.047369	-153.721504	115.161951	-45.061300
	0.047378	-153.278885	115.161951	-45.001700
	0.047388	-153.991933	115.161951	-45.001700
	0.047397	-154.107186	115.161951	-45.001700
	0.047407	-154.579528	115.161951	-45.001700
	0.047416	-153.577792	115.161951	-45.120900
	0.047425	-152.905907	115.161951	-45.120900
	0.047435	-155.392245	115.161951	-45.001700
	0.047444	-155.030992	115.161951	-45.001700
	0.047454	-154.086752	115.161951	-45.001700
	0.047463	-153.607467	115.161951	-44.942100
	0.047473	-154.860749	115.161951	-44.942100
	0.047482	-154.109753	115.161951	-44.942100
	0.047492	-154.102026	115.161951	-44.942100
	0.047501	-154.054353	115.161951	-44.942100
	0.047511	-153.835743	115.161951	-44.942100
	0.047520	-153.243204	115.161951	-44.942100
	0.047530	-153.321175	115.161951	-44.882500
	0.047539	-153.292204	115.161951	-44.882500
	0.047549	-153.242185	115.161951	-44.882500
	0.047558	-154.132374	115.161951	-44.882500
	0.047568	-153.010764	115.161951	-44.942100
	0.047577	-153.206694	115.161951	-44.882500
	0.047586	-153.940082	115.161951	-44.822900
	0.047596	-154.320794	115.161951	-44.763300
	0.047605	-154.625332	115.161951	-44.703700
	0.047615	-153.774267	115.161951	-44.644100
	0.047624	-153.815110	115.161951	-44.644100
	0.047634	-154.721663	115.161951	-44.584500
	0.047643	-153.120806	115.161951	-44.465300
	0.047653	-156.262837	115.161951	-43.988500
	0.047662	-157.244188	115.161951	-43.571200
	0.047672	-157.291436	115.161951	-43.452000
	0.047681	-157.312842	115.161951	-43.452000
	0.047691	-157.206968	115.161951	-43.452000
	0.047700	-157.324250	115.161951	-43.452000
	0.047710	-157.984421	115.161951	-43.452000
	0.047719	-157.927497	115.161951	-43.392400
	0.047728	-158.557156	115.161951	-43.392400
	0.047738	-158.862238	115.161951	-43.332800
	0.047747	-159.791180	115.161951	-43.273200
	0.047757	-159.144448	115.161951	-43.213600
	0.047766	-157.744097	115.161951	-43.273200
	0.047776	-158.741405	115.161951	-43.273200
	0.047785	-157.625810	115.161951	-43.273200
	0.047795	-158.340630	115.161951	-43.273200
	0.047804	-157.845675	115.161951	-43.273200
	0.047814	-157.475937	115.161951	-43.332800
	0.047823	-158.111592	115.161951	-43.332800
	0.047833	-157.084217	115.161951	-43.332800
	0.047842	-157.944669	115.161951	-43.332800
	0.047852	-158.412379	115.161951	-43.273200
	0.047861	-158.191001	115.161951	-43.213600
	0.047871	-157.059701	115.161951	-43.094400
	0.047880	-158.417674	115.161951	-42.915600
	0.047889	-159.137016	115.161951	-42.856000
	0.047899	-158.854074	115.161951	-42.796400
	0.047908	-159.949045	115.161951	-42.677200
	0.047918	-159.413413	115.161951	-42.677200
	0.047927	-161.049889	115.161951	-42.617600
	0.047937	-159.190586	115.161951	-42.498300
	0.047946	-160.780992	115.161951	-42.498300
	0.047956	-160.934668	115.161951	-42.498300
	0.047965	-160.220364	115.161951	-42.438700
	0.047975	-160.171452	115.161951	-42.498300
	0.047984	-161.647043	115.161951	-42.438700
	0.047994	-161.259935	115.161951	-42.438700
	0.048003	-161.504557	115.161951	-42.319500
	0.048013	-165.821722	115.161951	-41.246600
	0.048022	-166.022638	115.161951	-40.710200
	0.048031	-164.685174	115.161951	-40.591000
	0.048041	-164.894402	115.161951	-40.531400
	0.048050	-164.498984	115.161951	-40.531400
	0.048060	-164.992669	115.161951	-40.531400
	0.048069	-164.916305	115.161951	-40.471800
	0.048079	-165.257419	115.161951	-40.471800
	0.048088	-166.144090	115.161951	-40.531400
	0.048098	-165.641755	115.161951	-40.531400
	0.048107	-165.636692	115.161951	-40.471800
	0.048117	-165.390630	115.161951	-40.412200
	0.048126	-166.174870	115.161951	-40.471800
	0.048136	-166.471780	115.161951	-40.531400
	0.048145	-166.024663	115.161951	-40.471800
	0.048155	-165.299478	115.161951	-40.352600
	0.048164	-166.433841	115.161951	-40.352600
	0.048174	-166.194958	115.161951	-40.352600
	0.048183	-167.701992	115.161951	-40.352600
	0.048192	-165.903967	115.161951	-40.352600
	0.048202	-165.979080	115.161951	-40.293000
	0.048211	-165.954045	115.161951	-40.233400
	0.048221	-165.929947	115.161951	-40.233400
	0.048230	-167.980968	115.161951	-39.816100
	0.048240	-168.434930	115.161951	-39.398900
	0.048249	-167.621204	115.161951	-39.398900
	0.048259	-168.347318	115.161951	-39.518100
	0.048268	-168.111806	115.161951	-39.458500
	0.048278	-168.566356	115.161951	-39.398900
	0.048287	-168.933099	115.161951	-39.398900
	0.048297	-168.243100	115.161951	-39.398900
	0.048306	-168.872541	115.161951	-39.339300
	0.048316	-168.640730	115.161951	-39.339300
	0.048325	-168.742177	115.161951	-39.398900
	0.048334	-168.646259	115.161951	-39.279700
	0.048344	-168.414280	115.161951	-39.279700
	0.048353	-168.225497	115.161951	-39.279700
	0.048363	-169.136110	115.161951	-39.279700
	0.048372	-168.019997	115.161951	-39.220100
	0.048382	-167.757595	115.161951	-39.220100
	0.048391	-168.786968	115.161951	-39.100900
	0.048401	-168.274272	115.161951	-39.160500
	0.048410	-168.364409	115.161951	-39.100900
	0.048420	-168.364873	115.161951	-39.041300
	0.048429	-169.516505	115.161951	-39.100900
	0.048439	-168.312371	115.161951	-39.100900
	0.048448	-167.315383	115.161951	-39.160500
	0.048458	-168.346064	115.161951	-39.100900
	0.048467	-167.915373	115.161951	-39.100900
	0.048477	-169.333721	115.161951	-38.981700
	0.048486	-169.876407	115.161951	-38.504800
	0.048495	-171.485111	115.161951	-38.385600
	0.048505	-170.874089	115.161951	-38.385600
	0.048514	-171.615561	115.161951	-38.385600
	0.048524	-171.221342	115.161951	-38.326000
	0.048533	-172.055156	115.161951	-38.206800
	0.048543	-171.676040	115.161951	-38.147200
	0.048552	-172.322378	115.161951	-38.147200
	0.048562	-171.395503	115.161951	-38.147200
	0.048571	-171.203593	115.161951	-38.147200
	0.048581	-171.121000	115.161951	-38.206800
	0.048590	-171.712931	115.161951	-38.266400
	0.048600	-170.992215	115.161951	-38.326000
	0.048609	-171.392586	115.161951	-38.385600
	0.048619	-172.054105	115.161951	-38.385600
	0.048628	-172.326598	115.161951	-38.326000
	0.048637	-171.708839	115.161951	-38.266400
	0.048647	-170.807070	115.161951	-38.266400
	0.048656	-172.166159	115.161951	-38.266400
	0.048666	-171.994980	115.161951	-38.206800
	0.048675	-172.614017	115.161951	-38.206800
	0.048685	-172.271348	115.161951	-38.326000
	0.048694	-171.133189	115.161951	-38.326000
	0.048704	-172.318130	115.161951	-38.266400
	0.048713	-172.678872	115.161951	-38.266400
	0.048723	-173.216537	115.161951	-38.266400
	0.048732	-171.595131	115.161951	-38.266400
	0.048742	-172.159171	115.161951	-38.326000
	0.048751	-171.559578	115.161951	-38.206800
	0.048761	-171.368352	115.161951	-38.147200
	0.048770	-171.614357	115.161951	-38.147200
	0.048780	-171.649880	115.161951	-38.147200
	0.048789	-171.530792	115.161951	-38.147200
	0.048798	-171.291728	115.161951	-38.087600
	0.048808	-172.119023	115.161951	-38.087600
	0.048817	-171.879647	115.161951	-38.147200
	0.048827	-170.965655	115.161951	-38.087600
	0.048836	-172.393763	115.161951	-38.087600
	0.048846	-171.845759	115.161951	-38.087600
	0.048855	-172.898385	115.161951	-38.087600
	0.048865	-172.652069	115.161951	-38.087600
	0.048874	-172.980446	115.161951	-38.087600
	0.048884	-172.180923	115.161951	-38.147200
	0.048893	-172.484590	115.161951	-38.147200
	0.048903	-171.953647	115.161951	-38.206800
	0.048912	-172.846218	115.161951	-38.206800
	0.048922	-172.855393	115.161951	-38.266400
	0.048931	-171.443471	115.161951	-38.266400
	0.048940	-171.687354	115.161951	-38.266400
	0.048950	-172.533545	115.161951	-38.385600
	0.048959	-171.409278	115.161951	-38.445200
	0.048969	-171.084158	115.161951	-38.504800
	0.048978	-172.191396	115.161951	-38.564400
	0.048988	-171.424137	115.161951	-38.624000
	0.048997	-172.805606	115.161951	-38.683600
	0.049007	-172.826992	115.161951	-38.683600
	0.049016	-172.354439	115.161951	-38.743300
	0.049026	-172.299847	115.161951	-38.743300
	0.049035	-171.821777	115.161951	-38.743300
	0.049045	-173.015448	115.161951	-38.743300
	0.049054	-172.652545	115.161951	-38.743300
	0.049064	-172.412505	115.161951	-38.802900
	0.049073	-172.211483	115.161951	-38.802900
	0.049083	-171.687219	115.161951	-38.862500
	0.049092	-171.556233	115.161951	-38.802900
	0.049101	-172.621483	115.161951	-38.087600
	0.049111	-173.476965	115.161951	-37.551200
	0.049120	-173.291193	115.161951	-37.431900
	0.049130	-173.934837	115.161951	-37.312700
	0.049139	-175.487834	115.161951	-36.716700
	0.049149	-175.196482	115.161951	-36.537900
	0.049158	-175.793451	115.161951	-36.478300
	0.049168	-176.048184	115.161951	-36.418700
	0.049177	-176.623323	115.161951	-36.418700
	0.049187	-176.364020	115.161951	-36.418700
	0.049196	-176.190507	115.161951	-36.478300
	0.049206	-175.818066	115.161951	-36.418700
	0.049215	-176.109404	115.161951	-36.418700
	0.049225	-175.750787	115.161951	-36.478300
	0.049234	-175.096316	115.161951	-36.418700
	0.049243	-175.536828	115.161951	-36.418700
	0.049253	-175.622330	115.161951	-36.478300
	0.049262	-174.640737	115.161951	-36.418700
	0.049272	-175.667528	115.161951	-36.418700
	0.049281	-176.753577	115.161951	-36.418700
	0.049291	-175.746890	115.161951	-36.418700
	0.049300	-174.759406	115.161951	-36.418700
	0.049310	-175.348432	115.161951	-36.418700
	0.049319	-175.290098	115.161951	-36.418700
	0.049329	-175.764625	115.161951	-36.418700
	0.049338	-176.284081	115.161951	-36.418700
	0.049348	-175.307118	115.161951	-36.478300
	0.049357	-175.920182	115.161951	-36.478300
	0.049367	-175.978772	115.161951	-36.478300
	0.049376	-176.580690	115.161951	-36.478300
	0.049386	-176.194063	115.161951	-36.478300
	0.049395	-176.402714	115.161951	-36.478300
	0.049404	-175.305762	115.161951	-36.478300
	0.049414	-175.539119	115.161951	-36.478300
	0.049423	-176.755028	115.161951	-36.478300
	0.049433	-176.355231	115.161951	-36.478300
	0.049442	-175.288203	115.161951	-36.537900
	0.049452	-175.939228	115.161951	-36.478300
	0.049461	-175.095874	115.161951	-36.478300
	0.049471	-174.490134	115.161951	-36.537900
	0.049480	-174.550895	115.161951	-36.537900
	0.049490	-174.044695	115.161951	-36.537900
	0.049499	-175.272674	115.161951	-36.537900
	0.049509	-175.404455	115.161951	-36.537900
	0.049518	-175.299677	115.161951	-36.537900
	0.049528	-174.372713	115.161951	-36.537900
	0.049537	-175.042820	115.161951	-36.478300
	0.049546	-174.584731	115.161951	-36.478300
	0.049556	-175.360314	115.161951	-36.418700
	0.049565	-175.006801	115.161951	-36.359100
	0.049575	-174.391862	115.161951	-36.418700
	0.049584	-174.580898	115.161951	-36.299500
	0.049594	-175.326140	115.161951	-36.239900
	0.049603	-174.594400	115.161951	-36.299500
	0.049613	-175.242841	115.161951	-36.299500
	0.049622	-173.995799	115.161951	-36.299500
	0.049632	-173.590688	115.161951	-36.239900
	0.049641	-174.872078	115.161951	-36.001400
	0.049651	-175.940359	115.161951	-35.405400
	0.049660	-177.210801	115.161951	-35.226600
	0.049670	-177.063679	115.161951	-35.107400
	0.049679	-176.472032	115.161951	-35.047800
	0.049689	-177.973213	115.161951	-35.107400
	0.049698	-176.976711	115.161951	-35.107400
	0.049707	-177.451300	115.161951	-35.107400
	0.049717	-179.107854	115.161951	-35.107400
	0.049726	-178.481296	115.161951	-34.988200
	0.049736	-178.396073	115.161951	-34.928600
	0.049745	-177.512839	115.161951	-34.869000
	0.049755	-177.039871	115.161951	-34.749700
	0.049764	-178.617321	115.161951	-34.749700
	0.049774	-178.083554	115.161951	-34.690100
	0.049783	-178.371956	115.161951	-34.630500
	0.049793	-177.893276	115.161951	-34.451700
	0.049802	-178.021256	115.161951	-34.451700
	0.049812	-177.779339	115.161951	-34.511300
	0.049821	-177.928461	115.161951	-34.451700
	0.049831	-177.807728	115.161951	-34.451700
	0.049840	-177.214049	115.161951	-34.451700
	0.049849	-179.095705	115.161951	-34.332500
	0.049859	-178.016218	115.161951	-34.392100
	0.049868	-177.884078	115.161951	-34.332500
	0.049878	-178.069476	115.161951	-34.272900
	0.049887	-178.098643	115.161951	-34.272900
	0.049897	-177.653165	115.161951	-34.272900
	0.049906	-178.579183	115.161951	-34.213300
	0.049916	-177.702644	115.161951	-34.213300
	0.049925	-177.327391	115.161951	-34.213300
	0.049935	-179.392057	115.161951	-34.153700
	0.049944	-179.245746	115.161951	-34.153700
	0.049954	-177.484399	115.161951	-34.153700
	0.049963	-178.725603	115.161951	-34.153700
	0.049973	-178.403629	115.161951	-34.213300
	0.049982	-178.435661	115.161951	-34.213300
	0.049991	-177.824074	115.161951	-34.153700
	0.050001	-177.821542	115.161951	-34.094100
	0.050010	-177.766887	115.161951	-34.034500
	0.050020	-177.168677	115.161951	-34.034500
	0.050029	-177.445259	115.161951	-34.153700
	0.050039	-178.389275	115.161951	-34.153700
	0.050048	-175.729256	115.161951	-34.153700
	0.050058	-177.057223	115.161951	-34.094100
	0.050067	-177.180505	115.161951	-34.094100
	0.050077	-178.192741	115.161951	-34.094100
	0.050086	-178.397012	115.161951	-34.094100
	0.050096	-178.089783	115.161951	-34.034500
	0.050105	-178.275945	115.161951	-34.034500
	0.050115	-178.282974	115.161951	-34.034500
	0.050124	-178.712112	115.161951	-34.094100
	0.050134	-178.743557	115.161951	-34.153700
	0.050143	-178.755182	115.161951	-34.153700
	0.050152	-178.225346	115.161951	-34.153700
	0.050162	-178.704427	115.161951	-34.094100
	0.050171	-178.799476	115.161951	-34.034500
	0.050181	-177.637782	115.161951	-34.153700
	0.050190	-178.288067	115.161951	-34.034500
	0.050200	-177.938876	115.161951	-33.974900
	0.050209	-177.668682	115.161951	-33.915300
	0.050219	-178.815614	115.161951	-33.855700
	0.050228	-177.661718	115.161951	-33.796100
	0.050238	-178.186916	115.161951	-33.855700
	0.050247	-178.522478	115.161951	-33.855700
	0.050257	-177.574332	115.161951	-33.736500
	0.050266	-178.261905	115.161951	-33.676900
	0.050276	-178.088982	115.161951	-33.617300
	0.050285	-178.245966	115.161951	-33.557600
	0.050294	-178.431894	115.161951	-33.557600
	0.050304	-179.221361	115.161951	-33.557600
	0.050313	-178.859670	115.161951	-33.676900
	0.050323	-180.164140	115.161951	-33.676900
	0.050332	-179.199225	115.161951	-33.617300
	0.050342	-178.044082	115.161951	-33.617300
	0.050351	-177.794814	115.161951	-33.617300
	0.050361	-178.315884	115.161951	-33.617300
	0.050370	-177.996424	115.161951	-33.617300
	0.050380	-177.270175	115.161951	-33.557600
	0.050389	-177.448774	115.161951	-33.557600
	0.050399	-177.277452	115.161951	-33.617300
	0.050408	-177.161912	115.161951	-33.557600
	0.050418	-177.406783	115.161951	-33.498000
	0.050427	-178.331902	115.161951	-33.617300
	0.050437	-178.112333	115.161951	-33.617300
	0.050446	-178.198481	115.161951	-33.676900
	0.050455	-177.838334	115.161951	-33.736500
	0.050465	-178.448157	115.161951	-33.676900
	0.050474	-177.433368	115.161951	-33.676900
	0.050484	-176.597744	115.161951	-33.736500
