	-0.071022	-0.565047	115.161951	-20.265700
	-0.068270	-0.646870	115.161951	-20.265700
	-0.065518	-0.660019	115.161951	-20.384900
	-0.062767	-0.554999	115.161951	-20.504100
	-0.060015	0.131162	115.161951	-20.682900
	-0.057264	-0.571015	115.161951	-20.802100
	-0.054512	-1.206236	115.161951	-21.040600
	-0.051760	-2.330356	115.161951	-21.338600
	-0.049009	-1.294730	115.161951	-21.696200
	-0.046257	-1.572297	115.161951	-21.934600
	-0.043506	-1.544821	115.161951	-22.232600
	-0.040754	-1.904005	115.161951	-22.590300
	-0.038002	-2.434058	115.161951	-22.947900
	-0.035251	-1.838388	115.161951	-23.245900
	-0.032499	-2.507141	115.161951	-23.603600
	-0.029748	-1.611830	115.161951	-23.961200
	-0.026996	-2.674587	115.161951	-24.438000
	-0.024245	-3.566792	115.161951	-24.974500
	-0.021493	-2.704823	115.161951	-25.451300
	-0.018741	-3.591234	115.161951	-25.987700
	-0.015990	-3.841035	115.161951	-26.524200
	-0.013238	-3.444083	115.161951	-27.120200
	-0.010487	-4.927492	115.161951	-27.835500
	-0.007735	-4.305524	115.161951	-28.371900
	-0.004984	-5.247888	115.161951	-29.266000
	-0.002232	-5.338554	115.161951	-29.981300
	0.000520	-6.072054	115.161951	-31.173500
	0.003271	-5.760258	115.161951	-31.948300
	0.006023	-5.151930	115.161951	-33.021200
	0.008774	-6.173715	115.161951	-34.272900
	0.011526	-7.064636	115.161951	-35.763000
	0.014278	-7.354067	115.161951	-37.133900
	0.017029	-9.113533	115.161951	-38.802900
	0.019781	-8.899447	115.161951	-40.710200
	0.022532	-9.374586	115.161951	-42.856000
	0.025284	-10.747895	115.161951	-45.657400
	0.028036	-12.189570	115.161951	-48.518400
	0.030787	-13.501379	115.161951	-52.213900
	0.033539	-15.542310	115.161951	-57.816700
	0.036290	-17.990399	115.161951	-62.823800
	0.036290	-21.087607	115.161951	-67.592100
	0.036300	-21.602746	115.161951	-70.155100
	0.036309	-21.009885	115.161951	-70.810800
	0.036319	-22.036742	115.161951	-70.930000
	0.036328	-21.654717	115.161951	-70.930000
	0.036338	-21.413447	115.161951	-71.049200
	0.036347	-21.598765	115.161951	-71.168400
	0.036357	-21.707494	115.161951	-71.168400
	0.036366	-20.466335	115.161951	-71.228000
	0.036376	-21.942914	115.161951	-71.168400
	0.036385	-21.325137	115.161951	-71.287600
	0.036394	-22.031822	115.161951	-71.287600
	0.036404	-20.523672	115.161951	-71.287600
	0.036413	-21.515871	115.161951	-71.347200
	0.036423	-21.697848	115.161951	-71.347200
	0.036432	-22.463893	115.161951	-71.347200
	0.036442	-21.604359	115.161951	-71.406800
	0.036451	-22.475019	115.161951	-71.406800
	0.036461	-21.528336	115.161951	-71.466400
	0.036470	-19.689002	115.161951	-71.466400
	0.036480	-20.294428	115.161951	-71.585600
	0.036489	-21.435562	115.161951	-71.645200
	0.036499	-20.710213	115.161951	-71.585600
	0.036508	-21.367165	115.161951	-71.645200
	0.036518	-21.299088	115.161951	-71.704900
	0.036527	-20.388083	115.161951	-71.704900
	0.036537	-21.351543	115.161951	-71.764500
	0.036546	-21.915019	115.161951	-71.883700
	0.036555	-22.597460	115.161951	-71.764500
	0.036565	-22.617869	115.161951	-71.704900
	0.036574	-22.580641	115.161951	-71.704900
	0.036584	-22.810958	115.161951	-71.764500
	0.036593	-20.962299	115.161951	-71.883700
	0.036603	-21.504210	115.161951	-71.943300
	0.036612	-22.596807	115.161951	-71.943300
	0.036622	-21.099568	115.161951	-71.883700
	0.036631	-21.162191	115.161951	-71.883700
	0.036641	-22.247542	115.161951	-71.943300
	0.036650	-21.878753	115.161951	-71.943300
	0.036660	-21.832225	115.161951	-72.002900
	0.036669	-22.264793	115.161951	-72.062500
	0.036679	-21.745755	115.161951	-72.122100
	0.036688	-22.130272	115.161951	-72.181700
	0.036697	-21.776443	115.161951	-72.241300
	0.036707	-22.321800	115.161951	-72.241300
	0.036716	-21.154001	115.161951	-72.300900
	0.036726	-21.321788	115.161951	-72.420100
	0.036735	-21.442417	115.161951	-72.420100
	0.036745	-21.895542	115.161951	-72.360500
	0.036754	-22.443986	115.161951	-72.360500
	0.036764	-22.198696	115.161951	-72.360500
	0.036773	-21.084053	115.161951	-72.360500
	0.036783	-21.685751	115.161951	-72.420100
	0.036792	-23.421945	115.161951	-72.420100
	0.036802	-22.543115	115.161951	-72.420100
	0.036811	-21.945571	115.161951	-72.479700
	0.036821	-21.621262	115.161951	-72.479700
	0.036830	-21.699402	115.161951	-72.479700
	0.036840	-22.608407	115.161951	-72.539300
	0.036849	-22.979387	115.161951	-72.479700
	0.036858	-23.099089	115.161951	-72.479700
	0.036868	-22.117185	115.161951	-72.539300
	0.036877	-21.740733	115.161951	-72.598900
	0.036887	-23.062857	115.161951	-72.598900
	0.036896	-22.396387	115.161951	-72.658500
	0.036906	-22.691153	115.161951	-72.718100
	0.036915	-21.615802	115.161951	-72.658500
	0.036925	-21.342738	115.161951	-72.658500
	0.036934	-20.864538	115.161951	-72.718100
	0.036944	-22.326645	115.161951	-72.777700
	0.036953	-23.097202	115.161951	-72.777700
	0.036963	-21.776550	115.161951	-72.777700
	0.036972	-22.414765	115.161951	-72.837300
	0.036982	-22.514679	115.161951	-72.837300
	0.036991	-22.768182	115.161951	-72.837300
	0.037000	-20.717892	115.161951	-72.837300
	0.037010	-21.064075	115.161951	-72.896900
	0.037019	-21.341241	115.161951	-72.896900
	0.037029	-21.757642	115.161951	-72.896900
	0.037038	-22.132469	115.161951	-73.016200
	0.037048	-22.101398	115.161951	-73.016200
	0.037057	-21.975922	115.161951	-73.075800
	0.037067	-22.294996	115.161951	-73.075800
	0.037076	-22.529051	115.161951	-73.135400
	0.037086	-22.669829	115.161951	-73.135400
	0.037095	-22.234981	115.161951	-73.195000
	0.037105	-19.726906	115.161951	-73.254600
	0.037114	-21.512198	115.161951	-73.254600
	0.037124	-21.641852	115.161951	-73.254600
	0.037133	-20.572160	115.161951	-73.314200
	0.037143	-21.170934	115.161951	-73.314200
	0.037152	-21.188147	115.161951	-73.314200
	0.037161	-21.286924	115.161951	-73.254600
	0.037171	-22.082599	115.161951	-73.373800
	0.037180	-22.608800	115.161951	-73.433400
	0.037190	-20.959700	115.161951	-73.433400
	0.037199	-19.795637	115.161951	-73.433400
	0.037209	-19.916895	115.161951	-73.373800
	0.037218	-22.515096	115.161951	-73.373800
	0.037228	-21.363997	115.161951	-73.373800
	0.037237	-20.895299	115.161951	-73.373800
	0.037247	-21.270464	115.161951	-73.373800
	0.037256	-21.794651	115.161951	-73.373800
	0.037266	-21.466685	115.161951	-73.373800
	0.037275	-21.858492	115.161951	-73.314200
	0.037285	-20.997722	115.161951	-73.373800
	0.037294	-21.511909	115.161951	-73.433400
	0.037303	-21.785656	115.161951	-73.493000
	0.037313	-20.703514	115.161951	-73.493000
	0.037322	-21.069475	115.161951	-73.493000
	0.037332	-21.992027	115.161951	-73.552600
	0.037341	-22.112085	115.161951	-73.552600
	0.037351	-21.830588	115.161951	-73.612200
	0.037360	-23.011096	115.161951	-73.612200
	0.037370	-21.614238	115.161951	-73.612200
	0.037379	-22.524635	115.161951	-73.671800
	0.037389	-22.785697	115.161951	-73.731400
	0.037398	-22.480336	115.161951	-73.731400
	0.037408	-22.466445	115.161951	-73.671800
	0.037417	-22.428750	115.161951	-73.671800
	0.037427	-23.054711	115.161951	-73.671800
	0.037436	-21.101187	115.161951	-73.731400
	0.037446	-23.154212	115.161951	-73.731400
	0.037455	-22.045670	115.161951	-73.671800
	0.037464	-22.000565	115.161951	-73.671800
	0.037474	-21.115285	115.161951	-73.671800
	0.037483	-21.627949	115.161951	-73.671800
	0.037493	-21.678552	115.161951	-73.671800
	0.037502	-22.596063	115.161951	-73.552600
	0.037512	-22.356445	115.161951	-73.433400
	0.037521	-21.900141	115.161951	-73.373800
	0.037531	-21.378785	115.161951	-73.314200
	0.037540	-21.673561	115.161951	-73.314200
	0.037550	-21.740883	115.161951	-73.373800
	0.037559	-22.191487	115.161951	-73.373800
	0.037569	-23.056050	115.161951	-73.373800
	0.037578	-23.057922	115.161951	-73.373800
	0.037588	-23.141930	115.161951	-73.433400
	0.037597	-22.751999	115.161951	-73.433400
	0.037606	-23.229907	115.161951	-73.433400
	0.037616	-23.176427	115.161951	-73.493000
	0.037625	-23.316025	115.161951	-73.552600
	0.037635	-23.064217	115.161951	-73.612200
	0.037644	-23.103793	115.161951	-73.612200
	0.037654	-21.672529	115.161951	-73.671800
	0.037663	-23.975309	115.161951	-73.671800
	0.037673	-22.042247	115.161951	-73.731400
	0.037682	-23.979979	115.161951	-73.731400
	0.037692	-22.861775	115.161951	-73.850600
	0.037701	-22.456178	115.161951	-73.910200
	0.037711	-23.088959	115.161951	-73.969800
	0.037720	-22.478174	115.161951	-73.969800
	0.037730	-23.004240	115.161951	-73.969800
	0.037739	-22.868925	115.161951	-73.969800
	0.037748	-23.309528	115.161951	-74.029400
	0.037758	-22.714711	115.161951	-74.089000
	0.037767	-22.152506	115.161951	-74.148600
	0.037777	-23.420758	115.161951	-74.148600
	0.037786	-23.320649	115.161951	-74.208200
	0.037796	-22.966080	115.161951	-74.208200
	0.037805	-23.605921	115.161951	-74.208200
	0.037815	-22.996041	115.161951	-74.267900
	0.037824	-23.411111	115.161951	-74.387100
	0.037834	-23.673419	115.161951	-74.446700
	0.037843	-24.019335	115.161951	-74.506300
	0.037853	-22.646776	115.161951	-74.446700
	0.037862	-23.253804	115.161951	-74.446700
	0.037872	-23.466772	115.161951	-74.446700
	0.037881	-23.472281	115.161951	-74.446700
	0.037891	-24.094530	115.161951	-74.506300
	0.037900	-22.535693	115.161951	-74.565900
	0.037909	-22.885681	115.161951	-74.565900
	0.037919	-22.736661	115.161951	-74.565900
	0.037928	-22.078872	115.161951	-74.685100
	0.037938	-23.869634	115.161951	-74.685100
	0.037947	-21.888169	115.161951	-74.744700
	0.037957	-22.407815	115.161951	-74.744700
	0.037966	-23.393801	115.161951	-74.804300
	0.037976	-22.898392	115.161951	-74.863900
	0.037985	-22.545481	115.161951	-74.863900
	0.037995	-22.447830	115.161951	-74.923500
	0.038004	-22.089502	115.161951	-74.923500
	0.038014	-23.243565	115.161951	-74.804300
	0.038023	-22.152388	115.161951	-74.804300
	0.038033	-22.698710	115.161951	-74.744700
	0.038042	-22.527323	115.161951	-74.804300
	0.038051	-22.865664	115.161951	-74.804300
	0.038061	-22.623397	115.161951	-74.804300
	0.038070	-22.539245	115.161951	-74.804300
	0.038080	-23.273172	115.161951	-74.863900
	0.038089	-23.419954	115.161951	-74.863900
	0.038099	-22.511116	115.161951	-74.863900
	0.038108	-22.562392	115.161951	-74.923500
	0.038118	-22.569132	115.161951	-74.804300
	0.038127	-22.916471	115.161951	-74.804300
	0.038137	-22.642594	115.161951	-74.863900
	0.038146	-22.388121	115.161951	-74.983100
	0.038156	-21.949716	115.161951	-74.983100
	0.038165	-21.976025	115.161951	-75.042700
	0.038175	-21.992977	115.161951	-75.042700
	0.038184	-22.486614	115.161951	-74.983100
	0.038194	-23.148696	115.161951	-74.923500
	0.038203	-22.546679	115.161951	-74.863900
	0.038212	-22.465058	115.161951	-74.983100
	0.038222	-22.700055	115.161951	-74.983100
	0.038231	-22.706162	115.161951	-75.042700
	0.038241	-22.585464	115.161951	-75.102300
	0.038250	-23.482054	115.161951	-75.161900
	0.038260	-22.003713	115.161951	-75.161900
	0.038269	-23.629823	115.161951	-75.102300
	0.038279	-22.703614	115.161951	-75.340700
	0.038288	-22.208908	115.161951	-75.340700
	0.038298	-23.446599	115.161951	-75.340700
	0.038307	-22.097209	115.161951	-75.340700
	0.038317	-23.428038	115.161951	-75.281100
	0.038326	-22.946564	115.161951	-75.221500
	0.038336	-23.162828	115.161951	-75.340700
	0.038345	-22.245814	115.161951	-75.340700
	0.038354	-22.708930	115.161951	-75.281100
	0.038364	-22.726756	115.161951	-75.281100
	0.038373	-23.164019	115.161951	-75.281100
	0.038383	-23.387982	115.161951	-75.281100
	0.038392	-23.493787	115.161951	-75.400300
	0.038402	-22.970555	115.161951	-75.400300
	0.038411	-22.245741	115.161951	-75.400300
	0.038421	-22.912389	115.161951	-75.459900
	0.038430	-22.228653	115.161951	-75.459900
	0.038440	-22.907112	115.161951	-75.519600
	0.038449	-22.075832	115.161951	-75.579200
	0.038459	-22.417173	115.161951	-75.519600
	0.038468	-21.835541	115.161951	-75.400300
	0.038478	-21.618885	115.161951	-75.400300
	0.038487	-22.906245	115.161951	-75.519600
	0.038497	-22.213057	115.161951	-75.459900
	0.038506	-22.385701	115.161951	-75.519600
	0.038515	-22.281597	115.161951	-75.579200
	0.038525	-23.219565	115.161951	-75.579200
	0.038534	-22.370154	115.161951	-75.579200
	0.038544	-23.149623	115.161951	-75.698400
	0.038553	-23.109951	115.161951	-75.817600
	0.038563	-22.650790	115.161951	-75.817600
	0.038572	-22.408180	115.161951	-75.758000
	0.038582	-22.346609	115.161951	-75.758000
	0.038591	-24.212631	115.161951	-75.817600
	0.038601	-23.226096	115.161951	-75.936800
	0.038610	-23.584159	115.161951	-75.936800
	0.038620	-22.790735	115.161951	-75.936800
	0.038629	-22.875209	115.161951	-75.936800
	0.038639	-22.013714	115.161951	-76.115600
	0.038648	-22.107672	115.161951	-76.115600
	0.038657	-22.597993	115.161951	-76.115600
	0.038667	-22.715596	115.161951	-76.056000
	0.038676	-23.848172	115.161951	-76.115600
	0.038686	-23.471182	115.161951	-76.175200
	0.038695	-23.089800	115.161951	-76.175200
	0.038705	-23.481998	115.161951	-76.175200
	0.038714	-22.116925	115.161951	-76.234800
	0.038724	-21.476871	115.161951	-76.234800
	0.038733	-22.687036	115.161951	-76.234800
	0.038743	-22.294918	115.161951	-76.234800
	0.038752	-21.623023	115.161951	-76.234800
	0.038762	-22.562777	115.161951	-76.294400
	0.038771	-21.990181	115.161951	-76.294400
	0.038781	-22.753666	115.161951	-76.354000
	0.038790	-22.453225	115.161951	-76.354000
	0.038800	-22.095643	115.161951	-76.413600
	0.038809	-22.436953	115.161951	-76.473200
	0.038818	-22.395342	115.161951	-76.473200
	0.038828	-21.906929	115.161951	-76.473200
	0.038837	-22.383931	115.161951	-76.592400
	0.038847	-21.707530	115.161951	-76.652000
	0.038856	-22.759592	115.161951	-76.652000
	0.038866	-22.939562	115.161951	-76.652000
	0.038875	-22.598747	115.161951	-76.711600
	0.038885	-21.705711	115.161951	-76.771200
	0.038894	-22.611833	115.161951	-76.771200
	0.038904	-21.988288	115.161951	-76.711600
	0.038913	-21.785501	115.161951	-76.771200
	0.038923	-21.761509	115.161951	-76.771200
	0.038932	-23.506847	115.161951	-76.771200
	0.038942	-22.280550	115.161951	-76.771200
	0.038951	-21.992527	115.161951	-76.830900
	0.038960	-22.876290	115.161951	-76.830900
	0.038970	-23.568285	115.161951	-76.890500
	0.038979	-23.084143	115.161951	-76.890500
	0.038989	-24.407079	115.161951	-76.950100
	0.038998	-23.544494	115.161951	-76.950100
	0.039008	-23.857216	115.161951	-76.950100
	0.039017	-22.886028	115.161951	-76.950100
	0.039027	-23.877085	115.161951	-77.009700
	0.039036	-23.478089	115.161951	-77.009700
	0.039046	-23.559172	115.161951	-77.069300
	0.039055	-23.831708	115.161951	-77.009700
	0.039065	-23.487328	115.161951	-77.069300
	0.039074	-23.365165	115.161951	-77.069300
	0.039084	-23.222095	115.161951	-77.069300
	0.039093	-23.453292	115.161951	-77.128900
	0.039103	-22.757702	115.161951	-77.188500
	0.039112	-22.882600	115.161951	-77.248100
	0.039121	-23.195703	115.161951	-77.248100
	0.039131	-22.420396	115.161951	-77.188500
	0.039140	-23.528899	115.161951	-77.248100
	0.039150	-21.807829	115.161951	-77.248100
	0.039159	-22.713243	115.161951	-77.248100
	0.039169	-23.013187	115.161951	-77.307700
	0.039178	-23.666048	115.161951	-77.367300
	0.039188	-22.902172	115.161951	-77.367300
	0.039197	-23.821577	115.161951	-77.367300
	0.039207	-23.680686	115.161951	-77.426900
	0.039216	-22.519466	115.161951	-77.367300
	0.039226	-23.347331	115.161951	-77.367300
	0.039235	-24.649471	115.161951	-77.486500
	0.039245	-23.768776	115.161951	-77.486500
	0.039254	-23.745106	115.161951	-77.486500
	0.039263	-23.185800	115.161951	-77.367300
	0.039273	-23.583232	115.161951	-77.307700
	0.039282	-24.511406	115.161951	-77.307700
	0.039292	-23.369127	115.161951	-77.367300
	0.039301	-24.196354	115.161951	-77.367300
	0.039311	-24.224871	115.161951	-77.367300
	0.039320	-24.691117	115.161951	-77.367300
	0.039330	-24.315152	115.161951	-77.367300
	0.039339	-24.163965	115.161951	-77.367300
	0.039349	-24.034900	115.161951	-77.426900
	0.039358	-25.083972	115.161951	-77.367300
	0.039368	-24.961077	115.161951	-77.367300
	0.039377	-24.593115	115.161951	-77.367300
	0.039387	-24.035900	115.161951	-77.486500
	0.039396	-25.095860	115.161951	-77.546100
	0.039406	-24.846636	115.161951	-77.605700
	0.039415	-24.696705	115.161951	-77.605700
	0.039424	-25.063506	115.161951	-77.546100
	0.039434	-25.129796	115.161951	-77.546100
	0.039443	-24.514727	115.161951	-77.546100
	0.039453	-24.738604	115.161951	-77.605700
	0.039462	-24.530169	115.161951	-77.665300
	0.039472	-24.520481	115.161951	-77.665300
	0.039481	-25.454586	115.161951	-77.724900
	0.039491	-25.885984	115.161951	-77.844100
	0.039500	-24.166236	115.161951	-77.844100
	0.039510	-24.859503	115.161951	-77.844100
	0.039519	-25.017217	115.161951	-77.844100
	0.039529	-25.139476	115.161951	-77.844100
	0.039538	-25.570526	115.161951	-77.963300
	0.039548	-24.888870	115.161951	-78.022900
	0.039557	-24.041877	115.161951	-78.022900
	0.039566	-25.006493	115.161951	-77.963300
	0.039576	-24.480885	115.161951	-77.963300
	0.039585	-25.484786	115.161951	-78.022900
	0.039595	-24.489642	115.161951	-78.082600
	0.039604	-24.894017	115.161951	-78.082600
	0.039614	-24.829318	115.161951	-78.142200
	0.039623	-23.792521	115.161951	-78.142200
	0.039633	-25.190032	115.161951	-78.142200
	0.039642	-25.078996	115.161951	-78.201800
	0.039652	-24.626264	115.161951	-78.261400
	0.039661	-25.913621	115.161951	-78.261400
	0.039671	-25.891532	115.161951	-78.321000
	0.039680	-25.072394	115.161951	-78.321000
	0.039690	-24.957333	115.161951	-78.321000
	0.039699	-25.666917	115.161951	-78.440200
	0.039709	-25.318822	115.161951	-78.440200
	0.039718	-24.830345	115.161951	-78.440200
	0.039727	-24.407481	115.161951	-78.499800
	0.039737	-25.736516	115.161951	-78.499800
	0.039746	-26.124480	115.161951	-78.499800
	0.039756	-25.598313	115.161951	-78.499800
	0.039765	-25.252518	115.161951	-78.559400
	0.039775	-25.463325	115.161951	-78.619000
	0.039784	-25.254820	115.161951	-78.678600
	0.039794	-25.117449	115.161951	-78.619000
	0.039803	-25.159695	115.161951	-78.559400
	0.039813	-25.675386	115.161951	-78.499800
	0.039822	-25.740001	115.161951	-78.499800
	0.039832	-25.881209	115.161951	-78.499800
	0.039841	-25.116497	115.161951	-78.499800
	0.039851	-24.510856	115.161951	-78.321000
	0.039860	-24.370536	115.161951	-78.142200
	0.039869	-24.745901	115.161951	-78.142200
	0.039879	-24.974876	115.161951	-78.201800
	0.039888	-25.525465	115.161951	-78.201800
	0.039898	-24.996150	115.161951	-78.261400
	0.039907	-25.296221	115.161951	-78.321000
	0.039917	-25.558661	115.161951	-78.321000
	0.039926	-24.788458	115.161951	-78.321000
	0.039936	-24.841805	115.161951	-78.440200
	0.039945	-24.055945	115.161951	-78.440200
	0.039955	-24.517852	115.161951	-78.499800
	0.039964	-23.320076	115.161951	-78.499800
	0.039974	-24.579064	115.161951	-78.499800
	0.039983	-24.483453	115.161951	-78.499800
	0.039993	-24.883163	115.161951	-78.499800
	0.040002	-25.252829	115.161951	-78.559400
	0.040012	-25.031408	115.161951	-78.499800
	0.040021	-24.414621	115.161951	-78.499800
	0.040030	-25.070592	115.161951	-78.619000
	0.040040	-24.892724	115.161951	-78.678600
	0.040049	-25.623147	115.161951	-78.678600
	0.040059	-25.330377	115.161951	-78.738200
	0.040068	-25.449329	115.161951	-78.797800
	0.040078	-25.977370	115.161951	-78.857400
	0.040087	-25.766823	115.161951	-78.976600
	0.040097	-25.632185	115.161951	-78.976600
	0.040106	-25.294291	115.161951	-78.976600
	0.040116	-26.418381	115.161951	-78.976600
	0.040125	-26.816716	115.161951	-79.036200
	0.040135	-25.577554	115.161951	-79.334200
	0.040144	-26.784197	115.161951	-79.632300
	0.040154	-26.826450	115.161951	-79.751500
	0.040163	-26.321358	115.161951	-79.751500
	0.040172	-24.693330	115.161951	-79.811100
	0.040182	-25.294185	115.161951	-79.811100
	0.040191	-26.438826	115.161951	-79.870700
	0.040201	-26.253026	115.161951	-79.870700
	0.040210	-26.731940	115.161951	-79.930300
	0.040220	-26.012933	115.161951	-79.989900
	0.040229	-26.061244	115.161951	-80.049500
	0.040239	-25.635270	115.161951	-80.049500
	0.040248	-26.025966	115.161951	-80.168700
	0.040258	-25.644685	115.161951	-80.228300
	0.040267	-25.269530	115.161951	-80.168700
	0.040277	-26.345980	115.161951	-80.168700
	0.040286	-26.215917	115.161951	-80.287900
	0.040296	-25.203334	115.161951	-80.347500
	0.040305	-26.064759	115.161951	-80.287900
	0.040315	-26.087500	115.161951	-80.287900
	0.040324	-25.560806	115.161951	-80.287900
	0.040333	-25.548154	115.161951	-80.287900
	0.040343	-26.753063	115.161951	-80.287900
	0.040352	-26.152484	115.161951	-80.347500
	0.040362	-26.133978	115.161951	-80.287900
	0.040371	-25.429408	115.161951	-80.228300
	0.040381	-26.293428	115.161951	-80.168700
	0.040390	-26.882910	115.161951	-80.287900
	0.040400	-26.543217	115.161951	-80.287900
	0.040409	-25.914709	115.161951	-80.287900
	0.040419	-25.999222	115.161951	-80.287900
	0.040428	-26.183424	115.161951	-80.347500
	0.040438	-25.708014	115.161951	-80.407100
	0.040447	-25.540490	115.161951	-80.407100
	0.040457	-25.456381	115.161951	-80.347500
	0.040466	-26.061192	115.161951	-80.407100
	0.040475	-26.068513	115.161951	-80.407100
	0.040485	-26.379511	115.161951	-80.466700
	0.040494	-25.973243	115.161951	-80.466700
	0.040504	-25.333790	115.161951	-80.526300
	0.040513	-25.379224	115.161951	-80.585900
	0.040523	-26.406403	115.161951	-80.645600
	0.040532	-25.939264	115.161951	-80.705200
	0.040542	-25.579073	115.161951	-80.764800
	0.040551	-26.750537	115.161951	-80.764800
	0.040561	-27.021855	115.161951	-80.824400
	0.040570	-27.432627	115.161951	-80.824400
	0.040580	-26.758759	115.161951	-80.884000
	0.040589	-25.738152	115.161951	-80.884000
	0.040599	-26.858469	115.161951	-80.943600
	0.040608	-26.612032	115.161951	-81.003200
	0.040618	-26.380056	115.161951	-81.003200
	0.040627	-25.845915	115.161951	-81.003200
	0.040636	-26.726549	115.161951	-81.062800
	0.040646	-25.949440	115.161951	-81.122400
	0.040655	-26.577559	115.161951	-81.122400
	0.040665	-24.567524	115.161951	-81.182000
	0.040674	-25.689597	115.161951	-81.182000
	0.040684	-25.359622	115.161951	-81.241600
	0.040693	-25.462683	115.161951	-81.062800
	0.040703	-26.971743	115.161951	-80.705200
	0.040712	-26.178214	115.161951	-80.526300
	0.040722	-26.239557	115.161951	-80.466700
	0.040731	-26.917841	115.161951	-80.526300
	0.040741	-27.442080	115.161951	-80.585900
	0.040750	-27.970956	115.161951	-80.526300
	0.040760	-28.223111	115.161951	-80.466700
	0.040769	-28.184185	115.161951	-80.585900
	0.040778	-28.097640	115.161951	-80.585900
	0.040788	-28.190282	115.161951	-80.645600
	0.040797	-28.172708	115.161951	-80.645600
	0.040807	-27.846945	115.161951	-80.705200
	0.040816	-29.308622	115.161951	-80.705200
	0.040826	-29.338410	115.161951	-80.645600
	0.040835	-27.814811	115.161951	-80.705200
	0.040845	-29.379962	115.161951	-80.705200
	0.040854	-28.579717	115.161951	-80.645600
	0.040864	-28.530327	115.161951	-80.764800
	0.040873	-29.216553	115.161951	-80.705200
	0.040883	-28.917735	115.161951	-80.705200
	0.040892	-28.876482	115.161951	-80.764800
	0.040902	-29.325153	115.161951	-80.466700
	0.040911	-28.423216	115.161951	-80.287900
	0.040921	-29.809963	115.161951	-79.870700
	0.040930	-30.529520	115.161951	-79.751500
	0.040939	-30.674846	115.161951	-79.870700
	0.040949	-30.787898	115.161951	-79.930300
	0.040958	-30.479159	115.161951	-79.989900
	0.040968	-31.820746	115.161951	-80.049500
	0.040977	-31.366022	115.161951	-80.109100
	0.040987	-30.512134	115.161951	-80.109100
	0.040996	-30.307294	115.161951	-80.109100
	0.041006	-31.154861	115.161951	-80.049500
	0.041015	-30.923948	115.161951	-79.930300
	0.041025	-30.898251	115.161951	-80.049500
	0.041034	-29.647463	115.161951	-80.109100
	0.041044	-30.946416	115.161951	-80.168700
	0.041053	-31.600049	115.161951	-80.168700
	0.041063	-30.530655	115.161951	-80.168700
	0.041072	-31.309851	115.161951	-80.168700
	0.041081	-30.023082	115.161951	-80.049500
	0.041091	-28.948733	115.161951	-80.109100
	0.041100	-29.678551	115.161951	-80.168700
	0.041110	-30.139211	115.161951	-80.109100
	0.041119	-30.318918	115.161951	-79.989900
	0.041129	-31.176099	115.161951	-79.930300
	0.041138	-31.610967	115.161951	-79.870700
	0.041148	-31.727105	115.161951	-79.751500
	0.041157	-31.278188	115.161951	-79.691900
	0.041167	-31.508859	115.161951	-79.691900
	0.041176	-31.855603	115.161951	-79.751500
	0.041186	-31.931717	115.161951	-79.751500
	0.041195	-32.639743	115.161951	-79.751500
	0.041205	-32.159244	115.161951	-79.751500
	0.041214	-32.593429	115.161951	-79.811100
	0.041224	-32.020284	115.161951	-79.811100
	0.041233	-31.046690	115.161951	-79.870700
	0.041242	-32.139888	115.161951	-79.930300
	0.041252	-32.083371	115.161951	-79.930300
	0.041261	-32.357556	115.161951	-79.989900
	0.041271	-31.511618	115.161951	-80.109100
	0.041280	-32.606769	115.161951	-80.109100
	0.041290	-31.481285	115.161951	-80.287900
	0.041299	-31.454882	115.161951	-80.287900
	0.041309	-31.649058	115.161951	-80.347500
	0.041318	-32.258341	115.161951	-80.347500
	0.041328	-33.126492	115.161951	-80.347500
	0.041337	-32.325081	115.161951	-80.526300
	0.041347	-30.411591	115.161951	-80.585900
	0.041356	-31.412602	115.161951	-80.645600
	0.041366	-32.148207	115.161951	-80.645600
	0.041375	-31.832109	115.161951	-80.705200
	0.041384	-32.013678	115.161951	-80.645600
	0.041394	-32.841988	115.161951	-80.526300
	0.041403	-32.740917	115.161951	-80.526300
	0.041413	-32.348036	115.161951	-80.585900
	0.041422	-33.122862	115.161951	-80.585900
	0.041432	-32.972971	115.161951	-80.585900
	0.041441	-33.119560	115.161951	-80.645600
	0.041451	-32.522262	115.161951	-80.645600
	0.041460	-32.848018	115.161951	-80.645600
	0.041470	-32.812352	115.161951	-80.585900
	0.041479	-33.998609	115.161951	-80.645600
	0.041489	-34.259393	115.161951	-80.705200
	0.041498	-33.520977	115.161951	-80.764800
	0.041508	-33.719677	115.161951	-80.705200
	0.041517	-32.798550	115.161951	-80.705200
	0.041527	-34.066132	115.161951	-80.645600
	0.041536	-33.598350	115.161951	-80.705200
	0.041545	-32.497404	115.161951	-80.705200
	0.041555	-33.817947	115.161951	-80.705200
	0.041564	-34.553580	115.161951	-80.705200
	0.041574	-33.858569	115.161951	-80.705200
	0.041583	-32.965617	115.161951	-80.705200
	0.041593	-33.335340	115.161951	-80.705200
	0.041602	-33.523645	115.161951	-80.764800
	0.041612	-32.834648	115.161951	-80.764800
	0.041621	-33.009040	115.161951	-80.764800
	0.041631	-33.781868	115.161951	-80.764800
	0.041640	-32.832021	115.161951	-80.884000
	0.041650	-32.824307	115.161951	-80.884000
	0.041659	-33.361821	115.161951	-80.943600
	0.041669	-32.513830	115.161951	-81.003200
	0.041678	-32.307185	115.161951	-81.003200
	0.041687	-33.380135	115.161951	-81.003200
	0.041697	-33.675771	115.161951	-81.003200
	0.041706	-33.275677	115.161951	-81.003200
	0.041716	-33.119938	115.161951	-81.003200
	0.041725	-33.590500	115.161951	-81.062800
	0.041735	-32.692680	115.161951	-81.182000
	0.041744	-34.212123	115.161951	-81.241600
	0.041754	-34.063274	115.161951	-81.241600
	0.041763	-34.016635	115.161951	-81.301200
	0.041773	-32.668110	115.161951	-81.360800
	0.041782	-33.801743	115.161951	-81.420400
	0.041792	-33.058183	115.161951	-81.480000
	0.041801	-33.783176	115.161951	-81.480000
	0.041811	-33.897128	115.161951	-81.480000
	0.041820	-34.630016	115.161951	-81.539600
	0.041829	-33.174155	115.161951	-81.539600
	0.041839	-32.256776	115.161951	-81.599200
	0.041848	-34.471705	115.161951	-81.599200
	0.041858	-33.920318	115.161951	-81.539600
	0.041867	-33.617446	115.161951	-81.539600
	0.041877	-34.277371	115.161951	-81.539600
	0.041886	-34.004750	115.161951	-81.599200
	0.041896	-33.634357	115.161951	-81.599200
	0.041905	-34.065114	115.161951	-81.599200
	0.041915	-33.635653	115.161951	-81.599200
	0.041924	-34.437839	115.161951	-81.539600
	0.041934	-34.418901	115.161951	-81.539600
	0.041943	-34.061835	115.161951	-81.539600
	0.041953	-33.230318	115.161951	-81.599200
	0.041962	-35.123564	115.161951	-81.599200
	0.041972	-34.552367	115.161951	-81.658800
	0.041981	-35.316868	115.161951	-81.599200
	0.041990	-35.447090	115.161951	-81.599200
	0.042000	-35.325083	115.161951	-81.658800
	0.042009	-34.565862	115.161951	-81.718400
	0.042019	-34.918217	115.161951	-81.778000
	0.042028	-34.728050	115.161951	-81.778000
	0.042038	-35.140401	115.161951	-81.837600
	0.042047	-34.999165	115.161951	-81.778000
	0.042057	-34.377561	115.161951	-81.778000
	0.042066	-34.481053	115.161951	-81.778000
	0.042076	-34.955534	115.161951	-81.837600
	0.042085	-35.713072	115.161951	-81.897200
	0.042095	-35.588165	115.161951	-81.897200
	0.042104	-34.611196	115.161951	-81.956900
	0.042114	-34.610288	115.161951	-81.956900
	0.042123	-34.651379	115.161951	-81.956900
	0.042132	-33.890689	115.161951	-81.956900
	0.042142	-34.013451	115.161951	-82.016500
	0.042151	-35.044978	115.161951	-82.016500
	0.042161	-35.174830	115.161951	-82.016500
	0.042170	-35.890739	115.161951	-82.016500
	0.042180	-35.606821	115.161951	-82.135700
	0.042189	-35.640244	115.161951	-82.135700
	0.042199	-35.508628	115.161951	-82.195300
	0.042208	-35.173705	115.161951	-82.135700
	0.042218	-35.824308	115.161951	-82.016500
	0.042227	-35.515773	115.161951	-81.718400
	0.042237	-36.836301	115.161951	-81.480000
	0.042246	-35.228413	115.161951	-81.420400
	0.042256	-35.535573	115.161951	-81.420400
	0.042265	-36.373357	115.161951	-81.480000
	0.042275	-36.056407	115.161951	-81.539600
	0.042284	-35.441062	115.161951	-81.539600
	0.042293	-35.987759	115.161951	-81.539600
	0.042303	-35.343183	115.161951	-81.539600
	0.042312	-35.749639	115.161951	-81.599200
	0.042322	-35.914658	115.161951	-81.599200
	0.042331	-37.064660	115.161951	-81.539600
	0.042341	-36.321220	115.161951	-81.658800
	0.042350	-37.963937	115.161951	-81.778000
	0.042360	-37.069717	115.161951	-81.837600
	0.042369	-36.451615	115.161951	-81.778000
	0.042379	-37.207755	115.161951	-81.837600
	0.042388	-36.131418	115.161951	-81.897200
	0.042398	-36.141956	115.161951	-81.897200
	0.042407	-37.625313	115.161951	-82.016500
	0.042417	-37.015803	115.161951	-82.016500
	0.042426	-37.841148	115.161951	-81.956900
	0.042435	-37.372522	115.161951	-82.016500
	0.042445	-36.534344	115.161951	-82.076100
	0.042454	-36.532618	115.161951	-82.076100
	0.042464	-37.021606	115.161951	-82.076100
	0.042473	-37.505474	115.161951	-82.016500
	0.042483	-37.417836	115.161951	-82.016500
	0.042492	-35.912407	115.161951	-82.135700
	0.042502	-37.954007	115.161951	-82.135700
	0.042511	-36.336101	115.161951	-82.195300
	0.042521	-36.677449	115.161951	-82.135700
	0.042530	-37.388728	115.161951	-82.135700
	0.042540	-36.202518	115.161951	-82.195300
	0.042549	-36.443484	115.161951	-82.195300
	0.042559	-35.477933	115.161951	-82.195300
	0.042568	-36.576824	115.161951	-82.254900
	0.042578	-37.484166	115.161951	-82.254900
	0.042587	-37.135926	115.161951	-82.314500
	0.042596	-37.061296	115.161951	-82.314500
	0.042606	-36.851998	115.161951	-82.254900
	0.042615	-36.013803	115.161951	-82.195300
	0.042625	-39.825460	115.161951	-81.718400
	0.042634	-43.260837	115.161951	-79.811100
	0.042644	-43.718475	115.161951	-79.095800
	0.042653	-44.305952	115.161951	-78.797800
	0.042663	-43.967579	115.161951	-78.738200
	0.042672	-44.353429	115.161951	-78.678600
	0.042682	-45.074006	115.161951	-78.678600
	0.042691	-44.258104	115.161951	-78.738200
	0.042701	-43.354442	115.161951	-78.797800
	0.042710	-44.331395	115.161951	-78.738200
	0.042720	-43.826708	115.161951	-78.797800
	0.042729	-43.947305	115.161951	-78.857400
	0.042738	-45.944684	115.161951	-78.619000
	0.042748	-47.692963	115.161951	-78.201800
	0.042757	-46.910668	115.161951	-78.082600
	0.042767	-46.384944	115.161951	-78.082600
	0.042776	-47.578670	115.161951	-78.082600
	0.042786	-47.249688	115.161951	-78.142200
	0.042795	-47.052647	115.161951	-78.201800
	0.042805	-46.835517	115.161951	-78.321000
	0.042814	-47.051973	115.161951	-78.201800
	0.042824	-46.801873	115.161951	-78.201800
	0.042833	-46.285173	115.161951	-78.321000
	0.042843	-47.485587	115.161951	-78.321000
	0.042852	-47.599703	115.161951	-78.321000
	0.042862	-46.666423	115.161951	-78.321000
	0.042871	-47.437331	115.161951	-78.380600
	0.042881	-46.771735	115.161951	-78.440200
	0.042890	-45.661304	115.161951	-78.559400
	0.042899	-46.311407	115.161951	-78.559400
	0.042909	-45.626883	115.161951	-78.559400
	0.042918	-46.906172	115.161951	-78.201800
	0.042928	-49.645274	115.161951	-77.367300
	0.042937	-48.613041	115.161951	-77.188500
	0.042947	-49.312314	115.161951	-77.128900
	0.042956	-50.155821	115.161951	-77.128900
	0.042966	-49.858236	115.161951	-77.128900
	0.042975	-49.428032	115.161951	-77.128900
	0.042985	-48.898421	115.161951	-77.128900
	0.042994	-49.801439	115.161951	-77.188500
	0.043004	-49.647166	115.161951	-77.248100
	0.043013	-49.632833	115.161951	-77.248100
	0.043023	-49.506397	115.161951	-77.248100
	0.043032	-49.636967	115.161951	-77.248100
	0.043041	-49.108411	115.161951	-77.248100
	0.043051	-49.296941	115.161951	-77.248100
	0.043060	-49.901765	115.161951	-77.128900
	0.043070	-49.409849	115.161951	-77.128900
	0.043079	-48.889092	115.161951	-77.188500
	0.043089	-50.316546	115.161951	-77.248100
	0.043098	-51.676726	115.161951	-75.638800
	0.043108	-54.024688	115.161951	-74.089000
	0.043117	-54.241530	115.161951	-73.612200
	0.043127	-53.242790	115.161951	-73.612200
	0.043136	-53.892810	115.161951	-73.671800
	0.043146	-53.366781	115.161951	-73.731400
	0.043155	-53.831930	115.161951	-73.731400
	0.043165	-53.723484	115.161951	-73.671800
	0.043174	-53.554778	115.161951	-73.671800
	0.043184	-53.426864	115.161951	-73.671800
	0.043193	-52.995861	115.161951	-73.671800
	0.043202	-53.019685	115.161951	-73.671800
	0.043212	-53.778995	115.161951	-73.433400
	0.043221	-54.729185	115.161951	-73.314200
	0.043231	-53.331774	115.161951	-73.314200
	0.043240	-53.163569	115.161951	-73.314200
	0.043250	-55.012603	115.161951	-73.314200
	0.043259	-54.482456	115.161951	-73.433400
	0.043269	-53.965065	115.161951	-73.433400
	0.043278	-53.734370	115.161951	-73.433400
	0.043288	-53.776247	115.161951	-73.433400
	0.043297	-55.774609	115.161951	-73.433400
	0.043307	-54.175455	115.161951	-73.433400
	0.043316	-54.066251	115.161951	-73.493000
	0.043326	-54.423406	115.161951	-73.552600
	0.043335	-54.320464	115.161951	-73.612200
	0.043344	-54.273516	115.161951	-73.612200
	0.043354	-54.698951	115.161951	-73.612200
	0.043363	-53.302779	115.161951	-73.612200
	0.043373	-54.412103	115.161951	-73.612200
	0.043382	-54.164560	115.161951	-73.552600
	0.043392	-54.368684	115.161951	-73.552600
	0.043401	-54.082663	115.161951	-73.552600
	0.043411	-54.360701	115.161951	-73.612200
	0.043420	-54.780912	115.161951	-73.612200
	0.043430	-54.264611	115.161951	-73.612200
	0.043439	-55.740990	115.161951	-72.896900
	0.043449	-61.414016	115.161951	-70.333900
	0.043458	-62.323264	115.161951	-69.141900
	0.043468	-62.292942	115.161951	-68.963000
	0.043477	-61.670428	115.161951	-68.963000
	0.043487	-62.126606	115.161951	-69.082200
	0.043496	-61.551961	115.161951	-69.082200
	0.043505	-61.917627	115.161951	-68.903400
	0.043515	-68.934486	115.161951	-68.426600
	0.043524	-67.579299	115.161951	-68.069000
	0.043534	-67.983130	115.161951	-68.069000
	0.043543	-67.749576	115.161951	-68.069000
	0.043553	-70.240560	115.161951	-67.472900
	0.043562	-74.741735	115.161951	-66.161600
	0.043572	-73.294392	115.161951	-65.684800
	0.043581	-74.318004	115.161951	-65.625200
	0.043591	-73.866610	115.161951	-65.506000
	0.043600	-74.927402	115.161951	-65.506000
	0.043610	-76.038289	115.161951	-65.565600
	0.043619	-75.230611	115.161951	-65.565600
	0.043629	-74.824082	115.161951	-65.506000
	0.043638	-76.836061	115.161951	-65.565600
	0.043647	-76.085508	115.161951	-65.565600
	0.043657	-75.821516	115.161951	-65.565600
	0.043666	-76.404412	115.161951	-65.506000
	0.043676	-76.282634	115.161951	-65.446400
	0.043685	-76.903307	115.161951	-65.267600
	0.043695	-76.999272	115.161951	-65.148300
	0.043704	-76.777009	115.161951	-65.088700
	0.043714	-76.381471	115.161951	-65.088700
	0.043723	-75.698392	115.161951	-65.088700
	0.043733	-76.273052	115.161951	-65.088700
	0.043742	-76.678563	115.161951	-65.088700
	0.043752	-79.143081	115.161951	-65.327200
	0.043761	-78.840078	115.161951	-65.506000
	0.043771	-78.859662	115.161951	-65.506000
	0.043780	-79.331728	115.161951	-65.506000
	0.043790	-81.001678	115.161951	-65.565600
	0.043799	-79.680559	115.161951	-65.565600
	0.043808	-79.096087	115.161951	-65.565600
	0.043818	-79.899777	115.161951	-65.506000
	0.043827	-79.248187	115.161951	-65.386800
	0.043837	-79.226599	115.161951	-65.386800
	0.043846	-78.784551	115.161951	-65.267600
	0.043856	-79.289660	115.161951	-65.267600
	0.043865	-79.429025	115.161951	-65.267600
	0.043875	-79.086049	115.161951	-65.267600
	0.043884	-80.019035	115.161951	-65.267600
	0.043894	-79.726289	115.161951	-65.327200
	0.043903	-79.977258	115.161951	-65.327200
	0.043913	-81.199479	115.161951	-65.267600
	0.043922	-81.257430	115.161951	-65.327200
	0.043932	-80.896415	115.161951	-65.327200
	0.043941	-81.156031	115.161951	-65.386800
	0.043950	-80.503679	115.161951	-65.267600
	0.043960	-80.008054	115.161951	-65.267600
	0.043969	-80.485131	115.161951	-64.909900
	0.043979	-80.879291	115.161951	-64.611900
	0.043988	-81.490295	115.161951	-64.611900
	0.043998	-81.957650	115.161951	-64.611900
	0.044007	-81.834715	115.161951	-64.552300
	0.044017	-81.340818	115.161951	-64.552300
	0.044026	-81.358883	115.161951	-64.552300
	0.044036	-81.001746	115.161951	-64.611900
	0.044045	-81.803600	115.161951	-64.731100
	0.044055	-81.436267	115.161951	-64.731100
	0.044064	-81.118240	115.161951	-64.552300
	0.044074	-82.524402	115.161951	-64.135100
	0.044083	-81.264509	115.161951	-63.717800
	0.044093	-85.201518	115.161951	-62.406500
	0.044102	-85.498361	115.161951	-61.810500
	0.044111	-85.779317	115.161951	-61.512500
	0.044121	-85.273139	115.161951	-61.452900
	0.044130	-84.771193	115.161951	-61.393200
	0.044140	-85.480556	115.161951	-61.452900
	0.044149	-85.610337	115.161951	-61.452900
	0.044159	-85.556519	115.161951	-61.333600
	0.044168	-85.946571	115.161951	-61.333600
	0.044178	-84.403610	115.161951	-61.452900
	0.044187	-86.346874	115.161951	-61.452900
	0.044197	-85.207802	115.161951	-61.393200
	0.044206	-85.267461	115.161951	-61.393200
	0.044216	-86.303495	115.161951	-61.452900
	0.044225	-84.549282	115.161951	-61.452900
	0.044235	-85.999227	115.161951	-61.214400
	0.044244	-86.334830	115.161951	-61.035600
	0.044253	-86.094989	115.161951	-61.035600
	0.044263	-87.924961	115.161951	-60.797000
	0.044272	-87.606571	115.161951	-60.439300
	0.044282	-88.619757	115.161951	-60.320100
	0.044291	-87.769403	115.161951	-60.439300
	0.044301	-87.747287	115.161951	-60.439300
	0.044310	-88.374781	115.161951	-60.320100
	0.044320	-88.203992	115.161951	-60.320100
	0.044329	-88.464013	115.161951	-60.320100
	0.044339	-89.439240	115.161951	-60.379700
	0.044348	-89.028101	115.161951	-60.439300
	0.044358	-89.137621	115.161951	-60.439300
	0.044367	-88.269997	115.161951	-60.320100
	0.044377	-91.336455	115.161951	-59.783700
	0.044386	-93.432289	115.161951	-59.485700
	0.044396	-92.738109	115.161951	-59.366500
	0.044405	-92.900265	115.161951	-59.366500
	0.044414	-93.056274	115.161951	-59.187600
	0.044424	-92.816208	115.161951	-59.366500
	0.044433	-93.539936	115.161951	-59.426100
	0.044443	-92.563691	115.161951	-59.426100
	0.044452	-94.350099	115.161951	-58.234000
	0.044462	-96.792985	115.161951	-57.041900
	0.044471	-95.811296	115.161951	-56.743900
	0.044481	-95.255256	115.161951	-56.684300
	0.044490	-95.627017	115.161951	-56.624600
	0.044500	-95.714370	115.161951	-56.684300
	0.044509	-94.595994	115.161951	-56.803500
	0.044519	-95.621988	115.161951	-56.922700
	0.044528	-95.939638	115.161951	-56.982300
	0.044538	-95.768610	115.161951	-56.803500
	0.044547	-95.003005	115.161951	-56.922700
	0.044556	-95.986615	115.161951	-56.982300
	0.044566	-96.063114	115.161951	-56.922700
	0.044575	-95.316692	115.161951	-56.982300
	0.044585	-94.945749	115.161951	-56.863100
	0.044594	-97.145740	115.161951	-56.803500
	0.044604	-95.750121	115.161951	-56.743900
	0.044613	-95.623448	115.161951	-56.803500
	0.044623	-95.917157	115.161951	-56.863100
	0.044632	-96.520176	115.161951	-56.803500
	0.044642	-94.690646	115.161951	-56.863100
	0.044651	-95.306366	115.161951	-56.922700
	0.044661	-96.214800	115.161951	-56.863100
	0.044670	-94.925878	115.161951	-56.803500
	0.044680	-96.195539	115.161951	-56.863100
	0.044689	-96.684387	115.161951	-56.922700
	0.044699	-94.651818	115.161951	-56.922700
	0.044708	-96.148174	115.161951	-56.863100
	0.044717	-96.507594	115.161951	-56.803500
	0.044727	-96.244965	115.161951	-56.803500
	0.044736	-96.454569	115.161951	-56.863100
	0.044746	-94.770043	115.161951	-56.803500
	0.044755	-96.002565	115.161951	-56.743900
	0.044765	-96.455222	115.161951	-56.803500
	0.044774	-95.821306	115.161951	-56.863100
	0.044784	-95.485486	115.161951	-56.922700
	0.044793	-96.206451	115.161951	-56.803500
	0.044803	-95.673481	115.161951	-56.803500
	0.044812	-95.310322	115.161951	-56.743900
	0.044822	-96.010890	115.161951	-56.684300
	0.044831	-96.159434	115.161951	-56.684300
	0.044841	-94.883369	115.161951	-56.743900
	0.044850	-96.623172	115.161951	-56.565000
	0.044859	-98.488776	115.161951	-56.028600
	0.044869	-97.943611	115.161951	-55.730600
	0.044878	-98.233161	115.161951	-55.671000
	0.044888	-98.189814	115.161951	-55.671000
	0.044897	-98.293532	115.161951	-55.611400
	0.044907	-98.704730	115.161951	-55.671000
	0.044916	-99.430686	115.161951	-55.730600
	0.044926	-98.195584	115.161951	-55.730600
	0.044935	-99.619585	115.161951	-55.671000
	0.044945	-99.424164	115.161951	-55.671000
	0.044954	-98.912157	115.161951	-55.671000
	0.044964	-97.498342	115.161951	-55.671000
	0.044973	-99.067945	115.161951	-55.671000
	0.044983	-98.424483	115.161951	-55.730600
	0.044992	-98.415349	115.161951	-55.730600
	0.045002	-98.642502	115.161951	-55.671000
	0.045011	-98.020692	115.161951	-55.611400
	0.045020	-98.506666	115.161951	-55.611400
	0.045030	-99.343393	115.161951	-55.611400
	0.045039	-98.773817	115.161951	-55.730600
	0.045049	-98.932815	115.161951	-55.730600
	0.045058	-98.734072	115.161951	-55.671000
	0.045068	-98.349776	115.161951	-55.671000
	0.045077	-99.509107	115.161951	-55.611400
	0.045087	-98.582157	115.161951	-55.551800
	0.045096	-100.148838	115.161951	-55.492200
	0.045106	-99.165611	115.161951	-55.432600
	0.045115	-98.032167	115.161951	-55.432600
	0.045125	-99.150128	115.161951	-55.492200
	0.045134	-100.550044	115.161951	-55.551800
	0.045144	-100.551170	115.161951	-55.551800
	0.045153	-101.636487	115.161951	-55.551800
	0.045162	-101.239081	115.161951	-55.313300
	0.045172	-100.877477	115.161951	-55.194100
	0.045181	-101.252195	115.161951	-55.134500
	0.045191	-102.344803	115.161951	-55.253700
	0.045200	-101.327081	115.161951	-55.194100
	0.045210	-101.311707	115.161951	-55.134500
	0.045219	-101.212344	115.161951	-55.194100
	0.045229	-102.102456	115.161951	-55.253700
	0.045238	-101.635452	115.161951	-55.313300
	0.045248	-101.232845	115.161951	-55.253700
	0.045257	-101.750944	115.161951	-55.253700
	0.045267	-102.000740	115.161951	-55.313300
	0.045276	-101.278833	115.161951	-55.313300
	0.045286	-102.219892	115.161951	-55.313300
	0.045295	-102.380066	115.161951	-55.253700
	0.045305	-101.546693	115.161951	-55.313300
	0.045314	-101.690970	115.161951	-55.372900
	0.045323	-102.319639	115.161951	-55.372900
	0.045333	-101.891746	115.161951	-55.432600
	0.045342	-101.999046	115.161951	-55.372900
	0.045352	-102.582579	115.161951	-55.372900
	0.045361	-101.643478	115.161951	-55.432600
	0.045371	-102.525621	115.161951	-55.432600
	0.045380	-102.073667	115.161951	-55.432600
	0.045390	-101.977514	115.161951	-55.432600
	0.045399	-101.257449	115.161951	-55.551800
	0.045409	-102.036352	115.161951	-55.492200
	0.045418	-101.644680	115.161951	-55.432600
	0.045428	-103.325651	115.161951	-54.955700
	0.045437	-112.746134	115.161951	-52.035100
	0.045447	-112.497971	115.161951	-51.021800
	0.045456	-113.753112	115.161951	-50.783400
	0.045465	-115.008446	115.161951	-50.545000
	0.045475	-115.221813	115.161951	-50.008500
	0.045484	-115.161125	115.161951	-49.948900
	0.045494	-115.342257	115.161951	-50.008500
	0.045503	-115.498649	115.161951	-49.472100
	0.045513	-114.890961	115.161951	-49.054900
	0.045522	-115.486946	115.161951	-48.816400
	0.045532	-115.276835	115.161951	-48.756800
	0.045541	-115.131351	115.161951	-48.697200
	0.045551	-115.374810	115.161951	-48.697200
	0.045560	-116.031322	115.161951	-48.697200
	0.045570	-115.781842	115.161951	-48.637600
	0.045579	-115.756903	115.161951	-48.637600
	0.045589	-115.280525	115.161951	-48.697200
	0.045598	-116.300935	115.161951	-48.697200
	0.045608	-115.234133	115.161951	-48.756800
	0.045617	-116.710292	115.161951	-48.697200
	0.045626	-116.603727	115.161951	-48.697200
	0.045636	-116.363192	115.161951	-48.756800
	0.045645	-117.695227	115.161951	-48.816400
	0.045655	-117.405115	115.161951	-48.756800
	0.045664	-116.923601	115.161951	-48.756800
	0.045674	-117.184389	115.161951	-48.816400
	0.045683	-116.564323	115.161951	-48.816400
	0.045693	-118.387614	115.161951	-48.816400
	0.045702	-118.600219	115.161951	-48.518400
	0.045712	-118.305143	115.161951	-48.220400
	0.045721	-118.466320	115.161951	-48.220400
	0.045731	-117.843294	115.161951	-48.220400
	0.045740	-117.571138	115.161951	-48.220400
	0.045750	-118.183493	115.161951	-48.280000
	0.045759	-116.584175	115.161951	-48.339600
	0.045768	-117.789735	115.161951	-48.280000
	0.045778	-117.070425	115.161951	-48.280000
	0.045787	-118.378991	115.161951	-48.280000
	0.045797	-118.448272	115.161951	-48.280000
	0.045806	-116.725451	115.161951	-48.280000
	0.045816	-117.964166	115.161951	-48.220400
	0.045825	-116.877819	115.161951	-48.220400
	0.045835	-119.430250	115.161951	-47.564700
	0.045844	-118.981740	115.161951	-46.849500
	0.045854	-120.029562	115.161951	-46.551500
	0.045863	-120.946770	115.161951	-46.432300
	0.045873	-121.666370	115.161951	-46.432300
	0.045882	-120.475697	115.161951	-46.432300
	0.045892	-120.860684	115.161951	-46.372600
	0.045901	-122.180328	115.161951	-46.372600
	0.045910	-121.975963	115.161951	-46.372600
	0.045920	-122.238632	115.161951	-46.313000
	0.045929	-122.671135	115.161951	-46.253400
	0.045939	-121.663076	115.161951	-46.253400
	0.045948	-122.964046	115.161951	-46.134200
	0.045958	-125.333022	115.161951	-45.657400
	0.045967	-125.058931	115.161951	-45.478600
	0.045977	-128.133227	115.161951	-44.644100
	0.045986	-141.027926	115.161951	-41.187000
	0.045996	-143.025688	115.161951	-40.114200
	0.046005	-141.508450	115.161951	-39.816100
	0.046015	-142.037315	115.161951	-39.756500
	0.046024	-142.057031	115.161951	-39.756500
	0.046034	-141.307999	115.161951	-39.756500
	0.046043	-142.465315	115.161951	-39.816100
	0.046053	-142.376994	115.161951	-39.875700
	0.046062	-141.620767	115.161951	-39.816100
	0.046071	-141.467807	115.161951	-39.875700
	0.046081	-141.929334	115.161951	-39.875700
	0.046090	-141.906965	115.161951	-39.816100
	0.046100	-142.675392	115.161951	-39.756500
	0.046109	-141.629847	115.161951	-39.816100
	0.046119	-140.922607	115.161951	-39.816100
	0.046128	-142.295098	115.161951	-39.875700
	0.046138	-140.459877	115.161951	-39.875700
	0.046147	-140.495593	115.161951	-39.875700
	0.046157	-141.283102	115.161951	-39.875700
	0.046166	-141.731090	115.161951	-39.875700
	0.046176	-144.294946	115.161951	-39.637300
	0.046185	-147.370724	115.161951	-38.802900
	0.046195	-146.794373	115.161951	-38.624000
	0.046204	-147.178915	115.161951	-38.564400
	0.046213	-147.415183	115.161951	-38.564400
	0.046223	-146.917970	115.161951	-38.564400
	0.046232	-147.359312	115.161951	-38.564400
	0.046242	-147.181133	115.161951	-38.624000
	0.046251	-148.048345	115.161951	-38.564400
	0.046261	-147.141085	115.161951	-38.564400
	0.046270	-147.395061	115.161951	-38.564400
	0.046280	-147.545108	115.161951	-38.564400
	0.046289	-148.125330	115.161951	-38.504800
	0.046299	-146.816040	115.161951	-38.564400
	0.046308	-147.041488	115.161951	-38.564400
	0.046318	-146.990028	115.161951	-38.624000
	0.046327	-146.240667	115.161951	-38.564400
	0.046337	-146.404058	115.161951	-38.564400
	0.046346	-147.805591	115.161951	-38.624000
	0.046356	-147.378789	115.161951	-38.624000
	0.046365	-148.406123	115.161951	-38.504800
	0.046374	-148.126597	115.161951	-38.504800
	0.046384	-148.164902	115.161951	-38.385600
	0.046393	-147.223375	115.161951	-38.326000
	0.046403	-147.535101	115.161951	-38.266400
	0.046412	-147.459384	115.161951	-38.266400
	0.046422	-148.754129	115.161951	-38.206800
	0.046431	-147.322148	115.161951	-38.147200
	0.046441	-147.958048	115.161951	-38.206800
	0.046450	-147.672933	115.161951	-38.087600
	0.046460	-147.220167	115.161951	-37.908800
	0.046469	-148.617523	115.161951	-37.849200
	0.046479	-147.635014	115.161951	-37.789600
	0.046488	-146.580138	115.161951	-37.789600
	0.046498	-146.465696	115.161951	-37.789600
	0.046507	-148.032619	115.161951	-37.670400
	0.046516	-146.776041	115.161951	-37.670400
	0.046526	-146.345253	115.161951	-37.610800
	0.046535	-146.896182	115.161951	-37.551200
	0.046545	-146.848200	115.161951	-37.551200
	0.046554	-147.655622	115.161951	-37.431900
	0.046564	-147.279711	115.161951	-37.372300
	0.046573	-147.685006	115.161951	-37.312700
	0.046583	-147.093684	115.161951	-37.253100
	0.046592	-149.000266	115.161951	-37.253100
	0.046602	-148.416564	115.161951	-37.193500
	0.046611	-148.704717	115.161951	-37.193500
	0.046621	-148.723356	115.161951	-37.133900
	0.046630	-149.262076	115.161951	-37.133900
	0.046640	-148.895828	115.161951	-37.253100
	0.046649	-147.915752	115.161951	-37.253100
	0.046659	-149.238695	115.161951	-37.312700
	0.046668	-148.870150	115.161951	-37.312700
	0.046677	-148.895000	115.161951	-37.312700
	0.046687	-148.590513	115.161951	-37.312700
	0.046696	-148.213652	115.161951	-37.312700
	0.046706	-148.290365	115.161951	-37.253100
	0.046715	-148.320594	115.161951	-37.253100
	0.046725	-148.541574	115.161951	-37.193500
	0.046734	-148.470837	115.161951	-37.133900
	0.046744	-148.738452	115.161951	-37.074300
	0.046753	-148.169955	115.161951	-37.074300
	0.046763	-148.201364	115.161951	-36.895500
	0.046772	-155.868128	115.161951	-35.882200
	0.046782	-156.388412	115.161951	-35.167000
	0.046791	-156.794469	115.161951	-35.107400
	0.046801	-157.030643	115.161951	-35.107400
	0.046810	-157.288424	115.161951	-35.047800
	0.046819	-156.943108	115.161951	-35.107400
	0.046829	-157.084021	115.161951	-35.107400
	0.046838	-156.597689	115.161951	-35.167000
	0.046848	-156.677506	115.161951	-35.167000
	0.046857	-157.082984	115.161951	-35.167000
	0.046867	-156.605337	115.161951	-35.167000
	0.046876	-157.691343	115.161951	-35.167000
	0.046886	-157.263067	115.161951	-35.167000
	0.046895	-156.952900	115.161951	-35.167000
	0.046905	-158.438897	115.161951	-35.107400
	0.046914	-156.797015	115.161951	-35.107400
	0.046924	-157.847182	115.161951	-35.107400
	0.046933	-158.349970	115.161951	-35.167000
	0.046943	-157.229999	115.161951	-35.107400
	0.046952	-156.167171	115.161951	-35.107400
	0.046962	-156.172831	115.161951	-35.107400
	0.046971	-157.376480	115.161951	-35.107400
	0.046980	-156.715763	115.161951	-35.107400
	0.046990	-157.230463	115.161951	-35.167000
	0.046999	-157.898793	115.161951	-35.107400
	0.047009	-157.422866	115.161951	-35.167000
	0.047018	-157.971596	115.161951	-35.167000
	0.047028	-158.191079	115.161951	-35.167000
	0.047037	-157.190664	115.161951	-35.226600
	0.047047	-156.739280	115.161951	-35.286200
	0.047056	-156.713340	115.161951	-35.286200
	0.047066	-157.675718	115.161951	-35.167000
	0.047075	-157.241895	115.161951	-35.286200
	0.047085	-156.429034	115.161951	-35.286200
	0.047094	-157.423441	115.161951	-35.345800
	0.047104	-156.808040	115.161951	-35.286200
	0.047113	-155.650921	115.161951	-35.286200
	0.047122	-157.033603	115.161951	-35.167000
	0.047132	-159.096702	115.161951	-34.809300
	0.047141	-158.531432	115.161951	-34.511300
	0.047151	-159.739490	115.161951	-34.451700
	0.047160	-160.042783	115.161951	-34.332500
	0.047170	-162.501291	115.161951	-33.557600
	0.047179	-163.498243	115.161951	-32.842400
	0.047189	-163.247224	115.161951	-32.723200
	0.047198	-163.698724	115.161951	-32.723200
	0.047208	-164.252782	115.161951	-32.604000
	0.047217	-163.599156	115.161951	-32.484800
	0.047227	-164.087731	115.161951	-32.007900
	0.047236	-164.550808	115.161951	-31.888700
	0.047246	-163.577027	115.161951	-31.769500
	0.047255	-164.460425	115.161951	-31.709900
	0.047265	-164.217416	115.161951	-31.709900
	0.047274	-164.460090	115.161951	-31.709900
	0.047283	-165.495772	115.161951	-31.769500
	0.047293	-164.726108	115.161951	-31.709900
	0.047302	-165.374413	115.161951	-31.709900
	0.047312	-164.337295	115.161951	-31.709900
	0.047321	-164.190272	115.161951	-31.769500
	0.047331	-164.253227	115.161951	-31.888700
	0.047340	-164.400059	115.161951	-31.769500
	0.047350	-164.732606	115.161951	-31.769500
	0.047359	-163.112076	115.161951	-31.709900
	0.047369	-165.032037	115.161951	-31.769500
	0.047378	-164.360005	115.161951	-31.769500
	0.047388	-164.265928	115.161951	-31.709900
	0.047397	-164.636785	115.161951	-31.709900
	0.047407	-164.701286	115.161951	-31.709900
	0.047416	-164.242072	115.161951	-31.650300
	0.047425	-164.598731	115.161951	-31.650300
	0.047435	-165.513331	115.161951	-31.709900
	0.047444	-164.359103	115.161951	-31.650300
	0.047454	-165.495971	115.161951	-31.650300
	0.047463	-164.223328	115.161951	-31.650300
	0.047473	-163.456902	115.161951	-31.650300
	0.047482	-164.298980	115.161951	-31.709900
	0.047492	-163.964715	115.161951	-31.709900
	0.047501	-164.267005	115.161951	-31.709900
	0.047511	-164.578787	115.161951	-31.709900
	0.047520	-164.843047	115.161951	-31.709900
	0.047530	-164.658616	115.161951	-31.650300
	0.047539	-164.046381	115.161951	-31.650300
	0.047549	-165.104353	115.161951	-31.590700
	0.047558	-163.766662	115.161951	-31.590700
	0.047568	-163.995998	115.161951	-31.590700
	0.047577	-166.026669	115.161951	-31.590700
	0.047586	-164.093461	115.161951	-31.531100
	0.047596	-165.063653	115.161951	-31.590700
	0.047605	-165.704891	115.161951	-31.590700
	0.047615	-165.586838	115.161951	-31.650300
	0.047624	-166.266528	115.161951	-31.650300
	0.047634	-166.159652	115.161951	-31.650300
	0.047643	-164.725869	115.161951	-31.650300
	0.047653	-166.057340	115.161951	-31.590700
	0.047662	-168.877653	115.161951	-30.458100
	0.047672	-168.651561	115.161951	-29.683200
	0.047681	-168.514098	115.161951	-29.564000
	0.047691	-168.089225	115.161951	-29.504400
	0.047700	-166.360539	115.161951	-29.504400
	0.047710	-168.520807	115.161951	-29.564000
	0.047719	-168.382660	115.161951	-29.504400
	0.047728	-168.282411	115.161951	-29.444800
	0.047738	-168.715331	115.161951	-29.385200
	0.047747	-169.246576	115.161951	-29.325600
	0.047757	-169.368317	115.161951	-29.266000
	0.047766	-167.803057	115.161951	-29.325600
	0.047776	-167.957601	115.161951	-29.444800
	0.047785	-168.179351	115.161951	-29.444800
	0.047795	-168.318205	115.161951	-29.444800
	0.047804	-168.648850	115.161951	-29.444800
	0.047814	-169.073724	115.161951	-29.444800
	0.047823	-167.315317	115.161951	-29.444800
	0.047833	-167.619933	115.161951	-29.385200
	0.047842	-169.453400	115.161951	-29.444800
	0.047852	-167.560378	115.161951	-29.444800
	0.047861	-168.162465	115.161951	-29.444800
	0.047871	-168.439180	115.161951	-29.385200
	0.047880	-168.181112	115.161951	-29.385200
	0.047889	-168.893434	115.161951	-29.325600
	0.047899	-168.024744	115.161951	-29.266000
	0.047908	-168.335431	115.161951	-29.206400
	0.047918	-168.663168	115.161951	-29.206400
	0.047927	-168.642825	115.161951	-29.266000
	0.047937	-168.875492	115.161951	-29.266000
	0.047946	-167.585461	115.161951	-29.266000
	0.047956	-168.712040	115.161951	-29.266000
	0.047965	-168.068553	115.161951	-29.206400
	0.047975	-168.176749	115.161951	-29.266000
	0.047984	-169.728579	115.161951	-29.266000
	0.047994	-169.403177	115.161951	-29.266000
	0.048003	-168.901249	115.161951	-29.266000
	0.048013	-169.048452	115.161951	-29.206400
	0.048022	-168.731115	115.161951	-29.206400
	0.048031	-167.747910	115.161951	-29.206400
	0.048041	-169.075112	115.161951	-29.266000
	0.048050	-168.385022	115.161951	-29.266000
	0.048060	-167.519369	115.161951	-29.266000
	0.048069	-168.021885	115.161951	-29.266000
	0.048079	-168.739461	115.161951	-29.266000
	0.048088	-169.138420	115.161951	-29.206400
	0.048098	-168.049763	115.161951	-29.206400
	0.048107	-168.501304	115.161951	-29.206400
	0.048117	-167.919359	115.161951	-29.266000
	0.048126	-168.851542	115.161951	-29.325600
	0.048136	-168.290899	115.161951	-29.385200
	0.048145	-167.034621	115.161951	-29.385200
	0.048155	-167.562298	115.161951	-29.385200
	0.048164	-168.661624	115.161951	-29.385200
	0.048174	-168.037491	115.161951	-29.385200
	0.048183	-168.090049	115.161951	-29.385200
	0.048192	-168.299597	115.161951	-29.385200
	0.048202	-167.501266	115.161951	-29.325600
	0.048211	-167.977053	115.161951	-29.266000
	0.048221	-167.718985	115.161951	-29.266000
	0.048230	-167.395851	115.161951	-29.325600
	0.048240	-167.758105	115.161951	-29.266000
	0.048249	-168.319635	115.161951	-29.325600
	0.048259	-168.225756	115.161951	-29.325600
	0.048268	-168.220760	115.161951	-29.325600
	0.048278	-168.553136	115.161951	-29.266000
	0.048287	-167.698666	115.161951	-29.266000
	0.048297	-168.478942	115.161951	-29.206400
	0.048306	-168.516976	115.161951	-29.206400
	0.048316	-168.812600	115.161951	-29.206400
	0.048325	-168.025286	115.161951	-29.266000
	0.048334	-168.589025	115.161951	-29.266000
	0.048344	-168.426348	115.161951	-29.385200
	0.048353	-168.918639	115.161951	-29.325600
	0.048363	-168.338382	115.161951	-29.266000
	0.048372	-168.943876	115.161951	-29.266000
	0.048382	-167.999097	115.161951	-29.325600
	0.048391	-168.058154	115.161951	-29.385200
	0.048401	-168.023614	115.161951	-29.444800
	0.048410	-169.379343	115.161951	-29.385200
	0.048420	-169.765021	115.161951	-29.385200
	0.048429	-168.720960	115.161951	-29.444800
	0.048439	-168.375111	115.161951	-29.444800
	0.048448	-169.129634	115.161951	-29.444800
	0.048458	-169.069332	115.161951	-29.444800
	0.048467	-169.191296	115.161951	-29.385200
	0.048477	-168.336897	115.161951	-29.385200
	0.048486	-169.436549	115.161951	-29.385200
	0.048495	-169.752125	115.161951	-29.325600
	0.048505	-169.553252	115.161951	-29.385200
	0.048514	-169.459597	115.161951	-29.385200
	0.048524	-169.202163	115.161951	-29.444800
	0.048533	-168.927159	115.161951	-29.385200
	0.048543	-168.811760	115.161951	-29.385200
	0.048552	-169.002329	115.161951	-29.266000
	0.048562	-169.642386	115.161951	-29.206400
	0.048571	-169.251935	115.161951	-29.206400
	0.048581	-172.902194	115.161951	-28.491100
	0.048590	-177.265243	115.161951	-27.239400
	0.048600	-177.064307	115.161951	-26.822200
	0.048609	-176.061778	115.161951	-26.583800
	0.048619	-176.136245	115.161951	-26.583800
	0.048628	-175.518039	115.161951	-26.583800
	0.048637	-176.779515	115.161951	-26.583800
	0.048647	-176.828681	115.161951	-26.583800
	0.048656	-175.775468	115.161951	-26.583800
	0.048666	-175.784195	115.161951	-26.643400
	0.048675	-176.518422	115.161951	-26.643400
	0.048685	-176.715002	115.161951	-26.643400
	0.048694	-176.575633	115.161951	-26.703000
	0.048704	-176.471851	115.161951	-26.703000
	0.048713	-176.209563	115.161951	-26.703000
	0.048723	-177.660733	115.161951	-26.643400
	0.048732	-176.969003	115.161951	-26.524200
	0.048742	-178.234012	115.161951	-26.464600
	0.048751	-176.814699	115.161951	-26.345400
	0.048761	-177.296221	115.161951	-26.345400
	0.048770	-177.076657	115.161951	-26.285800
	0.048780	-177.237307	115.161951	-26.226200
	0.048789	-176.414725	115.161951	-26.226200
	0.048798	-176.935979	115.161951	-26.226200
	0.048808	-175.497913	115.161951	-26.166600
	0.048817	-177.318055	115.161951	-26.226200
	0.048827	-176.939489	115.161951	-26.226200
	0.048836	-177.186205	115.161951	-26.226200
	0.048846	-177.333647	115.161951	-26.226200
	0.048855	-176.900676	115.161951	-26.226200
	0.048865	-177.411318	115.161951	-26.226200
	0.048874	-176.780697	115.161951	-26.226200
	0.048884	-175.665038	115.161951	-26.285800
	0.048893	-178.928041	115.161951	-26.107000
	0.048903	-178.603736	115.161951	-25.808900
	0.048912	-178.686879	115.161951	-25.808900
	0.048922	-178.122456	115.161951	-25.808900
	0.048931	-178.073051	115.161951	-25.749300
	0.048940	-178.912049	115.161951	-25.749300
	0.048950	-176.652237	115.161951	-25.808900
	0.048959	-178.473923	115.161951	-25.868500
	0.048969	-178.110127	115.161951	-25.868500
	0.048978	-178.577529	115.161951	-25.808900
	0.048988	-178.456382	115.161951	-25.808900
	0.048997	-179.270034	115.161951	-25.808900
	0.049007	-179.720074	115.161951	-25.868500
	0.049016	-179.738787	115.161951	-25.868500
	0.049026	-179.354578	115.161951	-25.808900
	0.049035	-179.443611	115.161951	-25.808900
	0.049045	-179.979924	115.161951	-25.868500
	0.049054	-180.426780	115.161951	-25.868500
	0.049064	-179.832996	115.161951	-25.808900
	0.049073	-178.523616	115.161951	-25.808900
	0.049083	-178.356479	115.161951	-25.868500
	0.049092	-178.288532	115.161951	-25.749300
	0.049101	-179.749503	115.161951	-25.689700
	0.049111	-178.825549	115.161951	-25.630100
	0.049120	-178.856511	115.161951	-25.570500
	0.049130	-178.901749	115.161951	-25.570500
	0.049139	-177.568689	115.161951	-25.689700
	0.049149	-178.157387	115.161951	-25.689700
	0.049158	-179.109936	115.161951	-25.749300
	0.049168	-178.686168	115.161951	-25.749300
	0.049177	-177.755511	115.161951	-25.749300
	0.049187	-177.416629	115.161951	-25.749300
	0.049196	-178.830795	115.161951	-25.689700
	0.049206	-177.826786	115.161951	-25.570500
	0.049215	-177.204686	115.161951	-25.570500
	0.049225	-177.874564	115.161951	-25.570500
	0.049234	-178.773929	115.161951	-25.689700
	0.049243	-178.520062	115.161951	-25.630100
	0.049253	-177.428029	115.161951	-25.570500
	0.049262	-176.852092	115.161951	-25.510900
	0.049272	-177.765281	115.161951	-25.510900
	0.049281	-177.705731	115.161951	-25.510900
	0.049291	-178.056848	115.161951	-25.510900
	0.049300	-177.278064	115.161951	-25.570500
	0.049310	-178.273415	115.161951	-25.630100
	0.049319	-177.797257	115.161951	-25.749300
	0.049329	-178.134390	115.161951	-25.749300
	0.049338	-177.521812	115.161951	-25.808900
	0.049348	-178.038133	115.161951	-25.987700
	0.049357	-177.202326	115.161951	-26.047300
	0.049367	-177.502122	115.161951	-26.107000
	0.049376	-177.138141	115.161951	-26.107000
	0.049386	-178.063705	115.161951	-26.107000
	0.049395	-178.621515	115.161951	-26.107000
	0.049404	-177.858489	115.161951	-26.107000
	0.049414	-178.942873	115.161951	-26.107000
	0.049423	-178.469476	115.161951	-26.107000
	0.049433	-178.754551	115.161951	-26.107000
	0.049442	-178.016568	115.161951	-26.107000
	0.049452	-178.817023	115.161951	-26.107000
	0.049461	-178.360395	115.161951	-26.107000
	0.049471	-178.417072	115.161951	-26.107000
	0.049480	-178.240600	115.161951	-26.107000
	0.049490	-177.824126	115.161951	-26.107000
	0.049499	-178.871050	115.161951	-26.166600
	0.049509	-179.519194	115.161951	-26.166600
	0.049518	-179.572842	115.161951	-26.166600
	0.049528	-179.258128	115.161951	-26.226200
	0.049537	-179.683504	115.161951	-26.285800
	0.049546	-179.273477	115.161951	-26.285800
	0.049556	-179.055933	115.161951	-26.226200
	0.049565	-179.394304	115.161951	-25.987700
	0.049575	-180.150037	115.161951	-25.868500
	0.049584	-180.521222	115.161951	-25.808900
	0.049594	-179.733757	115.161951	-25.808900
	0.049603	-180.687220	115.161951	-25.808900
	0.049613	-180.286192	115.161951	-25.868500
	0.049622	-180.667872	115.161951	-25.868500
	0.049632	-180.299503	115.161951	-25.808900
	0.049641	-180.118357	115.161951	-25.749300
	0.049651	-179.682152	115.161951	-25.749300
	0.049660	-180.625005	115.161951	-25.749300
	0.049670	-179.787201	115.161951	-25.749300
	0.049679	-178.766150	115.161951	-25.689700
	0.049689	-178.298289	115.161951	-25.689700
	0.049698	-180.404870	115.161951	-25.630100
	0.049707	-179.328229	115.161951	-25.749300
	0.049717	-180.957444	115.161951	-25.749300
	0.049726	-180.627388	115.161951	-25.749300
	0.049736	-179.979191	115.161951	-25.689700
	0.049745	-179.938757	115.161951	-25.689700
	0.049755	-179.779993	115.161951	-25.749300
	0.049764	-179.910791	115.161951	-25.749300
	0.049774	-180.262832	115.161951	-25.689700
	0.049783	-180.737981	115.161951	-25.689700
	0.049793	-179.930108	115.161951	-25.689700
	0.049802	-180.026108	115.161951	-25.689700
	0.049812	-179.842279	115.161951	-25.749300
	0.049821	-179.836250	115.161951	-25.749300
	0.049831	-179.033298	115.161951	-25.749300
	0.049840	-179.454263	115.161951	-25.808900
	0.049849	-180.064456	115.161951	-25.749300
	0.049859	-180.515697	115.161951	-25.808900
	0.049868	-179.395478	115.161951	-25.808900
	0.049878	-179.858692	115.161951	-25.808900
	0.049887	-179.818321	115.161951	-25.808900
	0.049897	-181.281428	115.161951	-25.808900
	0.049906	-180.459421	115.161951	-25.808900
	0.049916	-180.674124	115.161951	-25.868500
	0.049925	-180.950294	115.161951	-25.808900
	0.049935	-179.284024	115.161951	-25.749300
	0.049944	-179.873183	115.161951	-25.689700
	0.049954	-179.512425	115.161951	-25.749300
	0.049963	-180.472308	115.161951	-25.749300
	0.049973	-179.436843	115.161951	-25.749300
	0.049982	-178.769405	115.161951	-25.749300
	0.049991	-180.246568	115.161951	-25.749300
	0.050001	-179.722239	115.161951	-25.749300
	0.050010	-179.917782	115.161951	-25.749300
	0.050020	-179.676205	115.161951	-25.808900
	0.050029	-179.929516	115.161951	-25.749300
	0.050039	-179.817735	115.161951	-25.689700
	0.050048	-180.319301	115.161951	-25.689700
	0.050058	-179.958041	115.161951	-25.689700
	0.050067	-179.420049	115.161951	-25.689700
	0.050077	-179.720364	115.161951	-25.689700
	0.050086	-180.324243	115.161951	-25.689700
	0.050096	-180.865190	115.161951	-25.749300
	0.050105	-180.296867	115.161951	-25.749300
	0.050115	-180.695005	115.161951	-25.689700
	0.050124	-181.310418	115.161951	-25.689700
	0.050134	-181.131512	115.161951	-25.630100
	0.050143	-180.872127	115.161951	-25.689700
	0.050152	-180.585465	115.161951	-25.689700
	0.050162	-181.151011	115.161951	-25.749300
	0.050171	-180.523499	115.161951	-25.749300
	0.050181	-181.833600	115.161951	-25.808900
	0.050190	-180.624145	115.161951	-25.808900
	0.050200	-180.748356	115.161951	-25.808900
	0.050209	-181.611306	115.161951	-25.808900
	0.050219	-181.276739	115.161951	-25.868500
	0.050228	-181.913250	115.161951	-25.868500
	0.050238	-180.887306	115.161951	-25.808900
	0.050247	-181.129198	115.161951	-25.808900
	0.050257	-181.963877	115.161951	-25.749300
	0.050266	-181.645471	115.161951	-25.749300
	0.050276	-180.804651	115.161951	-25.749300
	0.050285	-180.965645	115.161951	-25.808900
	0.050294	-181.991110	115.161951	-25.808900
	0.050304	-180.961012	115.161951	-25.808900
	0.050313	-181.410206	115.161951	-25.808900
	0.050323	-180.700293	115.161951	-25.808900
	0.050332	-180.057673	115.161951	-25.808900
	0.050342	-180.456633	115.161951	-25.868500
	0.050351	-180.877355	115.161951	-25.868500
	0.050361	-180.835804	115.161951	-25.868500
	0.050370	-181.123708	115.161951	-25.868500
	0.050380	-180.349047	115.161951	-25.928100
	0.050389	-181.064151	115.161951	-25.868500
	0.050399	-181.616830	115.161951	-25.808900
	0.050408	-180.848707	115.161951	-25.808900
	0.050418	-180.390585	115.161951	-25.808900
	0.050427	-181.140731	115.161951	-25.808900
	0.050437	-180.104462	115.161951	-25.808900
	0.050446	-180.546308	115.161951	-25.808900
	0.050455	-180.338622	115.161951	-25.630100
	0.050465	-181.240424	115.161951	-25.630100
	0.050474	-180.310070	115.161951	-25.630100
	0.050484	-180.536432	115.161951	-25.630100
