	-0.071022	-1.325089	115.161951	-33.557600
	-0.068270	0.436715	115.161951	-33.617300
	-0.065518	0.159190	115.161951	-33.736500
	-0.062767	-0.354913	115.161951	-33.974900
	-0.060015	-1.312028	115.161951	-34.213300
	-0.057264	-1.903083	115.161951	-34.451700
	-0.054512	-2.211242	115.161951	-34.570900
	-0.051760	-1.693926	115.161951	-34.749700
	-0.049009	-1.529769	115.161951	-34.988200
	-0.046257	-2.397500	115.161951	-35.286200
	-0.043506	-2.576055	115.161951	-35.643800
	-0.040754	-2.792376	115.161951	-35.941800
	-0.038002	-2.578533	115.161951	-36.239900
	-0.035251	-2.135416	115.161951	-36.657100
	-0.032499	-2.710138	115.161951	-36.955100
	-0.029748	-3.600982	115.161951	-37.312700
	-0.026996	-2.950216	115.161951	-37.730000
	-0.024245	-3.264890	115.161951	-38.266400
	-0.021493	-2.756842	115.161951	-38.683600
	-0.018741	-2.270336	115.161951	-39.279700
	-0.015990	-3.515330	115.161951	-39.816100
	-0.013238	-3.566695	115.161951	-40.531400
	-0.010487	-3.535645	115.161951	-41.067800
	-0.007735	-4.762379	115.161951	-41.783100
	-0.004984	-5.346177	115.161951	-42.557900
	-0.002232	-5.489209	115.161951	-43.571200
	0.000520	-5.050465	115.161951	-44.226900
	0.003271	-5.495972	115.161951	-44.942100
	0.006023	-6.329362	115.161951	-46.193800
	0.008774	-6.975187	115.161951	-47.147500
	0.011526	-6.725635	115.161951	-48.339600
	0.014278	-8.617153	115.161951	-49.829700
	0.017029	-8.699466	115.161951	-51.975500
	0.019781	-8.456037	115.161951	-53.644400
	0.022532	-10.261495	115.161951	-55.909400
	0.025284	-11.464806	115.161951	-58.055200
	0.028036	-12.805323	115.161951	-61.452900
	0.030787	-14.250751	115.161951	-65.029100
	0.033539	-17.939073	115.161951	-69.797500
	0.036290	-18.943469	115.161951	-74.685100
	0.036290	-22.919817	115.161951	-81.003200
	0.036300	-23.174987	115.161951	-82.970100
	0.036309	-24.051954	115.161951	-83.387400
	0.036319	-23.760072	115.161951	-83.447000
	0.036328	-23.761464	115.161951	-83.506600
	0.036338	-22.954605	115.161951	-83.506600
	0.036347	-23.529214	115.161951	-83.506600
	0.036357	-23.702146	115.161951	-83.506600
	0.036366	-23.534927	115.161951	-83.566200
	0.036376	-23.091837	115.161951	-83.566200
	0.036385	-24.615087	115.161951	-83.566200
	0.036394	-23.594558	115.161951	-83.566200
	0.036404	-23.397471	115.161951	-83.625800
	0.036413	-21.405026	115.161951	-83.625800
	0.036423	-23.062417	115.161951	-83.566200
	0.036432	-22.562613	115.161951	-83.566200
	0.036442	-21.193305	115.161951	-83.685400
	0.036451	-22.258753	115.161951	-83.685400
	0.036461	-22.696212	115.161951	-83.745000
	0.036470	-22.328178	115.161951	-83.685400
	0.036480	-22.069704	115.161951	-83.685400
	0.036489	-23.164878	115.161951	-83.745000
	0.036499	-22.281989	115.161951	-83.804600
	0.036508	-23.183608	115.161951	-83.745000
	0.036518	-22.826372	115.161951	-83.804600
	0.036527	-21.968385	115.161951	-83.804600
	0.036537	-22.675878	115.161951	-83.804600
	0.036546	-22.746855	115.161951	-83.804600
	0.036555	-22.093536	115.161951	-83.804600
	0.036565	-22.440901	115.161951	-83.864200
	0.036574	-21.381156	115.161951	-83.804600
	0.036584	-21.337507	115.161951	-83.804600
	0.036593	-21.558472	115.161951	-83.745000
	0.036603	-22.087578	115.161951	-83.804600
	0.036612	-21.739483	115.161951	-83.745000
	0.036622	-22.040103	115.161951	-83.685400
	0.036631	-22.154418	115.161951	-83.745000
	0.036641	-20.927253	115.161951	-83.745000
	0.036650	-21.921877	115.161951	-83.745000
	0.036660	-21.739322	115.161951	-83.745000
	0.036669	-23.434711	115.161951	-83.745000
	0.036679	-22.695774	115.161951	-83.745000
	0.036688	-22.322978	115.161951	-83.804600
	0.036697	-21.578839	115.161951	-83.804600
	0.036707	-22.946906	115.161951	-83.745000
	0.036716	-21.528863	115.161951	-83.804600
	0.036726	-22.170398	115.161951	-83.804600
	0.036735	-22.659140	115.161951	-83.804600
	0.036745	-22.222340	115.161951	-83.804600
	0.036754	-22.322039	115.161951	-83.804600
	0.036764	-23.408338	115.161951	-83.864200
	0.036773	-22.479675	115.161951	-83.923800
	0.036783	-22.310567	115.161951	-83.983400
	0.036792	-22.178198	115.161951	-83.983400
	0.036802	-22.572581	115.161951	-83.983400
	0.036811	-22.445023	115.161951	-83.983400
	0.036821	-23.188301	115.161951	-83.983400
	0.036830	-23.206625	115.161951	-83.983400
	0.036840	-23.204880	115.161951	-84.043000
	0.036849	-22.791027	115.161951	-84.043000
	0.036858	-22.355445	115.161951	-83.983400
	0.036868	-22.817819	115.161951	-83.983400
	0.036877	-22.387488	115.161951	-84.043000
	0.036887	-22.936041	115.161951	-84.043000
	0.036896	-22.388080	115.161951	-84.043000
	0.036906	-22.939975	115.161951	-84.043000
	0.036915	-22.979267	115.161951	-84.102600
	0.036925	-22.499280	115.161951	-84.102600
	0.036934	-23.294258	115.161951	-84.162200
	0.036944	-23.613669	115.161951	-84.281400
	0.036953	-22.901259	115.161951	-84.281400
	0.036963	-23.726836	115.161951	-84.281400
	0.036972	-24.056078	115.161951	-84.281400
	0.036982	-23.720739	115.161951	-84.281400
	0.036991	-23.820627	115.161951	-84.341000
	0.037000	-23.690218	115.161951	-84.460200
	0.037010	-23.290811	115.161951	-84.460200
	0.037019	-23.604970	115.161951	-84.519900
	0.037029	-23.631399	115.161951	-84.519900
	0.037038	-23.409013	115.161951	-84.519900
	0.037048	-23.804078	115.161951	-84.519900
	0.037057	-22.279658	115.161951	-84.579500
	0.037067	-22.646406	115.161951	-84.639100
	0.037076	-22.052645	115.161951	-84.579500
	0.037086	-22.720147	115.161951	-84.579500
	0.037095	-23.946010	115.161951	-84.639100
	0.037105	-23.221917	115.161951	-84.579500
	0.037114	-22.756400	115.161951	-84.579500
	0.037124	-22.537314	115.161951	-84.579500
	0.037133	-21.331357	115.161951	-84.579500
	0.037143	-22.095293	115.161951	-84.639100
	0.037152	-23.972966	115.161951	-84.639100
	0.037161	-23.747953	115.161951	-84.639100
	0.037171	-22.292702	115.161951	-84.579500
	0.037180	-23.663061	115.161951	-84.579500
	0.037190	-22.795585	115.161951	-84.579500
	0.037199	-22.601556	115.161951	-84.639100
	0.037209	-22.749849	115.161951	-84.698700
	0.037218	-22.350171	115.161951	-84.698700
	0.037228	-23.514720	115.161951	-84.639100
	0.037237	-22.272149	115.161951	-84.698700
	0.037247	-22.506295	115.161951	-84.698700
	0.037256	-21.541249	115.161951	-84.817900
	0.037266	-21.754969	115.161951	-84.817900
	0.037275	-22.681519	115.161951	-84.698700
	0.037285	-22.695835	115.161951	-84.698700
	0.037294	-21.554354	115.161951	-84.758300
	0.037303	-22.203393	115.161951	-84.817900
	0.037313	-23.285002	115.161951	-84.877500
	0.037322	-22.716959	115.161951	-84.937100
	0.037332	-23.350155	115.161951	-84.937100
	0.037341	-24.243940	115.161951	-84.937100
	0.037351	-23.618386	115.161951	-84.877500
	0.037360	-22.456823	115.161951	-84.937100
	0.037370	-23.294432	115.161951	-84.996700
	0.037379	-23.821390	115.161951	-85.056300
	0.037389	-23.600863	115.161951	-85.115900
	0.037398	-23.085179	115.161951	-85.115900
	0.037408	-24.596532	115.161951	-85.115900
	0.037417	-24.245318	115.161951	-85.115900
	0.037427	-23.183126	115.161951	-85.115900
	0.037436	-23.293003	115.161951	-85.115900
	0.037446	-23.897421	115.161951	-85.175500
	0.037455	-23.211560	115.161951	-85.175500
	0.037464	-22.838700	115.161951	-85.115900
	0.037474	-22.265266	115.161951	-85.175500
	0.037483	-23.392398	115.161951	-85.235100
	0.037493	-22.322005	115.161951	-85.294700
	0.037502	-22.870211	115.161951	-85.294700
	0.037512	-23.786109	115.161951	-85.235100
	0.037521	-23.633954	115.161951	-85.235100
	0.037531	-23.982694	115.161951	-85.235100
	0.037540	-23.760660	115.161951	-85.294700
	0.037550	-22.426037	115.161951	-85.354300
	0.037559	-23.311652	115.161951	-85.413900
	0.037569	-23.108861	115.161951	-85.413900
	0.037578	-23.092041	115.161951	-85.413900
	0.037588	-24.065230	115.161951	-85.473500
	0.037597	-22.919166	115.161951	-85.413900
	0.037606	-24.015268	115.161951	-85.473500
	0.037616	-24.481037	115.161951	-85.533100
	0.037625	-24.994382	115.161951	-85.533100
	0.037635	-24.504758	115.161951	-85.533100
	0.037644	-24.571813	115.161951	-85.533100
	0.037654	-24.761683	115.161951	-85.533100
	0.037663	-24.821172	115.161951	-85.592700
	0.037673	-25.307167	115.161951	-85.592700
	0.037682	-24.415847	115.161951	-85.652300
	0.037692	-24.130664	115.161951	-85.711900
	0.037701	-24.626983	115.161951	-85.711900
	0.037711	-23.686294	115.161951	-85.711900
	0.037720	-24.797043	115.161951	-85.771500
	0.037730	-24.330289	115.161951	-85.771500
	0.037739	-24.877647	115.161951	-85.771500
	0.037748	-23.937414	115.161951	-85.771500
	0.037758	-23.360943	115.161951	-85.831200
	0.037767	-23.900569	115.161951	-86.010000
	0.037777	-24.230896	115.161951	-86.069600
	0.037786	-25.059724	115.161951	-86.129200
	0.037796	-24.244603	115.161951	-86.129200
	0.037805	-24.479092	115.161951	-86.129200
	0.037815	-23.967969	115.161951	-86.129200
	0.037824	-24.637369	115.161951	-86.129200
	0.037834	-24.106340	115.161951	-86.129200
	0.037843	-23.801785	115.161951	-86.188800
	0.037853	-24.347630	115.161951	-86.188800
	0.037862	-24.089638	115.161951	-86.188800
	0.037872	-23.388542	115.161951	-86.069600
	0.037881	-24.094881	115.161951	-86.069600
	0.037891	-23.174155	115.161951	-86.129200
	0.037900	-22.724686	115.161951	-86.188800
	0.037909	-23.855040	115.161951	-86.129200
	0.037919	-23.296254	115.161951	-86.069600
	0.037928	-23.436819	115.161951	-86.069600
	0.037938	-24.497778	115.161951	-86.069600
	0.037947	-24.194087	115.161951	-86.248400
	0.037957	-23.285102	115.161951	-86.248400
	0.037966	-22.806393	115.161951	-86.248400
	0.037976	-22.379376	115.161951	-86.248400
	0.037985	-24.681803	115.161951	-86.248400
	0.037995	-23.380871	115.161951	-86.248400
	0.038004	-23.779960	115.161951	-86.248400
	0.038014	-22.616437	115.161951	-86.308000
	0.038023	-23.812700	115.161951	-86.308000
	0.038033	-23.297525	115.161951	-86.486800
	0.038042	-24.801499	115.161951	-86.546400
	0.038051	-23.795080	115.161951	-86.546400
	0.038061	-24.448591	115.161951	-86.546400
	0.038070	-24.211621	115.161951	-86.606000
	0.038080	-25.607260	115.161951	-86.546400
	0.038089	-23.877453	115.161951	-86.606000
	0.038099	-24.947402	115.161951	-86.665600
	0.038108	-24.502057	115.161951	-86.665600
	0.038118	-25.047492	115.161951	-86.665600
	0.038127	-25.970713	115.161951	-86.784800
	0.038137	-25.139646	115.161951	-86.784800
	0.038146	-24.485592	115.161951	-86.784800
	0.038156	-25.024821	115.161951	-86.844400
	0.038165	-25.317326	115.161951	-86.844400
	0.038175	-23.849684	115.161951	-86.784800
	0.038184	-25.030185	115.161951	-86.844400
	0.038194	-24.754704	115.161951	-86.844400
	0.038203	-23.652756	115.161951	-86.844400
	0.038212	-24.324984	115.161951	-86.844400
	0.038222	-25.091566	115.161951	-86.844400
	0.038231	-24.408495	115.161951	-86.904000
	0.038241	-24.752053	115.161951	-86.904000
	0.038250	-24.927330	115.161951	-86.904000
	0.038260	-24.704355	115.161951	-86.844400
	0.038269	-25.435713	115.161951	-86.784800
	0.038279	-23.861900	115.161951	-86.844400
	0.038288	-24.640148	115.161951	-86.963600
	0.038298	-24.514179	115.161951	-86.963600
	0.038307	-24.689985	115.161951	-86.963600
	0.038317	-24.059250	115.161951	-87.023200
	0.038326	-23.972258	115.161951	-87.023200
	0.038336	-24.130365	115.161951	-87.142500
	0.038345	-23.951927	115.161951	-87.142500
	0.038354	-24.651982	115.161951	-87.202100
	0.038364	-24.352556	115.161951	-87.261700
	0.038373	-25.075014	115.161951	-87.202100
	0.038383	-23.880188	115.161951	-87.202100
	0.038392	-25.549950	115.161951	-87.261700
	0.038402	-25.080740	115.161951	-87.261700
	0.038411	-24.471897	115.161951	-87.321300
	0.038421	-24.220908	115.161951	-87.321300
	0.038430	-24.862704	115.161951	-87.380900
	0.038440	-25.120145	115.161951	-87.380900
	0.038449	-23.317198	115.161951	-87.380900
	0.038459	-25.653971	115.161951	-87.321300
	0.038468	-24.843822	115.161951	-87.202100
	0.038478	-24.397124	115.161951	-87.202100
	0.038487	-24.467805	115.161951	-87.261700
	0.038497	-24.427582	115.161951	-87.202100
	0.038506	-24.991308	115.161951	-87.202100
	0.038515	-25.166919	115.161951	-87.202100
	0.038525	-24.762669	115.161951	-87.202100
	0.038534	-24.564835	115.161951	-87.202100
	0.038544	-25.835913	115.161951	-87.261700
	0.038553	-24.417415	115.161951	-87.380900
	0.038563	-23.455904	115.161951	-87.440500
	0.038572	-23.804602	115.161951	-87.440500
	0.038582	-23.747725	115.161951	-87.440500
	0.038591	-24.338637	115.161951	-87.500100
	0.038601	-24.880856	115.161951	-87.500100
	0.038610	-23.598511	115.161951	-87.500100
	0.038620	-24.806591	115.161951	-87.500100
	0.038629	-23.965366	115.161951	-87.500100
	0.038639	-23.193223	115.161951	-87.559700
	0.038648	-24.218600	115.161951	-87.619300
	0.038657	-24.033482	115.161951	-87.559700
	0.038667	-24.037665	115.161951	-87.500100
	0.038676	-24.323434	115.161951	-87.619300
	0.038686	-25.159087	115.161951	-87.678900
	0.038695	-24.544434	115.161951	-87.678900
	0.038705	-24.717157	115.161951	-87.738500
	0.038714	-24.356572	115.161951	-87.678900
	0.038724	-23.926970	115.161951	-87.678900
	0.038733	-23.430090	115.161951	-87.678900
	0.038743	-23.650041	115.161951	-87.798100
	0.038752	-22.985243	115.161951	-87.798100
	0.038762	-23.653544	115.161951	-87.798100
	0.038771	-24.411230	115.161951	-87.857700
	0.038781	-24.336545	115.161951	-87.917300
	0.038790	-24.426169	115.161951	-87.917300
	0.038800	-24.186986	115.161951	-87.976900
	0.038809	-23.161301	115.161951	-88.036500
	0.038818	-24.700417	115.161951	-87.976900
	0.038828	-23.710534	115.161951	-87.976900
	0.038837	-24.921325	115.161951	-88.096100
	0.038847	-24.966339	115.161951	-88.096100
	0.038856	-24.697477	115.161951	-88.096100
	0.038866	-24.505107	115.161951	-88.096100
	0.038875	-24.365088	115.161951	-88.096100
	0.038885	-24.941398	115.161951	-88.215300
	0.038894	-24.421140	115.161951	-88.215300
	0.038904	-23.703082	115.161951	-88.155700
	0.038913	-23.752705	115.161951	-88.096100
	0.038923	-23.679067	115.161951	-88.096100
	0.038932	-23.983889	115.161951	-88.155700
	0.038942	-24.372759	115.161951	-88.215300
	0.038951	-24.265729	115.161951	-88.215300
	0.038960	-24.615679	115.161951	-88.215300
	0.038970	-24.423939	115.161951	-88.215300
	0.038979	-25.097597	115.161951	-88.155700
	0.038989	-24.355492	115.161951	-88.215300
	0.038998	-24.811044	115.161951	-88.155700
	0.039008	-24.781662	115.161951	-88.215300
	0.039017	-24.673494	115.161951	-88.215300
	0.039027	-24.868872	115.161951	-88.215300
	0.039036	-24.936877	115.161951	-88.215300
	0.039046	-24.785818	115.161951	-88.155700
	0.039055	-25.099355	115.161951	-88.155700
	0.039065	-24.659339	115.161951	-88.215300
	0.039074	-25.736971	115.161951	-88.274900
	0.039084	-25.939846	115.161951	-88.274900
	0.039093	-25.728643	115.161951	-88.274900
	0.039103	-25.200900	115.161951	-88.334500
	0.039112	-24.919657	115.161951	-88.453800
	0.039121	-25.080028	115.161951	-88.453800
	0.039131	-24.847750	115.161951	-88.334500
	0.039140	-24.626489	115.161951	-88.453800
	0.039150	-24.632053	115.161951	-88.513400
	0.039159	-25.176348	115.161951	-88.513400
	0.039169	-25.207079	115.161951	-88.513400
	0.039178	-26.485963	115.161951	-88.513400
	0.039188	-24.908852	115.161951	-88.573000
	0.039197	-25.038870	115.161951	-88.573000
	0.039207	-25.584188	115.161951	-88.632600
	0.039216	-26.444499	115.161951	-88.632600
	0.039226	-24.500460	115.161951	-88.632600
	0.039235	-25.181674	115.161951	-88.751800
	0.039245	-25.149992	115.161951	-88.751800
	0.039254	-25.539755	115.161951	-88.751800
	0.039263	-25.008555	115.161951	-88.751800
	0.039273	-24.416423	115.161951	-88.751800
	0.039282	-24.274552	115.161951	-88.871000
	0.039292	-23.492162	115.161951	-88.930600
	0.039301	-23.567905	115.161951	-88.930600
	0.039311	-25.085377	115.161951	-88.990200
	0.039320	-25.018968	115.161951	-88.930600
	0.039330	-24.281241	115.161951	-88.930600
	0.039339	-24.763190	115.161951	-89.049800
	0.039349	-24.451122	115.161951	-89.049800
	0.039358	-25.192320	115.161951	-89.049800
	0.039368	-25.302164	115.161951	-89.049800
	0.039377	-25.112601	115.161951	-89.049800
	0.039387	-24.734781	115.161951	-89.049800
	0.039396	-24.833136	115.161951	-89.109400
	0.039406	-25.010468	115.161951	-89.228600
	0.039415	-25.558236	115.161951	-89.228600
	0.039424	-25.249796	115.161951	-89.228600
	0.039434	-24.354048	115.161951	-89.228600
	0.039443	-25.133001	115.161951	-89.347800
	0.039453	-24.319860	115.161951	-89.407400
	0.039462	-24.438497	115.161951	-89.467000
	0.039472	-24.719597	115.161951	-89.467000
	0.039481	-25.071966	115.161951	-89.586200
	0.039491	-24.738374	115.161951	-89.586200
	0.039500	-24.804329	115.161951	-89.586200
	0.039510	-25.387594	115.161951	-89.586200
	0.039519	-25.220869	115.161951	-89.586200
	0.039529	-25.331644	115.161951	-89.586200
	0.039538	-24.649589	115.161951	-89.586200
	0.039548	-25.147386	115.161951	-89.586200
	0.039557	-25.667944	115.161951	-89.586200
	0.039566	-24.970671	115.161951	-89.645900
	0.039576	-24.124186	115.161951	-89.705500
	0.039585	-26.210725	115.161951	-89.765100
	0.039595	-25.440048	115.161951	-89.765100
	0.039604	-25.977646	115.161951	-89.765100
	0.039614	-25.282711	115.161951	-89.824700
	0.039623	-24.340855	115.161951	-89.824700
	0.039633	-24.286726	115.161951	-89.765100
	0.039642	-24.800385	115.161951	-89.765100
	0.039652	-25.472633	115.161951	-89.824700
	0.039661	-25.229389	115.161951	-89.884300
	0.039671	-25.253479	115.161951	-89.943900
	0.039680	-25.215944	115.161951	-89.943900
	0.039690	-25.802580	115.161951	-89.943900
	0.039699	-24.836639	115.161951	-89.943900
	0.039709	-25.296228	115.161951	-89.943900
	0.039718	-24.806670	115.161951	-89.943900
	0.039727	-25.547171	115.161951	-89.943900
	0.039737	-26.160736	115.161951	-90.003500
	0.039746	-24.812778	115.161951	-90.003500
	0.039756	-25.393366	115.161951	-90.063100
	0.039765	-25.269647	115.161951	-90.003500
	0.039775	-25.014699	115.161951	-90.003500
	0.039784	-24.624266	115.161951	-90.003500
	0.039794	-26.613591	115.161951	-90.063100
	0.039803	-25.907891	115.161951	-90.063100
	0.039813	-26.620287	115.161951	-90.122700
	0.039822	-26.339650	115.161951	-90.182300
	0.039832	-27.099381	115.161951	-90.182300
	0.039841	-25.356165	115.161951	-90.241900
	0.039851	-26.616473	115.161951	-90.301500
	0.039860	-26.455425	115.161951	-90.301500
	0.039869	-25.100855	115.161951	-90.301500
	0.039879	-25.695579	115.161951	-90.301500
	0.039888	-26.035506	115.161951	-90.361100
	0.039898	-25.806593	115.161951	-90.420700
	0.039907	-26.431517	115.161951	-90.361100
	0.039917	-24.607336	115.161951	-90.420700
	0.039926	-25.043321	115.161951	-90.420700
	0.039936	-25.294840	115.161951	-90.480300
	0.039945	-26.132430	115.161951	-90.480300
	0.039955	-26.054092	115.161951	-90.539900
	0.039964	-26.268328	115.161951	-90.539900
	0.039974	-27.211795	115.161951	-90.539900
	0.039983	-26.107573	115.161951	-90.539900
	0.039993	-26.480286	115.161951	-90.539900
	0.040002	-27.126669	115.161951	-90.599500
	0.040012	-26.855249	115.161951	-90.659100
	0.040021	-27.081740	115.161951	-90.599500
	0.040030	-28.021903	115.161951	-90.539900
	0.040040	-27.911346	115.161951	-90.659100
	0.040049	-28.227476	115.161951	-90.718700
	0.040059	-27.135602	115.161951	-90.718700
	0.040068	-26.336443	115.161951	-90.778300
	0.040078	-27.184270	115.161951	-90.778300
	0.040087	-26.234409	115.161951	-90.837900
	0.040097	-26.005625	115.161951	-90.897500
	0.040106	-27.061934	115.161951	-90.897500
	0.040116	-26.553855	115.161951	-90.897500
	0.040125	-26.541592	115.161951	-90.837900
	0.040135	-27.210781	115.161951	-90.897500
	0.040144	-25.886703	115.161951	-90.897500
	0.040154	-26.703895	115.161951	-90.897500
	0.040163	-25.764029	115.161951	-90.957200
	0.040172	-26.963851	115.161951	-90.957200
	0.040182	-27.260515	115.161951	-91.016800
	0.040191	-26.279893	115.161951	-91.076400
	0.040201	-27.163124	115.161951	-91.076400
	0.040210	-26.894416	115.161951	-91.076400
	0.040220	-26.552153	115.161951	-91.076400
	0.040229	-27.937613	115.161951	-91.136000
	0.040239	-28.018988	115.161951	-91.076400
	0.040248	-27.293776	115.161951	-91.076400
	0.040258	-27.796824	115.161951	-91.076400
	0.040267	-27.705657	115.161951	-91.076400
	0.040277	-28.343448	115.161951	-91.076400
	0.040286	-28.982746	115.161951	-91.076400
	0.040296	-28.339629	115.161951	-91.076400
	0.040305	-28.609884	115.161951	-91.016800
	0.040315	-28.222870	115.161951	-91.016800
	0.040324	-27.270639	115.161951	-91.016800
	0.040333	-28.083695	115.161951	-91.076400
	0.040343	-28.443724	115.161951	-91.136000
	0.040352	-28.579901	115.161951	-91.076400
	0.040362	-28.219779	115.161951	-91.016800
	0.040371	-27.918080	115.161951	-91.076400
	0.040381	-26.277537	115.161951	-91.076400
	0.040390	-29.183073	115.161951	-91.136000
	0.040400	-27.389219	115.161951	-91.195600
	0.040409	-27.349497	115.161951	-91.195600
	0.040419	-27.788037	115.161951	-91.136000
	0.040428	-27.777798	115.161951	-91.076400
	0.040438	-27.452096	115.161951	-90.778300
	0.040447	-28.681956	115.161951	-90.718700
	0.040457	-27.591887	115.161951	-90.659100
	0.040466	-27.923343	115.161951	-90.420700
	0.040475	-28.566785	115.161951	-90.063100
	0.040485	-26.960550	115.161951	-90.003500
	0.040494	-26.880463	115.161951	-90.063100
	0.040504	-27.672609	115.161951	-90.063100
	0.040513	-26.983693	115.161951	-90.063100
	0.040523	-27.022309	115.161951	-90.063100
	0.040532	-27.584968	115.161951	-90.182300
	0.040542	-26.251122	115.161951	-90.241900
	0.040551	-27.935231	115.161951	-90.301500
	0.040561	-26.627131	115.161951	-90.241900
	0.040570	-27.748466	115.161951	-90.301500
	0.040580	-27.296642	115.161951	-90.301500
	0.040589	-28.311293	115.161951	-90.301500
	0.040599	-27.824993	115.161951	-90.301500
	0.040608	-28.052321	115.161951	-90.301500
	0.040618	-27.163008	115.161951	-90.420700
	0.040627	-28.361176	115.161951	-90.420700
	0.040636	-27.162760	115.161951	-90.361100
	0.040646	-28.739569	115.161951	-90.420700
	0.040655	-28.119713	115.161951	-90.480300
	0.040665	-27.615852	115.161951	-90.539900
	0.040674	-27.773014	115.161951	-90.599500
	0.040684	-28.317552	115.161951	-90.599500
	0.040693	-27.662792	115.161951	-90.659100
	0.040703	-29.483917	115.161951	-90.659100
	0.040712	-29.087570	115.161951	-90.659100
	0.040722	-28.754067	115.161951	-90.599500
	0.040731	-28.455425	115.161951	-90.599500
	0.040741	-28.953012	115.161951	-90.718700
	0.040750	-29.093968	115.161951	-90.837900
	0.040760	-28.815758	115.161951	-90.837900
	0.040769	-28.547090	115.161951	-90.837900
	0.040778	-30.195588	115.161951	-90.837900
	0.040788	-29.644235	115.161951	-90.837900
	0.040797	-29.469998	115.161951	-90.957200
	0.040807	-29.011444	115.161951	-90.957200
	0.040816	-28.939870	115.161951	-91.016800
	0.040826	-30.447855	115.161951	-91.076400
	0.040835	-29.246522	115.161951	-91.136000
	0.040845	-28.435829	115.161951	-91.195600
	0.040854	-29.093192	115.161951	-91.195600
	0.040864	-29.347124	115.161951	-91.195600
	0.040873	-29.262889	115.161951	-91.195600
	0.040883	-28.906809	115.161951	-91.195600
	0.040892	-28.909788	115.161951	-91.195600
	0.040902	-29.464201	115.161951	-91.255200
	0.040911	-29.502684	115.161951	-91.314800
	0.040921	-29.669885	115.161951	-91.314800
	0.040930	-28.534271	115.161951	-91.314800
	0.040939	-28.480002	115.161951	-91.434000
	0.040949	-28.948933	115.161951	-91.493600
	0.040958	-29.007296	115.161951	-91.493600
	0.040968	-29.254719	115.161951	-91.434000
	0.040977	-28.980992	115.161951	-91.434000
	0.040987	-29.044997	115.161951	-91.553200
	0.040996	-29.561833	115.161951	-91.553200
	0.041006	-28.736332	115.161951	-91.612800
	0.041015	-29.337360	115.161951	-91.612800
	0.041025	-28.551715	115.161951	-91.553200
	0.041034	-28.309777	115.161951	-91.612800
	0.041044	-29.103856	115.161951	-91.672400
	0.041053	-28.480856	115.161951	-91.672400
	0.041063	-28.624368	115.161951	-91.732000
	0.041072	-28.996939	115.161951	-91.732000
	0.041081	-28.951522	115.161951	-91.672400
	0.041091	-29.213717	115.161951	-91.672400
	0.041100	-29.746775	115.161951	-91.732000
	0.041110	-29.816433	115.161951	-91.672400
	0.041119	-30.543923	115.161951	-91.672400
	0.041129	-30.945325	115.161951	-91.672400
	0.041138	-30.617109	115.161951	-91.672400
	0.041148	-30.371588	115.161951	-91.851200
	0.041157	-30.575257	115.161951	-91.910800
	0.041167	-30.009458	115.161951	-91.910800
	0.041176	-30.163051	115.161951	-91.910800
	0.041186	-30.259911	115.161951	-91.910800
	0.041195	-29.925464	115.161951	-91.970400
	0.041205	-30.330735	115.161951	-92.030000
	0.041214	-29.571850	115.161951	-92.030000
	0.041224	-29.114282	115.161951	-92.030000
	0.041233	-29.561499	115.161951	-92.030000
	0.041242	-29.639133	115.161951	-92.030000
	0.041252	-30.791105	115.161951	-91.970400
	0.041261	-30.939131	115.161951	-92.030000
	0.041271	-30.651040	115.161951	-91.851200
	0.041280	-31.165244	115.161951	-90.063100
	0.041290	-32.849185	115.161951	-89.228600
	0.041299	-32.294842	115.161951	-88.811400
	0.041309	-32.079363	115.161951	-88.751800
	0.041318	-30.799104	115.161951	-88.751800
	0.041328	-31.286551	115.161951	-88.811400
	0.041337	-31.143172	115.161951	-88.930600
	0.041347	-31.575389	115.161951	-88.930600
	0.041356	-30.810817	115.161951	-89.049800
	0.041366	-30.915767	115.161951	-89.049800
	0.041375	-30.962931	115.161951	-89.049800
	0.041384	-31.285336	115.161951	-89.049800
	0.041394	-31.020769	115.161951	-89.049800
	0.041403	-30.964451	115.161951	-89.049800
	0.041413	-31.832379	115.161951	-89.049800
	0.041422	-32.241912	115.161951	-89.049800
	0.041432	-31.088505	115.161951	-88.930600
	0.041441	-32.099233	115.161951	-88.871000
	0.041451	-33.190814	115.161951	-88.871000
	0.041460	-32.061642	115.161951	-88.871000
	0.041470	-32.863270	115.161951	-88.990200
	0.041479	-32.841834	115.161951	-88.930600
	0.041489	-32.369288	115.161951	-89.109400
	0.041498	-33.343166	115.161951	-89.407400
	0.041508	-32.895442	115.161951	-89.467000
	0.041517	-32.930069	115.161951	-89.526600
	0.041527	-33.162064	115.161951	-89.526600
	0.041536	-32.982709	115.161951	-89.586200
	0.041545	-35.381471	115.161951	-88.573000
	0.041555	-35.813737	115.161951	-87.798100
	0.041564	-36.657273	115.161951	-87.559700
	0.041574	-37.320858	115.161951	-87.500100
	0.041583	-36.314848	115.161951	-87.440500
	0.041593	-36.462122	115.161951	-87.500100
	0.041602	-36.253779	115.161951	-87.559700
	0.041612	-36.317804	115.161951	-87.559700
	0.041621	-35.194373	115.161951	-87.619300
	0.041631	-36.431627	115.161951	-87.678900
	0.041640	-36.967754	115.161951	-87.738500
	0.041650	-35.631629	115.161951	-87.738500
	0.041659	-35.165776	115.161951	-87.678900
	0.041669	-35.708448	115.161951	-87.678900
	0.041678	-35.698018	115.161951	-87.678900
	0.041687	-35.991933	115.161951	-87.738500
	0.041697	-36.102420	115.161951	-87.738500
	0.041706	-36.258379	115.161951	-87.738500
	0.041716	-35.713478	115.161951	-87.798100
	0.041725	-36.113258	115.161951	-87.857700
	0.041735	-36.312052	115.161951	-87.857700
	0.041744	-36.692148	115.161951	-87.857700
	0.041754	-36.512777	115.161951	-87.917300
	0.041763	-34.750645	115.161951	-87.917300
	0.041773	-35.136131	115.161951	-87.917300
	0.041782	-35.449146	115.161951	-87.857700
	0.041792	-38.007813	115.161951	-87.500100
	0.041801	-38.234586	115.161951	-87.321300
	0.041811	-38.945095	115.161951	-87.261700
	0.041820	-38.852081	115.161951	-87.261700
	0.041829	-38.667230	115.161951	-87.261700
	0.041839	-39.251744	115.161951	-87.380900
	0.041848	-39.047859	115.161951	-87.321300
	0.041858	-39.875412	115.161951	-87.380900
	0.041867	-39.345017	115.161951	-87.380900
	0.041877	-39.274847	115.161951	-87.380900
	0.041886	-39.085676	115.161951	-87.440500
	0.041896	-39.144840	115.161951	-87.500100
	0.041905	-38.135356	115.161951	-87.500100
	0.041915	-38.897624	115.161951	-87.559700
	0.041924	-39.364684	115.161951	-87.500100
	0.041934	-38.322378	115.161951	-87.500100
	0.041943	-38.808837	115.161951	-87.559700
	0.041953	-39.027488	115.161951	-87.559700
	0.041962	-39.185346	115.161951	-87.619300
	0.041972	-39.532525	115.161951	-87.559700
	0.041981	-39.908957	115.161951	-87.619300
	0.041990	-39.284206	115.161951	-87.619300
	0.042000	-39.599287	115.161951	-87.619300
	0.042009	-40.107483	115.161951	-87.738500
	0.042019	-40.432238	115.161951	-87.738500
	0.042028	-40.652450	115.161951	-87.738500
	0.042038	-39.956012	115.161951	-87.678900
	0.042047	-39.585657	115.161951	-87.678900
	0.042057	-39.633926	115.161951	-87.738500
	0.042066	-40.961110	115.161951	-87.738500
	0.042076	-40.215729	115.161951	-87.738500
	0.042085	-40.012308	115.161951	-87.738500
	0.042095	-39.927967	115.161951	-87.798100
	0.042104	-39.905533	115.161951	-87.857700
	0.042114	-38.813647	115.161951	-87.917300
	0.042123	-39.870220	115.161951	-87.798100
	0.042132	-39.052587	115.161951	-87.857700
	0.042142	-39.540685	115.161951	-87.917300
	0.042151	-40.814629	115.161951	-87.976900
	0.042161	-40.067543	115.161951	-87.976900
	0.042170	-39.630423	115.161951	-88.036500
	0.042180	-40.364323	115.161951	-88.096100
	0.042189	-40.452067	115.161951	-88.096100
	0.042199	-40.033590	115.161951	-87.976900
	0.042208	-40.316091	115.161951	-87.857700
	0.042218	-39.988606	115.161951	-87.798100
	0.042227	-39.525892	115.161951	-87.738500
	0.042237	-40.682734	115.161951	-87.738500
	0.042246	-39.796046	115.161951	-87.798100
	0.042256	-41.213449	115.161951	-87.798100
	0.042265	-40.153731	115.161951	-87.857700
	0.042275	-40.203064	115.161951	-87.857700
	0.042284	-39.447809	115.161951	-87.917300
	0.042293	-40.271844	115.161951	-87.917300
	0.042303	-39.380645	115.161951	-87.917300
	0.042312	-44.566247	115.161951	-87.082900
	0.042322	-44.311864	115.161951	-86.427200
	0.042331	-44.242772	115.161951	-86.367600
	0.042341	-45.222627	115.161951	-86.308000
	0.042350	-45.514096	115.161951	-86.308000
	0.042360	-45.926517	115.161951	-86.367600
	0.042369	-45.379945	115.161951	-86.367600
	0.042379	-44.662311	115.161951	-86.367600
	0.042388	-44.999648	115.161951	-86.427200
	0.042398	-44.830018	115.161951	-86.486800
	0.042407	-45.288016	115.161951	-86.188800
	0.042417	-47.203625	115.161951	-85.831200
	0.042426	-46.875671	115.161951	-85.711900
	0.042435	-46.800138	115.161951	-85.711900
	0.042445	-47.378955	115.161951	-85.711900
	0.042454	-45.830986	115.161951	-85.711900
	0.042464	-47.010312	115.161951	-85.711900
	0.042473	-46.533199	115.161951	-85.711900
	0.042483	-46.478950	115.161951	-85.771500
	0.042492	-46.070397	115.161951	-85.771500
	0.042502	-46.637166	115.161951	-85.831200
	0.042511	-46.999140	115.161951	-85.771500
	0.042521	-46.673670	115.161951	-85.771500
	0.042530	-47.013161	115.161951	-85.771500
	0.042540	-46.540372	115.161951	-85.771500
	0.042549	-47.289998	115.161951	-85.831200
	0.042559	-47.917778	115.161951	-85.831200
	0.042568	-45.976698	115.161951	-85.831200
	0.042578	-47.200431	115.161951	-85.771500
	0.042587	-47.091434	115.161951	-85.771500
	0.042596	-47.591433	115.161951	-85.771500
	0.042606	-46.784078	115.161951	-85.771500
	0.042615	-46.891900	115.161951	-85.771500
	0.042625	-47.135437	115.161951	-85.711900
	0.042634	-47.658473	115.161951	-85.711900
	0.042644	-46.032303	115.161951	-85.771500
	0.042653	-47.506625	115.161951	-85.711900
	0.042663	-46.524413	115.161951	-85.711900
	0.042672	-47.187464	115.161951	-85.711900
	0.042682	-49.069601	115.161951	-85.592700
	0.042691	-52.025166	115.161951	-84.996700
	0.042701	-51.065661	115.161951	-84.817900
	0.042710	-50.740878	115.161951	-84.698700
	0.042720	-50.775744	115.161951	-84.698700
	0.042729	-51.466931	115.161951	-84.698700
	0.042738	-51.214834	115.161951	-84.817900
	0.042748	-51.380445	115.161951	-84.817900
	0.042757	-51.662838	115.161951	-84.817900
	0.042767	-51.715488	115.161951	-84.817900
	0.042776	-51.499677	115.161951	-84.817900
	0.042786	-50.714021	115.161951	-84.877500
	0.042795	-54.078277	115.161951	-83.745000
	0.042805	-55.136871	115.161951	-82.612500
	0.042814	-55.996341	115.161951	-82.374100
	0.042824	-55.357213	115.161951	-82.254900
	0.042833	-55.251252	115.161951	-82.314500
	0.042843	-54.915886	115.161951	-82.195300
	0.042852	-57.399892	115.161951	-82.135700
	0.042862	-55.412626	115.161951	-82.076100
	0.042871	-55.836072	115.161951	-82.076100
	0.042881	-56.133461	115.161951	-82.135700
	0.042890	-55.226707	115.161951	-82.135700
	0.042899	-55.787797	115.161951	-82.135700
	0.042909	-56.701845	115.161951	-82.135700
	0.042918	-55.591190	115.161951	-82.135700
	0.042928	-56.731685	115.161951	-82.076100
	0.042937	-57.582378	115.161951	-81.003200
	0.042947	-60.363985	115.161951	-79.870700
	0.042956	-59.005626	115.161951	-79.274600
	0.042966	-59.327478	115.161951	-79.215000
	0.042975	-59.524757	115.161951	-79.155400
	0.042985	-59.166228	115.161951	-79.215000
	0.042994	-57.696668	115.161951	-79.155400
	0.043004	-59.229118	115.161951	-79.036200
	0.043013	-59.307348	115.161951	-79.095800
	0.043023	-59.265220	115.161951	-79.095800
	0.043032	-59.754809	115.161951	-79.155400
	0.043041	-59.495160	115.161951	-79.155400
	0.043051	-59.990829	115.161951	-79.095800
	0.043060	-59.668026	115.161951	-79.095800
	0.043070	-60.442391	115.161951	-79.095800
	0.043079	-59.894076	115.161951	-79.155400
	0.043089	-59.667265	115.161951	-79.215000
	0.043098	-59.232671	115.161951	-79.215000
	0.043108	-58.739959	115.161951	-79.215000
	0.043117	-60.235613	115.161951	-79.215000
	0.043127	-58.664673	115.161951	-79.274600
	0.043136	-58.683627	115.161951	-79.334200
	0.043146	-58.451259	115.161951	-79.334200
	0.043155	-59.694629	115.161951	-79.334200
	0.043165	-58.872327	115.161951	-79.274600
	0.043174	-58.419032	115.161951	-79.274600
	0.043184	-59.285059	115.161951	-79.334200
	0.043193	-59.251892	115.161951	-79.393900
	0.043202	-59.637452	115.161951	-79.453500
	0.043212	-58.136310	115.161951	-79.453500
	0.043221	-59.004102	115.161951	-79.453500
	0.043231	-59.528491	115.161951	-79.334200
	0.043240	-62.413616	115.161951	-78.261400
	0.043250	-63.480423	115.161951	-77.367300
	0.043259	-62.739150	115.161951	-77.248100
	0.043269	-62.647764	115.161951	-77.248100
	0.043278	-63.973872	115.161951	-77.248100
	0.043288	-64.105665	115.161951	-77.248100
	0.043297	-62.795980	115.161951	-77.307700
	0.043307	-63.435866	115.161951	-77.307700
	0.043316	-62.258507	115.161951	-77.248100
	0.043326	-62.678175	115.161951	-77.307700
	0.043335	-67.187917	115.161951	-76.115600
	0.043344	-72.663225	115.161951	-74.804300
	0.043354	-73.388171	115.161951	-73.969800
	0.043363	-73.991408	115.161951	-73.612200
	0.043373	-74.037060	115.161951	-73.433400
	0.043382	-73.205326	115.161951	-73.433400
	0.043392	-73.318830	115.161951	-73.433400
	0.043401	-73.074629	115.161951	-73.433400
	0.043411	-73.607685	115.161951	-73.433400
	0.043420	-74.312065	115.161951	-73.433400
	0.043430	-73.070705	115.161951	-73.433400
	0.043439	-73.320399	115.161951	-73.433400
	0.043449	-74.179981	115.161951	-73.493000
	0.043458	-73.236349	115.161951	-73.493000
	0.043468	-73.434241	115.161951	-73.552600
	0.043477	-73.930114	115.161951	-73.552600
	0.043487	-74.311413	115.161951	-73.552600
	0.043496	-74.626565	115.161951	-73.552600
	0.043505	-74.281871	115.161951	-73.493000
	0.043515	-75.315443	115.161951	-73.254600
	0.043524	-80.347623	115.161951	-71.406800
	0.043534	-82.335858	115.161951	-70.274300
	0.043543	-82.052383	115.161951	-69.916700
	0.043553	-81.896687	115.161951	-69.737900
	0.043562	-81.112369	115.161951	-69.737900
	0.043572	-83.069157	115.161951	-69.737900
	0.043581	-81.642852	115.161951	-69.737900
	0.043591	-82.383840	115.161951	-69.797500
	0.043600	-81.727859	115.161951	-69.797500
	0.043610	-82.333850	115.161951	-69.737900
	0.043619	-82.269902	115.161951	-69.737900
	0.043629	-82.078666	115.161951	-69.737900
	0.043638	-82.963932	115.161951	-69.916700
	0.043647	-85.070297	115.161951	-69.141900
	0.043657	-86.340493	115.161951	-68.188200
	0.043666	-85.825876	115.161951	-67.830600
	0.043676	-86.666477	115.161951	-67.770900
	0.043685	-86.545646	115.161951	-67.770900
	0.043695	-86.754841	115.161951	-67.770900
	0.043704	-86.517671	115.161951	-67.711300
	0.043714	-86.885151	115.161951	-67.711300
	0.043723	-87.646683	115.161951	-67.770900
	0.043733	-87.151275	115.161951	-67.770900
	0.043742	-86.629864	115.161951	-67.770900
	0.043752	-86.481781	115.161951	-67.711300
	0.043761	-86.198344	115.161951	-67.711300
	0.043771	-86.654359	115.161951	-67.651700
	0.043780	-87.924833	115.161951	-67.711300
	0.043790	-86.180514	115.161951	-67.830600
	0.043799	-86.417416	115.161951	-67.711300
	0.043808	-88.242562	115.161951	-67.413300
	0.043818	-88.393637	115.161951	-67.294100
	0.043827	-87.237978	115.161951	-67.234500
	0.043837	-88.059475	115.161951	-67.294100
	0.043846	-87.936853	115.161951	-67.353700
	0.043856	-88.205261	115.161951	-67.234500
	0.043865	-87.841582	115.161951	-67.115300
	0.043875	-88.149342	115.161951	-67.115300
	0.043884	-88.410839	115.161951	-66.996100
	0.043894	-87.631713	115.161951	-66.936500
	0.043903	-87.338461	115.161951	-66.936500
	0.043913	-87.602255	115.161951	-67.055700
	0.043922	-87.997214	115.161951	-66.936500
	0.043932	-88.713815	115.161951	-66.876900
	0.043941	-89.054923	115.161951	-66.698100
	0.043950	-88.358489	115.161951	-66.698100
	0.043960	-89.127107	115.161951	-66.698100
	0.043969	-88.602368	115.161951	-66.638500
	0.043979	-88.725986	115.161951	-66.638500
	0.043988	-88.287452	115.161951	-66.698100
	0.043998	-89.045739	115.161951	-66.698100
	0.044007	-87.497116	115.161951	-66.757700
	0.044017	-89.406938	115.161951	-66.817300
	0.044026	-88.444655	115.161951	-66.876900
	0.044036	-88.904414	115.161951	-66.817300
	0.044045	-89.655090	115.161951	-66.817300
	0.044055	-89.783610	115.161951	-66.817300
	0.044064	-88.931595	115.161951	-66.757700
	0.044074	-88.260062	115.161951	-66.757700
	0.044083	-89.165317	115.161951	-66.757700
	0.044093	-90.265473	115.161951	-66.638500
	0.044102	-89.689609	115.161951	-66.578900
	0.044111	-90.644299	115.161951	-66.578900
	0.044121	-90.859069	115.161951	-66.578900
	0.044130	-91.498850	115.161951	-66.578900
	0.044140	-91.376695	115.161951	-66.578900
	0.044149	-90.793360	115.161951	-66.638500
	0.044159	-89.564881	115.161951	-66.638500
	0.044168	-91.652317	115.161951	-66.698100
	0.044178	-91.438354	115.161951	-66.698100
	0.044187	-91.709681	115.161951	-66.698100
	0.044197	-91.715978	115.161951	-66.698100
	0.044206	-91.874616	115.161951	-66.698100
	0.044216	-91.585303	115.161951	-66.578900
	0.044225	-91.103510	115.161951	-66.578900
	0.044235	-90.890402	115.161951	-66.578900
	0.044244	-90.781252	115.161951	-66.578900
	0.044253	-90.781556	115.161951	-66.578900
	0.044263	-91.334826	115.161951	-66.578900
	0.044272	-90.280730	115.161951	-66.578900
	0.044282	-90.847994	115.161951	-66.638500
	0.044291	-91.737623	115.161951	-66.519200
	0.044301	-92.544087	115.161951	-66.221200
	0.044310	-92.709605	115.161951	-66.102000
	0.044320	-91.928657	115.161951	-66.102000
	0.044329	-92.262527	115.161951	-66.102000
	0.044339	-92.219311	115.161951	-66.221200
	0.044348	-92.035370	115.161951	-65.982800
	0.044358	-96.249081	115.161951	-64.850300
	0.044367	-95.614266	115.161951	-64.433100
	0.044377	-96.173052	115.161951	-64.373500
	0.044386	-96.375887	115.161951	-64.373500
	0.044396	-95.243573	115.161951	-64.373500
	0.044405	-96.041206	115.161951	-64.313900
	0.044414	-94.886386	115.161951	-64.313900
	0.044424	-95.735093	115.161951	-64.313900
	0.044433	-95.891351	115.161951	-64.313900
	0.044443	-96.962957	115.161951	-64.313900
	0.044452	-97.056191	115.161951	-64.313900
	0.044462	-97.817714	115.161951	-64.373500
	0.044471	-96.775879	115.161951	-64.373500
	0.044481	-97.941256	115.161951	-64.313900
	0.044490	-96.923049	115.161951	-64.313900
	0.044500	-98.215810	115.161951	-64.135100
	0.044509	-97.552045	115.161951	-64.135100
	0.044519	-97.785238	115.161951	-64.075500
	0.044528	-97.864367	115.161951	-64.075500
	0.044538	-96.935793	115.161951	-64.075500
	0.044547	-96.290668	115.161951	-64.075500
	0.044556	-99.015063	115.161951	-63.598600
	0.044566	-100.344386	115.161951	-63.181400
	0.044575	-100.570409	115.161951	-63.121800
	0.044585	-99.549693	115.161951	-63.121800
	0.044594	-100.153317	115.161951	-63.121800
	0.044604	-100.899809	115.161951	-63.121800
	0.044613	-100.026006	115.161951	-63.062200
	0.044623	-100.155970	115.161951	-63.121800
	0.044632	-99.820072	115.161951	-63.062200
	0.044642	-100.245796	115.161951	-63.062200
	0.044651	-99.358469	115.161951	-63.062200
	0.044661	-99.175953	115.161951	-63.121800
	0.044670	-99.405715	115.161951	-63.062200
	0.044680	-99.506971	115.161951	-63.002600
	0.044689	-100.054733	115.161951	-63.121800
	0.044699	-99.122795	115.161951	-63.062200
	0.044708	-99.683452	115.161951	-63.002600
	0.044717	-100.086049	115.161951	-63.002600
	0.044727	-100.302082	115.161951	-63.002600
	0.044736	-100.063919	115.161951	-62.943000
	0.044746	-100.749826	115.161951	-63.002600
	0.044755	-100.926240	115.161951	-62.943000
	0.044765	-103.738375	115.161951	-62.108500
	0.044774	-103.670103	115.161951	-61.750900
	0.044784	-103.995413	115.161951	-61.631700
	0.044793	-104.189163	115.161951	-61.631700
	0.044803	-104.116591	115.161951	-61.631700
	0.044812	-103.491162	115.161951	-61.572100
	0.044822	-104.125743	115.161951	-61.572100
	0.044831	-105.553838	115.161951	-61.572100
	0.044841	-105.241905	115.161951	-61.572100
	0.044850	-105.193627	115.161951	-61.572100
	0.044859	-104.155483	115.161951	-61.572100
	0.044869	-105.386758	115.161951	-61.572100
	0.044878	-104.545431	115.161951	-61.572100
	0.044888	-104.718901	115.161951	-61.572100
	0.044897	-104.141753	115.161951	-61.631700
	0.044907	-104.316820	115.161951	-61.572100
	0.044916	-105.220531	115.161951	-61.572100
	0.044926	-104.343597	115.161951	-61.572100
	0.044935	-104.250729	115.161951	-61.631700
	0.044945	-104.347868	115.161951	-61.691300
	0.044954	-104.151447	115.161951	-61.631700
	0.044964	-104.387400	115.161951	-61.631700
	0.044973	-103.657182	115.161951	-61.572100
	0.044983	-103.778737	115.161951	-61.631700
	0.044992	-104.606689	115.161951	-61.631700
	0.045002	-104.334255	115.161951	-61.691300
	0.045011	-104.497238	115.161951	-61.631700
	0.045020	-104.580186	115.161951	-61.631700
	0.045030	-104.536692	115.161951	-61.572100
	0.045039	-103.709503	115.161951	-61.631700
	0.045049	-104.083794	115.161951	-61.631700
	0.045058	-103.973031	115.161951	-61.631700
	0.045068	-104.421154	115.161951	-61.691300
	0.045077	-103.731886	115.161951	-61.572100
	0.045087	-104.235600	115.161951	-61.393200
	0.045096	-105.375509	115.161951	-61.274000
	0.045106	-104.545276	115.161951	-61.274000
	0.045115	-106.975603	115.161951	-61.333600
	0.045125	-104.972652	115.161951	-61.333600
	0.045134	-105.790444	115.161951	-61.393200
	0.045144	-105.837600	115.161951	-61.393200
	0.045153	-107.052652	115.161951	-60.975800
	0.045162	-108.518743	115.161951	-60.558600
	0.045172	-108.349759	115.161951	-60.379700
	0.045181	-108.731428	115.161951	-60.200900
	0.045191	-109.313119	115.161951	-60.081700
	0.045200	-110.045216	115.161951	-59.843300
	0.045210	-110.562970	115.161951	-59.664500
	0.045219	-111.714197	115.161951	-59.664500
	0.045229	-112.354616	115.161951	-59.604900
	0.045238	-113.455364	115.161951	-59.366500
	0.045248	-114.115638	115.161951	-59.187600
	0.045257	-113.146801	115.161951	-58.710800
	0.045267	-113.639283	115.161951	-57.935900
	0.045276	-114.083389	115.161951	-57.757100
	0.045286	-114.729709	115.161951	-57.697500
	0.045295	-114.409453	115.161951	-57.697500
	0.045305	-115.328978	115.161951	-57.637900
	0.045314	-115.027490	115.161951	-57.637900
	0.045323	-115.334388	115.161951	-57.697500
	0.045333	-119.206078	115.161951	-56.803500
	0.045342	-122.936806	115.161951	-55.372900
	0.045352	-125.078377	115.161951	-54.478900
	0.045361	-124.717144	115.161951	-54.180900
	0.045371	-124.566579	115.161951	-54.121300
	0.045380	-124.320523	115.161951	-54.121300
	0.045390	-125.324379	115.161951	-54.180900
	0.045399	-125.006142	115.161951	-54.180900
	0.045409	-123.951798	115.161951	-54.180900
	0.045418	-124.955468	115.161951	-54.121300
	0.045428	-124.790094	115.161951	-54.180900
	0.045437	-124.866298	115.161951	-54.180900
	0.045447	-125.232235	115.161951	-54.061600
	0.045456	-124.997173	115.161951	-54.002000
	0.045465	-125.517112	115.161951	-53.942400
	0.045475	-124.533379	115.161951	-54.002000
	0.045484	-124.127398	115.161951	-54.002000
	0.045494	-124.537832	115.161951	-54.002000
	0.045503	-124.944372	115.161951	-54.002000
	0.045513	-124.879308	115.161951	-54.002000
	0.045522	-124.773381	115.161951	-54.002000
	0.045532	-124.366610	115.161951	-54.002000
	0.045541	-124.488276	115.161951	-54.002000
	0.045551	-124.995814	115.161951	-53.942400
	0.045560	-130.996776	115.161951	-52.094700
	0.045570	-131.226782	115.161951	-51.737100
	0.045579	-132.239464	115.161951	-51.677500
	0.045589	-130.821138	115.161951	-51.737100
	0.045598	-130.767372	115.161951	-51.737100
	0.045608	-131.196189	115.161951	-51.677500
	0.045617	-131.273425	115.161951	-51.677500
	0.045626	-131.821614	115.161951	-51.677500
	0.045636	-131.278720	115.161951	-51.737100
	0.045645	-132.079422	115.161951	-51.737100
	0.045655	-131.417256	115.161951	-51.737100
	0.045664	-130.268077	115.161951	-51.677500
	0.045674	-130.692792	115.161951	-51.677500
	0.045683	-131.547473	115.161951	-51.737100
	0.045693	-131.714645	115.161951	-51.737100
	0.045702	-131.237834	115.161951	-51.677500
	0.045712	-131.410622	115.161951	-51.617900
	0.045721	-131.187269	115.161951	-51.617900
	0.045731	-131.283077	115.161951	-51.498600
	0.045740	-131.206011	115.161951	-51.498600
	0.045750	-130.666700	115.161951	-51.498600
	0.045759	-130.173150	115.161951	-51.498600
	0.045768	-130.832358	115.161951	-51.498600
	0.045778	-131.130954	115.161951	-51.558300
	0.045787	-130.497161	115.161951	-51.617900
	0.045797	-131.993550	115.161951	-51.617900
	0.045806	-130.684872	115.161951	-51.498600
	0.045816	-130.596514	115.161951	-51.498600
	0.045825	-131.016365	115.161951	-51.498600
	0.045835	-130.755900	115.161951	-51.498600
	0.045844	-131.382700	115.161951	-51.498600
	0.045854	-130.693441	115.161951	-51.558300
	0.045863	-129.791916	115.161951	-51.558300
	0.045873	-130.097134	115.161951	-51.439000
	0.045882	-129.493854	115.161951	-51.439000
	0.045892	-129.484281	115.161951	-51.439000
	0.045901	-129.669017	115.161951	-51.379400
	0.045910	-131.373585	115.161951	-51.379400
	0.045920	-131.413719	115.161951	-51.319800
	0.045929	-131.360452	115.161951	-51.141000
	0.045939	-130.536525	115.161951	-51.081400
	0.045948	-131.310026	115.161951	-51.021800
	0.045958	-135.384660	115.161951	-50.545000
	0.045967	-143.917592	115.161951	-48.518400
	0.045977	-145.258328	115.161951	-47.564700
	0.045986	-144.739207	115.161951	-47.385900
	0.045996	-144.010858	115.161951	-47.326300
	0.046005	-144.618670	115.161951	-47.326300
	0.046015	-144.771660	115.161951	-47.385900
	0.046024	-145.394767	115.161951	-47.326300
	0.046034	-144.824858	115.161951	-47.385900
	0.046043	-144.193185	115.161951	-47.385900
	0.046053	-144.673509	115.161951	-47.385900
	0.046062	-145.250152	115.161951	-47.445500
	0.046071	-145.560118	115.161951	-47.445500
	0.046081	-145.811600	115.161951	-47.385900
	0.046090	-145.547726	115.161951	-47.385900
	0.046100	-145.244046	115.161951	-47.326300
	0.046109	-147.074800	115.161951	-47.028300
	0.046119	-146.714664	115.161951	-46.968700
	0.046128	-146.337200	115.161951	-46.968700
	0.046138	-145.695021	115.161951	-46.730300
	0.046147	-153.502656	115.161951	-45.478600
	0.046157	-153.854687	115.161951	-45.120900
	0.046166	-152.732567	115.161951	-45.001700
	0.046176	-152.582663	115.161951	-45.001700
	0.046185	-152.669891	115.161951	-45.001700
	0.046195	-153.334664	115.161951	-45.001700
	0.046204	-152.905925	115.161951	-45.001700
	0.046213	-152.776659	115.161951	-45.061300
	0.046223	-153.733853	115.161951	-45.001700
	0.046232	-155.052164	115.161951	-44.286500
	0.046242	-154.151884	115.161951	-43.452000
	0.046251	-154.910335	115.161951	-43.154000
	0.046261	-154.627663	115.161951	-43.034800
	0.046270	-155.918823	115.161951	-43.034800
	0.046280	-155.605349	115.161951	-43.034800
	0.046289	-155.306657	115.161951	-43.034800
	0.046299	-155.506346	115.161951	-43.034800
	0.046308	-155.649373	115.161951	-42.975200
	0.046318	-155.432119	115.161951	-42.975200
	0.046327	-155.357774	115.161951	-42.975200
	0.046337	-155.527792	115.161951	-42.975200
	0.046346	-155.910132	115.161951	-42.915600
	0.046356	-155.285455	115.161951	-42.975200
	0.046365	-155.628338	115.161951	-43.034800
	0.046374	-155.864892	115.161951	-43.034800
	0.046384	-154.418162	115.161951	-43.034800
	0.046393	-156.436701	115.161951	-43.034800
	0.046403	-155.319583	115.161951	-43.034800
	0.046412	-154.785131	115.161951	-43.154000
	0.046422	-155.116075	115.161951	-43.154000
	0.046431	-154.940066	115.161951	-43.154000
	0.046441	-154.461819	115.161951	-43.154000
	0.046450	-154.256151	115.161951	-43.154000
	0.046460	-155.135395	115.161951	-43.154000
	0.046469	-154.770443	115.161951	-43.154000
	0.046479	-154.849793	115.161951	-43.094400
	0.046488	-155.425497	115.161951	-43.034800
	0.046498	-156.383949	115.161951	-43.094400
	0.046507	-155.706588	115.161951	-43.094400
	0.046516	-154.917371	115.161951	-43.154000
	0.046526	-155.707807	115.161951	-43.094400
	0.046535	-155.047123	115.161951	-43.034800
	0.046545	-155.588325	115.161951	-43.034800
	0.046554	-155.321190	115.161951	-42.975200
	0.046564	-155.425743	115.161951	-42.975200
	0.046573	-155.380443	115.161951	-42.975200
	0.046583	-155.939125	115.161951	-42.975200
	0.046592	-156.327218	115.161951	-42.975200
	0.046602	-156.553773	115.161951	-42.975200
	0.046611	-157.216332	115.161951	-42.975200
	0.046621	-155.509462	115.161951	-43.034800
	0.046630	-156.804555	115.161951	-43.094400
	0.046640	-156.794971	115.161951	-43.154000
	0.046649	-155.550403	115.161951	-43.034800
	0.046659	-156.062113	115.161951	-42.975200
	0.046668	-156.066618	115.161951	-42.975200
	0.046677	-155.139382	115.161951	-43.034800
	0.046687	-156.344050	115.161951	-42.975200
	0.046696	-155.010505	115.161951	-42.975200
	0.046706	-154.915661	115.161951	-42.975200
	0.046715	-155.429675	115.161951	-42.975200
	0.046725	-154.919673	115.161951	-43.034800
	0.046734	-155.331998	115.161951	-43.034800
	0.046744	-155.416880	115.161951	-43.034800
	0.046753	-155.448973	115.161951	-42.975200
	0.046763	-155.308893	115.161951	-43.034800
	0.046772	-156.101341	115.161951	-43.094400
	0.046782	-155.150554	115.161951	-43.094400
	0.046791	-155.374006	115.161951	-43.094400
	0.046801	-155.790007	115.161951	-43.094400
	0.046810	-156.089026	115.161951	-43.154000
	0.046819	-155.774031	115.161951	-43.154000
	0.046829	-156.519847	115.161951	-43.154000
	0.046838	-155.848016	115.161951	-43.154000
	0.046848	-155.658858	115.161951	-43.213600
	0.046857	-155.782300	115.161951	-43.154000
	0.046867	-156.418018	115.161951	-43.154000
	0.046876	-156.408583	115.161951	-43.094400
	0.046886	-156.341752	115.161951	-43.094400
	0.046895	-156.437017	115.161951	-43.094400
	0.046905	-155.825370	115.161951	-43.154000
	0.046914	-155.546578	115.161951	-43.154000
	0.046924	-156.550996	115.161951	-43.154000
	0.046933	-154.677164	115.161951	-43.154000
	0.046943	-155.252005	115.161951	-43.213600
	0.046952	-156.403677	115.161951	-43.154000
	0.046962	-155.706385	115.161951	-43.094400
	0.046971	-156.399128	115.161951	-43.094400
	0.046980	-155.539771	115.161951	-43.034800
	0.046990	-156.560210	115.161951	-42.975200
	0.046999	-156.932330	115.161951	-42.915600
	0.047009	-156.165810	115.161951	-42.975200
	0.047018	-157.021293	115.161951	-42.975200
	0.047028	-156.811649	115.161951	-42.975200
	0.047037	-157.512591	115.161951	-42.975200
	0.047047	-158.448384	115.161951	-42.915600
	0.047056	-157.570814	115.161951	-42.856000
	0.047066	-157.226986	115.161951	-42.856000
	0.047075	-157.311335	115.161951	-42.856000
	0.047085	-158.237742	115.161951	-42.856000
	0.047094	-160.676276	115.161951	-42.379100
	0.047104	-160.667632	115.161951	-42.140700
	0.047113	-160.157776	115.161951	-42.081100
	0.047122	-160.854614	115.161951	-42.021500
	0.047132	-160.466847	115.161951	-42.021500
	0.047141	-161.536236	115.161951	-42.021500
	0.047151	-161.239492	115.161951	-41.902300
	0.047160	-162.527094	115.161951	-41.723500
	0.047170	-162.704860	115.161951	-41.604300
	0.047179	-161.459925	115.161951	-41.604300
	0.047189	-161.884887	115.161951	-41.604300
	0.047198	-161.729535	115.161951	-41.544700
	0.047208	-161.574654	115.161951	-41.544700
	0.047217	-162.345926	115.161951	-41.604300
	0.047227	-162.203208	115.161951	-41.544700
	0.047236	-162.504949	115.161951	-41.604300
	0.047246	-161.209226	115.161951	-41.544700
	0.047255	-161.916224	115.161951	-41.604300
	0.047265	-162.774178	115.161951	-41.604300
	0.047274	-162.098572	115.161951	-41.604300
	0.047283	-162.260935	115.161951	-41.544700
	0.047293	-162.585817	115.161951	-41.544700
	0.047302	-162.290094	115.161951	-41.544700
	0.047312	-162.677636	115.161951	-41.544700
	0.047321	-163.217081	115.161951	-41.485100
	0.047331	-162.769599	115.161951	-41.485100
	0.047340	-162.403836	115.161951	-42.140700
	0.047350	-161.587756	115.161951	-42.975200
	0.047359	-163.108364	115.161951	-43.273200
	0.047369	-163.110402	115.161951	-43.332800
	0.047378	-162.562916	115.161951	-43.332800
	0.047388	-163.006035	115.161951	-43.392400
	0.047397	-163.064871	115.161951	-43.332800
	0.047407	-162.743359	115.161951	-43.332800
	0.047416	-162.960636	115.161951	-43.332800
	0.047425	-163.589639	115.161951	-43.332800
	0.047435	-163.783566	115.161951	-43.332800
	0.047444	-162.983783	115.161951	-43.273200
	0.047454	-163.830257	115.161951	-43.332800
	0.047463	-163.287999	115.161951	-43.392400
	0.047473	-163.012058	115.161951	-43.392400
	0.047482	-163.517415	115.161951	-43.332800
	0.047492	-163.106467	115.161951	-43.332800
	0.047501	-163.379716	115.161951	-43.332800
	0.047511	-162.966686	115.161951	-43.332800
	0.047520	-163.527282	115.161951	-43.332800
	0.047530	-163.299986	115.161951	-43.332800
	0.047539	-163.653314	115.161951	-43.273200
	0.047549	-163.352413	115.161951	-43.213600
	0.047558	-163.992859	115.161951	-43.273200
	0.047568	-164.284231	115.161951	-43.273200
	0.047577	-164.158886	115.161951	-43.273200
	0.047586	-163.857131	115.161951	-43.273200
	0.047596	-164.298603	115.161951	-43.273200
	0.047605	-163.027325	115.161951	-43.273200
	0.047615	-161.765231	115.161951	-43.273200
	0.047624	-163.050026	115.161951	-43.213600
	0.047634	-163.476098	115.161951	-43.213600
	0.047643	-163.483868	115.161951	-43.273200
	0.047653	-163.510081	115.161951	-43.273200
	0.047662	-163.638936	115.161951	-43.273200
	0.047672	-163.207686	115.161951	-43.273200
	0.047681	-162.846025	115.161951	-43.213600
	0.047691	-163.689931	115.161951	-43.154000
	0.047700	-163.313937	115.161951	-43.154000
	0.047710	-164.237585	115.161951	-43.213600
	0.047719	-164.851401	115.161951	-43.273200
	0.047728	-163.920872	115.161951	-43.273200
	0.047738	-166.152257	115.161951	-43.094400
	0.047747	-166.606383	115.161951	-42.736800
	0.047757	-166.157515	115.161951	-42.617600
	0.047766	-167.303767	115.161951	-42.498300
	0.047776	-167.964565	115.161951	-42.259900
	0.047785	-171.160940	115.161951	-41.306300
	0.047795	-170.713863	115.161951	-40.769800
	0.047804	-171.955416	115.161951	-40.650600
	0.047814	-170.903688	115.161951	-40.650600
	0.047823	-171.236598	115.161951	-40.591000
	0.047833	-171.332077	115.161951	-40.650600
	0.047842	-171.257132	115.161951	-40.650600
	0.047852	-170.398848	115.161951	-40.650600
	0.047861	-172.048169	115.161951	-40.650600
	0.047871	-171.581868	115.161951	-40.710200
	0.047880	-170.878218	115.161951	-40.769800
	0.047889	-170.846318	115.161951	-40.591000
	0.047899	-171.496033	115.161951	-40.471800
	0.047908	-171.172746	115.161951	-40.471800
	0.047918	-171.544226	115.161951	-40.471800
	0.047927	-170.778750	115.161951	-40.471800
	0.047937	-169.909385	115.161951	-40.471800
	0.047946	-171.481709	115.161951	-40.531400
	0.047956	-171.318691	115.161951	-40.471800
	0.047965	-171.239049	115.161951	-40.471800
	0.047975	-170.736292	115.161951	-40.412200
	0.047984	-169.791857	115.161951	-40.471800
	0.047994	-170.212354	115.161951	-40.471800
	0.048003	-170.273209	115.161951	-40.471800
	0.048013	-170.116171	115.161951	-40.471800
	0.048022	-170.818663	115.161951	-40.471800
	0.048031	-172.699377	115.161951	-39.935300
	0.048041	-173.951090	115.161951	-39.518100
	0.048050	-172.721738	115.161951	-39.398900
	0.048060	-173.653956	115.161951	-39.339300
	0.048069	-174.050432	115.161951	-39.339300
	0.048079	-173.281609	115.161951	-39.220100
	0.048088	-173.474844	115.161951	-39.160500
	0.048098	-173.204348	115.161951	-39.220100
	0.048107	-174.565261	115.161951	-39.220100
	0.048117	-173.195285	115.161951	-39.220100
	0.048126	-172.695961	115.161951	-39.279700
	0.048136	-173.054068	115.161951	-39.220100
	0.048145	-173.239571	115.161951	-39.220100
	0.048155	-173.445754	115.161951	-39.220100
	0.048164	-173.600931	115.161951	-39.220100
	0.048174	-175.358904	115.161951	-39.279700
	0.048183	-174.177994	115.161951	-39.279700
	0.048192	-173.887681	115.161951	-39.339300
	0.048202	-174.493051	115.161951	-39.279700
	0.048211	-174.514373	115.161951	-39.220100
	0.048221	-174.578324	115.161951	-39.220100
	0.048230	-174.569812	115.161951	-39.279700
	0.048240	-173.861192	115.161951	-39.279700
	0.048249	-173.607796	115.161951	-39.279700
	0.048259	-173.653846	115.161951	-39.279700
	0.048268	-172.831353	115.161951	-39.339300
	0.048278	-173.907644	115.161951	-39.279700
	0.048287	-174.419379	115.161951	-39.279700
	0.048297	-174.551393	115.161951	-39.339300
	0.048306	-174.550959	115.161951	-39.339300
	0.048316	-174.704713	115.161951	-39.339300
	0.048325	-174.610294	115.161951	-39.339300
	0.048334	-175.066458	115.161951	-39.339300
	0.048344	-174.219639	115.161951	-39.339300
	0.048353	-174.633660	115.161951	-39.339300
	0.048363	-174.640045	115.161951	-39.339300
	0.048372	-174.042007	115.161951	-39.339300
	0.048382	-174.251349	115.161951	-39.398900
	0.048391	-175.587224	115.161951	-39.398900
	0.048401	-174.204853	115.161951	-39.398900
	0.048410	-174.895717	115.161951	-39.339300
	0.048420	-175.259747	115.161951	-39.279700
	0.048429	-175.304120	115.161951	-39.279700
	0.048439	-175.478728	115.161951	-39.279700
	0.048448	-174.669715	115.161951	-39.279700
	0.048458	-173.529430	115.161951	-39.279700
	0.048467	-175.151826	115.161951	-39.279700
	0.048477	-174.558439	115.161951	-39.279700
	0.048486	-174.453124	115.161951	-39.339300
	0.048495	-175.386035	115.161951	-39.279700
	0.048505	-174.819648	115.161951	-39.220100
	0.048514	-175.482984	115.161951	-39.160500
	0.048524	-176.133174	115.161951	-39.100900
	0.048533	-175.012053	115.161951	-39.100900
	0.048543	-175.220972	115.161951	-39.100900
	0.048552	-175.395286	115.161951	-39.100900
	0.048562	-176.694221	115.161951	-39.100900
	0.048571	-175.725144	115.161951	-39.041300
	0.048581	-174.621574	115.161951	-39.041300
	0.048590	-176.954067	115.161951	-38.922100
	0.048600	-176.370739	115.161951	-38.802900
	0.048609	-176.156230	115.161951	-38.802900
	0.048619	-176.480298	115.161951	-38.802900
	0.048628	-176.050907	115.161951	-38.802900
	0.048637	-176.763736	115.161951	-38.743300
	0.048647	-177.026408	115.161951	-38.743300
	0.048656	-176.977206	115.161951	-38.743300
	0.048666	-176.661605	115.161951	-38.743300
	0.048675	-177.463802	115.161951	-38.802900
	0.048685	-175.996735	115.161951	-38.802900
	0.048694	-177.466721	115.161951	-38.802900
	0.048704	-176.601990	115.161951	-38.802900
	0.048713	-177.348063	115.161951	-38.802900
	0.048723	-176.700064	115.161951	-38.743300
	0.048732	-177.712018	115.161951	-38.743300
	0.048742	-177.793902	115.161951	-38.743300
	0.048751	-177.189018	115.161951	-38.743300
	0.048761	-175.793200	115.161951	-38.743300
	0.048770	-176.545667	115.161951	-38.802900
	0.048780	-177.250685	115.161951	-38.802900
	0.048789	-177.626015	115.161951	-38.743300
	0.048798	-177.483375	115.161951	-38.743300
	0.048808	-176.765828	115.161951	-38.743300
	0.048817	-176.509392	115.161951	-38.743300
	0.048827	-176.570320	115.161951	-38.743300
	0.048836	-175.748184	115.161951	-38.683600
	0.048846	-176.557226	115.161951	-38.683600
	0.048855	-176.286603	115.161951	-38.683600
	0.048865	-175.581872	115.161951	-38.683600
	0.048874	-176.343776	115.161951	-38.683600
	0.048884	-177.389262	115.161951	-38.504800
	0.048893	-175.912202	115.161951	-38.385600
	0.048903	-176.760385	115.161951	-38.326000
	0.048912	-176.864139	115.161951	-38.326000
	0.048922	-177.288770	115.161951	-38.385600
	0.048931	-176.997719	115.161951	-38.385600
	0.048940	-176.625749	115.161951	-38.326000
	0.048950	-176.344139	115.161951	-38.266400
	0.048959	-177.315979	115.161951	-38.326000
	0.048969	-176.948811	115.161951	-38.385600
	0.048978	-177.391060	115.161951	-38.326000
	0.048988	-177.045356	115.161951	-38.326000
	0.048997	-178.063371	115.161951	-38.326000
	0.049007	-176.417907	115.161951	-38.326000
	0.049016	-177.856668	115.161951	-38.326000
	0.049026	-177.121214	115.161951	-38.385600
	0.049035	-176.848228	115.161951	-38.266400
	0.049045	-176.660240	115.161951	-38.266400
	0.049054	-177.661967	115.161951	-38.266400
	0.049064	-176.924154	115.161951	-38.266400
	0.049073	-176.627713	115.161951	-38.206800
	0.049083	-177.190006	115.161951	-38.206800
	0.049092	-176.597029	115.161951	-38.206800
	0.049101	-177.291769	115.161951	-38.206800
	0.049111	-177.013368	115.161951	-38.206800
	0.049120	-175.989647	115.161951	-38.206800
	0.049130	-176.174688	115.161951	-38.147200
	0.049139	-177.730234	115.161951	-38.206800
	0.049149	-177.948551	115.161951	-38.206800
	0.049158	-177.077274	115.161951	-38.206800
	0.049168	-177.146248	115.161951	-38.266400
	0.049177	-177.342000	115.161951	-38.266400
	0.049187	-176.737255	115.161951	-38.266400
	0.049196	-176.872472	115.161951	-38.266400
	0.049206	-177.016635	115.161951	-38.206800
	0.049215	-177.545313	115.161951	-38.206800
	0.049225	-177.141273	115.161951	-38.266400
	0.049234	-176.725097	115.161951	-38.206800
	0.049243	-177.185559	115.161951	-38.206800
	0.049253	-176.787433	115.161951	-38.206800
	0.049262	-176.996749	115.161951	-38.206800
	0.049272	-175.737617	115.161951	-38.147200
	0.049281	-176.509612	115.161951	-38.147200
	0.049291	-175.200253	115.161951	-38.147200
	0.049300	-175.410802	115.161951	-38.147200
	0.049310	-176.019166	115.161951	-38.147200
	0.049319	-176.892105	115.161951	-38.147200
	0.049329	-176.191893	115.161951	-38.147200
	0.049338	-177.183462	115.161951	-38.147200
	0.049348	-177.562690	115.161951	-38.147200
	0.049357	-176.015320	115.161951	-38.147200
	0.049367	-177.282731	115.161951	-38.206800
	0.049376	-177.638777	115.161951	-38.206800
	0.049386	-178.300843	115.161951	-38.206800
	0.049395	-176.412277	115.161951	-38.206800
	0.049404	-176.294133	115.161951	-38.206800
	0.049414	-177.713197	115.161951	-38.087600
	0.049423	-177.117726	115.161951	-38.028000
	0.049433	-177.427847	115.161951	-38.087600
	0.049442	-176.312017	115.161951	-38.028000
	0.049452	-177.677471	115.161951	-38.028000
	0.049461	-177.360181	115.161951	-38.028000
	0.049471	-176.997269	115.161951	-38.028000
	0.049480	-178.793830	115.161951	-38.028000
	0.049490	-177.047170	115.161951	-37.968400
	0.049499	-178.647109	115.161951	-37.968400
	0.049509	-177.683866	115.161951	-37.968400
	0.049518	-177.022424	115.161951	-37.968400
	0.049528	-177.159160	115.161951	-38.028000
	0.049537	-177.945797	115.161951	-38.028000
	0.049546	-178.722857	115.161951	-38.028000
	0.049556	-178.951274	115.161951	-37.968400
	0.049565	-178.215218	115.161951	-38.028000
	0.049575	-177.103474	115.161951	-37.968400
	0.049584	-178.898977	115.161951	-37.968400
	0.049594	-177.608120	115.161951	-37.968400
	0.049603	-178.321755	115.161951	-38.028000
	0.049613	-177.470747	115.161951	-38.028000
	0.049622	-175.996435	115.161951	-38.028000
	0.049632	-178.221188	115.161951	-38.028000
	0.049641	-177.784036	115.161951	-38.028000
	0.049651	-177.091380	115.161951	-37.968400
	0.049660	-177.802044	115.161951	-37.908800
	0.049670	-177.706712	115.161951	-37.789600
	0.049679	-178.172822	115.161951	-37.789600
	0.049689	-178.389270	115.161951	-37.789600
	0.049698	-176.650820	115.161951	-37.789600
	0.049707	-177.269904	115.161951	-37.789600
	0.049717	-177.790472	115.161951	-37.789600
	0.049726	-177.672671	115.161951	-37.789600
	0.049736	-178.391686	115.161951	-37.789600
	0.049745	-177.742436	115.161951	-37.789600
	0.049755	-178.399186	115.161951	-37.849200
	0.049764	-177.553216	115.161951	-37.849200
	0.049774	-178.163395	115.161951	-37.789600
	0.049783	-179.547812	115.161951	-37.074300
	0.049793	-180.740978	115.161951	-36.478300
	0.049802	-181.264415	115.161951	-36.418700
	0.049812	-181.493963	115.161951	-36.418700
	0.049821	-181.524300	115.161951	-36.359100
	0.049831	-181.885162	115.161951	-36.299500
	0.049840	-180.855656	115.161951	-36.239900
	0.049849	-181.488020	115.161951	-36.239900
	0.049859	-182.224058	115.161951	-36.239900
	0.049868	-181.328276	115.161951	-36.180300
	0.049878	-181.937281	115.161951	-36.180300
	0.049887	-181.695478	115.161951	-36.180300
	0.049897	-181.896614	115.161951	-36.239900
	0.049906	-181.229722	115.161951	-36.180300
	0.049916	-182.040475	115.161951	-36.180300
	0.049925	-183.010184	115.161951	-36.120600
	0.049935	-181.578802	115.161951	-36.061000
	0.049944	-180.916384	115.161951	-36.061000
	0.049954	-181.230428	115.161951	-36.001400
	0.049963	-180.895831	115.161951	-35.941800
	0.049973	-180.970807	115.161951	-35.882200
	0.049982	-180.707781	115.161951	-35.882200
	0.049991	-181.468182	115.161951	-35.882200
	0.050001	-181.055140	115.161951	-35.882200
	0.050010	-180.963874	115.161951	-35.882200
	0.050020	-179.647249	115.161951	-35.882200
	0.050029	-180.330387	115.161951	-35.882200
	0.050039	-181.192456	115.161951	-35.822600
	0.050048	-180.135369	115.161951	-35.882200
	0.050058	-180.317436	115.161951	-35.882200
	0.050067	-181.068123	115.161951	-35.882200
	0.050077	-180.923877	115.161951	-35.882200
	0.050086	-180.216282	115.161951	-35.822600
	0.050096	-181.521189	115.161951	-35.882200
	0.050105	-181.102277	115.161951	-35.941800
	0.050115	-180.671901	115.161951	-36.001400
	0.050124	-179.573772	115.161951	-36.001400
	0.050134	-180.427425	115.161951	-36.001400
	0.050143	-180.912555	115.161951	-36.001400
	0.050152	-182.525273	115.161951	-35.941800
	0.050162	-181.624307	115.161951	-35.941800
	0.050171	-180.761108	115.161951	-35.941800
	0.050181	-182.043683	115.161951	-36.001400
	0.050190	-181.064521	115.161951	-36.001400
	0.050200	-180.785290	115.161951	-36.001400
	0.050209	-181.492804	115.161951	-36.061000
	0.050219	-181.857969	115.161951	-36.061000
	0.050228	-181.855795	115.161951	-36.061000
	0.050238	-180.481364	115.161951	-36.061000
	0.050247	-182.095311	115.161951	-36.001400
	0.050257	-181.365810	115.161951	-36.120600
	0.050266	-181.271060	115.161951	-36.120600
	0.050276	-180.886397	115.161951	-36.120600
	0.050285	-181.228634	115.161951	-36.061000
	0.050294	-181.940959	115.161951	-36.001400
	0.050304	-182.025013	115.161951	-36.061000
	0.050313	-183.717970	115.161951	-36.120600
	0.050323	-181.464520	115.161951	-36.120600
	0.050332	-183.378519	115.161951	-36.061000
	0.050342	-182.336125	115.161951	-36.061000
	0.050351	-183.031147	115.161951	-36.001400
	0.050361	-183.333020	115.161951	-35.941800
	0.050370	-182.332713	115.161951	-35.941800
	0.050380	-183.517682	115.161951	-35.941800
	0.050389	-182.480760	115.161951	-35.941800
	0.050399	-182.503909	115.161951	-35.941800
	0.050408	-183.102911	115.161951	-35.941800
	0.050418	-182.999264	115.161951	-35.882200
	0.050427	-182.966964	115.161951	-35.822600
	0.050437	-182.561351	115.161951	-35.882200
	0.050446	-183.276478	115.161951	-35.882200
	0.050455	-182.125577	115.161951	-35.882200
	0.050465	-182.296597	115.161951	-35.882200
	0.050474	-181.707279	115.161951	-35.941800
	0.050484	-181.949464	115.161951	-35.941800
