	-0.071022	-0.543156	115.161951	-21.040600
	-0.068270	-0.703700	115.161951	-21.040600
	-0.065518	0.271902	115.161951	-21.159800
	-0.062767	0.072918	115.161951	-21.279000
	-0.060015	-0.180814	115.161951	-21.577000
	-0.057264	-0.894948	115.161951	-21.755800
	-0.054512	0.414596	115.161951	-21.875000
	-0.051760	-0.841043	115.161951	-22.113400
	-0.049009	-0.892859	115.161951	-22.471100
	-0.046257	-0.922302	115.161951	-22.769100
	-0.043506	-1.060184	115.161951	-23.007500
	-0.040754	-1.280154	115.161951	-23.305500
	-0.038002	-2.297602	115.161951	-23.603600
	-0.035251	-0.744066	115.161951	-23.961200
	-0.032499	-2.221479	115.161951	-24.318800
	-0.029748	-3.015423	115.161951	-24.616800
	-0.026996	-2.971423	115.161951	-25.212900
	-0.024245	-3.005111	115.161951	-25.570500
	-0.021493	-3.018737	115.161951	-25.987700
	-0.018741	-3.668565	115.161951	-26.583800
	-0.015990	-3.727956	115.161951	-27.120200
	-0.013238	-3.524407	115.161951	-27.716300
	-0.010487	-4.244460	115.161951	-28.371900
	-0.007735	-4.425543	115.161951	-28.908400
	-0.004984	-4.653077	115.161951	-29.862000
	-0.002232	-4.524410	115.161951	-30.517800
	0.000520	-5.101239	115.161951	-31.411900
	0.003271	-6.421938	115.161951	-32.484800
	0.006023	-6.974478	115.161951	-33.557600
	0.008774	-6.753985	115.161951	-34.511300
	0.011526	-6.648875	115.161951	-35.941800
	0.014278	-8.414830	115.161951	-37.133900
	0.017029	-9.725942	115.161951	-39.100900
	0.019781	-10.466710	115.161951	-41.008200
	0.022532	-11.757020	115.161951	-43.452000
	0.025284	-12.364307	115.161951	-46.372600
	0.028036	-13.693137	115.161951	-49.233700
	0.030787	-15.723154	115.161951	-52.750300
	0.033539	-17.203638	115.161951	-57.399500
	0.036290	-18.487066	115.161951	-63.121800
	0.036290	-22.390623	115.161951	-68.307400
	0.036300	-21.576313	115.161951	-70.155100
	0.036309	-22.676736	115.161951	-70.453200
	0.036319	-23.356245	115.161951	-70.572400
	0.036328	-22.154215	115.161951	-70.512800
	0.036338	-21.231767	115.161951	-70.572400
	0.036347	-21.212255	115.161951	-70.572400
	0.036357	-21.654616	115.161951	-70.572400
	0.036366	-21.448027	115.161951	-70.572400
	0.036376	-22.294111	115.161951	-70.572400
	0.036385	-22.576826	115.161951	-70.632000
	0.036394	-22.418211	115.161951	-70.572400
	0.036404	-23.027467	115.161951	-70.572400
	0.036413	-22.506706	115.161951	-70.632000
	0.036423	-21.558773	115.161951	-70.691600
	0.036432	-22.801956	115.161951	-70.691600
	0.036442	-22.076816	115.161951	-70.691600
	0.036451	-22.552050	115.161951	-70.751200
	0.036461	-22.907857	115.161951	-70.751200
	0.036470	-22.738743	115.161951	-70.751200
	0.036480	-22.378366	115.161951	-70.810800
	0.036489	-23.360471	115.161951	-70.810800
	0.036499	-22.390623	115.161951	-70.810800
	0.036508	-22.730009	115.161951	-70.810800
	0.036518	-23.147565	115.161951	-70.870400
	0.036527	-21.634087	115.161951	-70.870400
	0.036537	-22.939248	115.161951	-70.870400
	0.036546	-22.481764	115.161951	-70.870400
	0.036555	-22.391515	115.161951	-70.870400
	0.036565	-22.581660	115.161951	-70.930000
	0.036574	-22.976916	115.161951	-70.930000
	0.036584	-22.984254	115.161951	-70.989600
	0.036593	-23.324840	115.161951	-71.049200
	0.036603	-21.635453	115.161951	-71.108800
	0.036612	-21.399579	115.161951	-71.108800
	0.036622	-21.347505	115.161951	-71.168400
	0.036631	-23.060360	115.161951	-71.287600
	0.036641	-22.165131	115.161951	-71.287600
	0.036650	-23.285795	115.161951	-71.347200
	0.036660	-21.966241	115.161951	-71.347200
	0.036669	-23.442227	115.161951	-71.347200
	0.036679	-22.285249	115.161951	-71.347200
	0.036688	-23.216572	115.161951	-71.406800
	0.036697	-23.142102	115.161951	-71.466400
	0.036707	-22.394584	115.161951	-71.585600
	0.036716	-23.041273	115.161951	-71.526000
	0.036726	-21.640636	115.161951	-71.466400
	0.036735	-21.613893	115.161951	-71.585600
	0.036745	-21.771172	115.161951	-71.645200
	0.036754	-22.277049	115.161951	-71.585600
	0.036764	-22.111755	115.161951	-71.526000
	0.036773	-21.448721	115.161951	-71.585600
	0.036783	-20.664187	115.161951	-71.585600
	0.036792	-22.263226	115.161951	-71.645200
	0.036802	-22.140444	115.161951	-71.645200
	0.036811	-21.982944	115.161951	-71.585600
	0.036821	-22.696721	115.161951	-71.526000
	0.036830	-22.217056	115.161951	-71.585600
	0.036840	-23.235528	115.161951	-71.645200
	0.036849	-21.636316	115.161951	-71.645200
	0.036858	-20.552405	115.161951	-71.704900
	0.036868	-21.589521	115.161951	-71.764500
	0.036877	-22.075492	115.161951	-71.764500
	0.036887	-21.624802	115.161951	-71.824100
	0.036896	-21.224549	115.161951	-71.883700
	0.036906	-21.618100	115.161951	-71.764500
	0.036915	-21.723425	115.161951	-71.824100
	0.036925	-22.962324	115.161951	-71.883700
	0.036934	-22.639621	115.161951	-71.883700
	0.036944	-21.791188	115.161951	-71.883700
	0.036953	-21.900027	115.161951	-71.883700
	0.036963	-22.637835	115.161951	-71.883700
	0.036972	-22.797908	115.161951	-71.943300
	0.036982	-22.838495	115.161951	-72.002900
	0.036991	-21.734504	115.161951	-72.002900
	0.037000	-21.624610	115.161951	-72.062500
	0.037010	-22.938303	115.161951	-72.062500
	0.037019	-21.198849	115.161951	-72.062500
	0.037029	-20.702500	115.161951	-72.122100
	0.037038	-22.247132	115.161951	-72.181700
	0.037048	-21.494300	115.161951	-72.181700
	0.037057	-21.610888	115.161951	-72.181700
	0.037067	-20.994198	115.161951	-72.181700
	0.037076	-21.204299	115.161951	-72.181700
	0.037086	-21.925985	115.161951	-72.181700
	0.037095	-21.536057	115.161951	-72.181700
	0.037105	-21.358803	115.161951	-72.241300
	0.037114	-21.741909	115.161951	-72.300900
	0.037124	-20.881022	115.161951	-72.241300
	0.037133	-21.809822	115.161951	-72.241300
	0.037143	-23.186485	115.161951	-72.241300
	0.037152	-22.115487	115.161951	-72.241300
	0.037161	-22.274203	115.161951	-72.241300
	0.037171	-22.681061	115.161951	-72.241300
	0.037180	-21.589025	115.161951	-72.181700
	0.037190	-22.607034	115.161951	-72.241300
	0.037199	-21.670224	115.161951	-72.241300
	0.037209	-23.147245	115.161951	-72.241300
	0.037218	-23.126930	115.161951	-72.241300
	0.037228	-22.785486	115.161951	-72.241300
	0.037237	-22.038544	115.161951	-72.181700
	0.037247	-20.856367	115.161951	-72.241300
	0.037256	-20.827855	115.161951	-72.181700
	0.037266	-22.127921	115.161951	-72.122100
	0.037275	-21.629662	115.161951	-72.062500
	0.037285	-21.921558	115.161951	-72.122100
	0.037294	-21.771089	115.161951	-72.181700
	0.037303	-20.478406	115.161951	-72.122100
	0.037313	-21.348722	115.161951	-72.122100
	0.037322	-21.451000	115.161951	-72.122100
	0.037332	-21.220194	115.161951	-72.122100
	0.037341	-21.697225	115.161951	-72.181700
	0.037351	-22.066096	115.161951	-72.122100
	0.037360	-22.594782	115.161951	-72.002900
	0.037370	-22.811260	115.161951	-72.002900
	0.037379	-22.185230	115.161951	-72.062500
	0.037389	-22.085617	115.161951	-72.002900
	0.037398	-21.135044	115.161951	-72.002900
	0.037408	-22.608446	115.161951	-72.002900
	0.037417	-21.246406	115.161951	-72.002900
	0.037427	-21.817483	115.161951	-72.062500
	0.037436	-22.010083	115.161951	-72.181700
	0.037446	-22.184292	115.161951	-72.241300
	0.037455	-22.012731	115.161951	-72.300900
	0.037464	-22.788327	115.161951	-72.300900
	0.037474	-22.060196	115.161951	-72.241300
	0.037483	-22.890350	115.161951	-72.300900
	0.037493	-23.108915	115.161951	-72.300900
	0.037502	-21.708888	115.161951	-72.360500
	0.037512	-22.833691	115.161951	-72.420100
	0.037521	-22.887368	115.161951	-72.420100
	0.037531	-23.461003	115.161951	-72.479700
	0.037540	-23.659177	115.161951	-72.539300
	0.037550	-22.358451	115.161951	-72.598900
	0.037559	-23.722567	115.161951	-72.598900
	0.037569	-23.324196	115.161951	-72.539300
	0.037578	-23.392450	115.161951	-72.539300
	0.037588	-22.362882	115.161951	-72.598900
	0.037597	-23.371978	115.161951	-72.598900
	0.037606	-22.861472	115.161951	-72.598900
	0.037616	-22.472817	115.161951	-72.718100
	0.037625	-22.310679	115.161951	-72.718100
	0.037635	-23.696537	115.161951	-72.777700
	0.037644	-23.825237	115.161951	-72.777700
	0.037654	-23.236777	115.161951	-72.837300
	0.037663	-22.325698	115.161951	-72.837300
	0.037673	-21.271200	115.161951	-72.896900
	0.037682	-21.999670	115.161951	-72.896900
	0.037692	-21.181567	115.161951	-73.016200
	0.037701	-22.574912	115.161951	-73.016200
	0.037711	-21.778150	115.161951	-73.075800
	0.037720	-22.567487	115.161951	-73.075800
	0.037730	-21.645526	115.161951	-73.135400
	0.037739	-21.639901	115.161951	-73.135400
	0.037748	-22.940487	115.161951	-73.135400
	0.037758	-21.041095	115.161951	-73.075800
	0.037767	-22.013924	115.161951	-73.135400
	0.037777	-21.838313	115.161951	-73.195000
	0.037786	-22.080242	115.161951	-73.254600
	0.037796	-20.993299	115.161951	-73.314200
	0.037805	-20.418307	115.161951	-73.373800
	0.037815	-20.565830	115.161951	-73.373800
	0.037824	-21.352808	115.161951	-73.373800
	0.037834	-21.146742	115.161951	-73.373800
	0.037843	-21.880912	115.161951	-73.433400
	0.037853	-21.005424	115.161951	-73.493000
	0.037862	-21.019425	115.161951	-73.493000
	0.037872	-21.399901	115.161951	-73.433400
	0.037881	-21.718244	115.161951	-73.493000
	0.037891	-21.554151	115.161951	-73.552600
	0.037900	-22.040233	115.161951	-73.671800
	0.037909	-21.591685	115.161951	-73.671800
	0.037919	-21.092639	115.161951	-73.671800
	0.037928	-22.113854	115.161951	-73.731400
	0.037938	-21.974975	115.161951	-73.731400
	0.037947	-21.816943	115.161951	-73.731400
	0.037957	-22.451411	115.161951	-73.731400
	0.037966	-21.748564	115.161951	-73.791000
	0.037976	-22.346718	115.161951	-73.791000
	0.037985	-22.501611	115.161951	-73.850600
	0.037995	-22.390587	115.161951	-73.850600
	0.038004	-21.330356	115.161951	-73.850600
	0.038014	-22.496801	115.161951	-73.791000
	0.038023	-23.361350	115.161951	-73.791000
	0.038033	-22.805841	115.161951	-73.850600
	0.038042	-23.017339	115.161951	-73.910200
	0.038051	-22.711372	115.161951	-73.910200
	0.038061	-22.788969	115.161951	-73.910200
	0.038070	-22.396413	115.161951	-73.910200
	0.038080	-22.014793	115.161951	-73.850600
	0.038089	-23.387900	115.161951	-73.910200
	0.038099	-22.826502	115.161951	-74.029400
	0.038108	-23.563000	115.161951	-74.029400
	0.038118	-22.969342	115.161951	-73.969800
	0.038127	-22.595466	115.161951	-73.969800
	0.038137	-22.683254	115.161951	-73.969800
	0.038146	-22.296507	115.161951	-73.910200
	0.038156	-22.556268	115.161951	-73.969800
	0.038165	-21.521611	115.161951	-73.969800
	0.038175	-22.080358	115.161951	-73.969800
	0.038184	-24.659183	115.161951	-74.029400
	0.038194	-22.812133	115.161951	-74.029400
	0.038203	-22.645771	115.161951	-74.148600
	0.038212	-22.668964	115.161951	-74.208200
	0.038222	-22.359198	115.161951	-74.148600
	0.038231	-22.891221	115.161951	-74.148600
	0.038241	-22.748576	115.161951	-74.208200
	0.038250	-22.250003	115.161951	-74.208200
	0.038260	-23.667717	115.161951	-74.208200
	0.038269	-23.860638	115.161951	-74.208200
	0.038279	-23.267851	115.161951	-74.208200
	0.038288	-23.854589	115.161951	-74.267900
	0.038298	-24.947618	115.161951	-74.327500
	0.038307	-23.373337	115.161951	-74.387100
	0.038317	-24.192028	115.161951	-74.267900
	0.038326	-23.289940	115.161951	-74.267900
	0.038336	-23.815205	115.161951	-74.387100
	0.038345	-23.336646	115.161951	-74.387100
	0.038354	-23.393715	115.161951	-74.387100
	0.038364	-22.907930	115.161951	-74.387100
	0.038373	-22.571421	115.161951	-74.446700
	0.038383	-23.507643	115.161951	-74.387100
	0.038392	-22.545497	115.161951	-74.446700
	0.038402	-23.486636	115.161951	-74.446700
	0.038411	-23.511987	115.161951	-74.446700
	0.038421	-22.965390	115.161951	-74.506300
	0.038430	-22.682634	115.161951	-74.506300
	0.038440	-23.068013	115.161951	-74.506300
	0.038449	-23.392931	115.161951	-74.506300
	0.038459	-22.993516	115.161951	-74.565900
	0.038468	-22.329097	115.161951	-74.565900
	0.038478	-23.540711	115.161951	-74.625500
	0.038487	-24.372867	115.161951	-74.685100
	0.038497	-23.383417	115.161951	-74.685100
	0.038506	-23.282746	115.161951	-74.685100
	0.038515	-22.764668	115.161951	-74.744700
	0.038525	-23.309003	115.161951	-74.744700
	0.038534	-24.059462	115.161951	-74.804300
	0.038544	-22.836526	115.161951	-74.863900
	0.038553	-22.521301	115.161951	-74.983100
	0.038563	-23.096646	115.161951	-74.983100
	0.038572	-23.628733	115.161951	-74.983100
	0.038582	-22.540310	115.161951	-74.983100
	0.038591	-22.061041	115.161951	-74.983100
	0.038601	-22.232905	115.161951	-74.983100
	0.038610	-23.075271	115.161951	-74.983100
	0.038620	-22.470560	115.161951	-75.042700
	0.038629	-23.270735	115.161951	-75.042700
	0.038639	-22.315465	115.161951	-75.102300
	0.038648	-22.666311	115.161951	-75.161900
	0.038657	-22.728724	115.161951	-75.221500
	0.038667	-22.497788	115.161951	-75.221500
	0.038676	-22.984264	115.161951	-75.281100
	0.038686	-23.700840	115.161951	-75.340700
	0.038695	-22.836648	115.161951	-75.340700
	0.038705	-22.303097	115.161951	-75.400300
	0.038714	-23.275192	115.161951	-75.400300
	0.038724	-22.962969	115.161951	-75.459900
	0.038733	-24.041418	115.161951	-75.519600
	0.038743	-23.483710	115.161951	-75.579200
	0.038752	-23.207788	115.161951	-75.579200
	0.038762	-23.207734	115.161951	-75.579200
	0.038771	-23.655856	115.161951	-75.579200
	0.038781	-22.971770	115.161951	-75.519600
	0.038790	-23.904556	115.161951	-75.519600
	0.038800	-23.387225	115.161951	-75.519600
	0.038809	-22.330234	115.161951	-75.519600
	0.038818	-22.576608	115.161951	-75.400300
	0.038828	-22.629554	115.161951	-75.400300
	0.038837	-23.542328	115.161951	-75.638800
	0.038847	-23.333487	115.161951	-75.817600
	0.038856	-23.449417	115.161951	-75.817600
	0.038866	-22.811309	115.161951	-75.758000
	0.038875	-22.800588	115.161951	-75.817600
	0.038885	-24.210482	115.161951	-75.877200
	0.038894	-25.217830	115.161951	-75.996400
	0.038904	-25.260663	115.161951	-76.056000
	0.038913	-24.069181	115.161951	-75.996400
	0.038923	-24.973924	115.161951	-75.996400
	0.038932	-24.660386	115.161951	-76.115600
	0.038942	-23.877071	115.161951	-76.175200
	0.038951	-23.675182	115.161951	-76.175200
	0.038960	-24.408025	115.161951	-76.234800
	0.038970	-24.651011	115.161951	-76.234800
	0.038979	-24.636142	115.161951	-76.294400
	0.038989	-23.635978	115.161951	-76.354000
	0.038998	-25.020321	115.161951	-76.413600
	0.039008	-24.226452	115.161951	-76.413600
	0.039017	-23.084239	115.161951	-76.473200
	0.039027	-23.451861	115.161951	-76.532800
	0.039036	-24.077918	115.161951	-76.652000
	0.039046	-23.376365	115.161951	-76.711600
	0.039055	-24.213771	115.161951	-76.652000
	0.039065	-24.585656	115.161951	-76.771200
	0.039074	-23.408077	115.161951	-76.830900
	0.039084	-23.545024	115.161951	-76.830900
	0.039093	-24.188868	115.161951	-76.830900
	0.039103	-24.465587	115.161951	-76.950100
	0.039112	-24.302952	115.161951	-76.890500
	0.039121	-22.916840	115.161951	-76.950100
	0.039131	-23.030444	115.161951	-77.009700
	0.039140	-24.243031	115.161951	-77.069300
	0.039150	-22.894441	115.161951	-77.128900
	0.039159	-23.440445	115.161951	-77.248100
	0.039169	-23.998271	115.161951	-77.307700
	0.039178	-23.632131	115.161951	-77.307700
	0.039188	-23.641750	115.161951	-77.307700
	0.039197	-22.661062	115.161951	-77.248100
	0.039207	-23.547957	115.161951	-77.248100
	0.039216	-23.252258	115.161951	-77.248100
	0.039226	-23.872186	115.161951	-77.307700
	0.039235	-23.471436	115.161951	-77.248100
	0.039245	-24.389976	115.161951	-77.307700
	0.039254	-23.200654	115.161951	-77.307700
	0.039263	-24.110156	115.161951	-77.307700
	0.039273	-25.075576	115.161951	-77.307700
	0.039282	-24.212311	115.161951	-77.367300
	0.039292	-24.175995	115.161951	-77.426900
	0.039301	-24.082555	115.161951	-77.367300
	0.039311	-24.954074	115.161951	-77.307700
	0.039320	-24.725514	115.161951	-77.307700
	0.039330	-24.467564	115.161951	-77.307700
	0.039339	-24.762650	115.161951	-77.426900
	0.039349	-23.840334	115.161951	-77.426900
	0.039358	-25.836324	115.161951	-77.426900
	0.039368	-24.482689	115.161951	-77.307700
	0.039377	-25.159867	115.161951	-77.248100
	0.039387	-25.325488	115.161951	-77.248100
	0.039396	-24.831312	115.161951	-77.307700
	0.039406	-25.060754	115.161951	-77.367300
	0.039415	-25.127443	115.161951	-77.307700
	0.039424	-24.485673	115.161951	-77.307700
	0.039434	-26.116669	115.161951	-77.367300
	0.039443	-25.746452	115.161951	-77.486500
	0.039453	-24.946511	115.161951	-77.486500
	0.039462	-25.518342	115.161951	-77.546100
	0.039472	-25.008245	115.161951	-77.546100
	0.039481	-25.234088	115.161951	-77.546100
	0.039491	-23.994147	115.161951	-77.546100
	0.039500	-25.250223	115.161951	-77.605700
	0.039510	-25.632479	115.161951	-77.605700
	0.039519	-25.317225	115.161951	-77.605700
	0.039529	-24.229955	115.161951	-77.546100
	0.039538	-25.455737	115.161951	-77.605700
	0.039548	-25.594419	115.161951	-77.605700
	0.039557	-25.008383	115.161951	-77.665300
	0.039566	-23.673856	115.161951	-77.665300
	0.039576	-25.238008	115.161951	-77.724900
	0.039585	-24.501876	115.161951	-77.844100
	0.039595	-24.472868	115.161951	-77.844100
	0.039604	-24.772115	115.161951	-77.844100
	0.039614	-25.390910	115.161951	-77.963300
	0.039623	-25.765131	115.161951	-78.022900
	0.039633	-25.821599	115.161951	-77.963300
	0.039642	-25.403852	115.161951	-78.082600
	0.039652	-25.989294	115.161951	-78.142200
	0.039661	-26.855165	115.161951	-78.201800
	0.039671	-25.376681	115.161951	-78.261400
	0.039680	-26.117550	115.161951	-78.321000
	0.039690	-26.457663	115.161951	-78.380600
	0.039699	-25.425016	115.161951	-78.440200
	0.039709	-25.643449	115.161951	-78.440200
	0.039718	-26.168329	115.161951	-78.499800
	0.039727	-25.298349	115.161951	-78.499800
	0.039737	-25.536099	115.161951	-78.619000
	0.039746	-24.851990	115.161951	-78.678600
	0.039756	-25.247947	115.161951	-78.678600
	0.039765	-25.395622	115.161951	-78.678600
	0.039775	-24.663742	115.161951	-78.738200
	0.039784	-25.544954	115.161951	-78.797800
	0.039794	-25.329563	115.161951	-78.797800
	0.039803	-26.412384	115.161951	-78.797800
	0.039813	-26.271369	115.161951	-78.797800
	0.039822	-25.514769	115.161951	-78.857400
	0.039832	-25.297572	115.161951	-78.917000
	0.039841	-25.004007	115.161951	-78.976600
	0.039851	-25.421340	115.161951	-78.917000
	0.039860	-25.309184	115.161951	-78.917000
	0.039869	-26.630341	115.161951	-78.976600
	0.039879	-24.614578	115.161951	-78.976600
	0.039888	-24.727685	115.161951	-79.036200
	0.039898	-25.325204	115.161951	-79.095800
	0.039907	-25.799768	115.161951	-79.095800
	0.039917	-24.248302	115.161951	-79.095800
	0.039926	-24.697719	115.161951	-79.155400
	0.039936	-25.950441	115.161951	-79.274600
	0.039945	-24.445239	115.161951	-79.393900
	0.039955	-25.375178	115.161951	-79.453500
	0.039964	-25.352645	115.161951	-79.393900
	0.039974	-25.648366	115.161951	-79.393900
	0.039983	-26.142754	115.161951	-79.453500
	0.039993	-25.684624	115.161951	-79.513100
	0.040002	-25.576808	115.161951	-79.513100
	0.040012	-26.383873	115.161951	-79.513100
	0.040021	-25.858547	115.161951	-79.513100
	0.040030	-25.238405	115.161951	-79.572700
	0.040040	-25.346433	115.161951	-79.572700
	0.040049	-24.830519	115.161951	-79.572700
	0.040059	-24.743997	115.161951	-79.632300
	0.040068	-23.933339	115.161951	-79.751500
	0.040078	-24.822148	115.161951	-79.751500
	0.040087	-26.872019	115.161951	-79.751500
	0.040097	-25.464486	115.161951	-79.811100
	0.040106	-26.497058	115.161951	-79.870700
	0.040116	-25.839767	115.161951	-79.930300
	0.040125	-26.296550	115.161951	-80.049500
	0.040135	-26.849614	115.161951	-80.109100
	0.040144	-26.554573	115.161951	-80.109100
	0.040154	-25.430226	115.161951	-80.109100
	0.040163	-25.283306	115.161951	-80.168700
	0.040172	-26.119319	115.161951	-80.168700
	0.040182	-26.912516	115.161951	-80.287900
	0.040191	-26.485002	115.161951	-80.347500
	0.040201	-25.598191	115.161951	-80.287900
	0.040210	-26.549256	115.161951	-80.287900
	0.040220	-26.433445	115.161951	-80.347500
	0.040229	-27.519538	115.161951	-80.407100
	0.040239	-27.338126	115.161951	-80.466700
	0.040248	-28.061299	115.161951	-80.466700
	0.040258	-27.095969	115.161951	-80.407100
	0.040267	-28.278749	115.161951	-80.407100
	0.040277	-25.439805	115.161951	-80.466700
	0.040286	-27.922224	115.161951	-80.526300
	0.040296	-27.724941	115.161951	-80.585900
	0.040305	-25.972850	115.161951	-80.705200
	0.040315	-26.960143	115.161951	-80.645600
	0.040324	-26.572405	115.161951	-80.645600
	0.040333	-27.237675	115.161951	-80.705200
	0.040343	-26.228125	115.161951	-80.764800
	0.040352	-27.072525	115.161951	-80.884000
	0.040362	-27.264334	115.161951	-80.884000
	0.040371	-27.565567	115.161951	-80.884000
	0.040381	-28.657408	115.161951	-80.884000
	0.040390	-27.973071	115.161951	-81.003200
	0.040400	-27.569792	115.161951	-81.003200
	0.040409	-26.876695	115.161951	-81.062800
	0.040419	-28.198358	115.161951	-81.062800
	0.040428	-27.632523	115.161951	-81.062800
	0.040438	-29.142192	115.161951	-81.122400
	0.040447	-28.027346	115.161951	-81.182000
	0.040457	-27.558036	115.161951	-81.182000
	0.040466	-27.401913	115.161951	-81.182000
	0.040475	-28.051460	115.161951	-81.182000
	0.040485	-28.645578	115.161951	-81.241600
	0.040494	-28.010450	115.161951	-81.360800
	0.040504	-28.484303	115.161951	-81.360800
	0.040513	-29.022632	115.161951	-81.420400
	0.040523	-27.126917	115.161951	-81.420400
	0.040532	-27.941405	115.161951	-81.480000
	0.040542	-28.299504	115.161951	-81.480000
	0.040551	-27.744477	115.161951	-81.599200
	0.040561	-28.406977	115.161951	-81.599200
	0.040570	-27.689142	115.161951	-81.658800
	0.040580	-27.356144	115.161951	-81.539600
	0.040589	-28.432217	115.161951	-81.360800
	0.040599	-27.542336	115.161951	-81.301200
	0.040608	-27.514271	115.161951	-81.301200
	0.040618	-28.187076	115.161951	-81.420400
	0.040627	-27.237368	115.161951	-81.480000
	0.040636	-26.908466	115.161951	-81.480000
	0.040646	-27.764738	115.161951	-81.480000
	0.040655	-28.714563	115.161951	-81.599200
	0.040665	-27.403839	115.161951	-81.658800
	0.040674	-27.554098	115.161951	-81.658800
	0.040684	-28.429135	115.161951	-81.658800
	0.040693	-27.610930	115.161951	-81.718400
	0.040703	-27.258013	115.161951	-81.718400
	0.040712	-28.421869	115.161951	-81.718400
	0.040722	-27.697970	115.161951	-81.718400
	0.040731	-28.786550	115.161951	-81.778000
	0.040741	-28.737044	115.161951	-81.897200
	0.040750	-28.646173	115.161951	-81.897200
	0.040760	-28.701710	115.161951	-81.897200
	0.040769	-29.101726	115.161951	-81.897200
	0.040778	-28.714507	115.161951	-82.016500
	0.040788	-28.930115	115.161951	-82.016500
	0.040797	-29.098844	115.161951	-82.076100
	0.040807	-29.423252	115.161951	-82.076100
	0.040816	-29.398815	115.161951	-82.135700
	0.040826	-28.844607	115.161951	-82.135700
	0.040835	-28.809507	115.161951	-82.076100
	0.040845	-29.430043	115.161951	-82.076100
	0.040854	-29.284351	115.161951	-82.016500
	0.040864	-28.441314	115.161951	-82.016500
	0.040873	-27.873048	115.161951	-81.897200
	0.040883	-28.232188	115.161951	-81.956900
	0.040892	-29.237269	115.161951	-81.897200
	0.040902	-28.812716	115.161951	-81.837600
	0.040911	-28.171064	115.161951	-81.778000
	0.040921	-28.553535	115.161951	-81.778000
	0.040930	-28.515043	115.161951	-81.778000
	0.040939	-29.546079	115.161951	-81.778000
	0.040949	-29.076216	115.161951	-81.778000
	0.040958	-30.093553	115.161951	-81.778000
	0.040968	-29.710239	115.161951	-81.718400
	0.040977	-29.544593	115.161951	-81.778000
	0.040987	-28.593432	115.161951	-81.837600
	0.040996	-27.561416	115.161951	-81.837600
	0.041006	-28.305661	115.161951	-81.837600
	0.041015	-29.038747	115.161951	-81.897200
	0.041025	-28.020694	115.161951	-81.837600
	0.041034	-29.355389	115.161951	-81.956900
	0.041044	-29.119517	115.161951	-82.076100
	0.041053	-29.331059	115.161951	-82.016500
	0.041063	-29.110672	115.161951	-82.016500
	0.041072	-28.279793	115.161951	-82.076100
	0.041081	-28.836920	115.161951	-82.076100
	0.041091	-29.128603	115.161951	-82.135700
	0.041100	-30.346796	115.161951	-82.016500
	0.041110	-31.286720	115.161951	-81.778000
	0.041119	-31.575766	115.161951	-81.718400
	0.041129	-32.565478	115.161951	-81.718400
	0.041138	-31.947360	115.161951	-81.718400
	0.041148	-31.880968	115.161951	-81.658800
	0.041157	-31.384529	115.161951	-81.658800
	0.041167	-30.869418	115.161951	-81.599200
	0.041176	-30.832241	115.161951	-81.599200
	0.041186	-30.349598	115.161951	-81.718400
	0.041195	-30.720735	115.161951	-81.718400
	0.041205	-30.601215	115.161951	-81.718400
	0.041214	-30.667921	115.161951	-81.718400
	0.041224	-30.794502	115.161951	-81.658800
	0.041233	-30.349154	115.161951	-81.718400
	0.041242	-30.663987	115.161951	-81.837600
	0.041252	-31.414050	115.161951	-81.956900
	0.041261	-31.381070	115.161951	-81.956900
	0.041271	-32.189280	115.161951	-81.956900
	0.041280	-32.196888	115.161951	-82.016500
	0.041290	-32.075310	115.161951	-82.016500
	0.041299	-32.179695	115.161951	-82.016500
	0.041309	-33.307068	115.161951	-81.837600
	0.041318	-33.135802	115.161951	-81.718400
	0.041328	-33.533449	115.161951	-81.718400
	0.041337	-32.166535	115.161951	-81.718400
	0.041347	-33.039834	115.161951	-81.778000
	0.041356	-31.972581	115.161951	-81.718400
	0.041366	-32.856280	115.161951	-81.778000
	0.041375	-32.391085	115.161951	-81.718400
	0.041384	-32.728281	115.161951	-81.599200
	0.041394	-32.561182	115.161951	-81.599200
	0.041403	-32.937395	115.161951	-81.539600
	0.041413	-34.158664	115.161951	-81.480000
	0.041422	-33.122979	115.161951	-81.420400
	0.041432	-33.397787	115.161951	-81.420400
	0.041441	-33.053894	115.161951	-81.480000
	0.041451	-32.418648	115.161951	-81.539600
	0.041460	-33.389280	115.161951	-81.539600
	0.041470	-34.314341	115.161951	-81.539600
	0.041479	-33.959688	115.161951	-81.599200
	0.041489	-33.808018	115.161951	-81.718400
	0.041498	-34.954932	115.161951	-81.718400
	0.041508	-33.166345	115.161951	-81.778000
	0.041517	-34.456746	115.161951	-81.837600
	0.041527	-33.471937	115.161951	-81.837600
	0.041536	-33.355612	115.161951	-81.897200
	0.041545	-33.413583	115.161951	-82.016500
	0.041555	-34.373607	115.161951	-82.016500
	0.041564	-35.066140	115.161951	-82.016500
	0.041574	-34.718050	115.161951	-82.076100
	0.041583	-33.972761	115.161951	-82.076100
	0.041593	-33.926710	115.161951	-81.897200
	0.041602	-34.833784	115.161951	-81.003200
	0.041612	-34.258357	115.161951	-80.109100
	0.041621	-35.239335	115.161951	-79.870700
	0.041631	-35.030286	115.161951	-79.930300
	0.041640	-34.573832	115.161951	-79.989900
	0.041650	-35.088781	115.161951	-80.049500
	0.041659	-34.746108	115.161951	-80.049500
	0.041669	-35.676566	115.161951	-80.109100
	0.041678	-35.059563	115.161951	-80.168700
	0.041687	-34.835929	115.161951	-80.228300
	0.041697	-34.938292	115.161951	-80.228300
	0.041706	-35.460186	115.161951	-80.109100
	0.041716	-35.294291	115.161951	-80.049500
	0.041725	-35.531477	115.161951	-80.049500
	0.041735	-35.429121	115.161951	-80.049500
	0.041744	-35.508427	115.161951	-80.109100
	0.041754	-34.769677	115.161951	-80.168700
	0.041763	-35.763907	115.161951	-80.109100
	0.041773	-35.607677	115.161951	-80.109100
	0.041782	-35.632492	115.161951	-80.109100
	0.041792	-35.266690	115.161951	-80.168700
	0.041801	-36.404940	115.161951	-80.228300
	0.041811	-36.012016	115.161951	-80.228300
	0.041820	-35.496254	115.161951	-80.228300
	0.041829	-36.328911	115.161951	-80.228300
	0.041839	-36.266130	115.161951	-79.811100
	0.041848	-36.616987	115.161951	-79.513100
	0.041858	-36.517867	115.161951	-79.513100
	0.041867	-36.517930	115.161951	-79.513100
	0.041877	-36.756718	115.161951	-79.572700
	0.041886	-37.592430	115.161951	-79.632300
	0.041896	-35.642234	115.161951	-79.751500
	0.041905	-36.274547	115.161951	-79.751500
	0.041915	-36.676314	115.161951	-79.751500
	0.041924	-36.739661	115.161951	-79.751500
	0.041934	-36.014736	115.161951	-79.811100
	0.041943	-36.547580	115.161951	-79.811100
	0.041953	-36.056154	115.161951	-79.811100
	0.041962	-36.982347	115.161951	-79.751500
	0.041972	-35.301448	115.161951	-79.751500
	0.041981	-36.239554	115.161951	-79.691900
	0.041990	-35.766837	115.161951	-79.691900
	0.042000	-34.784077	115.161951	-79.751500
	0.042009	-35.897217	115.161951	-79.751500
	0.042019	-35.207789	115.161951	-79.632300
	0.042028	-35.739926	115.161951	-79.632300
	0.042038	-35.429435	115.161951	-79.632300
	0.042047	-35.860341	115.161951	-79.691900
	0.042057	-35.966262	115.161951	-79.632300
	0.042066	-36.044535	115.161951	-79.632300
	0.042076	-35.177934	115.161951	-79.751500
	0.042085	-36.058408	115.161951	-79.811100
	0.042095	-37.467556	115.161951	-79.870700
	0.042104	-36.786815	115.161951	-79.870700
	0.042114	-36.492129	115.161951	-79.811100
	0.042123	-35.997948	115.161951	-79.751500
	0.042132	-37.883853	115.161951	-79.691900
	0.042142	-37.447003	115.161951	-79.632300
	0.042151	-36.088852	115.161951	-79.453500
	0.042161	-41.818631	115.161951	-77.546100
	0.042170	-43.170755	115.161951	-76.354000
	0.042180	-42.721328	115.161951	-76.056000
	0.042189	-43.203157	115.161951	-76.056000
	0.042199	-43.047366	115.161951	-76.115600
	0.042208	-44.513708	115.161951	-76.115600
	0.042218	-43.790268	115.161951	-76.115600
	0.042227	-45.498389	115.161951	-76.115600
	0.042237	-43.804393	115.161951	-76.175200
	0.042246	-44.866695	115.161951	-76.175200
	0.042256	-44.509269	115.161951	-76.175200
	0.042265	-44.389284	115.161951	-76.234800
	0.042275	-44.086202	115.161951	-76.234800
	0.042284	-44.240125	115.161951	-76.294400
	0.042293	-44.479386	115.161951	-76.294400
	0.042303	-44.519795	115.161951	-76.234800
	0.042312	-43.490969	115.161951	-76.234800
	0.042322	-44.203155	115.161951	-76.175200
	0.042331	-43.652079	115.161951	-76.175200
	0.042341	-43.503837	115.161951	-76.234800
	0.042350	-44.178315	115.161951	-76.234800
	0.042360	-43.604048	115.161951	-76.175200
	0.042369	-44.786822	115.161951	-76.115600
	0.042379	-44.250322	115.161951	-76.115600
	0.042388	-44.267088	115.161951	-76.115600
	0.042398	-43.235448	115.161951	-76.115600
	0.042407	-43.826712	115.161951	-76.115600
	0.042417	-43.532227	115.161951	-76.175200
	0.042426	-44.216516	115.161951	-75.817600
	0.042435	-47.396286	115.161951	-74.029400
	0.042445	-47.688666	115.161951	-73.195000
	0.042454	-47.460404	115.161951	-73.016200
	0.042464	-47.872677	115.161951	-73.016200
	0.042473	-48.128874	115.161951	-73.075800
	0.042483	-47.641009	115.161951	-73.075800
	0.042492	-47.592342	115.161951	-73.075800
	0.042502	-47.912320	115.161951	-73.075800
	0.042511	-47.617533	115.161951	-73.135400
	0.042521	-47.609785	115.161951	-73.135400
	0.042530	-48.105161	115.161951	-73.254600
	0.042540	-47.048318	115.161951	-73.373800
	0.042549	-47.043916	115.161951	-73.433400
	0.042559	-47.127799	115.161951	-73.552600
	0.042568	-47.719649	115.161951	-73.612200
	0.042578	-46.321957	115.161951	-73.671800
	0.042587	-46.821402	115.161951	-73.671800
	0.042596	-47.004734	115.161951	-73.671800
	0.042606	-47.044662	115.161951	-73.671800
	0.042615	-47.405130	115.161951	-73.731400
	0.042625	-46.272763	115.161951	-73.850600
	0.042634	-47.090465	115.161951	-73.910200
	0.042644	-47.753981	115.161951	-73.969800
	0.042653	-47.208833	115.161951	-74.089000
	0.042663	-47.417169	115.161951	-74.148600
	0.042672	-46.843884	115.161951	-74.148600
	0.042682	-47.975185	115.161951	-74.148600
	0.042691	-48.295482	115.161951	-74.148600
	0.042701	-46.465623	115.161951	-74.267900
	0.042710	-46.800001	115.161951	-74.387100
	0.042720	-46.885598	115.161951	-74.387100
	0.042729	-45.818860	115.161951	-74.387100
	0.042738	-46.880947	115.161951	-74.387100
	0.042748	-47.007207	115.161951	-74.387100
	0.042757	-46.663353	115.161951	-74.387100
	0.042767	-47.607960	115.161951	-74.387100
	0.042776	-47.699876	115.161951	-74.387100
	0.042786	-47.382492	115.161951	-74.387100
	0.042795	-47.591425	115.161951	-74.446700
	0.042805	-48.832457	115.161951	-74.387100
	0.042814	-51.071754	115.161951	-73.671800
	0.042824	-51.495413	115.161951	-73.254600
	0.042833	-50.769653	115.161951	-73.016200
	0.042843	-52.998548	115.161951	-72.837300
	0.042852	-53.046588	115.161951	-72.718100
	0.042862	-52.313900	115.161951	-72.658500
	0.042871	-52.463826	115.161951	-72.598900
	0.042881	-52.032678	115.161951	-72.539300
	0.042890	-51.763256	115.161951	-72.479700
	0.042899	-55.754377	115.161951	-71.764500
	0.042909	-58.318499	115.161951	-70.751200
	0.042918	-58.681725	115.161951	-70.274300
	0.042928	-57.745265	115.161951	-70.214700
	0.042937	-57.201774	115.161951	-70.155100
	0.042947	-56.756231	115.161951	-70.095500
	0.042956	-57.174519	115.161951	-70.035900
	0.042966	-57.640992	115.161951	-70.035900
	0.042975	-58.787061	115.161951	-70.095500
	0.042985	-56.749417	115.161951	-70.095500
	0.042994	-57.315188	115.161951	-70.035900
	0.043004	-57.438114	115.161951	-69.976300
	0.043013	-57.101239	115.161951	-69.916700
	0.043023	-58.890827	115.161951	-69.857100
	0.043032	-57.835415	115.161951	-69.857100
	0.043041	-57.172236	115.161951	-69.797500
	0.043051	-56.696112	115.161951	-69.857100
	0.043060	-58.224042	115.161951	-69.737900
	0.043070	-58.185328	115.161951	-69.678300
	0.043079	-57.390833	115.161951	-69.737900
	0.043089	-57.584858	115.161951	-69.737900
	0.043098	-58.241781	115.161951	-69.737900
	0.043108	-57.635080	115.161951	-69.737900
	0.043117	-57.937496	115.161951	-69.797500
	0.043127	-58.927179	115.161951	-69.797500
	0.043136	-58.110740	115.161951	-69.916700
	0.043146	-58.062437	115.161951	-69.976300
	0.043155	-57.833944	115.161951	-69.976300
	0.043165	-58.078469	115.161951	-70.035900
	0.043174	-58.980207	115.161951	-70.035900
	0.043184	-58.023161	115.161951	-70.155100
	0.043193	-57.651002	115.161951	-70.214700
	0.043202	-57.590403	115.161951	-70.274300
	0.043212	-58.052570	115.161951	-70.214700
	0.043221	-57.691409	115.161951	-70.274300
	0.043231	-58.057855	115.161951	-70.274300
	0.043240	-57.892166	115.161951	-70.333900
	0.043250	-56.734555	115.161951	-70.393600
	0.043259	-58.624587	115.161951	-70.393600
	0.043269	-58.794900	115.161951	-70.333900
	0.043278	-58.192762	115.161951	-70.393600
	0.043288	-58.512500	115.161951	-70.512800
	0.043297	-58.117178	115.161951	-70.453200
	0.043307	-59.146487	115.161951	-70.393600
	0.043316	-59.517047	115.161951	-70.333900
	0.043326	-59.204404	115.161951	-70.333900
	0.043335	-64.273908	115.161951	-69.439900
	0.043344	-63.891827	115.161951	-68.903400
	0.043354	-64.038751	115.161951	-68.843800
	0.043363	-63.300513	115.161951	-68.784200
	0.043373	-64.599242	115.161951	-68.784200
	0.043382	-64.867333	115.161951	-68.784200
	0.043392	-64.602334	115.161951	-68.784200
	0.043401	-64.387864	115.161951	-68.784200
	0.043411	-63.124836	115.161951	-68.724600
	0.043420	-64.425812	115.161951	-68.784200
	0.043430	-63.809245	115.161951	-68.784200
	0.043439	-63.857421	115.161951	-68.665000
	0.043449	-66.214224	115.161951	-68.486200
	0.043458	-66.050195	115.161951	-68.247800
	0.043468	-65.871135	115.161951	-68.188200
	0.043477	-66.247654	115.161951	-68.188200
	0.043487	-65.979169	115.161951	-68.247800
	0.043496	-66.637016	115.161951	-68.247800
	0.043505	-65.991014	115.161951	-68.307400
	0.043515	-65.482272	115.161951	-68.307400
	0.043524	-67.466048	115.161951	-68.247800
	0.043534	-66.485883	115.161951	-68.069000
	0.043543	-72.243751	115.161951	-66.876900
	0.043553	-71.652750	115.161951	-66.221200
	0.043562	-71.612029	115.161951	-65.982800
	0.043572	-71.156513	115.161951	-65.923200
	0.043581	-71.529182	115.161951	-65.982800
	0.043591	-70.874732	115.161951	-66.042400
	0.043600	-70.455093	115.161951	-66.102000
	0.043610	-71.105968	115.161951	-66.102000
	0.043619	-70.769197	115.161951	-66.102000
	0.043629	-71.211032	115.161951	-66.102000
	0.043638	-71.171504	115.161951	-66.102000
	0.043647	-70.967398	115.161951	-66.161600
	0.043657	-71.469030	115.161951	-66.161600
	0.043666	-71.338631	115.161951	-66.221200
	0.043676	-71.191320	115.161951	-66.221200
	0.043685	-70.589485	115.161951	-66.280800
	0.043695	-70.966000	115.161951	-66.340400
	0.043704	-71.022416	115.161951	-66.340400
	0.043714	-71.058098	115.161951	-66.340400
	0.043723	-70.238843	115.161951	-66.340400
	0.043733	-70.833078	115.161951	-66.519200
	0.043742	-70.672574	115.161951	-66.519200
	0.043752	-69.662355	115.161951	-66.519200
	0.043761	-71.649802	115.161951	-66.519200
	0.043771	-71.683722	115.161951	-66.519200
	0.043780	-71.592292	115.161951	-66.519200
	0.043790	-71.572677	115.161951	-66.578900
	0.043799	-71.626753	115.161951	-66.578900
	0.043808	-72.276783	115.161951	-66.638500
	0.043818	-70.351624	115.161951	-66.578900
	0.043827	-71.566776	115.161951	-66.638500
	0.043837	-72.323207	115.161951	-66.757700
	0.043846	-72.857758	115.161951	-66.638500
	0.043856	-73.516837	115.161951	-66.519200
	0.043865	-73.466907	115.161951	-66.400000
	0.043875	-73.395113	115.161951	-66.400000
	0.043884	-73.918666	115.161951	-66.400000
	0.043894	-74.672435	115.161951	-66.400000
	0.043903	-74.823840	115.161951	-66.578900
	0.043913	-73.161754	115.161951	-66.578900
	0.043922	-73.844544	115.161951	-66.578900
	0.043932	-74.387093	115.161951	-66.638500
	0.043941	-73.007677	115.161951	-66.638500
	0.043950	-73.313403	115.161951	-66.638500
	0.043960	-73.396894	115.161951	-66.638500
	0.043969	-72.930513	115.161951	-66.698100
	0.043979	-72.364422	115.161951	-66.698100
	0.043988	-73.485786	115.161951	-66.698100
	0.043998	-72.904173	115.161951	-66.757700
	0.044007	-72.853798	115.161951	-66.817300
	0.044017	-73.764824	115.161951	-66.698100
	0.044026	-73.005629	115.161951	-66.578900
	0.044036	-73.493389	115.161951	-66.519200
	0.044045	-73.380697	115.161951	-66.519200
	0.044055	-74.972179	115.161951	-66.519200
	0.044064	-74.688351	115.161951	-66.519200
	0.044074	-75.299663	115.161951	-66.340400
	0.044083	-81.528955	115.161951	-65.386800
	0.044093	-81.151684	115.161951	-64.731100
	0.044102	-82.018101	115.161951	-64.552300
	0.044111	-80.850240	115.161951	-64.611900
	0.044121	-80.506989	115.161951	-64.552300
	0.044130	-81.345387	115.161951	-64.373500
	0.044140	-81.251920	115.161951	-64.254300
	0.044149	-82.393590	115.161951	-64.135100
	0.044159	-82.648245	115.161951	-64.135100
	0.044168	-82.863177	115.161951	-64.135100
	0.044178	-81.607799	115.161951	-64.254300
	0.044187	-83.223897	115.161951	-64.254300
	0.044197	-82.221974	115.161951	-64.015900
	0.044206	-82.416097	115.161951	-63.598600
	0.044216	-83.426537	115.161951	-62.883400
	0.044225	-83.300126	115.161951	-62.466100
	0.044235	-84.379600	115.161951	-62.406500
	0.044244	-84.032384	115.161951	-62.406500
	0.044253	-83.872903	115.161951	-62.346900
	0.044263	-83.868077	115.161951	-62.346900
	0.044272	-89.756879	115.161951	-59.843300
	0.044282	-97.252470	115.161951	-57.459100
	0.044291	-97.917316	115.161951	-56.326600
	0.044301	-98.503595	115.161951	-56.088200
	0.044310	-97.230374	115.161951	-55.969000
	0.044320	-97.020374	115.161951	-55.969000
	0.044329	-98.027182	115.161951	-55.969000
	0.044339	-97.902349	115.161951	-56.088200
	0.044348	-98.558992	115.161951	-56.028600
	0.044358	-98.850019	115.161951	-56.028600
	0.044367	-97.483655	115.161951	-56.088200
	0.044377	-98.093941	115.161951	-56.088200
	0.044386	-96.640051	115.161951	-56.147800
	0.044396	-97.374545	115.161951	-56.147800
	0.044405	-97.084376	115.161951	-56.147800
	0.044414	-97.740188	115.161951	-56.207400
	0.044424	-97.069836	115.161951	-56.267000
	0.044433	-96.938302	115.161951	-56.267000
	0.044443	-96.789760	115.161951	-56.267000
	0.044452	-96.412609	115.161951	-56.386200
	0.044462	-96.376497	115.161951	-56.386200
	0.044471	-96.707015	115.161951	-56.445800
	0.044481	-96.968151	115.161951	-56.445800
	0.044490	-96.517830	115.161951	-56.207400
	0.044500	-100.794405	115.161951	-54.419300
	0.044509	-102.922118	115.161951	-52.631100
	0.044519	-102.247404	115.161951	-52.154300
	0.044528	-102.976113	115.161951	-52.035100
	0.044538	-102.323141	115.161951	-52.035100
	0.044547	-103.583422	115.161951	-52.035100
	0.044556	-102.664929	115.161951	-51.975500
	0.044566	-103.015520	115.161951	-51.975500
	0.044575	-102.145212	115.161951	-52.035100
	0.044585	-101.014350	115.161951	-52.094700
	0.044594	-103.637851	115.161951	-52.094700
	0.044604	-102.821044	115.161951	-52.154300
	0.044613	-102.426264	115.161951	-52.154300
	0.044623	-102.811723	115.161951	-52.154300
	0.044632	-103.741066	115.161951	-52.154300
	0.044642	-102.353866	115.161951	-52.154300
	0.044651	-102.780046	115.161951	-52.213900
	0.044661	-102.215679	115.161951	-52.213900
	0.044670	-103.169389	115.161951	-52.213900
	0.044680	-101.679504	115.161951	-52.213900
	0.044689	-101.741879	115.161951	-52.213900
	0.044699	-102.287530	115.161951	-52.213900
	0.044708	-102.480910	115.161951	-52.213900
	0.044717	-102.166219	115.161951	-52.154300
	0.044727	-102.831360	115.161951	-52.035100
	0.044736	-102.391156	115.161951	-51.915900
	0.044746	-104.013424	115.161951	-51.856300
	0.044755	-104.025004	115.161951	-51.856300
	0.044765	-102.241434	115.161951	-51.856300
	0.044774	-103.497334	115.161951	-51.796700
	0.044784	-104.004225	115.161951	-51.737100
	0.044793	-104.894599	115.161951	-51.796700
	0.044803	-104.805840	115.161951	-51.677500
	0.044812	-105.345293	115.161951	-51.677500
	0.044822	-104.389679	115.161951	-51.677500
	0.044831	-104.401007	115.161951	-51.677500
	0.044841	-104.343414	115.161951	-51.737100
	0.044850	-104.420751	115.161951	-51.737100
	0.044859	-103.805705	115.161951	-51.856300
	0.044869	-103.880367	115.161951	-51.915900
	0.044878	-104.518320	115.161951	-51.975500
	0.044888	-103.333737	115.161951	-52.035100
	0.044897	-105.165548	115.161951	-52.035100
	0.044907	-104.088785	115.161951	-52.035100
	0.044916	-105.226957	115.161951	-52.154300
	0.044926	-104.207257	115.161951	-52.154300
	0.044935	-105.036239	115.161951	-52.213900
	0.044945	-104.425771	115.161951	-52.213900
	0.044954	-105.256746	115.161951	-52.154300
	0.044964	-105.401540	115.161951	-52.035100
	0.044973	-106.582286	115.161951	-51.856300
	0.044983	-107.538582	115.161951	-51.141000
	0.044992	-106.985463	115.161951	-50.902600
	0.045002	-108.432537	115.161951	-50.843000
	0.045011	-107.070627	115.161951	-50.843000
	0.045020	-108.683300	115.161951	-50.843000
	0.045030	-108.620303	115.161951	-50.843000
	0.045039	-108.564015	115.161951	-50.843000
	0.045049	-109.111413	115.161951	-50.902600
	0.045058	-108.770023	115.161951	-50.902600
	0.045068	-108.797448	115.161951	-50.664200
	0.045077	-109.920624	115.161951	-50.604600
	0.045087	-109.824517	115.161951	-50.664200
	0.045096	-109.904409	115.161951	-50.783400
	0.045106	-109.689069	115.161951	-50.783400
	0.045115	-108.096000	115.161951	-50.723800
	0.045125	-108.612189	115.161951	-50.664200
	0.045134	-108.976359	115.161951	-50.664200
	0.045144	-108.902319	115.161951	-50.664200
	0.045153	-110.633017	115.161951	-50.485400
	0.045162	-109.795358	115.161951	-50.187300
	0.045172	-109.809559	115.161951	-50.008500
	0.045181	-111.095757	115.161951	-50.008500
	0.045191	-110.436894	115.161951	-49.948900
	0.045200	-110.360709	115.161951	-49.948900
	0.045210	-111.330745	115.161951	-49.889300
	0.045219	-110.980316	115.161951	-49.889300
	0.045229	-112.586661	115.161951	-49.829700
	0.045238	-111.536948	115.161951	-49.770100
	0.045248	-111.138309	115.161951	-49.710500
	0.045257	-111.496978	115.161951	-49.710500
	0.045267	-111.308900	115.161951	-49.710500
	0.045276	-112.481435	115.161951	-49.650900
	0.045286	-110.595766	115.161951	-49.650900
	0.045295	-111.702163	115.161951	-49.650900
	0.045305	-109.852754	115.161951	-49.650900
	0.045314	-111.637778	115.161951	-49.650900
	0.045323	-111.032347	115.161951	-49.650900
	0.045333	-111.980095	115.161951	-49.710500
	0.045342	-110.979759	115.161951	-49.770100
	0.045352	-111.830823	115.161951	-49.770100
	0.045361	-110.007087	115.161951	-49.770100
	0.045371	-111.051163	115.161951	-49.770100
	0.045380	-111.072440	115.161951	-49.889300
	0.045390	-112.235959	115.161951	-49.889300
	0.045399	-111.249773	115.161951	-49.829700
	0.045409	-110.576492	115.161951	-49.829700
	0.045418	-110.988311	115.161951	-49.889300
	0.045428	-111.028156	115.161951	-49.889300
	0.045437	-110.724045	115.161951	-49.889300
	0.045447	-110.587063	115.161951	-49.770100
	0.045456	-109.921835	115.161951	-49.650900
	0.045465	-110.766324	115.161951	-49.591300
	0.045475	-110.977765	115.161951	-49.591300
	0.045484	-110.644766	115.161951	-49.591300
	0.045494	-110.231021	115.161951	-49.591300
	0.045503	-111.137026	115.161951	-48.995300
	0.045513	-122.152801	115.161951	-46.551500
	0.045522	-123.880656	115.161951	-45.240200
	0.045532	-123.746423	115.161951	-45.001700
	0.045541	-123.377337	115.161951	-45.001700
	0.045551	-123.274394	115.161951	-45.001700
	0.045560	-123.369058	115.161951	-45.001700
	0.045570	-124.693382	115.161951	-45.061300
	0.045579	-122.638502	115.161951	-45.001700
	0.045589	-123.959554	115.161951	-45.001700
	0.045598	-123.779740	115.161951	-45.001700
	0.045608	-123.494063	115.161951	-44.942100
	0.045617	-123.272682	115.161951	-45.001700
	0.045626	-122.945261	115.161951	-45.001700
	0.045636	-123.356894	115.161951	-44.942100
	0.045645	-122.865682	115.161951	-44.882500
	0.045655	-121.732923	115.161951	-44.882500
	0.045664	-122.535499	115.161951	-44.882500
	0.045674	-121.166080	115.161951	-44.822900
	0.045683	-122.049912	115.161951	-44.882500
	0.045693	-121.300885	115.161951	-44.882500
	0.045702	-122.013285	115.161951	-44.882500
	0.045712	-121.742340	115.161951	-44.882500
	0.045721	-121.561720	115.161951	-44.882500
	0.045731	-122.084258	115.161951	-44.882500
	0.045740	-122.465970	115.161951	-44.942100
	0.045750	-122.282467	115.161951	-44.942100
	0.045759	-122.576659	115.161951	-44.942100
	0.045768	-122.256018	115.161951	-44.882500
	0.045778	-121.824933	115.161951	-44.822900
	0.045787	-121.928815	115.161951	-44.822900
	0.045797	-122.703385	115.161951	-44.822900
	0.045806	-122.866761	115.161951	-44.822900
	0.045816	-123.120647	115.161951	-44.822900
	0.045825	-122.624488	115.161951	-44.763300
	0.045835	-123.116986	115.161951	-44.703700
	0.045844	-122.459872	115.161951	-44.703700
	0.045854	-122.405175	115.161951	-44.703700
	0.045863	-121.895670	115.161951	-44.703700
	0.045873	-122.155447	115.161951	-44.584500
	0.045882	-122.463851	115.161951	-44.465300
	0.045892	-123.156094	115.161951	-44.524900
	0.045901	-120.287016	115.161951	-44.524900
	0.045910	-122.097509	115.161951	-44.465300
	0.045920	-122.170391	115.161951	-44.465300
	0.045929	-122.287000	115.161951	-44.405700
	0.045939	-123.281777	115.161951	-44.346100
	0.045948	-121.301830	115.161951	-44.346100
	0.045958	-123.269515	115.161951	-44.286500
	0.045967	-122.640820	115.161951	-44.286500
	0.045977	-123.016370	115.161951	-44.286500
	0.045986	-122.971806	115.161951	-44.286500
	0.045996	-122.543940	115.161951	-44.226900
	0.046005	-122.681176	115.161951	-44.226900
	0.046015	-123.076292	115.161951	-44.167300
	0.046024	-123.141087	115.161951	-44.107700
	0.046034	-122.281005	115.161951	-44.107700
	0.046043	-122.815367	115.161951	-44.107700
	0.046053	-122.831786	115.161951	-44.107700
	0.046062	-122.202874	115.161951	-44.107700
	0.046071	-122.713507	115.161951	-44.048100
	0.046081	-122.822674	115.161951	-44.048100
	0.046090	-122.164241	115.161951	-44.167300
	0.046100	-122.866359	115.161951	-44.167300
	0.046109	-121.823775	115.161951	-44.167300
	0.046119	-123.840015	115.161951	-44.167300
	0.046128	-123.336747	115.161951	-43.928900
	0.046138	-126.233748	115.161951	-43.452000
	0.046147	-134.009059	115.161951	-41.604300
	0.046157	-139.072625	115.161951	-39.637300
	0.046166	-138.153237	115.161951	-39.160500
	0.046176	-139.264620	115.161951	-39.041300
	0.046185	-139.860236	115.161951	-38.981700
	0.046195	-139.276011	115.161951	-38.981700
	0.046204	-140.107087	115.161951	-39.041300
	0.046213	-140.074715	115.161951	-39.220100
	0.046223	-138.655871	115.161951	-39.398900
	0.046232	-139.016888	115.161951	-39.398900
	0.046242	-138.548524	115.161951	-39.339300
	0.046251	-139.602347	115.161951	-39.398900
	0.046261	-140.740192	115.161951	-39.518100
	0.046270	-141.308925	115.161951	-39.577700
	0.046280	-139.662749	115.161951	-39.577700
	0.046289	-141.028437	115.161951	-39.518100
	0.046299	-140.674424	115.161951	-39.518100
	0.046308	-139.964668	115.161951	-39.577700
	0.046318	-140.443331	115.161951	-39.577700
	0.046327	-140.955668	115.161951	-39.637300
	0.046337	-141.523305	115.161951	-39.637300
	0.046346	-141.242000	115.161951	-39.696900
	0.046356	-141.263486	115.161951	-39.339300
	0.046365	-141.204285	115.161951	-38.802900
	0.046374	-141.424561	115.161951	-38.504800
	0.046384	-141.989207	115.161951	-38.504800
	0.046393	-140.864643	115.161951	-38.504800
	0.046403	-141.439088	115.161951	-38.564400
	0.046412	-142.704525	115.161951	-38.564400
	0.046422	-142.153023	115.161951	-38.504800
	0.046431	-141.823876	115.161951	-38.504800
	0.046441	-142.166889	115.161951	-38.564400
	0.046450	-141.521004	115.161951	-38.624000
	0.046460	-142.413319	115.161951	-38.683600
	0.046469	-141.659272	115.161951	-38.683600
	0.046479	-141.969239	115.161951	-38.683600
	0.046488	-143.404507	115.161951	-38.385600
	0.046498	-145.307132	115.161951	-37.908800
	0.046507	-143.938622	115.161951	-37.789600
	0.046516	-144.035556	115.161951	-37.789600
	0.046526	-144.863605	115.161951	-37.730000
	0.046535	-145.846349	115.161951	-37.730000
	0.046545	-145.715367	115.161951	-37.670400
	0.046554	-144.311564	115.161951	-37.670400
	0.046564	-145.550392	115.161951	-37.789600
	0.046573	-146.010558	115.161951	-37.789600
	0.046583	-144.384187	115.161951	-37.789600
	0.046592	-144.942514	115.161951	-37.789600
	0.046602	-144.547611	115.161951	-37.730000
	0.046611	-144.173647	115.161951	-37.670400
	0.046621	-144.101780	115.161951	-37.789600
	0.046630	-145.629043	115.161951	-37.849200
	0.046640	-144.541499	115.161951	-37.849200
	0.046649	-143.855509	115.161951	-37.849200
	0.046659	-143.560661	115.161951	-37.610800
	0.046668	-145.359417	115.161951	-37.431900
	0.046677	-144.942241	115.161951	-37.312700
	0.046687	-144.902691	115.161951	-37.253100
	0.046696	-146.357247	115.161951	-37.193500
	0.046706	-145.979741	115.161951	-37.193500
	0.046715	-146.887208	115.161951	-37.133900
	0.046725	-146.199456	115.161951	-37.193500
	0.046734	-146.063104	115.161951	-37.133900
	0.046744	-146.730167	115.161951	-37.133900
	0.046753	-147.349562	115.161951	-37.193500
	0.046763	-146.369603	115.161951	-37.133900
	0.046772	-146.606388	115.161951	-37.074300
	0.046782	-146.658384	115.161951	-37.074300
	0.046791	-145.891671	115.161951	-37.014700
	0.046801	-146.659561	115.161951	-37.133900
	0.046810	-146.576677	115.161951	-37.193500
	0.046819	-146.518893	115.161951	-37.193500
	0.046829	-147.640309	115.161951	-37.133900
	0.046838	-147.789569	115.161951	-37.133900
	0.046848	-146.591200	115.161951	-37.133900
	0.046857	-146.645357	115.161951	-37.074300
	0.046867	-148.222224	115.161951	-37.014700
	0.046876	-148.297092	115.161951	-37.074300
	0.046886	-147.725829	115.161951	-37.074300
	0.046895	-147.240308	115.161951	-37.074300
	0.046905	-146.418479	115.161951	-37.074300
	0.046914	-147.232039	115.161951	-37.074300
	0.046924	-146.878143	115.161951	-37.133900
	0.046933	-147.424429	115.161951	-37.133900
	0.046943	-148.153809	115.161951	-37.253100
	0.046952	-149.177719	115.161951	-37.074300
	0.046962	-148.870978	115.161951	-37.014700
	0.046971	-147.907287	115.161951	-37.014700
	0.046980	-149.370342	115.161951	-37.014700
	0.046990	-149.431908	115.161951	-36.895500
	0.046999	-149.862429	115.161951	-36.835900
	0.047009	-150.209162	115.161951	-36.776300
	0.047018	-149.862341	115.161951	-36.657100
	0.047028	-156.784406	115.161951	-35.524600
	0.047037	-156.048767	115.161951	-34.749700
	0.047047	-156.454073	115.161951	-34.511300
	0.047056	-157.051420	115.161951	-34.332500
	0.047066	-155.864291	115.161951	-34.332500
	0.047075	-155.719069	115.161951	-34.272900
	0.047085	-155.650297	115.161951	-34.213300
	0.047094	-155.913874	115.161951	-34.272900
	0.047104	-155.488274	115.161951	-34.272900
	0.047113	-155.138353	115.161951	-34.272900
	0.047122	-155.163104	115.161951	-34.272900
	0.047132	-155.433752	115.161951	-34.272900
	0.047141	-157.456696	115.161951	-34.272900
	0.047151	-157.199728	115.161951	-34.272900
	0.047160	-156.321892	115.161951	-34.332500
	0.047170	-156.011360	115.161951	-34.272900
	0.047179	-156.569304	115.161951	-34.272900
	0.047189	-156.151414	115.161951	-34.272900
	0.047198	-156.272039	115.161951	-34.272900
	0.047208	-155.239338	115.161951	-34.213300
	0.047217	-156.086963	115.161951	-34.213300
	0.047227	-155.583777	115.161951	-34.213300
	0.047236	-155.491713	115.161951	-34.213300
	0.047246	-155.491970	115.161951	-34.213300
	0.047255	-156.137894	115.161951	-34.272900
	0.047265	-155.914028	115.161951	-34.272900
	0.047274	-156.334834	115.161951	-34.272900
	0.047283	-156.816973	115.161951	-34.272900
	0.047293	-157.218802	115.161951	-34.213300
	0.047302	-156.558510	115.161951	-34.213300
	0.047312	-156.873970	115.161951	-34.213300
	0.047321	-157.688793	115.161951	-34.272900
	0.047331	-156.638544	115.161951	-34.272900
	0.047340	-157.110760	115.161951	-34.272900
	0.047350	-156.231831	115.161951	-34.272900
	0.047359	-156.884962	115.161951	-34.213300
	0.047369	-158.123977	115.161951	-34.272900
	0.047378	-156.710239	115.161951	-34.213300
	0.047388	-157.452109	115.161951	-34.094100
	0.047397	-156.840137	115.161951	-34.034500
	0.047407	-157.340089	115.161951	-34.034500
	0.047416	-156.595259	115.161951	-34.034500
	0.047425	-156.673550	115.161951	-34.094100
	0.047435	-155.571900	115.161951	-34.153700
	0.047444	-157.901839	115.161951	-33.855700
	0.047454	-159.578503	115.161951	-33.617300
	0.047463	-157.969492	115.161951	-33.557600
	0.047473	-158.446522	115.161951	-33.498000
	0.047482	-159.081185	115.161951	-33.498000
	0.047492	-158.560233	115.161951	-33.498000
	0.047501	-158.766277	115.161951	-33.617300
	0.047511	-158.795348	115.161951	-33.617300
	0.047520	-158.215628	115.161951	-33.617300
	0.047530	-158.418511	115.161951	-33.617300
	0.047539	-158.966665	115.161951	-33.617300
	0.047549	-158.817024	115.161951	-33.617300
	0.047558	-158.768038	115.161951	-33.080800
	0.047568	-160.447475	115.161951	-32.484800
	0.047577	-159.878880	115.161951	-32.246300
	0.047586	-160.804142	115.161951	-32.246300
	0.047596	-161.464010	115.161951	-32.186700
	0.047605	-159.867901	115.161951	-32.186700
	0.047615	-159.715224	115.161951	-32.186700
	0.047624	-159.553213	115.161951	-32.246300
	0.047634	-160.915020	115.161951	-32.306000
	0.047643	-159.835081	115.161951	-32.306000
	0.047653	-160.390066	115.161951	-32.306000
	0.047662	-161.182233	115.161951	-32.365600
	0.047672	-161.392371	115.161951	-32.425200
	0.047681	-161.310383	115.161951	-32.484800
	0.047691	-161.729484	115.161951	-32.484800
	0.047700	-161.261010	115.161951	-32.425200
	0.047710	-160.728903	115.161951	-32.425200
	0.047719	-159.986352	115.161951	-32.484800
	0.047728	-159.765302	115.161951	-32.484800
	0.047738	-160.076534	115.161951	-32.484800
	0.047747	-160.215943	115.161951	-32.484800
	0.047757	-160.360216	115.161951	-32.544400
	0.047766	-160.663048	115.161951	-32.544400
	0.047776	-160.877272	115.161951	-32.544400
	0.047785	-160.351243	115.161951	-32.484800
	0.047795	-160.562674	115.161951	-32.484800
	0.047804	-159.476790	115.161951	-32.484800
	0.047814	-159.950896	115.161951	-32.365600
	0.047823	-160.329419	115.161951	-32.425200
	0.047833	-159.410940	115.161951	-32.544400
	0.047842	-160.444807	115.161951	-32.604000
	0.047852	-160.413907	115.161951	-32.544400
	0.047861	-161.081028	115.161951	-32.544400
	0.047871	-161.124223	115.161951	-32.544400
	0.047880	-159.165472	115.161951	-32.544400
	0.047889	-160.507712	115.161951	-32.544400
	0.047899	-160.536531	115.161951	-32.544400
	0.047908	-160.985000	115.161951	-32.544400
	0.047918	-159.843496	115.161951	-32.246300
	0.047927	-168.016846	115.161951	-30.815800
	0.047937	-168.203995	115.161951	-30.160100
	0.047946	-166.627761	115.161951	-29.981300
	0.047956	-166.983803	115.161951	-29.981300
	0.047965	-166.242517	115.161951	-29.981300
	0.047975	-167.927389	115.161951	-29.981300
	0.047984	-167.244901	115.161951	-29.981300
	0.047994	-166.906116	115.161951	-29.981300
	0.048003	-166.324372	115.161951	-29.921600
	0.048013	-167.410223	115.161951	-29.981300
	0.048022	-167.769478	115.161951	-29.981300
	0.048031	-166.059768	115.161951	-29.921600
	0.048041	-166.465993	115.161951	-29.921600
	0.048050	-166.305591	115.161951	-29.921600
	0.048060	-166.755440	115.161951	-29.921600
	0.048069	-167.144385	115.161951	-29.862000
	0.048079	-168.167160	115.161951	-29.742800
	0.048088	-168.482419	115.161951	-29.802400
	0.048098	-167.852777	115.161951	-29.742800
	0.048107	-168.468104	115.161951	-29.742800
	0.048117	-168.592596	115.161951	-29.683200
	0.048126	-170.044862	115.161951	-29.504400
	0.048136	-170.771262	115.161951	-29.325600
	0.048145	-171.236185	115.161951	-29.206400
	0.048155	-170.201405	115.161951	-29.146800
	0.048164	-171.309076	115.161951	-29.087200
	0.048174	-171.928471	115.161951	-29.087200
	0.048183	-171.673648	115.161951	-29.146800
	0.048192	-171.366459	115.161951	-29.087200
	0.048202	-170.205216	115.161951	-29.087200
	0.048211	-170.085178	115.161951	-29.087200
	0.048221	-170.693146	115.161951	-29.027600
	0.048230	-169.879110	115.161951	-29.087200
	0.048240	-170.910138	115.161951	-28.968000
	0.048249	-171.104073	115.161951	-28.968000
	0.048259	-170.542871	115.161951	-29.027600
	0.048268	-172.052413	115.161951	-28.252700
	0.048278	-174.523447	115.161951	-27.477900
	0.048287	-174.243650	115.161951	-27.239400
	0.048297	-174.038960	115.161951	-27.120200
	0.048306	-174.363421	115.161951	-27.120200
	0.048316	-174.390852	115.161951	-27.120200
	0.048325	-174.454760	115.161951	-27.120200
	0.048334	-173.612663	115.161951	-27.060600
	0.048344	-173.535476	115.161951	-27.060600
	0.048353	-175.035506	115.161951	-27.001000
	0.048363	-173.816613	115.161951	-27.060600
	0.048372	-174.096728	115.161951	-27.001000
	0.048382	-174.055394	115.161951	-27.001000
	0.048391	-175.164175	115.161951	-27.001000
	0.048401	-174.653381	115.161951	-26.941400
	0.048410	-175.646615	115.161951	-26.881800
	0.048420	-174.093693	115.161951	-26.881800
	0.048429	-174.704628	115.161951	-26.881800
	0.048439	-174.858516	115.161951	-26.822200
	0.048448	-174.832606	115.161951	-26.822200
	0.048458	-173.844130	115.161951	-26.762600
	0.048467	-174.568295	115.161951	-26.703000
	0.048477	-174.147467	115.161951	-26.703000
	0.048486	-174.636151	115.161951	-26.703000
	0.048495	-174.422331	115.161951	-26.703000
	0.048505	-174.796121	115.161951	-26.703000
	0.048514	-175.397388	115.161951	-26.643400
	0.048524	-175.679309	115.161951	-26.703000
	0.048533	-175.370189	115.161951	-26.703000
	0.048543	-174.520993	115.161951	-26.762600
	0.048552	-175.556418	115.161951	-26.703000
	0.048562	-175.526006	115.161951	-26.583800
	0.048571	-175.744828	115.161951	-26.464600
	0.048581	-176.367774	115.161951	-26.405000
	0.048590	-175.690497	115.161951	-26.345400
	0.048600	-175.630286	115.161951	-26.405000
	0.048609	-175.239874	115.161951	-26.464600
	0.048619	-174.902475	115.161951	-26.405000
	0.048628	-174.536095	115.161951	-26.405000
	0.048637	-175.845818	115.161951	-26.524200
	0.048647	-175.483819	115.161951	-26.464600
	0.048656	-174.985531	115.161951	-26.464600
	0.048666	-175.232406	115.161951	-26.464600
	0.048675	-175.361730	115.161951	-26.464600
	0.048685	-175.458269	115.161951	-26.524200
	0.048694	-175.480536	115.161951	-26.524200
	0.048704	-176.105038	115.161951	-26.405000
	0.048713	-174.960276	115.161951	-26.464600
	0.048723	-175.798022	115.161951	-26.524200
	0.048732	-175.642752	115.161951	-26.524200
	0.048742	-175.262054	115.161951	-26.583800
	0.048751	-176.357877	115.161951	-26.643400
	0.048761	-175.751254	115.161951	-26.643400
	0.048770	-176.384583	115.161951	-26.643400
	0.048780	-175.704303	115.161951	-26.583800
	0.048789	-175.062326	115.161951	-26.524200
	0.048798	-175.418174	115.161951	-26.524200
	0.048808	-176.021998	115.161951	-26.583800
	0.048817	-176.548931	115.161951	-26.583800
	0.048827	-175.624544	115.161951	-26.583800
	0.048836	-175.648046	115.161951	-26.524200
	0.048846	-175.779382	115.161951	-26.524200
	0.048855	-175.422582	115.161951	-26.405000
	0.048865	-175.797162	115.161951	-26.464600
	0.048874	-175.458041	115.161951	-26.405000
	0.048884	-176.370001	115.161951	-26.405000
	0.048893	-175.803454	115.161951	-26.345400
	0.048903	-175.413236	115.161951	-26.345400
	0.048912	-176.075080	115.161951	-26.345400
	0.048922	-175.324724	115.161951	-26.345400
	0.048931	-176.610021	115.161951	-26.345400
	0.048940	-176.580991	115.161951	-26.166600
	0.048950	-176.566853	115.161951	-26.047300
	0.048959	-176.080183	115.161951	-26.047300
	0.048969	-176.379671	115.161951	-26.047300
	0.048978	-176.320792	115.161951	-26.107000
	0.048988	-176.093712	115.161951	-26.166600
	0.048997	-175.197393	115.161951	-26.107000
	0.049007	-176.324153	115.161951	-26.047300
	0.049016	-176.040220	115.161951	-26.047300
	0.049026	-175.795135	115.161951	-25.987700
	0.049035	-176.126635	115.161951	-25.928100
	0.049045	-176.974332	115.161951	-25.808900
	0.049054	-176.816908	115.161951	-25.808900
	0.049064	-177.540707	115.161951	-25.808900
	0.049073	-176.664857	115.161951	-25.808900
	0.049083	-175.579321	115.161951	-25.749300
	0.049092	-175.883081	115.161951	-25.749300
	0.049101	-176.073286	115.161951	-25.749300
	0.049111	-174.896408	115.161951	-25.689700
	0.049120	-175.912298	115.161951	-25.749300
	0.049130	-174.871536	115.161951	-25.749300
	0.049139	-174.829967	115.161951	-25.749300
	0.049149	-175.723161	115.161951	-25.689700
	0.049158	-176.163970	115.161951	-25.689700
	0.049168	-176.080556	115.161951	-25.689700
	0.049177	-177.223304	115.161951	-25.570500
	0.049187	-177.952168	115.161951	-25.272500
	0.049196	-180.694091	115.161951	-24.676400
	0.049206	-180.129882	115.161951	-24.438000
	0.049215	-179.069910	115.161951	-24.378400
	0.049225	-180.265490	115.161951	-24.318800
	0.049234	-179.687348	115.161951	-24.318800
	0.049243	-180.262775	115.161951	-24.318800
	0.049253	-180.211967	115.161951	-24.318800
	0.049262	-180.538958	115.161951	-24.378400
	0.049272	-179.988260	115.161951	-24.378400
	0.049281	-181.085707	115.161951	-24.438000
	0.049291	-180.115145	115.161951	-24.438000
	0.049300	-180.262063	115.161951	-24.438000
	0.049310	-179.601795	115.161951	-24.438000
	0.049319	-179.669731	115.161951	-24.497600
	0.049329	-180.747655	115.161951	-24.497600
	0.049338	-180.161717	115.161951	-24.497600
	0.049348	-180.860065	115.161951	-24.438000
	0.049357	-181.280556	115.161951	-24.438000
	0.049367	-180.315644	115.161951	-24.438000
	0.049376	-179.519793	115.161951	-24.438000
	0.049386	-180.098488	115.161951	-24.259200
	0.049395	-181.659871	115.161951	-24.140000
	0.049404	-180.084693	115.161951	-24.080400
	0.049414	-179.763088	115.161951	-24.020800
	0.049423	-180.106507	115.161951	-23.901600
	0.049433	-180.374148	115.161951	-23.901600
	0.049442	-180.036950	115.161951	-23.901600
	0.049452	-180.200290	115.161951	-23.961200
	0.049461	-180.271930	115.161951	-23.961200
	0.049471	-180.168800	115.161951	-23.901600
	0.049480	-180.949447	115.161951	-23.901600
	0.049490	-181.164053	115.161951	-24.020800
	0.049499	-180.545949	115.161951	-24.080400
	0.049509	-180.533370	115.161951	-24.080400
	0.049518	-180.614901	115.161951	-24.140000
	0.049528	-181.723141	115.161951	-24.140000
	0.049537	-181.174445	115.161951	-24.140000
	0.049546	-180.634820	115.161951	-24.140000
	0.049556	-180.371031	115.161951	-24.140000
	0.049565	-181.474514	115.161951	-24.140000
	0.049575	-181.125452	115.161951	-24.199600
	0.049584	-181.587381	115.161951	-24.199600
	0.049594	-181.761322	115.161951	-24.199600
	0.049603	-181.876235	115.161951	-24.318800
	0.049613	-182.393338	115.161951	-24.318800
	0.049622	-180.905531	115.161951	-24.318800
	0.049632	-181.552080	115.161951	-24.318800
	0.049641	-181.431752	115.161951	-24.259200
	0.049651	-181.612837	115.161951	-24.199600
	0.049660	-182.025767	115.161951	-24.199600
	0.049670	-182.553921	115.161951	-24.199600
	0.049679	-181.624790	115.161951	-24.199600
	0.049689	-181.841487	115.161951	-24.318800
	0.049698	-181.368232	115.161951	-24.318800
	0.049707	-181.568896	115.161951	-24.378400
	0.049717	-182.273632	115.161951	-24.378400
	0.049726	-182.258432	115.161951	-24.318800
	0.049736	-182.288686	115.161951	-24.378400
	0.049745	-182.697502	115.161951	-24.378400
	0.049755	-182.331950	115.161951	-24.378400
	0.049764	-182.735052	115.161951	-24.438000
	0.049774	-182.854532	115.161951	-24.378400
	0.049783	-181.767551	115.161951	-24.378400
	0.049793	-182.160558	115.161951	-24.378400
	0.049802	-182.095009	115.161951	-24.378400
	0.049812	-182.022825	115.161951	-24.378400
	0.049821	-181.543867	115.161951	-24.378400
	0.049831	-182.542609	115.161951	-24.378400
	0.049840	-182.310711	115.161951	-24.378400
	0.049849	-183.126362	115.161951	-24.378400
	0.049859	-183.465562	115.161951	-24.378400
	0.049868	-181.686779	115.161951	-24.378400
	0.049878	-182.453985	115.161951	-24.378400
	0.049887	-181.478028	115.161951	-24.378400
	0.049897	-182.158983	115.161951	-24.378400
	0.049906	-182.242280	115.161951	-24.378400
	0.049916	-182.464343	115.161951	-24.378400
	0.049925	-181.631781	115.161951	-24.378400
	0.049935	-182.510393	115.161951	-24.378400
	0.049944	-182.142166	115.161951	-24.438000
	0.049954	-181.571755	115.161951	-24.378400
	0.049963	-181.732987	115.161951	-24.378400
	0.049973	-181.184055	115.161951	-24.318800
	0.049982	-182.537026	115.161951	-24.378400
	0.049991	-181.324698	115.161951	-24.378400
	0.050001	-180.282344	115.161951	-24.378400
	0.050010	-181.312548	115.161951	-24.318800
	0.050020	-181.682153	115.161951	-24.378400
	0.050029	-180.934191	115.161951	-24.438000
	0.050039	-180.610307	115.161951	-24.438000
	0.050048	-180.360591	115.161951	-24.438000
	0.050058	-180.359652	115.161951	-24.497600
	0.050067	-180.773791	115.161951	-24.497600
	0.050077	-180.227484	115.161951	-24.497600
	0.050086	-180.825511	115.161951	-24.378400
	0.050096	-181.075205	115.161951	-24.378400
	0.050105	-180.772084	115.161951	-24.378400
	0.050115	-181.552957	115.161951	-24.318800
	0.050124	-181.158398	115.161951	-24.318800
	0.050134	-180.569119	115.161951	-24.318800
	0.050143	-181.675155	115.161951	-24.259200
	0.050152	-180.778269	115.161951	-24.199600
	0.050162	-181.195758	115.161951	-24.140000
	0.050171	-181.755496	115.161951	-24.080400
	0.050181	-180.160342	115.161951	-24.020800
	0.050190	-180.424469	115.161951	-24.020800
	0.050200	-181.106110	115.161951	-24.140000
	0.050209	-180.424081	115.161951	-24.080400
	0.050219	-179.241679	115.161951	-24.020800
	0.050228	-180.916823	115.161951	-24.080400
	0.050238	-180.880545	115.161951	-24.020800
	0.050247	-181.496223	115.161951	-24.020800
	0.050257	-180.140715	115.161951	-24.020800
	0.050266	-180.994867	115.161951	-24.080400
	0.050276	-179.574082	115.161951	-24.080400
	0.050285	-180.934483	115.161951	-24.080400
	0.050294	-180.726880	115.161951	-24.080400
	0.050304	-179.007240	115.161951	-24.020800
	0.050313	-180.735133	115.161951	-24.020800
	0.050323	-180.082575	115.161951	-24.020800
	0.050332	-181.251727	115.161951	-24.020800
	0.050342	-181.241353	115.161951	-23.901600
	0.050351	-181.248589	115.161951	-23.901600
	0.050361	-180.622294	115.161951	-23.961200
	0.050370	-180.332745	115.161951	-23.901600
	0.050380	-180.764469	115.161951	-23.842000
	0.050389	-181.768556	115.161951	-23.842000
	0.050399	-180.346706	115.161951	-23.901600
	0.050408	-181.622030	115.161951	-23.842000
	0.050418	-181.410061	115.161951	-23.842000
	0.050427	-180.800956	115.161951	-23.782400
	0.050437	-181.435545	115.161951	-23.722800
	0.050446	-181.492874	115.161951	-23.722800
	0.050455	-180.939099	115.161951	-23.544000
	0.050465	-181.589114	115.161951	-23.484300
	0.050474	-181.696816	115.161951	-23.484300
	0.050484	-180.100182	115.161951	-23.424700
