	-0.071022	0.539046	115.161951	-21.636600
	-0.068270	-0.622371	115.161951	-21.636600
	-0.065518	0.121025	115.161951	-21.755800
	-0.062767	-1.671711	115.161951	-21.875000
	-0.060015	-1.203692	115.161951	-21.994200
	-0.057264	-1.745672	115.161951	-22.232600
	-0.054512	-1.641014	115.161951	-22.471100
	-0.051760	-0.864111	115.161951	-22.769100
	-0.049009	0.167062	115.161951	-23.067100
	-0.046257	0.132156	115.161951	-23.424700
	-0.043506	0.121671	115.161951	-23.603600
	-0.040754	-1.054111	115.161951	-23.901600
	-0.038002	-0.445104	115.161951	-24.199600
	-0.035251	-1.327380	115.161951	-24.616800
	-0.032499	0.420645	115.161951	-24.974500
	-0.029748	-1.488348	115.161951	-25.332100
	-0.026996	-0.964568	115.161951	-25.689700
	-0.024245	-0.920230	115.161951	-26.107000
	-0.021493	-1.729748	115.161951	-26.583800
	-0.018741	-2.296771	115.161951	-27.179800
	-0.015990	-2.737354	115.161951	-27.656700
	-0.013238	-2.483276	115.161951	-28.312300
	-0.010487	-2.921327	115.161951	-28.908400
	-0.007735	-1.898714	115.161951	-29.444800
	-0.004984	-3.621814	115.161951	-30.458100
	-0.002232	-3.388838	115.161951	-31.233100
	0.000520	-3.234337	115.161951	-32.007900
	0.003271	-3.641499	115.161951	-32.902000
	0.006023	-5.330615	115.161951	-34.392100
	0.008774	-5.215370	115.161951	-35.167000
	0.011526	-6.710216	115.161951	-36.418700
	0.014278	-6.932372	115.161951	-38.087600
	0.017029	-6.581606	115.161951	-39.518100
	0.019781	-8.179109	115.161951	-41.604300
	0.022532	-9.364418	115.161951	-43.571200
	0.025284	-9.765683	115.161951	-46.849500
	0.028036	-10.909217	115.161951	-49.770100
	0.030787	-12.883186	115.161951	-53.227200
	0.033539	-15.617810	115.161951	-57.995600
	0.036290	-17.075587	115.161951	-63.896600
	0.036290	-20.627430	115.161951	-69.141900
	0.036300	-20.040443	115.161951	-71.049200
	0.036309	-20.512404	115.161951	-71.406800
	0.036319	-19.945479	115.161951	-71.585600
	0.036328	-20.386386	115.161951	-71.704900
	0.036338	-20.249086	115.161951	-71.704900
	0.036347	-20.428000	115.161951	-71.704900
	0.036357	-20.281691	115.161951	-71.704900
	0.036366	-20.310746	115.161951	-71.704900
	0.036376	-20.590899	115.161951	-71.704900
	0.036385	-20.441413	115.161951	-71.764500
	0.036394	-20.627481	115.161951	-71.824100
	0.036404	-20.258141	115.161951	-71.883700
	0.036413	-21.050092	115.161951	-71.883700
	0.036423	-19.974844	115.161951	-71.943300
	0.036432	-18.951177	115.161951	-71.943300
	0.036442	-19.230364	115.161951	-72.002900
	0.036451	-20.806580	115.161951	-72.002900
	0.036461	-20.574337	115.161951	-72.062500
	0.036470	-20.052867	115.161951	-72.062500
	0.036480	-20.141528	115.161951	-72.002900
	0.036489	-20.502339	115.161951	-72.002900
	0.036499	-19.932045	115.161951	-72.002900
	0.036508	-20.954670	115.161951	-72.062500
	0.036518	-20.367618	115.161951	-72.122100
	0.036527	-20.008981	115.161951	-72.122100
	0.036537	-20.726977	115.161951	-72.181700
	0.036546	-20.102976	115.161951	-72.181700
	0.036555	-20.574237	115.161951	-72.181700
	0.036565	-20.951408	115.161951	-72.181700
	0.036574	-20.260700	115.161951	-72.181700
	0.036584	-20.098652	115.161951	-72.181700
	0.036593	-20.712550	115.161951	-72.241300
	0.036603	-20.830458	115.161951	-72.241300
	0.036612	-21.137684	115.161951	-72.241300
	0.036622	-21.759054	115.161951	-72.241300
	0.036631	-21.350012	115.161951	-72.241300
	0.036641	-21.145554	115.161951	-72.241300
	0.036650	-21.478309	115.161951	-72.241300
	0.036660	-21.306330	115.161951	-72.241300
	0.036669	-20.715516	115.161951	-72.300900
	0.036679	-21.860896	115.161951	-72.360500
	0.036688	-21.718276	115.161951	-72.420100
	0.036697	-21.444073	115.161951	-72.420100
	0.036707	-22.040525	115.161951	-72.360500
	0.036716	-22.742410	115.161951	-72.300900
	0.036726	-23.702039	115.161951	-72.300900
	0.036735	-21.966689	115.161951	-72.360500
	0.036745	-22.138577	115.161951	-72.420100
	0.036754	-22.292384	115.161951	-72.420100
	0.036764	-22.091023	115.161951	-72.360500
	0.036773	-21.478391	115.161951	-72.420100
	0.036783	-23.127262	115.161951	-72.420100
	0.036792	-22.112869	115.161951	-72.479700
	0.036802	-21.494538	115.161951	-72.479700
	0.036811	-21.694289	115.161951	-72.539300
	0.036821	-21.734852	115.161951	-72.539300
	0.036830	-22.365959	115.161951	-72.479700
	0.036840	-22.026769	115.161951	-72.479700
	0.036849	-20.938502	115.161951	-72.539300
	0.036858	-21.161219	115.161951	-72.539300
	0.036868	-22.067662	115.161951	-72.539300
	0.036877	-22.055898	115.161951	-72.539300
	0.036887	-22.134555	115.161951	-72.658500
	0.036896	-21.693330	115.161951	-72.718100
	0.036906	-21.723263	115.161951	-72.718100
	0.036915	-21.969878	115.161951	-72.658500
	0.036925	-21.923648	115.161951	-72.598900
	0.036934	-21.983465	115.161951	-72.658500
	0.036944	-22.265777	115.161951	-72.718100
	0.036953	-22.008190	115.161951	-72.718100
	0.036963	-23.448822	115.161951	-72.777700
	0.036972	-22.757284	115.161951	-72.777700
	0.036982	-21.616476	115.161951	-72.777700
	0.036991	-22.072948	115.161951	-72.718100
	0.037000	-22.806239	115.161951	-72.777700
	0.037010	-22.670066	115.161951	-72.777700
	0.037019	-22.156979	115.161951	-72.837300
	0.037029	-23.426447	115.161951	-72.837300
	0.037038	-22.124150	115.161951	-72.837300
	0.037048	-22.410493	115.161951	-72.837300
	0.037057	-21.627848	115.161951	-72.837300
	0.037067	-21.496024	115.161951	-72.837300
	0.037076	-22.467356	115.161951	-72.896900
	0.037086	-22.381066	115.161951	-73.016200
	0.037095	-21.503257	115.161951	-73.016200
	0.037105	-22.335896	115.161951	-73.075800
	0.037114	-21.422254	115.161951	-73.016200
	0.037124	-21.760656	115.161951	-73.016200
	0.037133	-21.791685	115.161951	-73.016200
	0.037143	-21.954430	115.161951	-73.075800
	0.037152	-22.917518	115.161951	-73.075800
	0.037161	-23.278050	115.161951	-73.075800
	0.037171	-21.673059	115.161951	-73.075800
	0.037180	-22.108429	115.161951	-73.135400
	0.037190	-22.691318	115.161951	-73.135400
	0.037199	-22.479310	115.161951	-73.135400
	0.037209	-22.459972	115.161951	-73.195000
	0.037218	-21.132908	115.161951	-73.195000
	0.037228	-21.508303	115.161951	-73.254600
	0.037237	-21.229689	115.161951	-73.254600
	0.037247	-20.614873	115.161951	-73.314200
	0.037256	-21.012135	115.161951	-73.314200
	0.037266	-20.564328	115.161951	-73.314200
	0.037275	-19.812644	115.161951	-73.314200
	0.037285	-21.018423	115.161951	-73.314200
	0.037294	-21.490934	115.161951	-73.373800
	0.037303	-22.160803	115.161951	-73.433400
	0.037313	-21.460037	115.161951	-73.433400
	0.037322	-22.415215	115.161951	-73.493000
	0.037332	-20.560246	115.161951	-73.493000
	0.037341	-20.421343	115.161951	-73.552600
	0.037351	-20.462685	115.161951	-73.493000
	0.037360	-21.396757	115.161951	-73.433400
	0.037370	-21.745457	115.161951	-73.433400
	0.037379	-20.923766	115.161951	-73.552600
	0.037389	-21.787078	115.161951	-73.612200
	0.037398	-22.274188	115.161951	-73.552600
	0.037408	-21.108182	115.161951	-73.552600
	0.037417	-22.483542	115.161951	-73.612200
	0.037427	-21.451702	115.161951	-73.552600
	0.037436	-21.411894	115.161951	-73.612200
	0.037446	-22.091826	115.161951	-73.612200
	0.037455	-22.305810	115.161951	-73.612200
	0.037464	-21.505938	115.161951	-73.612200
	0.037474	-21.014725	115.161951	-73.612200
	0.037483	-22.645118	115.161951	-73.612200
	0.037493	-22.796311	115.161951	-73.671800
	0.037502	-22.097759	115.161951	-73.671800
	0.037512	-21.609610	115.161951	-73.671800
	0.037521	-21.316471	115.161951	-73.671800
	0.037531	-21.641072	115.161951	-73.731400
	0.037540	-21.894062	115.161951	-73.671800
	0.037550	-20.823720	115.161951	-73.731400
	0.037559	-22.025678	115.161951	-73.791000
	0.037569	-23.244644	115.161951	-73.791000
	0.037578	-22.359030	115.161951	-73.791000
	0.037588	-22.247725	115.161951	-73.850600
	0.037597	-21.360524	115.161951	-73.910200
	0.037606	-22.274532	115.161951	-73.910200
	0.037616	-21.989870	115.161951	-73.910200
	0.037625	-22.148899	115.161951	-73.910200
	0.037635	-22.883133	115.161951	-73.910200
	0.037644	-22.531593	115.161951	-73.969800
	0.037654	-22.162513	115.161951	-73.969800
	0.037663	-22.285416	115.161951	-73.969800
	0.037673	-21.988670	115.161951	-73.910200
	0.037682	-21.742624	115.161951	-73.969800
	0.037692	-23.319355	115.161951	-74.029400
	0.037701	-22.851112	115.161951	-74.089000
	0.037711	-23.018031	115.161951	-74.029400
	0.037720	-22.669033	115.161951	-74.029400
	0.037730	-22.498646	115.161951	-74.148600
	0.037739	-22.008715	115.161951	-74.208200
	0.037748	-22.321483	115.161951	-74.208200
	0.037758	-22.322264	115.161951	-74.208200
	0.037767	-21.688782	115.161951	-74.208200
	0.037777	-21.895846	115.161951	-74.148600
	0.037786	-21.855819	115.161951	-74.208200
	0.037796	-22.600644	115.161951	-74.267900
	0.037805	-22.751462	115.161951	-74.327500
	0.037815	-21.681224	115.161951	-74.327500
	0.037824	-22.473732	115.161951	-74.267900
	0.037834	-22.058241	115.161951	-74.208200
	0.037843	-22.397887	115.161951	-74.208200
	0.037853	-22.814932	115.161951	-74.267900
	0.037862	-23.240143	115.161951	-74.267900
	0.037872	-22.844809	115.161951	-74.387100
	0.037881	-21.739196	115.161951	-74.387100
	0.037891	-23.282719	115.161951	-74.387100
	0.037900	-23.166149	115.161951	-74.446700
	0.037909	-22.225431	115.161951	-74.446700
	0.037919	-22.439992	115.161951	-74.446700
	0.037928	-21.288696	115.161951	-74.446700
	0.037938	-21.262154	115.161951	-74.446700
	0.037947	-21.656563	115.161951	-74.446700
	0.037957	-21.175485	115.161951	-74.446700
	0.037966	-20.433910	115.161951	-74.446700
	0.037976	-22.244186	115.161951	-74.446700
	0.037985	-20.942298	115.161951	-74.446700
	0.037995	-21.676857	115.161951	-74.506300
	0.038004	-21.354622	115.161951	-74.565900
	0.038014	-22.000965	115.161951	-74.506300
	0.038023	-20.621857	115.161951	-74.565900
	0.038033	-22.072921	115.161951	-74.506300
	0.038042	-22.524350	115.161951	-74.565900
	0.038051	-22.518224	115.161951	-74.446700
	0.038061	-22.447104	115.161951	-74.446700
	0.038070	-23.181277	115.161951	-74.506300
	0.038080	-22.845763	115.161951	-74.506300
	0.038089	-23.725880	115.161951	-74.506300
	0.038099	-23.590748	115.161951	-74.506300
	0.038108	-23.169677	115.161951	-74.565900
	0.038118	-22.515493	115.161951	-74.565900
	0.038127	-22.342604	115.161951	-74.565900
	0.038137	-22.480673	115.161951	-74.625500
	0.038146	-22.908265	115.161951	-74.685100
	0.038156	-21.519798	115.161951	-74.685100
	0.038165	-22.165171	115.161951	-74.744700
	0.038175	-22.669820	115.161951	-74.804300
	0.038184	-21.924672	115.161951	-74.804300
	0.038194	-23.007409	115.161951	-74.804300
	0.038203	-22.659699	115.161951	-74.804300
	0.038212	-23.378939	115.161951	-74.744700
	0.038222	-23.109727	115.161951	-74.804300
	0.038231	-23.717942	115.161951	-74.863900
	0.038241	-22.068592	115.161951	-74.923500
	0.038250	-23.419824	115.161951	-74.923500
	0.038260	-22.356917	115.161951	-74.863900
	0.038269	-22.462562	115.161951	-74.983100
	0.038279	-23.560336	115.161951	-74.983100
	0.038288	-22.166206	115.161951	-74.983100
	0.038298	-22.970405	115.161951	-75.042700
	0.038307	-23.445152	115.161951	-75.102300
	0.038317	-23.459287	115.161951	-75.102300
	0.038326	-22.942862	115.161951	-75.161900
	0.038336	-23.289516	115.161951	-75.221500
	0.038345	-22.898650	115.161951	-75.221500
	0.038354	-23.564816	115.161951	-75.281100
	0.038364	-22.875700	115.161951	-75.221500
	0.038373	-21.058563	115.161951	-75.221500
	0.038383	-23.108822	115.161951	-75.281100
	0.038392	-22.728788	115.161951	-75.340700
	0.038402	-23.045064	115.161951	-75.400300
	0.038411	-22.515524	115.161951	-75.400300
	0.038421	-23.677295	115.161951	-75.400300
	0.038430	-23.262508	115.161951	-75.400300
	0.038440	-21.650889	115.161951	-75.459900
	0.038449	-22.619749	115.161951	-75.519600
	0.038459	-22.215680	115.161951	-75.519600
	0.038468	-22.900934	115.161951	-75.519600
	0.038478	-22.689169	115.161951	-75.519600
	0.038487	-21.485480	115.161951	-75.579200
	0.038497	-21.405677	115.161951	-75.519600
	0.038506	-22.655809	115.161951	-75.579200
	0.038515	-22.164682	115.161951	-75.579200
	0.038525	-22.611295	115.161951	-75.698400
	0.038534	-22.357820	115.161951	-75.698400
	0.038544	-22.293707	115.161951	-75.817600
	0.038553	-22.369555	115.161951	-75.817600
	0.038563	-23.102469	115.161951	-75.817600
	0.038572	-23.258531	115.161951	-75.817600
	0.038582	-22.448755	115.161951	-75.817600
	0.038591	-23.041633	115.161951	-75.877200
	0.038601	-22.160930	115.161951	-75.877200
	0.038610	-22.972610	115.161951	-75.877200
	0.038620	-23.255665	115.161951	-75.877200
	0.038629	-23.410969	115.161951	-75.877200
	0.038639	-22.744347	115.161951	-75.936800
	0.038648	-22.275180	115.161951	-75.996400
	0.038657	-21.657960	115.161951	-75.996400
	0.038667	-23.369813	115.161951	-75.996400
	0.038676	-22.518835	115.161951	-76.056000
	0.038686	-22.797618	115.161951	-76.175200
	0.038695	-22.545695	115.161951	-76.175200
	0.038705	-23.037402	115.161951	-76.175200
	0.038714	-22.271898	115.161951	-76.175200
	0.038724	-23.065436	115.161951	-76.175200
	0.038733	-23.578289	115.161951	-76.175200
	0.038743	-23.437266	115.161951	-76.234800
	0.038752	-22.412499	115.161951	-76.234800
	0.038762	-23.076813	115.161951	-76.234800
	0.038771	-22.848589	115.161951	-76.354000
	0.038781	-23.131999	115.161951	-76.413600
	0.038790	-22.923700	115.161951	-76.413600
	0.038800	-23.081631	115.161951	-76.473200
	0.038809	-23.657597	115.161951	-76.473200
	0.038818	-23.898005	115.161951	-76.473200
	0.038828	-22.967243	115.161951	-76.532800
	0.038837	-23.422713	115.161951	-76.532800
	0.038847	-23.863777	115.161951	-76.592400
	0.038856	-24.052853	115.161951	-76.652000
	0.038866	-24.441044	115.161951	-76.652000
	0.038875	-24.057082	115.161951	-76.711600
	0.038885	-23.425958	115.161951	-76.771200
	0.038894	-23.759666	115.161951	-76.830900
	0.038904	-23.971836	115.161951	-76.830900
	0.038913	-24.189534	115.161951	-76.830900
	0.038923	-23.974551	115.161951	-76.950100
	0.038932	-24.649293	115.161951	-76.950100
	0.038942	-23.943810	115.161951	-76.830900
	0.038951	-23.176687	115.161951	-76.950100
	0.038960	-23.216512	115.161951	-76.950100
	0.038970	-22.855856	115.161951	-76.950100
	0.038979	-24.251911	115.161951	-77.009700
	0.038989	-22.799375	115.161951	-77.069300
	0.038998	-22.392616	115.161951	-77.069300
	0.039008	-22.760510	115.161951	-77.069300
	0.039017	-23.677794	115.161951	-77.128900
	0.039027	-22.597043	115.161951	-77.128900
	0.039036	-23.232081	115.161951	-77.128900
	0.039046	-23.139309	115.161951	-77.248100
	0.039055	-23.505923	115.161951	-77.248100
	0.039065	-23.608784	115.161951	-77.307700
	0.039074	-24.142509	115.161951	-77.367300
	0.039084	-23.065511	115.161951	-77.367300
	0.039093	-23.593470	115.161951	-77.367300
	0.039103	-23.962848	115.161951	-77.307700
	0.039112	-23.480366	115.161951	-77.367300
	0.039121	-23.611394	115.161951	-77.367300
	0.039131	-23.774335	115.161951	-77.486500
	0.039140	-23.699573	115.161951	-77.546100
	0.039150	-24.399326	115.161951	-77.546100
	0.039159	-23.611888	115.161951	-77.486500
	0.039169	-22.800801	115.161951	-77.486500
	0.039178	-23.727795	115.161951	-77.546100
	0.039188	-22.888045	115.161951	-77.546100
	0.039197	-23.676672	115.161951	-77.546100
	0.039207	-23.537797	115.161951	-77.546100
	0.039216	-23.438396	115.161951	-77.605700
	0.039226	-23.318732	115.161951	-77.546100
	0.039235	-24.020318	115.161951	-77.546100
	0.039245	-23.207596	115.161951	-77.605700
	0.039254	-23.563872	115.161951	-77.605700
	0.039263	-23.865554	115.161951	-77.605700
	0.039273	-23.118159	115.161951	-77.605700
	0.039282	-23.439234	115.161951	-77.665300
	0.039292	-22.701352	115.161951	-77.665300
	0.039301	-22.757306	115.161951	-77.724900
	0.039311	-22.850153	115.161951	-77.724900
	0.039320	-22.372861	115.161951	-77.784500
	0.039330	-23.340938	115.161951	-77.784500
	0.039339	-22.914638	115.161951	-77.844100
	0.039349	-23.761189	115.161951	-77.903700
	0.039358	-22.760007	115.161951	-77.844100
	0.039368	-23.511939	115.161951	-77.903700
	0.039377	-23.242181	115.161951	-77.903700
	0.039387	-23.178223	115.161951	-77.903700
	0.039396	-23.992971	115.161951	-77.844100
	0.039406	-24.676807	115.161951	-77.844100
	0.039415	-25.259711	115.161951	-77.844100
	0.039424	-23.867949	115.161951	-77.844100
	0.039434	-25.327332	115.161951	-77.844100
	0.039443	-24.607557	115.161951	-77.903700
	0.039453	-25.100962	115.161951	-77.903700
	0.039462	-24.549429	115.161951	-77.903700
	0.039472	-25.435838	115.161951	-77.844100
	0.039481	-24.936760	115.161951	-77.844100
	0.039491	-24.253733	115.161951	-77.844100
	0.039500	-24.918845	115.161951	-77.844100
	0.039510	-25.438544	115.161951	-77.844100
	0.039519	-24.560340	115.161951	-77.784500
	0.039529	-26.114833	115.161951	-77.784500
	0.039538	-25.592863	115.161951	-77.844100
	0.039548	-26.382091	115.161951	-77.844100
	0.039557	-26.035750	115.161951	-77.903700
	0.039566	-24.054991	115.161951	-77.903700
	0.039576	-23.785414	115.161951	-77.903700
	0.039585	-24.645416	115.161951	-77.963300
	0.039595	-24.879598	115.161951	-77.963300
	0.039604	-23.986200	115.161951	-77.963300
	0.039614	-25.132998	115.161951	-77.963300
	0.039623	-25.205276	115.161951	-77.963300
	0.039633	-25.589801	115.161951	-77.963300
	0.039642	-25.873675	115.161951	-77.963300
	0.039652	-24.992273	115.161951	-78.022900
	0.039661	-25.393760	115.161951	-78.082600
	0.039671	-24.993287	115.161951	-78.142200
	0.039680	-24.968426	115.161951	-78.142200
	0.039690	-24.437994	115.161951	-78.261400
	0.039699	-25.483449	115.161951	-78.321000
	0.039709	-24.897256	115.161951	-78.321000
	0.039718	-24.245738	115.161951	-78.321000
	0.039727	-24.136960	115.161951	-78.321000
	0.039737	-23.795607	115.161951	-78.440200
	0.039746	-24.811671	115.161951	-78.440200
	0.039756	-24.682226	115.161951	-78.499800
	0.039765	-25.008750	115.161951	-78.559400
	0.039775	-24.771965	115.161951	-78.619000
	0.039784	-25.303489	115.161951	-78.619000
	0.039794	-25.142462	115.161951	-78.678600
	0.039803	-25.786819	115.161951	-78.738200
	0.039813	-25.560455	115.161951	-78.738200
	0.039822	-25.283743	115.161951	-78.738200
	0.039832	-24.238249	115.161951	-78.738200
	0.039841	-23.718808	115.161951	-78.857400
	0.039851	-24.924336	115.161951	-78.797800
	0.039860	-25.198306	115.161951	-78.797800
	0.039869	-24.862767	115.161951	-78.797800
	0.039879	-24.864413	115.161951	-78.917000
	0.039888	-24.957632	115.161951	-79.036200
	0.039898	-25.603831	115.161951	-79.095800
	0.039907	-25.773191	115.161951	-79.036200
	0.039917	-25.133484	115.161951	-79.036200
	0.039926	-25.573397	115.161951	-79.095800
	0.039936	-24.454924	115.161951	-79.155400
	0.039945	-25.312303	115.161951	-79.215000
	0.039955	-25.885250	115.161951	-79.095800
	0.039964	-26.328023	115.161951	-79.095800
	0.039974	-25.169986	115.161951	-79.095800
	0.039983	-26.243752	115.161951	-79.095800
	0.039993	-25.710585	115.161951	-79.095800
	0.040002	-26.475616	115.161951	-79.095800
	0.040012	-27.355129	115.161951	-79.036200
	0.040021	-27.012529	115.161951	-79.036200
	0.040030	-26.516634	115.161951	-79.155400
	0.040040	-26.142749	115.161951	-79.215000
	0.040049	-25.447730	115.161951	-79.215000
	0.040059	-25.193773	115.161951	-79.215000
	0.040068	-25.412054	115.161951	-79.155400
	0.040078	-25.942979	115.161951	-79.215000
	0.040087	-25.437412	115.161951	-79.215000
	0.040097	-25.584158	115.161951	-79.215000
	0.040106	-25.067137	115.161951	-79.274600
	0.040116	-25.826213	115.161951	-79.274600
	0.040125	-25.466427	115.161951	-79.334200
	0.040135	-26.285560	115.161951	-79.274600
	0.040144	-26.126360	115.161951	-79.274600
	0.040154	-25.692526	115.161951	-79.334200
	0.040163	-26.242472	115.161951	-79.453500
	0.040172	-25.573356	115.161951	-79.453500
	0.040182	-26.382312	115.161951	-79.453500
	0.040191	-25.137890	115.161951	-79.453500
	0.040201	-24.619286	115.161951	-79.513100
	0.040210	-24.937603	115.161951	-79.572700
	0.040220	-24.794870	115.161951	-79.572700
	0.040229	-24.068359	115.161951	-79.572700
	0.040239	-24.786288	115.161951	-79.632300
	0.040248	-24.637841	115.161951	-79.691900
	0.040258	-25.189242	115.161951	-79.691900
	0.040267	-25.189800	115.161951	-79.751500
	0.040277	-25.426277	115.161951	-79.751500
	0.040286	-24.747631	115.161951	-79.811100
	0.040296	-26.850844	115.161951	-79.870700
	0.040305	-26.157281	115.161951	-79.930300
	0.040315	-25.807804	115.161951	-79.930300
	0.040324	-26.812480	115.161951	-79.930300
	0.040333	-24.967138	115.161951	-79.930300
	0.040343	-25.844733	115.161951	-79.989900
	0.040352	-24.958810	115.161951	-80.049500
	0.040362	-24.893535	115.161951	-80.168700
	0.040371	-25.744673	115.161951	-80.168700
	0.040381	-25.664332	115.161951	-80.168700
	0.040390	-25.786534	115.161951	-80.347500
	0.040400	-25.772718	115.161951	-80.347500
	0.040409	-26.631904	115.161951	-80.347500
	0.040419	-24.972391	115.161951	-80.347500
	0.040428	-26.916449	115.161951	-80.407100
	0.040438	-26.449291	115.161951	-80.466700
	0.040447	-25.864834	115.161951	-80.466700
	0.040457	-25.607364	115.161951	-80.466700
	0.040466	-25.986316	115.161951	-80.466700
	0.040475	-25.280074	115.161951	-80.466700
	0.040485	-26.797382	115.161951	-80.585900
	0.040494	-26.161285	115.161951	-80.645600
	0.040504	-26.461740	115.161951	-80.645600
	0.040513	-25.562972	115.161951	-80.645600
	0.040523	-26.116455	115.161951	-80.705200
	0.040532	-26.235635	115.161951	-80.645600
	0.040542	-26.475921	115.161951	-80.705200
	0.040551	-26.807288	115.161951	-80.705200
	0.040561	-26.390710	115.161951	-80.764800
	0.040570	-27.079942	115.161951	-80.824400
	0.040580	-26.854152	115.161951	-80.884000
	0.040589	-26.404372	115.161951	-80.884000
	0.040599	-27.729317	115.161951	-80.884000
	0.040608	-28.139640	115.161951	-80.645600
	0.040618	-27.194533	115.161951	-80.347500
	0.040627	-27.470253	115.161951	-80.287900
	0.040636	-28.377336	115.161951	-80.287900
	0.040646	-27.805126	115.161951	-80.228300
	0.040655	-28.387290	115.161951	-80.287900
	0.040665	-28.374495	115.161951	-80.287900
	0.040674	-28.771180	115.161951	-80.287900
	0.040684	-28.784928	115.161951	-80.407100
	0.040693	-28.213012	115.161951	-80.466700
	0.040703	-28.052227	115.161951	-80.466700
	0.040712	-27.919651	115.161951	-80.466700
	0.040722	-28.106144	115.161951	-80.466700
	0.040731	-27.918035	115.161951	-80.407100
	0.040741	-29.561482	115.161951	-80.526300
	0.040750	-28.467997	115.161951	-80.287900
	0.040760	-28.161076	115.161951	-79.930300
	0.040769	-28.375905	115.161951	-79.870700
	0.040778	-27.924185	115.161951	-79.811100
	0.040788	-28.595693	115.161951	-79.513100
	0.040797	-28.265392	115.161951	-79.513100
	0.040807	-28.413261	115.161951	-79.513100
	0.040816	-28.459090	115.161951	-79.513100
	0.040826	-28.330556	115.161951	-79.453500
	0.040835	-27.776043	115.161951	-79.513100
	0.040845	-28.192283	115.161951	-79.572700
	0.040854	-28.354341	115.161951	-79.572700
	0.040864	-28.128604	115.161951	-79.632300
	0.040873	-28.635296	115.161951	-79.632300
	0.040883	-27.935451	115.161951	-79.632300
	0.040892	-28.554122	115.161951	-79.691900
	0.040902	-27.450148	115.161951	-79.751500
	0.040911	-27.269053	115.161951	-79.751500
	0.040921	-26.795764	115.161951	-79.751500
	0.040930	-27.817312	115.161951	-79.811100
	0.040939	-27.731117	115.161951	-79.513100
	0.040949	-28.517378	115.161951	-79.095800
	0.040958	-28.952416	115.161951	-78.976600
	0.040968	-29.730873	115.161951	-78.738200
	0.040977	-30.211344	115.161951	-78.678600
	0.040987	-29.496962	115.161951	-78.678600
	0.040996	-30.436898	115.161951	-78.678600
	0.041006	-30.025809	115.161951	-78.678600
	0.041015	-29.975945	115.161951	-78.678600
	0.041025	-29.130957	115.161951	-78.678600
	0.041034	-30.114214	115.161951	-78.619000
	0.041044	-29.705594	115.161951	-78.738200
	0.041053	-29.789397	115.161951	-78.738200
	0.041063	-29.917355	115.161951	-78.738200
	0.041072	-30.465193	115.161951	-78.678600
	0.041081	-30.208983	115.161951	-78.738200
	0.041091	-30.423257	115.161951	-78.738200
	0.041100	-30.053930	115.161951	-78.738200
	0.041110	-30.169534	115.161951	-78.738200
	0.041119	-29.755470	115.161951	-78.797800
	0.041129	-31.672487	115.161951	-78.797800
	0.041138	-31.947776	115.161951	-78.797800
	0.041148	-30.836156	115.161951	-78.857400
	0.041157	-30.983190	115.161951	-78.797800
	0.041167	-30.968683	115.161951	-78.738200
	0.041176	-30.803123	115.161951	-78.797800
	0.041186	-30.323010	115.161951	-78.857400
	0.041195	-31.247279	115.161951	-78.857400
	0.041205	-31.657309	115.161951	-78.797800
	0.041214	-30.849575	115.161951	-78.797800
	0.041224	-31.124152	115.161951	-78.797800
	0.041233	-31.341975	115.161951	-78.857400
	0.041242	-31.163453	115.161951	-78.917000
	0.041252	-30.742320	115.161951	-78.917000
	0.041261	-30.144642	115.161951	-79.036200
	0.041271	-30.869497	115.161951	-79.215000
	0.041280	-31.471245	115.161951	-79.274600
	0.041290	-30.409415	115.161951	-79.334200
	0.041299	-31.825371	115.161951	-79.393900
	0.041309	-30.904019	115.161951	-79.393900
	0.041318	-31.336200	115.161951	-79.334200
	0.041328	-31.210818	115.161951	-79.334200
	0.041337	-30.399077	115.161951	-79.334200
	0.041347	-31.655598	115.161951	-79.334200
	0.041356	-31.368672	115.161951	-79.453500
	0.041366	-30.432000	115.161951	-79.453500
	0.041375	-30.978852	115.161951	-79.513100
	0.041384	-31.799767	115.161951	-79.513100
	0.041394	-31.029884	115.161951	-79.513100
	0.041403	-31.671716	115.161951	-79.572700
	0.041413	-31.946451	115.161951	-79.572700
	0.041422	-31.545124	115.161951	-79.632300
	0.041432	-31.311731	115.161951	-79.691900
	0.041441	-32.651302	115.161951	-79.751500
	0.041451	-31.628697	115.161951	-79.811100
	0.041460	-32.332040	115.161951	-79.870700
	0.041470	-31.874215	115.161951	-79.870700
	0.041479	-32.076770	115.161951	-79.930300
	0.041489	-31.031669	115.161951	-80.049500
	0.041498	-32.338865	115.161951	-80.049500
	0.041508	-31.786085	115.161951	-80.109100
	0.041517	-31.695486	115.161951	-80.109100
	0.041527	-32.429461	115.161951	-80.049500
	0.041536	-31.234595	115.161951	-80.109100
	0.041545	-31.633408	115.161951	-80.109100
	0.041555	-30.800255	115.161951	-80.049500
	0.041564	-31.051644	115.161951	-80.049500
	0.041574	-31.393511	115.161951	-80.049500
	0.041583	-32.352026	115.161951	-80.049500
	0.041593	-31.175820	115.161951	-80.168700
	0.041602	-31.750926	115.161951	-80.168700
	0.041612	-30.989702	115.161951	-80.109100
	0.041621	-32.317138	115.161951	-80.049500
	0.041631	-31.925347	115.161951	-80.049500
	0.041640	-31.891141	115.161951	-80.109100
	0.041650	-31.637836	115.161951	-80.168700
	0.041659	-32.647539	115.161951	-80.109100
	0.041669	-32.491434	115.161951	-80.109100
	0.041678	-32.132435	115.161951	-80.109100
	0.041687	-33.183342	115.161951	-80.168700
	0.041697	-33.205604	115.161951	-80.287900
	0.041706	-32.201892	115.161951	-80.347500
	0.041716	-32.539895	115.161951	-80.407100
	0.041725	-31.636148	115.161951	-80.347500
	0.041735	-32.098551	115.161951	-80.407100
	0.041744	-32.001764	115.161951	-80.407100
	0.041754	-32.661585	115.161951	-80.407100
	0.041763	-33.112465	115.161951	-80.407100
	0.041773	-32.944458	115.161951	-80.347500
	0.041782	-32.032568	115.161951	-80.347500
	0.041792	-32.580938	115.161951	-80.407100
	0.041801	-32.633277	115.161951	-80.407100
	0.041811	-32.631344	115.161951	-80.347500
	0.041820	-33.175332	115.161951	-80.287900
	0.041829	-32.548977	115.161951	-80.347500
	0.041839	-33.593730	115.161951	-80.347500
	0.041848	-32.251783	115.161951	-80.347500
	0.041858	-32.039135	115.161951	-80.347500
	0.041867	-33.180697	115.161951	-80.347500
	0.041877	-32.097385	115.161951	-80.347500
	0.041886	-31.923577	115.161951	-80.347500
	0.041896	-32.332891	115.161951	-80.287900
	0.041905	-31.925977	115.161951	-80.109100
	0.041915	-33.807958	115.161951	-80.049500
	0.041924	-33.137788	115.161951	-80.049500
	0.041934	-32.594080	115.161951	-79.989900
	0.041943	-32.488059	115.161951	-79.989900
	0.041953	-32.313262	115.161951	-79.989900
	0.041962	-32.718627	115.161951	-80.049500
	0.041972	-33.389799	115.161951	-79.989900
	0.041981	-32.642545	115.161951	-79.930300
	0.041990	-33.013757	115.161951	-79.989900
	0.042000	-33.870028	115.161951	-79.989900
	0.042009	-33.721962	115.161951	-79.989900
	0.042019	-32.961102	115.161951	-80.049500
	0.042028	-33.454090	115.161951	-80.049500
	0.042038	-33.752095	115.161951	-80.049500
	0.042047	-33.928787	115.161951	-80.049500
	0.042057	-34.306384	115.161951	-80.109100
	0.042066	-35.161884	115.161951	-80.109100
	0.042076	-35.517449	115.161951	-80.109100
	0.042085	-35.725695	115.161951	-80.049500
	0.042095	-34.509013	115.161951	-80.049500
	0.042104	-35.669828	115.161951	-80.049500
	0.042114	-35.015826	115.161951	-80.049500
	0.042123	-35.224653	115.161951	-80.049500
	0.042132	-35.048431	115.161951	-80.109100
	0.042142	-33.653730	115.161951	-80.049500
	0.042151	-37.785132	115.161951	-78.619000
	0.042161	-38.930396	115.161951	-77.784500
	0.042170	-38.346108	115.161951	-77.546100
	0.042180	-38.528423	115.161951	-77.486500
	0.042189	-39.151510	115.161951	-77.546100
	0.042199	-38.698196	115.161951	-77.605700
	0.042208	-39.037824	115.161951	-77.665300
	0.042218	-39.525983	115.161951	-77.724900
	0.042227	-38.623352	115.161951	-77.784500
	0.042237	-39.085584	115.161951	-77.486500
	0.042246	-39.750973	115.161951	-77.307700
	0.042256	-39.661045	115.161951	-77.307700
	0.042265	-39.598231	115.161951	-77.367300
	0.042275	-39.539246	115.161951	-77.367300
	0.042284	-40.468372	115.161951	-77.486500
	0.042293	-39.440291	115.161951	-77.546100
	0.042303	-40.347566	115.161951	-77.605700
	0.042312	-40.129036	115.161951	-77.605700
	0.042322	-39.987791	115.161951	-77.665300
	0.042331	-40.553963	115.161951	-77.784500
	0.042341	-40.355716	115.161951	-77.784500
	0.042350	-40.568371	115.161951	-77.844100
	0.042360	-40.323265	115.161951	-77.784500
	0.042369	-39.545265	115.161951	-77.784500
	0.042379	-40.013268	115.161951	-77.784500
	0.042388	-40.711604	115.161951	-77.605700
	0.042398	-40.454822	115.161951	-77.665300
	0.042407	-39.884750	115.161951	-77.665300
	0.042417	-39.830856	115.161951	-77.665300
	0.042426	-41.056876	115.161951	-77.665300
	0.042435	-40.403118	115.161951	-77.665300
	0.042445	-40.097766	115.161951	-77.665300
	0.042454	-41.826765	115.161951	-77.546100
	0.042464	-44.889956	115.161951	-77.307700
	0.042473	-44.496859	115.161951	-77.248100
	0.042483	-44.582324	115.161951	-77.248100
	0.042492	-45.705323	115.161951	-77.188500
	0.042502	-44.593564	115.161951	-77.248100
	0.042511	-45.845526	115.161951	-77.248100
	0.042521	-44.380966	115.161951	-77.248100
	0.042530	-44.785781	115.161951	-77.307700
	0.042540	-46.000703	115.161951	-77.307700
	0.042549	-45.849242	115.161951	-77.367300
	0.042559	-45.080308	115.161951	-77.426900
	0.042568	-45.652092	115.161951	-77.426900
	0.042578	-44.776829	115.161951	-77.367300
	0.042587	-45.213695	115.161951	-77.486500
	0.042596	-45.229541	115.161951	-77.546100
	0.042606	-46.041147	115.161951	-77.546100
	0.042615	-45.441261	115.161951	-77.605700
	0.042625	-45.485467	115.161951	-77.605700
	0.042634	-45.108723	115.161951	-77.665300
	0.042644	-45.285171	115.161951	-77.665300
	0.042653	-44.542503	115.161951	-77.784500
	0.042663	-45.284087	115.161951	-77.784500
	0.042672	-44.846349	115.161951	-77.724900
	0.042682	-44.569836	115.161951	-77.784500
	0.042691	-43.991202	115.161951	-77.844100
	0.042701	-45.338308	115.161951	-77.844100
	0.042710	-44.980334	115.161951	-77.844100
	0.042720	-45.058116	115.161951	-77.903700
	0.042729	-45.192760	115.161951	-77.903700
	0.042738	-46.202433	115.161951	-77.724900
	0.042748	-45.472959	115.161951	-77.546100
	0.042757	-45.840851	115.161951	-77.546100
	0.042767	-45.027311	115.161951	-77.486500
	0.042776	-45.226250	115.161951	-77.426900
	0.042786	-46.187559	115.161951	-77.486500
	0.042795	-45.990766	115.161951	-77.486500
	0.042805	-45.982111	115.161951	-77.546100
	0.042814	-46.262907	115.161951	-77.546100
	0.042824	-45.252338	115.161951	-77.546100
	0.042833	-45.666414	115.161951	-77.546100
	0.042843	-45.671287	115.161951	-77.546100
	0.042852	-46.133075	115.161951	-77.546100
	0.042862	-45.802231	115.161951	-77.546100
	0.042871	-45.791690	115.161951	-77.546100
	0.042881	-45.265372	115.161951	-77.486500
	0.042890	-45.562627	115.161951	-77.486500
	0.042899	-46.403508	115.161951	-77.486500
	0.042909	-45.059849	115.161951	-77.486500
	0.042918	-45.790223	115.161951	-77.426900
	0.042928	-46.000350	115.161951	-77.426900
	0.042937	-50.489167	115.161951	-76.234800
	0.042947	-52.478806	115.161951	-74.863900
	0.042956	-53.883349	115.161951	-74.565900
	0.042966	-53.425795	115.161951	-74.446700
	0.042975	-54.158849	115.161951	-74.267900
	0.042985	-55.704503	115.161951	-73.910200
	0.042994	-55.338288	115.161951	-73.731400
	0.043004	-55.468625	115.161951	-73.612200
	0.043013	-55.183703	115.161951	-73.671800
	0.043023	-55.097754	115.161951	-73.671800
	0.043032	-55.488544	115.161951	-73.671800
	0.043041	-55.121838	115.161951	-73.671800
	0.043051	-53.951048	115.161951	-73.612200
	0.043060	-55.320453	115.161951	-73.612200
	0.043070	-54.736539	115.161951	-73.493000
	0.043079	-55.359363	115.161951	-73.373800
	0.043089	-56.060000	115.161951	-73.433400
	0.043098	-55.337958	115.161951	-73.433400
	0.043108	-55.884948	115.161951	-73.493000
	0.043117	-56.413742	115.161951	-73.433400
	0.043127	-53.710031	115.161951	-73.016200
	0.043136	-58.646646	115.161951	-71.049200
	0.043146	-57.157409	115.161951	-69.857100
	0.043155	-57.370361	115.161951	-69.618700
	0.043165	-58.220621	115.161951	-69.618700
	0.043174	-58.176346	115.161951	-69.678300
	0.043184	-57.780205	115.161951	-69.737900
	0.043193	-57.751561	115.161951	-69.797500
	0.043202	-58.172188	115.161951	-69.797500
	0.043212	-60.432796	115.161951	-69.380300
	0.043221	-60.930384	115.161951	-68.903400
	0.043231	-61.465546	115.161951	-68.784200
	0.043240	-60.937402	115.161951	-68.843800
	0.043250	-61.967765	115.161951	-68.843800
	0.043259	-60.758682	115.161951	-68.903400
	0.043269	-61.312804	115.161951	-68.903400
	0.043278	-61.583593	115.161951	-68.963000
	0.043288	-63.435816	115.161951	-69.082200
	0.043297	-61.077591	115.161951	-69.082200
	0.043307	-62.305602	115.161951	-69.082200
	0.043316	-61.782629	115.161951	-69.082200
	0.043326	-61.619635	115.161951	-69.082200
	0.043335	-60.743631	115.161951	-69.141900
	0.043344	-62.092732	115.161951	-69.141900
	0.043354	-62.594390	115.161951	-69.201500
	0.043363	-61.594611	115.161951	-69.201500
	0.043373	-61.630624	115.161951	-69.201500
	0.043382	-61.740362	115.161951	-69.201500
	0.043392	-62.639651	115.161951	-69.261100
	0.043401	-61.263268	115.161951	-69.320700
	0.043411	-61.194539	115.161951	-69.380300
	0.043420	-62.161982	115.161951	-69.380300
	0.043430	-62.406583	115.161951	-69.380300
	0.043439	-62.795794	115.161951	-69.380300
	0.043449	-62.680145	115.161951	-69.439900
	0.043458	-62.723435	115.161951	-69.439900
	0.043468	-63.365334	115.161951	-69.380300
	0.043477	-62.190019	115.161951	-69.439900
	0.043487	-63.347577	115.161951	-69.141900
	0.043496	-64.678946	115.161951	-68.367000
	0.043505	-74.020031	115.161951	-66.936500
	0.043515	-73.178502	115.161951	-66.221200
	0.043524	-72.614446	115.161951	-66.042400
	0.043534	-71.981481	115.161951	-65.923200
	0.043543	-73.595163	115.161951	-65.923200
	0.043553	-74.052211	115.161951	-65.982800
	0.043562	-73.032266	115.161951	-66.042400
	0.043572	-73.672934	115.161951	-66.042400
	0.043581	-73.971593	115.161951	-66.042400
	0.043591	-74.264713	115.161951	-65.982800
	0.043600	-72.662161	115.161951	-65.982800
	0.043610	-73.809148	115.161951	-65.982800
	0.043619	-73.420586	115.161951	-65.982800
	0.043629	-73.979479	115.161951	-65.982800
	0.043638	-73.810778	115.161951	-65.982800
	0.043647	-73.601164	115.161951	-65.923200
	0.043657	-73.503134	115.161951	-65.863600
	0.043666	-74.917028	115.161951	-65.923200
	0.043676	-74.441692	115.161951	-65.863600
	0.043685	-73.978923	115.161951	-65.863600
	0.043695	-73.933035	115.161951	-65.804000
	0.043704	-75.496290	115.161951	-65.804000
	0.043714	-73.698268	115.161951	-65.804000
	0.043723	-74.397815	115.161951	-65.804000
	0.043733	-74.490896	115.161951	-65.744400
	0.043742	-74.100383	115.161951	-65.744400
	0.043752	-72.966193	115.161951	-65.744400
	0.043761	-74.069084	115.161951	-65.684800
	0.043771	-74.864204	115.161951	-65.744400
	0.043780	-73.929102	115.161951	-65.684800
	0.043790	-74.418976	115.161951	-65.625200
	0.043799	-74.435207	115.161951	-65.565600
	0.043808	-74.831956	115.161951	-65.506000
	0.043818	-74.011055	115.161951	-65.386800
	0.043827	-73.969439	115.161951	-65.386800
	0.043837	-74.813967	115.161951	-65.446400
	0.043846	-75.780458	115.161951	-65.267600
	0.043856	-75.962566	115.161951	-65.029100
	0.043865	-75.645998	115.161951	-64.909900
	0.043875	-76.112314	115.161951	-64.850300
	0.043884	-75.662674	115.161951	-64.850300
	0.043894	-77.225352	115.161951	-64.731100
	0.043903	-76.271440	115.161951	-64.731100
	0.043913	-76.784823	115.161951	-64.731100
	0.043922	-76.151291	115.161951	-64.731100
	0.043932	-76.315848	115.161951	-64.731100
	0.043941	-76.456422	115.161951	-64.850300
	0.043950	-76.413171	115.161951	-64.790700
	0.043960	-76.554624	115.161951	-64.731100
	0.043969	-78.892269	115.161951	-64.552300
	0.043979	-80.036891	115.161951	-64.135100
	0.043988	-79.255143	115.161951	-63.956200
	0.043998	-80.084262	115.161951	-63.717800
	0.044007	-81.656450	115.161951	-63.241000
	0.044017	-82.639592	115.161951	-62.943000
	0.044026	-82.735291	115.161951	-62.943000
	0.044036	-82.411734	115.161951	-62.943000
	0.044045	-81.862388	115.161951	-62.943000
	0.044055	-79.958220	115.161951	-62.943000
	0.044064	-81.005390	115.161951	-62.943000
	0.044074	-80.671039	115.161951	-63.002600
	0.044083	-80.326966	115.161951	-63.002600
	0.044093	-80.004730	115.161951	-63.002600
	0.044102	-80.622160	115.161951	-63.002600
	0.044111	-80.398219	115.161951	-63.002600
	0.044121	-80.909249	115.161951	-63.002600
	0.044130	-80.288939	115.161951	-63.121800
	0.044140	-81.395188	115.161951	-63.121800
	0.044149	-80.762772	115.161951	-63.121800
	0.044159	-81.105803	115.161951	-63.121800
	0.044168	-81.092072	115.161951	-63.002600
	0.044178	-86.032792	115.161951	-62.287300
	0.044187	-87.948613	115.161951	-61.631700
	0.044197	-88.928392	115.161951	-60.320100
	0.044206	-90.916621	115.161951	-59.128000
	0.044216	-91.066929	115.161951	-58.770400
	0.044225	-90.836541	115.161951	-58.710800
	0.044235	-90.797386	115.161951	-58.770400
	0.044244	-91.102170	115.161951	-58.770400
	0.044253	-90.809906	115.161951	-58.770400
	0.044263	-90.668822	115.161951	-58.830000
	0.044272	-90.821167	115.161951	-58.830000
	0.044282	-91.251565	115.161951	-58.830000
	0.044291	-91.451660	115.161951	-58.830000
	0.044301	-91.360470	115.161951	-58.770400
	0.044310	-93.615430	115.161951	-57.399500
	0.044320	-94.273212	115.161951	-56.803500
	0.044329	-93.941664	115.161951	-56.684300
	0.044339	-93.475210	115.161951	-56.743900
	0.044348	-94.084949	115.161951	-56.565000
	0.044358	-95.202783	115.161951	-56.147800
	0.044367	-95.831532	115.161951	-55.969000
	0.044377	-96.292343	115.161951	-55.969000
	0.044386	-95.950797	115.161951	-55.969000
	0.044396	-96.047366	115.161951	-55.969000
	0.044405	-95.901003	115.161951	-55.969000
	0.044414	-94.908473	115.161951	-55.969000
	0.044424	-95.252202	115.161951	-55.969000
	0.044433	-95.404859	115.161951	-55.969000
	0.044443	-96.571942	115.161951	-55.969000
	0.044452	-95.744348	115.161951	-55.909400
	0.044462	-96.804388	115.161951	-55.969000
	0.044471	-96.401471	115.161951	-55.969000
	0.044481	-95.325127	115.161951	-55.969000
	0.044490	-95.399145	115.161951	-55.969000
	0.044500	-96.282818	115.161951	-55.969000
	0.044509	-96.426973	115.161951	-55.969000
	0.044519	-97.292774	115.161951	-55.909400
	0.044528	-96.508432	115.161951	-55.969000
	0.044538	-97.523863	115.161951	-55.969000
	0.044547	-97.907935	115.161951	-55.909400
	0.044556	-97.110843	115.161951	-55.790200
	0.044566	-97.631773	115.161951	-55.730600
	0.044575	-96.872266	115.161951	-55.730600
	0.044585	-97.206153	115.161951	-55.849800
	0.044594	-96.833830	115.161951	-55.849800
	0.044604	-97.677116	115.161951	-55.909400
	0.044613	-98.264969	115.161951	-55.849800
	0.044623	-97.549599	115.161951	-55.849800
	0.044632	-97.467694	115.161951	-55.849800
	0.044642	-97.439539	115.161951	-55.849800
	0.044651	-97.303821	115.161951	-55.849800
	0.044661	-97.545161	115.161951	-55.849800
	0.044670	-97.687560	115.161951	-55.909400
	0.044680	-97.536251	115.161951	-55.849800
	0.044689	-101.867638	115.161951	-54.717300
	0.044699	-103.818453	115.161951	-53.823200
	0.044708	-103.244593	115.161951	-53.525200
	0.044717	-102.800441	115.161951	-53.525200
	0.044727	-104.723012	115.161951	-53.584800
	0.044736	-104.748325	115.161951	-53.525200
	0.044746	-103.309940	115.161951	-53.465600
	0.044755	-103.648438	115.161951	-53.465600
	0.044765	-103.542823	115.161951	-53.525200
	0.044774	-103.144171	115.161951	-53.406000
	0.044784	-104.357154	115.161951	-53.406000
	0.044793	-104.838671	115.161951	-53.406000
	0.044803	-104.623823	115.161951	-53.406000
	0.044812	-103.709908	115.161951	-53.406000
	0.044822	-104.665397	115.161951	-53.346400
	0.044831	-103.039922	115.161951	-53.406000
	0.044841	-103.384308	115.161951	-53.346400
	0.044850	-103.492436	115.161951	-53.286800
	0.044859	-104.838559	115.161951	-53.346400
	0.044869	-104.140363	115.161951	-53.346400
	0.044878	-103.090371	115.161951	-53.346400
	0.044888	-104.852203	115.161951	-53.108000
	0.044897	-104.105244	115.161951	-52.988800
	0.044907	-104.400390	115.161951	-52.988800
	0.044916	-104.825674	115.161951	-53.048400
	0.044926	-104.254722	115.161951	-53.048400
	0.044935	-104.381689	115.161951	-53.048400
	0.044945	-104.207497	115.161951	-53.048400
	0.044954	-103.476431	115.161951	-53.048400
	0.044964	-104.369286	115.161951	-53.048400
	0.044973	-105.281117	115.161951	-53.108000
	0.044983	-105.277010	115.161951	-53.108000
	0.044992	-106.074979	115.161951	-52.511900
	0.045002	-108.623626	115.161951	-51.081400
	0.045011	-108.321702	115.161951	-50.545000
	0.045020	-108.511605	115.161951	-50.425800
	0.045030	-109.339117	115.161951	-50.366200
	0.045039	-109.400578	115.161951	-50.366200
	0.045049	-108.488945	115.161951	-50.366200
	0.045058	-109.187405	115.161951	-50.425800
	0.045068	-108.380873	115.161951	-50.485400
	0.045077	-109.146362	115.161951	-50.425800
	0.045087	-109.047237	115.161951	-50.425800
	0.045096	-108.216017	115.161951	-50.366200
	0.045106	-108.879218	115.161951	-50.306600
	0.045115	-107.798847	115.161951	-50.306600
	0.045125	-107.562936	115.161951	-50.306600
	0.045134	-108.224347	115.161951	-50.366200
	0.045144	-109.401268	115.161951	-50.425800
	0.045153	-108.160679	115.161951	-50.425800
	0.045162	-108.480883	115.161951	-50.366200
	0.045172	-108.321693	115.161951	-50.366200
	0.045181	-108.533180	115.161951	-50.306600
	0.045191	-108.826283	115.161951	-50.306600
	0.045200	-108.712703	115.161951	-50.246900
	0.045210	-108.368916	115.161951	-50.187300
	0.045219	-107.761838	115.161951	-50.187300
	0.045229	-108.012199	115.161951	-50.127700
	0.045238	-107.899691	115.161951	-50.127700
	0.045248	-108.741171	115.161951	-50.127700
	0.045257	-109.966585	115.161951	-49.770100
	0.045267	-110.813600	115.161951	-49.412500
	0.045276	-111.718059	115.161951	-49.114500
	0.045286	-111.895080	115.161951	-49.054900
	0.045295	-111.703414	115.161951	-48.935600
	0.045305	-111.726430	115.161951	-48.816400
	0.045314	-111.749456	115.161951	-48.697200
	0.045323	-111.673740	115.161951	-48.637600
	0.045333	-111.192244	115.161951	-48.578000
	0.045342	-111.560104	115.161951	-48.518400
	0.045352	-111.357040	115.161951	-48.399200
	0.045361	-112.227116	115.161951	-48.280000
	0.045371	-111.595553	115.161951	-48.220400
	0.045380	-111.624992	115.161951	-48.160800
	0.045390	-112.521864	115.161951	-48.041600
	0.045399	-112.227907	115.161951	-48.041600
	0.045409	-112.703127	115.161951	-47.982000
	0.045418	-112.655660	115.161951	-47.922400
	0.045428	-111.767979	115.161951	-47.862800
	0.045437	-111.611689	115.161951	-47.803200
	0.045447	-111.256520	115.161951	-47.743600
	0.045456	-111.915861	115.161951	-47.683900
	0.045465	-111.052372	115.161951	-47.624300
	0.045475	-112.395131	115.161951	-47.385900
	0.045484	-118.394612	115.161951	-45.538200
	0.045494	-117.596250	115.161951	-45.001700
	0.045503	-118.743222	115.161951	-44.465300
	0.045513	-124.303786	115.161951	-42.915600
	0.045522	-124.059218	115.161951	-42.200300
	0.045532	-124.217087	115.161951	-42.081100
	0.045541	-124.167185	115.161951	-42.021500
	0.045551	-125.548175	115.161951	-42.021500
	0.045560	-124.438364	115.161951	-42.021500
	0.045570	-124.061971	115.161951	-41.902300
	0.045579	-124.719451	115.161951	-41.783100
	0.045589	-135.283654	115.161951	-40.293000
	0.045598	-135.953790	115.161951	-39.100900
	0.045608	-137.826540	115.161951	-38.862500
	0.045617	-137.902184	115.161951	-38.802900
	0.045626	-138.112463	115.161951	-38.802900
	0.045636	-136.683719	115.161951	-38.802900
	0.045645	-136.874586	115.161951	-38.743300
	0.045655	-137.451173	115.161951	-38.743300
	0.045664	-136.848949	115.161951	-38.683600
	0.045674	-136.353185	115.161951	-38.683600
	0.045683	-136.734783	115.161951	-38.624000
	0.045693	-136.755864	115.161951	-38.624000
	0.045702	-136.900066	115.161951	-38.624000
	0.045712	-136.611639	115.161951	-38.624000
	0.045721	-137.145971	115.161951	-38.624000
	0.045731	-136.220361	115.161951	-38.624000
	0.045740	-136.149259	115.161951	-38.683600
	0.045750	-136.046415	115.161951	-38.624000
	0.045759	-136.014936	115.161951	-38.683600
	0.045768	-136.445990	115.161951	-38.683600
	0.045778	-136.124753	115.161951	-38.743300
	0.045787	-137.784270	115.161951	-38.743300
	0.045797	-137.412198	115.161951	-38.743300
	0.045806	-136.246623	115.161951	-38.743300
	0.045816	-137.844758	115.161951	-38.802900
	0.045825	-137.529217	115.161951	-38.802900
	0.045835	-137.117199	115.161951	-38.802900
	0.045844	-137.686919	115.161951	-38.743300
	0.045854	-138.081642	115.161951	-38.683600
	0.045863	-137.883633	115.161951	-38.683600
	0.045873	-137.414558	115.161951	-38.683600
	0.045882	-137.504283	115.161951	-38.683600
	0.045892	-137.811153	115.161951	-38.802900
	0.045901	-137.529809	115.161951	-38.802900
	0.045910	-138.211851	115.161951	-38.802900
	0.045920	-137.411577	115.161951	-38.802900
	0.045929	-138.460895	115.161951	-38.922100
	0.045939	-137.833937	115.161951	-38.922100
	0.045948	-137.782578	115.161951	-38.922100
	0.045958	-138.270793	115.161951	-38.922100
	0.045967	-136.865041	115.161951	-38.743300
	0.045977	-137.404615	115.161951	-38.743300
	0.045986	-138.041936	115.161951	-38.743300
	0.045996	-138.577080	115.161951	-38.743300
	0.046005	-137.163849	115.161951	-38.743300
	0.046015	-137.884949	115.161951	-38.743300
	0.046024	-136.752488	115.161951	-38.743300
	0.046034	-138.282795	115.161951	-38.743300
	0.046043	-138.377567	115.161951	-38.683600
	0.046053	-138.672114	115.161951	-38.504800
	0.046062	-138.073248	115.161951	-38.385600
	0.046071	-138.136120	115.161951	-38.326000
	0.046081	-138.497203	115.161951	-38.385600
	0.046090	-138.556143	115.161951	-38.266400
	0.046100	-138.697985	115.161951	-38.266400
	0.046109	-138.960613	115.161951	-38.266400
	0.046119	-137.276076	115.161951	-38.206800
	0.046128	-137.528682	115.161951	-38.147200
	0.046138	-138.488296	115.161951	-38.028000
	0.046147	-138.865975	115.161951	-37.968400
	0.046157	-138.739971	115.161951	-37.908800
	0.046166	-140.173595	115.161951	-37.908800
	0.046176	-139.109479	115.161951	-37.610800
	0.046185	-141.957061	115.161951	-36.955100
	0.046195	-141.830733	115.161951	-36.716700
	0.046204	-142.752791	115.161951	-36.597500
	0.046213	-142.585709	115.161951	-36.418700
	0.046223	-142.988036	115.161951	-36.299500
	0.046232	-142.592287	115.161951	-36.299500
	0.046242	-142.728811	115.161951	-36.239900
	0.046251	-143.682500	115.161951	-36.180300
	0.046261	-143.353245	115.161951	-36.180300
	0.046270	-142.124516	115.161951	-36.180300
	0.046280	-143.909584	115.161951	-35.226600
	0.046289	-142.773622	115.161951	-35.047800
	0.046299	-142.477946	115.161951	-35.047800
	0.046308	-143.475647	115.161951	-34.928600
	0.046318	-143.344890	115.161951	-34.869000
	0.046327	-142.326896	115.161951	-34.869000
	0.046337	-143.099214	115.161951	-34.869000
	0.046346	-143.475050	115.161951	-34.869000
	0.046356	-142.603235	115.161951	-34.809300
	0.046365	-144.123588	115.161951	-34.809300
	0.046374	-144.703353	115.161951	-34.809300
	0.046384	-144.450435	115.161951	-34.570900
	0.046393	-144.330662	115.161951	-34.451700
	0.046403	-144.870991	115.161951	-34.332500
	0.046412	-145.244443	115.161951	-34.332500
	0.046422	-145.278718	115.161951	-34.332500
	0.046431	-144.841351	115.161951	-34.332500
	0.046441	-144.330479	115.161951	-34.332500
	0.046450	-145.017348	115.161951	-34.272900
	0.046460	-144.816084	115.161951	-34.332500
	0.046469	-144.827978	115.161951	-34.332500
	0.046479	-143.681400	115.161951	-34.272900
	0.046488	-143.880572	115.161951	-34.332500
	0.046498	-144.071037	115.161951	-34.272900
	0.046507	-143.964385	115.161951	-34.272900
	0.046516	-145.063931	115.161951	-34.213300
	0.046526	-144.387580	115.161951	-34.213300
	0.046535	-145.646839	115.161951	-34.034500
	0.046545	-145.789344	115.161951	-34.034500
	0.046554	-146.036192	115.161951	-34.034500
	0.046564	-145.293005	115.161951	-34.034500
	0.046573	-146.120251	115.161951	-34.094100
	0.046583	-146.096394	115.161951	-34.153700
	0.046592	-145.822811	115.161951	-34.153700
	0.046602	-146.316603	115.161951	-34.213300
	0.046611	-145.371877	115.161951	-34.272900
	0.046621	-146.131611	115.161951	-34.272900
	0.046630	-145.296350	115.161951	-34.332500
	0.046640	-144.706320	115.161951	-34.272900
	0.046649	-144.257683	115.161951	-34.272900
	0.046659	-146.389537	115.161951	-34.213300
	0.046668	-144.976490	115.161951	-34.272900
	0.046677	-145.127322	115.161951	-34.332500
	0.046687	-145.254064	115.161951	-34.451700
	0.046696	-145.889237	115.161951	-34.511300
	0.046706	-147.776962	115.161951	-34.034500
	0.046715	-151.459110	115.161951	-32.961600
	0.046725	-150.914798	115.161951	-32.544400
	0.046734	-150.759178	115.161951	-32.425200
	0.046744	-150.808071	115.161951	-32.425200
	0.046753	-150.710897	115.161951	-32.484800
	0.046763	-151.626173	115.161951	-32.484800
	0.046772	-150.313400	115.161951	-32.544400
	0.046782	-150.243222	115.161951	-32.544400
	0.046791	-151.902123	115.161951	-32.604000
	0.046801	-151.294737	115.161951	-32.604000
	0.046810	-152.249000	115.161951	-32.723200
	0.046819	-152.363394	115.161951	-32.723200
	0.046829	-151.944703	115.161951	-32.782800
	0.046838	-151.118839	115.161951	-32.782800
	0.046848	-151.137599	115.161951	-32.782800
	0.046857	-149.518960	115.161951	-32.842400
	0.046867	-150.439445	115.161951	-32.902000
	0.046876	-151.308532	115.161951	-32.782800
	0.046886	-151.923457	115.161951	-32.544400
	0.046895	-153.109195	115.161951	-32.484800
	0.046905	-152.387497	115.161951	-32.484800
	0.046914	-151.699367	115.161951	-32.484800
	0.046924	-152.310930	115.161951	-32.544400
	0.046933	-151.651981	115.161951	-32.544400
	0.046943	-151.979811	115.161951	-32.544400
	0.046952	-151.068451	115.161951	-32.663600
	0.046962	-152.543391	115.161951	-32.723200
	0.046971	-151.870998	115.161951	-32.723200
	0.046980	-152.271312	115.161951	-32.663600
	0.046990	-152.676005	115.161951	-32.663600
	0.046999	-152.652519	115.161951	-32.723200
	0.047009	-152.647345	115.161951	-32.604000
	0.047018	-152.772359	115.161951	-32.604000
	0.047028	-152.930136	115.161951	-32.663600
	0.047037	-152.882604	115.161951	-32.723200
	0.047047	-154.039995	115.161951	-32.723200
	0.047056	-153.096319	115.161951	-32.782800
	0.047066	-152.754638	115.161951	-32.723200
	0.047075	-153.806934	115.161951	-32.365600
	0.047085	-154.465058	115.161951	-32.186700
	0.047094	-154.952877	115.161951	-32.067500
	0.047104	-156.320498	115.161951	-32.067500
	0.047113	-154.303862	115.161951	-32.127100
	0.047122	-155.416586	115.161951	-32.067500
	0.047132	-155.764741	115.161951	-32.067500
	0.047141	-155.320735	115.161951	-32.067500
	0.047151	-155.576914	115.161951	-32.067500
	0.047160	-154.586245	115.161951	-32.127100
	0.047170	-155.732529	115.161951	-32.127100
	0.047179	-154.813825	115.161951	-32.186700
	0.047189	-154.800066	115.161951	-32.186700
	0.047198	-154.159568	115.161951	-32.186700
	0.047208	-155.570930	115.161951	-32.246300
	0.047217	-154.982016	115.161951	-32.246300
	0.047227	-155.593877	115.161951	-32.186700
	0.047236	-155.274724	115.161951	-32.246300
	0.047246	-153.104808	115.161951	-32.306000
	0.047255	-154.840904	115.161951	-32.306000
	0.047265	-154.871808	115.161951	-32.306000
	0.047274	-154.821257	115.161951	-32.306000
	0.047283	-153.710069	115.161951	-32.246300
	0.047293	-153.811923	115.161951	-32.246300
	0.047302	-153.737541	115.161951	-32.306000
	0.047312	-153.991306	115.161951	-32.306000
	0.047321	-154.585147	115.161951	-32.246300
	0.047331	-154.997501	115.161951	-32.246300
	0.047340	-154.551390	115.161951	-32.306000
	0.047350	-154.420187	115.161951	-32.365600
	0.047359	-154.839701	115.161951	-32.365600
	0.047369	-155.064681	115.161951	-32.365600
	0.047378	-154.660035	115.161951	-32.365600
	0.047388	-154.589997	115.161951	-32.365600
	0.047397	-157.385023	115.161951	-32.067500
	0.047407	-157.260818	115.161951	-31.829100
	0.047416	-156.491548	115.161951	-31.709900
	0.047425	-156.759732	115.161951	-31.709900
	0.047435	-157.193961	115.161951	-31.709900
	0.047444	-155.934754	115.161951	-31.650300
	0.047454	-156.597916	115.161951	-31.650300
	0.047463	-155.715458	115.161951	-31.709900
	0.047473	-156.642386	115.161951	-31.709900
	0.047482	-157.694107	115.161951	-31.709900
	0.047492	-156.856722	115.161951	-31.709900
	0.047501	-156.150714	115.161951	-31.709900
	0.047511	-156.260553	115.161951	-31.709900
	0.047520	-156.124422	115.161951	-31.709900
	0.047530	-157.572950	115.161951	-31.769500
	0.047539	-156.290949	115.161951	-31.829100
	0.047549	-156.645409	115.161951	-31.769500
	0.047558	-159.078642	115.161951	-31.233100
	0.047568	-159.561644	115.161951	-30.815800
	0.047577	-159.719936	115.161951	-30.637000
	0.047586	-160.666033	115.161951	-30.637000
	0.047596	-160.209308	115.161951	-30.637000
	0.047605	-160.671432	115.161951	-30.577400
	0.047615	-160.931225	115.161951	-30.458100
	0.047624	-164.282043	115.161951	-29.921600
	0.047634	-165.051920	115.161951	-29.623600
	0.047643	-164.597961	115.161951	-29.504400
	0.047653	-164.510328	115.161951	-29.444800
	0.047662	-163.269202	115.161951	-29.444800
	0.047672	-164.062094	115.161951	-29.444800
	0.047681	-165.507008	115.161951	-29.266000
	0.047691	-167.395351	115.161951	-28.670000
	0.047700	-166.893599	115.161951	-28.491100
	0.047710	-165.972739	115.161951	-28.431500
	0.047719	-166.193289	115.161951	-28.371900
	0.047728	-167.255745	115.161951	-28.491100
	0.047738	-167.673047	115.161951	-28.491100
	0.047747	-166.680189	115.161951	-28.431500
	0.047757	-168.386351	115.161951	-28.371900
	0.047766	-168.480372	115.161951	-28.371900
	0.047776	-167.881108	115.161951	-28.371900
	0.047785	-167.194327	115.161951	-28.371900
	0.047795	-167.932161	115.161951	-28.312300
	0.047804	-167.368941	115.161951	-28.312300
	0.047814	-168.175274	115.161951	-28.073900
	0.047823	-171.525840	115.161951	-27.299000
	0.047833	-170.563867	115.161951	-27.001000
	0.047842	-170.925907	115.161951	-26.941400
	0.047852	-171.152796	115.161951	-26.941400
	0.047861	-171.659311	115.161951	-26.941400
	0.047871	-170.392634	115.161951	-26.941400
	0.047880	-170.114591	115.161951	-26.941400
	0.047889	-169.988403	115.161951	-26.941400
	0.047899	-170.387781	115.161951	-26.881800
	0.047908	-169.532633	115.161951	-26.881800
	0.047918	-169.947603	115.161951	-26.881800
	0.047927	-169.990180	115.161951	-26.881800
	0.047937	-170.041490	115.161951	-26.822200
	0.047946	-170.236331	115.161951	-26.822200
	0.047956	-170.357301	115.161951	-26.881800
	0.047965	-170.838893	115.161951	-26.881800
	0.047975	-169.535704	115.161951	-26.941400
	0.047984	-170.441572	115.161951	-26.941400
	0.047994	-171.043647	115.161951	-26.822200
	0.048003	-170.318284	115.161951	-26.822200
	0.048013	-170.369298	115.161951	-26.822200
	0.048022	-170.939557	115.161951	-26.703000
	0.048031	-171.207013	115.161951	-26.703000
	0.048041	-171.704536	115.161951	-26.643400
	0.048050	-170.784905	115.161951	-26.583800
	0.048060	-169.479296	115.161951	-26.583800
	0.048069	-171.003122	115.161951	-26.464600
	0.048079	-170.644862	115.161951	-26.405000
	0.048088	-171.664479	115.161951	-26.345400
	0.048098	-170.728224	115.161951	-26.285800
	0.048107	-169.900333	115.161951	-26.166600
	0.048117	-170.191343	115.161951	-26.166600
	0.048126	-170.055131	115.161951	-26.166600
	0.048136	-170.361333	115.161951	-26.107000
	0.048145	-171.185028	115.161951	-25.987700
	0.048155	-170.350148	115.161951	-25.928100
	0.048164	-170.956019	115.161951	-25.868500
	0.048174	-172.024343	115.161951	-25.868500
	0.048183	-171.273337	115.161951	-25.868500
	0.048192	-171.250044	115.161951	-25.808900
	0.048202	-172.810892	115.161951	-25.749300
	0.048211	-171.391155	115.161951	-25.689700
	0.048221	-171.602992	115.161951	-25.689700
	0.048230	-171.912803	115.161951	-25.749300
	0.048240	-172.243542	115.161951	-25.749300
	0.048249	-171.036349	115.161951	-25.689700
	0.048259	-170.088524	115.161951	-25.630100
	0.048268	-170.724870	115.161951	-25.630100
	0.048278	-172.963402	115.161951	-25.630100
	0.048287	-173.046189	115.161951	-25.689700
	0.048297	-172.433529	115.161951	-25.689700
	0.048306	-172.016485	115.161951	-25.689700
	0.048316	-171.024728	115.161951	-25.749300
	0.048325	-171.577389	115.161951	-25.749300
	0.048334	-173.469662	115.161951	-25.749300
	0.048344	-173.167456	115.161951	-25.689700
	0.048353	-171.851859	115.161951	-25.570500
	0.048363	-172.934076	115.161951	-25.510900
	0.048372	-172.367432	115.161951	-25.451300
	0.048382	-172.254728	115.161951	-25.451300
	0.048391	-172.064148	115.161951	-25.332100
	0.048401	-172.339687	115.161951	-25.272500
	0.048410	-172.122756	115.161951	-25.272500
	0.048420	-172.841166	115.161951	-25.272500
	0.048429	-172.286575	115.161951	-25.272500
	0.048439	-173.007345	115.161951	-25.212900
	0.048448	-171.668390	115.161951	-25.153300
	0.048458	-172.106626	115.161951	-25.153300
	0.048467	-173.093020	115.161951	-25.153300
	0.048477	-172.596415	115.161951	-25.153300
	0.048486	-173.214924	115.161951	-25.034100
	0.048495	-173.661008	115.161951	-25.034100
	0.048505	-172.617770	115.161951	-25.034100
	0.048514	-172.648821	115.161951	-25.034100
	0.048524	-172.370233	115.161951	-25.034100
	0.048533	-173.655073	115.161951	-25.034100
	0.048543	-172.512384	115.161951	-25.034100
	0.048552	-172.766016	115.161951	-25.034100
	0.048562	-171.667995	115.161951	-25.034100
	0.048571	-172.672929	115.161951	-24.974500
	0.048581	-172.000472	115.161951	-24.974500
	0.048590	-172.359606	115.161951	-24.974500
	0.048600	-172.240963	115.161951	-24.974500
	0.048609	-171.886732	115.161951	-24.855300
	0.048619	-172.694199	115.161951	-24.855300
	0.048628	-172.128163	115.161951	-24.736000
	0.048637	-172.012576	115.161951	-24.795600
	0.048647	-172.336820	115.161951	-24.795600
	0.048656	-171.589873	115.161951	-24.855300
	0.048666	-173.272921	115.161951	-24.855300
	0.048675	-172.779241	115.161951	-24.855300
	0.048685	-172.352432	115.161951	-24.855300
	0.048694	-172.177269	115.161951	-24.855300
	0.048704	-171.968643	115.161951	-24.855300
	0.048713	-172.068415	115.161951	-24.914900
	0.048723	-172.253955	115.161951	-24.914900
	0.048732	-171.807684	115.161951	-24.914900
	0.048742	-171.903972	115.161951	-24.974500
	0.048751	-172.687721	115.161951	-24.914900
	0.048761	-171.931543	115.161951	-24.855300
	0.048770	-172.317270	115.161951	-24.914900
	0.048780	-172.006537	115.161951	-24.914900
	0.048789	-171.213261	115.161951	-24.974500
	0.048798	-171.278601	115.161951	-24.914900
	0.048808	-171.842351	115.161951	-24.914900
	0.048817	-172.341295	115.161951	-24.914900
	0.048827	-170.820664	115.161951	-25.034100
	0.048836	-171.379466	115.161951	-25.034100
	0.048846	-172.614536	115.161951	-25.093700
	0.048855	-172.264957	115.161951	-25.034100
	0.048865	-171.135184	115.161951	-25.034100
	0.048874	-171.325961	115.161951	-25.034100
	0.048884	-172.674453	115.161951	-25.034100
	0.048893	-174.161677	115.161951	-25.034100
	0.048903	-173.527546	115.161951	-24.974500
	0.048912	-173.487597	115.161951	-24.914900
	0.048922	-174.010903	115.161951	-24.855300
	0.048931	-173.970671	115.161951	-24.795600
	0.048940	-173.867588	115.161951	-24.736000
	0.048950	-174.086673	115.161951	-24.855300
	0.048959	-173.513611	115.161951	-24.914900
	0.048969	-173.693631	115.161951	-24.855300
	0.048978	-173.897400	115.161951	-24.855300
	0.048988	-173.654559	115.161951	-24.855300
	0.048997	-174.908774	115.161951	-24.855300
	0.049007	-174.626375	115.161951	-24.795600
	0.049016	-175.484431	115.161951	-24.795600
	0.049026	-174.846882	115.161951	-24.736000
	0.049035	-174.646944	115.161951	-24.736000
	0.049045	-174.768718	115.161951	-24.736000
	0.049054	-174.369931	115.161951	-24.676400
	0.049064	-174.868687	115.161951	-24.736000
	0.049073	-174.991682	115.161951	-24.855300
	0.049083	-174.264312	115.161951	-24.855300
	0.049092	-174.268958	115.161951	-24.676400
	0.049101	-175.041304	115.161951	-24.676400
	0.049111	-173.380252	115.161951	-24.676400
	0.049120	-174.155344	115.161951	-24.676400
	0.049130	-174.088895	115.161951	-24.736000
	0.049139	-174.073591	115.161951	-24.795600
	0.049149	-174.485861	115.161951	-24.736000
	0.049158	-176.188286	115.161951	-24.259200
	0.049168	-176.314999	115.161951	-24.080400
	0.049177	-176.596721	115.161951	-24.020800
	0.049187	-177.017405	115.161951	-23.901600
	0.049196	-176.737846	115.161951	-23.901600
	0.049206	-176.772745	115.161951	-23.901600
	0.049215	-176.363030	115.161951	-23.901600
	0.049225	-176.454511	115.161951	-23.842000
	0.049234	-176.782800	115.161951	-23.901600
	0.049243	-175.942143	115.161951	-23.901600
	0.049253	-177.254699	115.161951	-23.961200
	0.049262	-177.377468	115.161951	-24.020800
	0.049272	-177.693523	115.161951	-23.961200
	0.049281	-176.839461	115.161951	-23.961200
	0.049291	-175.480857	115.161951	-23.901600
	0.049300	-176.512574	115.161951	-23.722800
	0.049310	-176.132094	115.161951	-23.663200
	0.049319	-176.119232	115.161951	-23.603600
	0.049329	-176.483022	115.161951	-23.603600
	0.049338	-176.948085	115.161951	-23.603600
	0.049348	-176.740070	115.161951	-23.603600
	0.049357	-176.998277	115.161951	-23.603600
	0.049367	-177.486248	115.161951	-23.722800
	0.049376	-176.492666	115.161951	-23.722800
	0.049386	-176.912108	115.161951	-23.663200
	0.049395	-176.567815	115.161951	-23.603600
	0.049404	-176.714524	115.161951	-23.663200
	0.049414	-177.089468	115.161951	-23.663200
	0.049423	-176.228289	115.161951	-23.722800
	0.049433	-177.091953	115.161951	-23.842000
	0.049442	-177.669870	115.161951	-23.842000
	0.049452	-177.621625	115.161951	-23.842000
	0.049461	-176.116622	115.161951	-23.842000
	0.049471	-176.328041	115.161951	-23.901600
	0.049480	-177.018516	115.161951	-23.901600
	0.049490	-177.149376	115.161951	-23.901600
	0.049499	-177.069839	115.161951	-23.961200
	0.049509	-177.790397	115.161951	-23.961200
	0.049518	-177.312730	115.161951	-23.961200
	0.049528	-177.135397	115.161951	-24.020800
	0.049537	-176.910148	115.161951	-23.901600
	0.049546	-177.547206	115.161951	-23.901600
	0.049556	-177.233989	115.161951	-23.961200
	0.049565	-176.686348	115.161951	-24.020800
	0.049575	-177.644081	115.161951	-24.080400
	0.049584	-176.979785	115.161951	-24.080400
	0.049594	-177.338988	115.161951	-24.140000
	0.049603	-177.687026	115.161951	-24.140000
	0.049613	-177.788659	115.161951	-24.199600
	0.049622	-177.455847	115.161951	-24.199600
	0.049632	-177.130692	115.161951	-24.199600
	0.049641	-176.870287	115.161951	-24.259200
	0.049651	-176.493763	115.161951	-24.199600
	0.049660	-176.381186	115.161951	-24.259200
	0.049670	-177.230511	115.161951	-24.318800
	0.049679	-176.512269	115.161951	-24.259200
	0.049689	-177.483611	115.161951	-23.842000
	0.049698	-177.272323	115.161951	-23.484300
	0.049707	-178.373711	115.161951	-23.365100
	0.049717	-179.041508	115.161951	-23.365100
	0.049726	-179.801918	115.161951	-23.305500
	0.049736	-178.126276	115.161951	-23.305500
	0.049745	-179.452092	115.161951	-23.245900
	0.049755	-178.975225	115.161951	-23.186300
	0.049764	-179.307038	115.161951	-23.245900
	0.049774	-178.359546	115.161951	-23.305500
	0.049783	-179.025097	115.161951	-23.305500
	0.049793	-178.659957	115.161951	-23.365100
	0.049802	-178.628641	115.161951	-23.424700
	0.049812	-178.208292	115.161951	-23.305500
	0.049821	-178.631493	115.161951	-23.365100
	0.049831	-177.797210	115.161951	-23.424700
	0.049840	-178.542180	115.161951	-23.365100
	0.049849	-179.443845	115.161951	-23.424700
	0.049859	-178.999620	115.161951	-23.484300
	0.049868	-178.829354	115.161951	-23.484300
	0.049878	-178.493858	115.161951	-23.484300
	0.049887	-179.434305	115.161951	-23.484300
	0.049897	-179.358118	115.161951	-23.484300
	0.049906	-178.745248	115.161951	-23.424700
	0.049916	-178.874918	115.161951	-23.424700
	0.049925	-180.396560	115.161951	-23.424700
	0.049935	-179.897531	115.161951	-23.424700
	0.049944	-179.452710	115.161951	-23.484300
	0.049954	-179.353893	115.161951	-23.424700
	0.049963	-180.349114	115.161951	-23.424700
	0.049973	-179.006965	115.161951	-23.484300
	0.049982	-179.404444	115.161951	-23.424700
	0.049991	-179.985775	115.161951	-23.424700
	0.050001	-178.428774	115.161951	-23.365100
	0.050010	-179.626013	115.161951	-23.424700
	0.050020	-178.220416	115.161951	-23.424700
	0.050029	-179.300709	115.161951	-23.365100
	0.050039	-179.076926	115.161951	-23.365100
	0.050048	-179.326072	115.161951	-23.484300
	0.050058	-178.635622	115.161951	-23.544000
	0.050067	-179.401914	115.161951	-23.484300
	0.050077	-178.890399	115.161951	-23.484300
	0.050086	-179.926779	115.161951	-23.484300
	0.050096	-178.817585	115.161951	-23.484300
	0.050105	-179.075873	115.161951	-23.484300
	0.050115	-180.189337	115.161951	-23.424700
	0.050124	-179.679655	115.161951	-23.424700
	0.050134	-180.323107	115.161951	-23.424700
	0.050143	-179.983215	115.161951	-23.424700
	0.050152	-180.005824	115.161951	-23.484300
	0.050162	-180.728961	115.161951	-23.484300
	0.050171	-179.805740	115.161951	-23.484300
	0.050181	-180.337454	115.161951	-23.424700
	0.050190	-180.402890	115.161951	-23.424700
	0.050200	-180.319177	115.161951	-23.305500
	0.050209	-180.384411	115.161951	-23.305500
	0.050219	-180.343516	115.161951	-23.365100
	0.050228	-180.901808	115.161951	-23.424700
	0.050238	-180.581894	115.161951	-23.305500
	0.050247	-180.039992	115.161951	-23.245900
	0.050257	-180.467685	115.161951	-23.245900
	0.050266	-181.278803	115.161951	-23.245900
	0.050276	-180.646554	115.161951	-23.245900
	0.050285	-180.448865	115.161951	-23.245900
	0.050294	-180.322890	115.161951	-23.245900
	0.050304	-179.571055	115.161951	-23.245900
	0.050313	-179.706177	115.161951	-23.245900
	0.050323	-180.132258	115.161951	-23.186300
	0.050332	-179.211918	115.161951	-23.186300
	0.050342	-180.272451	115.161951	-23.186300
	0.050351	-179.914278	115.161951	-23.067100
	0.050361	-180.475955	115.161951	-23.067100
	0.050370	-180.826935	115.161951	-23.067100
	0.050380	-180.471829	115.161951	-23.067100
	0.050389	-180.541437	115.161951	-22.947900
	0.050399	-180.297350	115.161951	-22.888300
	0.050408	-179.960804	115.161951	-22.888300
	0.050418	-180.795369	115.161951	-22.828700
	0.050427	-179.470158	115.161951	-22.769100
	0.050437	-179.388884	115.161951	-22.828700
	0.050446	-179.239845	115.161951	-22.709500
	0.050455	-179.317677	115.161951	-22.649900
	0.050465	-179.395474	115.161951	-22.590300
	0.050474	-179.414787	115.161951	-22.590300
	0.050484	-180.413455	115.161951	-22.590300
