	-0.071022	0.102767	115.161951	-31.590700
	-0.068270	-0.682337	115.161951	-31.650300
	-0.065518	-0.652023	115.161951	-31.829100
	-0.062767	0.404824	115.161951	-32.007900
	-0.060015	0.401036	115.161951	-32.246300
	-0.057264	0.423354	115.161951	-32.484800
	-0.054512	0.688368	115.161951	-32.723200
	-0.051760	1.342476	115.161951	-33.021200
	-0.049009	1.412303	115.161951	-33.259600
	-0.046257	-0.139727	115.161951	-33.557600
	-0.043506	0.202669	115.161951	-33.855700
	-0.040754	-0.138146	115.161951	-34.094100
	-0.038002	0.042533	115.161951	-34.451700
	-0.035251	-1.000468	115.161951	-34.749700
	-0.032499	-1.125083	115.161951	-35.167000
	-0.029748	-0.729968	115.161951	-35.584200
	-0.026996	-0.388226	115.161951	-36.061000
	-0.024245	-0.849970	115.161951	-36.537900
	-0.021493	-0.331791	115.161951	-37.133900
	-0.018741	-1.068169	115.161951	-37.491600
	-0.015990	-1.126087	115.161951	-38.087600
	-0.013238	-1.427690	115.161951	-38.683600
	-0.010487	-2.196725	115.161951	-39.339300
	-0.007735	-2.480911	115.161951	-40.054600
	-0.004984	-2.356639	115.161951	-40.829400
	-0.002232	-3.160929	115.161951	-41.663900
	0.000520	-3.306249	115.161951	-42.557900
	0.003271	-3.890339	115.161951	-43.392400
	0.006023	-4.480121	115.161951	-44.465300
	0.008774	-4.583883	115.161951	-45.717000
	0.011526	-4.969276	115.161951	-47.087900
	0.014278	-6.211367	115.161951	-48.518400
	0.017029	-6.367015	115.161951	-50.246900
	0.019781	-7.157609	115.161951	-52.094700
	0.022532	-8.455727	115.161951	-54.300100
	0.025284	-10.759959	115.161951	-56.684300
	0.028036	-10.808766	115.161951	-59.485700
	0.030787	-12.954697	115.161951	-63.241000
	0.033539	-14.934034	115.161951	-67.472900
	0.036290	-17.653562	115.161951	-73.433400
	0.036290	-19.708090	115.161951	-78.082600
	0.036300	-20.164824	115.161951	-80.049500
	0.036309	-19.833297	115.161951	-80.109100
	0.036319	-19.663861	115.161951	-80.168700
	0.036328	-19.449007	115.161951	-80.228300
	0.036338	-18.428204	115.161951	-80.287900
	0.036347	-18.317254	115.161951	-80.347500
	0.036357	-19.624677	115.161951	-80.347500
	0.036366	-19.167807	115.161951	-80.347500
	0.036376	-19.277260	115.161951	-80.407100
	0.036385	-19.250087	115.161951	-80.466700
	0.036394	-18.969208	115.161951	-80.526300
	0.036404	-19.064739	115.161951	-80.585900
	0.036413	-19.526800	115.161951	-80.585900
	0.036423	-19.914876	115.161951	-80.645600
	0.036432	-19.850301	115.161951	-80.585900
	0.036442	-20.275572	115.161951	-80.645600
	0.036451	-19.417697	115.161951	-80.645600
	0.036461	-19.447883	115.161951	-80.645600
	0.036470	-18.733080	115.161951	-80.585900
	0.036480	-18.005639	115.161951	-80.585900
	0.036489	-19.265576	115.161951	-80.585900
	0.036499	-19.134072	115.161951	-80.645600
	0.036508	-21.069512	115.161951	-80.705200
	0.036518	-19.457134	115.161951	-80.705200
	0.036527	-20.260751	115.161951	-80.705200
	0.036537	-19.905794	115.161951	-80.705200
	0.036546	-20.521987	115.161951	-80.764800
	0.036555	-19.424668	115.161951	-80.764800
	0.036565	-19.093719	115.161951	-80.705200
	0.036574	-19.664003	115.161951	-80.705200
	0.036584	-19.862765	115.161951	-80.645600
	0.036593	-19.864107	115.161951	-80.705200
	0.036603	-19.390177	115.161951	-80.705200
	0.036612	-20.143718	115.161951	-80.705200
	0.036622	-20.354552	115.161951	-80.645600
	0.036631	-20.750969	115.161951	-80.705200
	0.036641	-21.019155	115.161951	-80.764800
	0.036650	-20.286388	115.161951	-80.764800
	0.036660	-20.789604	115.161951	-80.764800
	0.036669	-20.411964	115.161951	-80.764800
	0.036679	-20.038492	115.161951	-80.764800
	0.036688	-19.407250	115.161951	-80.824400
	0.036697	-20.504051	115.161951	-80.824400
	0.036707	-19.834333	115.161951	-80.824400
	0.036716	-19.898707	115.161951	-80.884000
	0.036726	-19.501145	115.161951	-80.943600
	0.036735	-19.278646	115.161951	-81.003200
	0.036745	-18.708776	115.161951	-81.003200
	0.036754	-19.251149	115.161951	-81.003200
	0.036764	-19.005849	115.161951	-81.003200
	0.036773	-18.365602	115.161951	-81.062800
	0.036783	-19.403349	115.161951	-81.062800
	0.036792	-18.804765	115.161951	-81.062800
	0.036802	-19.381863	115.161951	-81.062800
	0.036811	-18.906959	115.161951	-81.062800
	0.036821	-19.540153	115.161951	-81.062800
	0.036830	-20.785045	115.161951	-81.062800
	0.036840	-20.053381	115.161951	-81.122400
	0.036849	-20.881658	115.161951	-81.122400
	0.036858	-20.826121	115.161951	-81.062800
	0.036868	-20.874712	115.161951	-81.003200
	0.036877	-20.184755	115.161951	-81.062800
	0.036887	-19.966645	115.161951	-81.062800
	0.036896	-20.773651	115.161951	-81.062800
	0.036906	-20.713931	115.161951	-81.062800
	0.036915	-21.697253	115.161951	-81.003200
	0.036925	-20.838464	115.161951	-81.003200
	0.036934	-21.184851	115.161951	-81.062800
	0.036944	-19.990128	115.161951	-81.062800
	0.036953	-21.421410	115.161951	-81.003200
	0.036963	-21.985269	115.161951	-81.003200
	0.036972	-21.144762	115.161951	-81.062800
	0.036982	-20.543981	115.161951	-81.062800
	0.036991	-21.466672	115.161951	-81.062800
	0.037000	-20.925147	115.161951	-81.062800
	0.037010	-21.153344	115.161951	-81.062800
	0.037019	-20.531075	115.161951	-81.003200
	0.037029	-20.420819	115.161951	-81.062800
	0.037038	-21.060978	115.161951	-81.062800
	0.037048	-20.781988	115.161951	-81.062800
	0.037057	-21.728005	115.161951	-81.062800
	0.037067	-20.561607	115.161951	-81.122400
	0.037076	-19.630566	115.161951	-81.182000
	0.037086	-20.274204	115.161951	-81.182000
	0.037095	-21.039303	115.161951	-81.241600
	0.037105	-20.661301	115.161951	-81.182000
	0.037114	-21.528765	115.161951	-81.122400
	0.037124	-20.907658	115.161951	-81.182000
	0.037133	-21.239122	115.161951	-81.301200
	0.037143	-21.397228	115.161951	-81.301200
	0.037152	-21.666391	115.161951	-81.360800
	0.037161	-21.467947	115.161951	-81.420400
	0.037171	-21.292893	115.161951	-81.360800
	0.037180	-20.966773	115.161951	-81.301200
	0.037190	-21.746297	115.161951	-81.420400
	0.037199	-21.358534	115.161951	-81.420400
	0.037209	-21.211043	115.161951	-81.420400
	0.037218	-20.727013	115.161951	-81.480000
	0.037228	-21.061053	115.161951	-81.420400
	0.037237	-20.581087	115.161951	-81.420400
	0.037247	-21.165039	115.161951	-81.301200
	0.037256	-20.401103	115.161951	-81.360800
	0.037266	-20.673742	115.161951	-81.420400
	0.037275	-20.967140	115.161951	-81.360800
	0.037285	-20.744373	115.161951	-81.360800
	0.037294	-20.907801	115.161951	-81.480000
	0.037303	-22.073866	115.161951	-81.480000
	0.037313	-20.297646	115.161951	-81.539600
	0.037322	-20.425097	115.161951	-81.539600
	0.037332	-20.716774	115.161951	-81.539600
	0.037341	-19.884103	115.161951	-81.539600
	0.037351	-21.240035	115.161951	-81.599200
	0.037360	-20.723035	115.161951	-81.599200
	0.037370	-21.887859	115.161951	-81.599200
	0.037379	-20.774405	115.161951	-81.658800
	0.037389	-20.632921	115.161951	-81.718400
	0.037398	-20.188339	115.161951	-81.658800
	0.037408	-21.452960	115.161951	-81.658800
	0.037417	-20.899217	115.161951	-81.599200
	0.037427	-20.840784	115.161951	-81.658800
	0.037436	-21.318069	115.161951	-81.718400
	0.037446	-22.108337	115.161951	-81.718400
	0.037455	-20.343032	115.161951	-81.718400
	0.037464	-21.485040	115.161951	-81.658800
	0.037474	-20.950728	115.161951	-81.658800
	0.037483	-20.924165	115.161951	-81.599200
	0.037493	-21.996036	115.161951	-81.718400
	0.037502	-21.303310	115.161951	-81.718400
	0.037512	-20.622149	115.161951	-81.718400
	0.037521	-22.136132	115.161951	-81.718400
	0.037531	-21.055025	115.161951	-81.599200
	0.037540	-21.948867	115.161951	-81.718400
	0.037550	-21.347685	115.161951	-81.718400
	0.037559	-22.090636	115.161951	-81.718400
	0.037569	-21.761502	115.161951	-81.778000
	0.037578	-21.855208	115.161951	-81.599200
	0.037588	-22.567991	115.161951	-81.718400
	0.037597	-21.709551	115.161951	-81.778000
	0.037606	-21.285880	115.161951	-81.837600
	0.037616	-21.751056	115.161951	-81.837600
	0.037625	-21.899565	115.161951	-81.837600
	0.037635	-21.438119	115.161951	-81.897200
	0.037644	-21.460584	115.161951	-81.956900
	0.037654	-21.125574	115.161951	-81.897200
	0.037663	-20.889529	115.161951	-81.956900
	0.037673	-20.614683	115.161951	-82.016500
	0.037682	-21.105292	115.161951	-82.016500
	0.037692	-20.707231	115.161951	-82.076100
	0.037701	-20.753183	115.161951	-82.076100
	0.037711	-21.149467	115.161951	-82.135700
	0.037720	-20.305727	115.161951	-82.135700
	0.037730	-21.043137	115.161951	-82.076100
	0.037739	-21.511142	115.161951	-82.135700
	0.037748	-21.179735	115.161951	-82.135700
	0.037758	-22.046663	115.161951	-82.135700
	0.037767	-22.036970	115.161951	-82.135700
	0.037777	-21.568625	115.161951	-82.135700
	0.037786	-21.226769	115.161951	-82.195300
	0.037796	-21.724635	115.161951	-82.135700
	0.037805	-21.756639	115.161951	-82.135700
	0.037815	-22.042113	115.161951	-82.076100
	0.037824	-20.505778	115.161951	-82.076100
	0.037834	-21.796416	115.161951	-82.016500
	0.037843	-22.212362	115.161951	-82.135700
	0.037853	-21.602790	115.161951	-82.135700
	0.037862	-22.339731	115.161951	-82.135700
	0.037872	-22.377035	115.161951	-82.195300
	0.037881	-21.365280	115.161951	-82.314500
	0.037891	-22.163326	115.161951	-82.374100
	0.037900	-22.155696	115.161951	-82.135700
	0.037909	-21.242969	115.161951	-81.837600
	0.037919	-22.046592	115.161951	-81.778000
	0.037928	-21.198046	115.161951	-81.778000
	0.037938	-21.184757	115.161951	-81.778000
	0.037947	-20.904634	115.161951	-81.837600
	0.037957	-20.683931	115.161951	-81.897200
	0.037966	-20.700806	115.161951	-81.837600
	0.037976	-22.571945	115.161951	-81.837600
	0.037985	-20.819046	115.161951	-81.956900
	0.037995	-21.528261	115.161951	-82.016500
	0.038004	-22.008639	115.161951	-82.016500
	0.038014	-21.490964	115.161951	-82.076100
	0.038023	-22.167499	115.161951	-82.016500
	0.038033	-21.246390	115.161951	-82.076100
	0.038042	-21.641514	115.161951	-82.076100
	0.038051	-21.190287	115.161951	-82.135700
	0.038061	-21.275078	115.161951	-82.135700
	0.038070	-22.438390	115.161951	-82.195300
	0.038080	-21.698962	115.161951	-82.195300
	0.038089	-21.456893	115.161951	-82.195300
	0.038099	-22.316205	115.161951	-82.195300
	0.038108	-21.965815	115.161951	-82.195300
	0.038118	-21.199530	115.161951	-82.135700
	0.038127	-20.571343	115.161951	-82.135700
	0.038137	-20.539201	115.161951	-82.195300
	0.038146	-20.671259	115.161951	-82.135700
	0.038156	-20.037155	115.161951	-82.135700
	0.038165	-20.969150	115.161951	-82.076100
	0.038175	-20.401420	115.161951	-82.076100
	0.038184	-20.812611	115.161951	-82.076100
	0.038194	-22.010543	115.161951	-82.076100
	0.038203	-22.175279	115.161951	-82.076100
	0.038212	-20.798986	115.161951	-82.076100
	0.038222	-21.491405	115.161951	-82.076100
	0.038231	-21.182220	115.161951	-82.135700
	0.038241	-21.478079	115.161951	-82.195300
	0.038250	-21.657607	115.161951	-82.195300
	0.038260	-21.251646	115.161951	-82.254900
	0.038269	-21.879222	115.161951	-82.314500
	0.038279	-21.485011	115.161951	-82.374100
	0.038288	-21.135851	115.161951	-82.433700
	0.038298	-21.667854	115.161951	-82.552900
	0.038307	-20.964510	115.161951	-82.612500
	0.038317	-22.275808	115.161951	-82.672100
	0.038326	-21.248025	115.161951	-82.672100
	0.038336	-21.036674	115.161951	-82.791300
	0.038345	-22.096401	115.161951	-82.850900
	0.038354	-22.635792	115.161951	-82.910500
	0.038364	-21.544791	115.161951	-82.910500
	0.038373	-21.315454	115.161951	-82.970100
	0.038383	-21.891218	115.161951	-82.970100
	0.038392	-20.954996	115.161951	-83.029700
	0.038402	-21.228744	115.161951	-83.029700
	0.038411	-21.723946	115.161951	-83.089300
	0.038421	-21.237629	115.161951	-83.029700
	0.038430	-21.340877	115.161951	-83.089300
	0.038440	-21.610652	115.161951	-83.089300
	0.038449	-20.864456	115.161951	-83.148900
	0.038459	-21.257271	115.161951	-83.148900
	0.038468	-21.360372	115.161951	-83.148900
	0.038478	-21.466650	115.161951	-83.208500
	0.038487	-21.823772	115.161951	-83.268200
	0.038497	-21.191668	115.161951	-83.208500
	0.038506	-22.443773	115.161951	-83.268200
	0.038515	-21.460765	115.161951	-83.268200
	0.038525	-22.378158	115.161951	-83.208500
	0.038534	-22.134106	115.161951	-83.208500
	0.038544	-20.202552	115.161951	-83.268200
	0.038553	-20.129383	115.161951	-83.327800
	0.038563	-21.915695	115.161951	-83.327800
	0.038572	-21.204658	115.161951	-83.327800
	0.038582	-21.341326	115.161951	-83.327800
	0.038591	-21.900865	115.161951	-83.268200
	0.038601	-21.545597	115.161951	-83.268200
	0.038610	-21.878250	115.161951	-83.268200
	0.038620	-21.326364	115.161951	-83.268200
	0.038629	-21.759910	115.161951	-83.268200
	0.038639	-21.492104	115.161951	-83.268200
	0.038648	-20.890858	115.161951	-83.268200
	0.038657	-22.155084	115.161951	-83.268200
	0.038667	-22.314449	115.161951	-83.327800
	0.038676	-21.829695	115.161951	-83.387400
	0.038686	-22.142595	115.161951	-83.447000
	0.038695	-22.155498	115.161951	-83.506600
	0.038705	-21.777216	115.161951	-83.506600
	0.038714	-23.064413	115.161951	-83.506600
	0.038724	-21.615827	115.161951	-83.506600
	0.038733	-22.954655	115.161951	-83.447000
	0.038743	-22.274804	115.161951	-83.506600
	0.038752	-21.929047	115.161951	-83.506600
	0.038762	-22.362665	115.161951	-83.566200
	0.038771	-22.130045	115.161951	-83.566200
	0.038781	-22.719350	115.161951	-83.566200
	0.038790	-22.392825	115.161951	-83.625800
	0.038800	-21.867412	115.161951	-83.745000
	0.038809	-22.478730	115.161951	-83.745000
	0.038818	-22.364779	115.161951	-83.745000
	0.038828	-21.986920	115.161951	-83.804600
	0.038837	-22.223911	115.161951	-83.804600
	0.038847	-23.172300	115.161951	-83.804600
	0.038856	-22.232865	115.161951	-83.864200
	0.038866	-22.357006	115.161951	-83.864200
	0.038875	-21.620673	115.161951	-83.983400
	0.038885	-22.634467	115.161951	-83.983400
	0.038894	-23.658531	115.161951	-83.983400
	0.038904	-23.378224	115.161951	-84.043000
	0.038913	-22.095239	115.161951	-83.983400
	0.038923	-22.150871	115.161951	-83.983400
	0.038932	-22.515016	115.161951	-83.983400
	0.038942	-22.785241	115.161951	-83.983400
	0.038951	-23.790099	115.161951	-84.043000
	0.038960	-22.812653	115.161951	-84.102600
	0.038970	-23.959623	115.161951	-84.102600
	0.038979	-22.660948	115.161951	-84.162200
	0.038989	-23.448062	115.161951	-84.162200
	0.038998	-23.794712	115.161951	-84.221800
	0.039008	-23.309314	115.161951	-84.221800
	0.039017	-23.779574	115.161951	-84.221800
	0.039027	-22.475619	115.161951	-84.221800
	0.039036	-22.260277	115.161951	-84.341000
	0.039046	-23.127671	115.161951	-84.400600
	0.039055	-22.690455	115.161951	-84.400600
	0.039065	-22.418775	115.161951	-84.400600
	0.039074	-24.144081	115.161951	-84.400600
	0.039084	-22.455950	115.161951	-84.519900
	0.039093	-22.756287	115.161951	-84.639100
	0.039103	-22.860061	115.161951	-84.698700
	0.039112	-23.130558	115.161951	-84.698700
	0.039121	-21.825019	115.161951	-84.698700
	0.039131	-22.725571	115.161951	-84.639100
	0.039140	-22.715455	115.161951	-84.758300
	0.039150	-22.544953	115.161951	-84.817900
	0.039159	-22.484664	115.161951	-84.817900
	0.039169	-22.839686	115.161951	-84.817900
	0.039178	-22.693176	115.161951	-84.817900
	0.039188	-23.414501	115.161951	-84.817900
	0.039197	-23.101941	115.161951	-84.937100
	0.039207	-22.758475	115.161951	-84.996700
	0.039216	-23.844215	115.161951	-84.996700
	0.039226	-22.650878	115.161951	-85.056300
	0.039235	-23.161836	115.161951	-85.115900
	0.039245	-22.583896	115.161951	-85.115900
	0.039254	-22.730181	115.161951	-85.115900
	0.039263	-22.896852	115.161951	-85.115900
	0.039273	-22.296667	115.161951	-85.115900
	0.039282	-22.573150	115.161951	-85.175500
	0.039292	-22.983595	115.161951	-85.235100
	0.039301	-21.971723	115.161951	-85.235100
	0.039311	-23.668183	115.161951	-85.175500
	0.039320	-23.783777	115.161951	-85.175500
	0.039330	-22.928268	115.161951	-85.235100
	0.039339	-22.995587	115.161951	-85.294700
	0.039349	-22.495478	115.161951	-85.354300
	0.039358	-22.683021	115.161951	-85.413900
	0.039368	-22.019743	115.161951	-85.413900
	0.039377	-23.120075	115.161951	-85.473500
	0.039387	-23.340780	115.161951	-85.473500
	0.039396	-23.205465	115.161951	-85.533100
	0.039406	-22.895899	115.161951	-85.533100
	0.039415	-23.209840	115.161951	-85.533100
	0.039424	-22.666316	115.161951	-85.533100
	0.039434	-23.607795	115.161951	-85.533100
	0.039443	-23.450839	115.161951	-85.711900
	0.039453	-23.551240	115.161951	-85.711900
	0.039462	-23.596717	115.161951	-85.711900
	0.039472	-24.540948	115.161951	-85.711900
	0.039481	-22.829578	115.161951	-85.711900
	0.039491	-24.682691	115.161951	-85.831200
	0.039500	-23.982582	115.161951	-85.771500
	0.039510	-25.222109	115.161951	-85.771500
	0.039519	-25.012947	115.161951	-85.831200
	0.039529	-24.657394	115.161951	-85.831200
	0.039538	-25.473290	115.161951	-85.950400
	0.039548	-25.252696	115.161951	-85.950400
	0.039557	-24.142221	115.161951	-86.069600
	0.039566	-25.078652	115.161951	-86.069600
	0.039576	-24.577194	115.161951	-86.069600
	0.039585	-24.132253	115.161951	-86.069600
	0.039595	-24.554559	115.161951	-86.188800
	0.039604	-24.682967	115.161951	-86.248400
	0.039614	-25.169912	115.161951	-86.248400
	0.039623	-24.731135	115.161951	-86.188800
	0.039633	-24.957016	115.161951	-86.188800
	0.039642	-25.029902	115.161951	-86.248400
	0.039652	-23.511581	115.161951	-86.308000
	0.039661	-24.524912	115.161951	-86.248400
	0.039671	-23.210484	115.161951	-86.308000
	0.039680	-24.413728	115.161951	-86.367600
	0.039690	-25.482040	115.161951	-86.486800
	0.039699	-24.388618	115.161951	-86.546400
	0.039709	-24.566884	115.161951	-86.486800
	0.039718	-25.807729	115.161951	-86.486800
	0.039727	-25.821726	115.161951	-86.486800
	0.039737	-24.717032	115.161951	-86.486800
	0.039746	-24.957514	115.161951	-86.546400
	0.039756	-24.366829	115.161951	-86.665600
	0.039765	-25.531657	115.161951	-86.725200
	0.039775	-25.161949	115.161951	-86.784800
	0.039784	-24.285983	115.161951	-86.784800
	0.039794	-23.893619	115.161951	-86.844400
	0.039803	-24.403590	115.161951	-86.784800
	0.039813	-24.742891	115.161951	-86.844400
	0.039822	-25.096882	115.161951	-86.844400
	0.039832	-24.738494	115.161951	-86.904000
	0.039841	-24.798666	115.161951	-86.904000
	0.039851	-25.367371	115.161951	-86.904000
	0.039860	-25.157036	115.161951	-86.963600
	0.039869	-24.652274	115.161951	-86.963600
	0.039879	-24.951072	115.161951	-86.963600
	0.039888	-25.547055	115.161951	-87.023200
	0.039898	-24.900960	115.161951	-87.082900
	0.039907	-24.417513	115.161951	-87.082900
	0.039917	-25.258967	115.161951	-87.082900
	0.039926	-24.483066	115.161951	-87.202100
	0.039936	-23.736546	115.161951	-87.321300
	0.039945	-24.206001	115.161951	-87.380900
	0.039955	-24.837138	115.161951	-87.380900
	0.039964	-24.832976	115.161951	-87.380900
	0.039974	-24.189846	115.161951	-87.380900
	0.039983	-23.757550	115.161951	-87.380900
	0.039993	-24.831362	115.161951	-87.440500
	0.040002	-24.025178	115.161951	-87.440500
	0.040012	-23.703999	115.161951	-87.380900
	0.040021	-23.308934	115.161951	-87.380900
	0.040030	-24.107776	115.161951	-87.380900
	0.040040	-23.773478	115.161951	-87.500100
	0.040049	-23.242187	115.161951	-87.559700
	0.040059	-23.332604	115.161951	-87.619300
	0.040068	-23.966963	115.161951	-87.678900
	0.040078	-23.937877	115.161951	-87.678900
	0.040087	-23.173345	115.161951	-87.738500
	0.040097	-22.907617	115.161951	-87.738500
	0.040106	-24.076900	115.161951	-87.738500
	0.040116	-23.542513	115.161951	-87.738500
	0.040125	-24.237139	115.161951	-87.798100
	0.040135	-24.272314	115.161951	-87.917300
	0.040144	-24.239419	115.161951	-87.917300
	0.040154	-24.840697	115.161951	-87.857700
	0.040163	-24.248165	115.161951	-87.798100
	0.040172	-24.325434	115.161951	-87.798100
	0.040182	-23.885108	115.161951	-87.857700
	0.040191	-22.967142	115.161951	-87.798100
	0.040201	-24.235232	115.161951	-87.917300
	0.040210	-23.865218	115.161951	-87.917300
	0.040220	-24.208090	115.161951	-87.917300
	0.040229	-24.945959	115.161951	-87.976900
	0.040239	-24.135783	115.161951	-88.036500
	0.040248	-24.371659	115.161951	-88.036500
	0.040258	-25.291665	115.161951	-88.036500
	0.040267	-25.499047	115.161951	-88.036500
	0.040277	-24.259482	115.161951	-87.976900
	0.040286	-26.565211	115.161951	-87.619300
	0.040296	-25.346575	115.161951	-87.500100
	0.040305	-24.944712	115.161951	-87.440500
	0.040315	-26.483643	115.161951	-87.440500
	0.040324	-25.641094	115.161951	-87.440500
	0.040333	-26.352969	115.161951	-87.440500
	0.040343	-26.048046	115.161951	-87.440500
	0.040352	-25.744589	115.161951	-87.500100
	0.040362	-26.109808	115.161951	-87.559700
	0.040371	-26.194658	115.161951	-87.500100
	0.040381	-26.038009	115.161951	-87.559700
	0.040390	-26.092652	115.161951	-87.619300
	0.040400	-25.436342	115.161951	-87.619300
	0.040409	-25.013025	115.161951	-87.678900
	0.040419	-24.867840	115.161951	-87.678900
	0.040428	-25.256773	115.161951	-87.678900
	0.040438	-26.156226	115.161951	-87.678900
	0.040447	-27.139089	115.161951	-87.738500
	0.040457	-26.211197	115.161951	-87.738500
	0.040466	-25.946941	115.161951	-87.738500
	0.040475	-25.997676	115.161951	-87.798100
	0.040485	-26.063124	115.161951	-87.798100
	0.040494	-25.735528	115.161951	-87.917300
	0.040504	-25.475669	115.161951	-87.857700
	0.040513	-25.368809	115.161951	-87.678900
	0.040523	-26.050746	115.161951	-87.678900
	0.040532	-26.613515	115.161951	-87.738500
	0.040542	-26.383079	115.161951	-87.798100
	0.040551	-26.168562	115.161951	-87.917300
	0.040561	-27.968269	115.161951	-87.917300
	0.040570	-26.544684	115.161951	-87.917300
	0.040580	-27.414872	115.161951	-87.917300
	0.040589	-28.232995	115.161951	-87.917300
	0.040599	-28.897797	115.161951	-87.917300
	0.040608	-27.296592	115.161951	-87.917300
	0.040618	-28.328587	115.161951	-87.917300
	0.040627	-28.877071	115.161951	-87.917300
	0.040636	-27.563595	115.161951	-87.917300
	0.040646	-27.656422	115.161951	-87.917300
	0.040655	-27.437130	115.161951	-87.976900
	0.040665	-28.022308	115.161951	-87.976900
	0.040674	-27.067376	115.161951	-87.917300
	0.040684	-27.991918	115.161951	-87.976900
	0.040693	-28.416257	115.161951	-88.036500
	0.040703	-28.738547	115.161951	-88.096100
	0.040712	-28.963896	115.161951	-88.036500
	0.040722	-29.005595	115.161951	-88.036500
	0.040731	-28.600885	115.161951	-88.036500
	0.040741	-28.899870	115.161951	-88.096100
	0.040750	-29.101729	115.161951	-88.215300
	0.040760	-28.948631	115.161951	-88.215300
	0.040769	-28.378678	115.161951	-88.274900
	0.040778	-29.048747	115.161951	-88.334500
	0.040788	-27.907086	115.161951	-88.453800
	0.040797	-27.666132	115.161951	-88.513400
	0.040807	-29.052637	115.161951	-88.632600
	0.040816	-28.815247	115.161951	-88.692200
	0.040826	-28.857630	115.161951	-88.751800
	0.040835	-28.670204	115.161951	-88.751800
	0.040845	-28.251559	115.161951	-88.871000
	0.040854	-28.732372	115.161951	-89.049800
	0.040864	-29.172327	115.161951	-89.109400
	0.040873	-28.492888	115.161951	-89.109400
	0.040883	-28.618174	115.161951	-89.109400
	0.040892	-29.051881	115.161951	-89.228600
	0.040902	-29.042505	115.161951	-89.288200
	0.040911	-28.309676	115.161951	-89.347800
	0.040921	-27.080253	115.161951	-89.347800
	0.040930	-28.638782	115.161951	-89.347800
	0.040939	-29.053964	115.161951	-89.347800
	0.040949	-28.426299	115.161951	-89.407400
	0.040958	-29.797123	115.161951	-89.407400
	0.040968	-29.406520	115.161951	-89.407400
	0.040977	-28.344978	115.161951	-89.407400
	0.040987	-27.956262	115.161951	-89.586200
	0.040996	-29.331242	115.161951	-89.586200
	0.041006	-28.992837	115.161951	-89.586200
	0.041015	-29.527037	115.161951	-89.586200
	0.041025	-29.579062	115.161951	-89.645900
	0.041034	-28.620460	115.161951	-89.765100
	0.041044	-29.738569	115.161951	-89.765100
	0.041053	-28.706158	115.161951	-89.765100
	0.041063	-29.172283	115.161951	-89.705500
	0.041072	-29.136590	115.161951	-89.765100
	0.041081	-28.529822	115.161951	-89.765100
	0.041091	-27.657758	115.161951	-89.884300
	0.041100	-28.714724	115.161951	-89.884300
	0.041110	-28.984692	115.161951	-89.884300
	0.041119	-28.314218	115.161951	-89.884300
	0.041129	-28.506785	115.161951	-89.943900
	0.041138	-28.670966	115.161951	-89.824700
	0.041148	-29.590512	115.161951	-89.705500
	0.041157	-28.454785	115.161951	-89.645900
	0.041167	-29.947410	115.161951	-89.645900
	0.041176	-29.958290	115.161951	-89.645900
	0.041186	-28.821561	115.161951	-89.645900
	0.041195	-28.637314	115.161951	-89.645900
	0.041205	-30.068295	115.161951	-89.645900
	0.041214	-29.772603	115.161951	-89.586200
	0.041224	-30.853622	115.161951	-89.586200
	0.041233	-32.012805	115.161951	-89.407400
	0.041242	-32.047573	115.161951	-89.228600
	0.041252	-31.250422	115.161951	-89.228600
	0.041261	-31.640022	115.161951	-89.228600
	0.041271	-31.762618	115.161951	-89.347800
	0.041280	-31.563593	115.161951	-89.407400
	0.041290	-32.887974	115.161951	-89.467000
	0.041299	-31.324522	115.161951	-89.467000
	0.041309	-32.080039	115.161951	-89.467000
	0.041318	-32.367146	115.161951	-89.228600
	0.041328	-32.300097	115.161951	-89.049800
	0.041337	-32.275655	115.161951	-88.990200
	0.041347	-32.194191	115.161951	-89.049800
	0.041356	-32.581000	115.161951	-89.049800
	0.041366	-31.978183	115.161951	-89.049800
	0.041375	-31.697801	115.161951	-89.049800
	0.041384	-31.519573	115.161951	-89.109400
	0.041394	-32.181609	115.161951	-89.169000
	0.041403	-31.325423	115.161951	-89.109400
	0.041413	-33.168943	115.161951	-89.109400
	0.041422	-32.602000	115.161951	-89.169000
	0.041432	-32.462138	115.161951	-89.169000
	0.041441	-32.396149	115.161951	-89.228600
	0.041451	-32.515940	115.161951	-89.228600
	0.041460	-32.120069	115.161951	-89.228600
	0.041470	-31.533330	115.161951	-89.288200
	0.041479	-32.726130	115.161951	-89.347800
	0.041489	-31.829733	115.161951	-89.467000
	0.041498	-32.145706	115.161951	-89.943900
	0.041508	-31.865523	115.161951	-90.480300
	0.041517	-32.775704	115.161951	-90.599500
	0.041527	-33.664682	115.161951	-90.659100
	0.041536	-32.781434	115.161951	-90.718700
	0.041545	-32.619684	115.161951	-90.718700
	0.041555	-33.724054	115.161951	-90.718700
	0.041564	-32.325582	115.161951	-90.718700
	0.041574	-31.805305	115.161951	-90.778300
	0.041583	-32.982970	115.161951	-90.718700
	0.041593	-32.990933	115.161951	-90.718700
	0.041602	-31.851751	115.161951	-90.718700
	0.041612	-32.061893	115.161951	-90.778300
	0.041621	-33.058526	115.161951	-90.778300
	0.041631	-31.777279	115.161951	-90.837900
	0.041640	-32.810015	115.161951	-91.016800
	0.041650	-31.572678	115.161951	-91.016800
	0.041659	-32.046852	115.161951	-91.076400
	0.041669	-32.004482	115.161951	-91.076400
	0.041678	-31.630252	115.161951	-91.136000
	0.041687	-32.118562	115.161951	-91.195600
	0.041697	-32.147537	115.161951	-91.195600
	0.041706	-32.748157	115.161951	-91.195600
	0.041716	-32.066966	115.161951	-91.195600
	0.041725	-32.852343	115.161951	-91.255200
	0.041735	-33.219563	115.161951	-91.195600
	0.041744	-33.123761	115.161951	-91.195600
	0.041754	-33.222301	115.161951	-91.195600
	0.041763	-32.359388	115.161951	-91.314800
	0.041773	-33.339991	115.161951	-91.314800
	0.041782	-32.507069	115.161951	-91.314800
	0.041792	-33.558254	115.161951	-91.374400
	0.041801	-33.019364	115.161951	-91.374400
	0.041811	-32.375318	115.161951	-91.374400
	0.041820	-32.003132	115.161951	-91.374400
	0.041829	-32.659882	115.161951	-91.434000
	0.041839	-32.894846	115.161951	-91.493600
	0.041848	-32.331844	115.161951	-91.553200
	0.041858	-31.266566	115.161951	-91.553200
	0.041867	-31.697098	115.161951	-91.553200
	0.041877	-33.042150	115.161951	-91.553200
	0.041886	-32.771839	115.161951	-91.612800
	0.041896	-33.337422	115.161951	-91.672400
	0.041905	-33.768304	115.161951	-91.732000
	0.041915	-33.464750	115.161951	-91.732000
	0.041924	-35.654263	115.161951	-91.672400
	0.041934	-36.218728	115.161951	-91.553200
	0.041943	-35.729945	115.161951	-91.553200
	0.041953	-36.572728	115.161951	-91.553200
	0.041962	-35.881943	115.161951	-91.553200
	0.041972	-36.205367	115.161951	-91.553200
	0.041981	-34.802384	115.161951	-91.612800
	0.041990	-35.607332	115.161951	-91.672400
	0.042000	-36.341301	115.161951	-91.672400
	0.042009	-35.777193	115.161951	-91.732000
	0.042019	-36.936399	115.161951	-91.851200
	0.042028	-37.439382	115.161951	-91.851200
	0.042038	-36.636704	115.161951	-91.910800
	0.042047	-36.112597	115.161951	-91.970400
	0.042057	-36.711867	115.161951	-91.910800
	0.042066	-35.973297	115.161951	-91.910800
	0.042076	-36.137647	115.161951	-91.910800
	0.042085	-36.900980	115.161951	-91.970400
	0.042095	-35.833580	115.161951	-91.970400
	0.042104	-36.410957	115.161951	-92.030000
	0.042114	-36.277007	115.161951	-92.030000
	0.042123	-36.604993	115.161951	-92.089600
	0.042132	-37.528639	115.161951	-92.149200
	0.042142	-36.501892	115.161951	-92.149200
	0.042151	-38.242013	115.161951	-92.208900
	0.042161	-36.006963	115.161951	-92.208900
	0.042170	-37.095725	115.161951	-92.208900
	0.042180	-36.163683	115.161951	-92.268500
	0.042189	-36.485028	115.161951	-92.328100
	0.042199	-36.003406	115.161951	-92.447300
	0.042208	-35.457618	115.161951	-92.387700
	0.042218	-36.875250	115.161951	-92.387700
	0.042227	-36.418047	115.161951	-92.387700
	0.042237	-36.624719	115.161951	-92.506900
	0.042246	-36.648032	115.161951	-92.626100
	0.042256	-36.692275	115.161951	-92.566500
	0.042265	-36.350641	115.161951	-92.566500
	0.042275	-38.159610	115.161951	-92.626100
	0.042284	-36.521549	115.161951	-92.745300
	0.042293	-36.758075	115.161951	-92.804900
	0.042303	-37.981160	115.161951	-92.804900
	0.042312	-36.520051	115.161951	-92.804900
	0.042322	-37.081890	115.161951	-92.804900
	0.042331	-36.402677	115.161951	-92.864500
	0.042341	-35.595768	115.161951	-92.983700
	0.042350	-36.284236	115.161951	-92.983700
	0.042360	-36.088346	115.161951	-92.983700
	0.042369	-36.444920	115.161951	-92.864500
	0.042379	-35.911209	115.161951	-91.732000
	0.042388	-37.068074	115.161951	-91.016800
	0.042398	-36.677209	115.161951	-90.837900
	0.042407	-37.410190	115.161951	-90.837900
	0.042417	-37.163369	115.161951	-90.837900
	0.042426	-38.121643	115.161951	-90.897500
	0.042435	-36.389427	115.161951	-90.957200
	0.042445	-37.623170	115.161951	-91.016800
	0.042454	-36.525360	115.161951	-91.016800
	0.042464	-37.022481	115.161951	-91.016800
	0.042473	-37.370702	115.161951	-91.016800
	0.042483	-36.401536	115.161951	-91.076400
	0.042492	-37.318380	115.161951	-91.136000
	0.042502	-38.433728	115.161951	-91.136000
	0.042511	-37.606417	115.161951	-91.136000
	0.042521	-37.371051	115.161951	-91.136000
	0.042530	-39.301826	115.161951	-90.897500
	0.042540	-39.097564	115.161951	-90.420700
	0.042549	-39.114354	115.161951	-90.301500
	0.042559	-39.429282	115.161951	-90.241900
	0.042568	-39.114692	115.161951	-90.182300
	0.042578	-38.445364	115.161951	-90.241900
	0.042587	-38.582202	115.161951	-90.301500
	0.042596	-38.820153	115.161951	-90.301500
	0.042606	-38.759048	115.161951	-90.420700
	0.042615	-38.852088	115.161951	-90.480300
	0.042625	-39.063500	115.161951	-90.480300
	0.042634	-42.042057	115.161951	-90.241900
	0.042644	-41.457362	115.161951	-89.943900
	0.042653	-41.634662	115.161951	-89.884300
	0.042663	-41.661302	115.161951	-89.943900
	0.042672	-42.331212	115.161951	-90.003500
	0.042682	-41.223353	115.161951	-90.003500
	0.042691	-41.700077	115.161951	-89.943900
	0.042701	-40.220485	115.161951	-89.943900
	0.042710	-42.453717	115.161951	-90.063100
	0.042720	-41.638340	115.161951	-90.063100
	0.042729	-42.241322	115.161951	-90.122700
	0.042738	-42.103197	115.161951	-90.182300
	0.042748	-43.386675	115.161951	-90.241900
	0.042757	-43.611574	115.161951	-90.241900
	0.042767	-44.177442	115.161951	-90.003500
	0.042776	-43.301305	115.161951	-89.943900
	0.042786	-43.845921	115.161951	-90.003500
	0.042795	-43.078888	115.161951	-90.063100
	0.042805	-43.065246	115.161951	-90.063100
	0.042814	-42.315129	115.161951	-90.063100
	0.042824	-42.141946	115.161951	-90.063100
	0.042833	-43.609902	115.161951	-90.182300
	0.042843	-41.735229	115.161951	-90.241900
	0.042852	-42.408538	115.161951	-90.241900
	0.042862	-43.454134	115.161951	-90.182300
	0.042871	-43.291782	115.161951	-90.063100
	0.042881	-42.868927	115.161951	-90.063100
	0.042890	-43.531991	115.161951	-90.122700
	0.042899	-43.464588	115.161951	-90.063100
	0.042909	-43.960274	115.161951	-90.063100
	0.042918	-42.541888	115.161951	-90.122700
	0.042928	-43.889886	115.161951	-90.122700
	0.042937	-43.804559	115.161951	-90.122700
	0.042947	-44.278312	115.161951	-90.122700
	0.042956	-43.555204	115.161951	-90.182300
	0.042966	-43.448404	115.161951	-90.241900
	0.042975	-43.373976	115.161951	-90.182300
	0.042985	-43.672822	115.161951	-90.301500
	0.042994	-43.325870	115.161951	-90.301500
	0.043004	-43.326068	115.161951	-90.420700
	0.043013	-44.247931	115.161951	-90.420700
	0.043023	-42.995271	115.161951	-90.420700
	0.043032	-44.592091	115.161951	-90.361100
	0.043041	-43.319138	115.161951	-90.361100
	0.043051	-43.665956	115.161951	-90.361100
	0.043060	-43.527191	115.161951	-90.420700
	0.043070	-44.700080	115.161951	-90.361100
	0.043079	-44.622796	115.161951	-90.361100
	0.043089	-49.574393	115.161951	-89.884300
	0.043098	-49.552204	115.161951	-88.930600
	0.043108	-49.435736	115.161951	-88.751800
	0.043117	-49.164663	115.161951	-88.692200
	0.043127	-49.434590	115.161951	-88.573000
	0.043136	-49.388302	115.161951	-88.632600
	0.043146	-49.100412	115.161951	-88.692200
	0.043155	-50.231073	115.161951	-88.573000
	0.043165	-48.944083	115.161951	-88.573000
	0.043174	-48.314773	115.161951	-88.632600
	0.043184	-48.343023	115.161951	-88.632600
	0.043193	-49.497940	115.161951	-88.751800
	0.043202	-52.381760	115.161951	-87.261700
	0.043212	-59.208992	115.161951	-82.612500
	0.043221	-61.008305	115.161951	-79.453500
	0.043231	-61.389396	115.161951	-78.559400
	0.043240	-61.061205	115.161951	-78.380600
	0.043250	-63.737924	115.161951	-78.082600
	0.043259	-66.781881	115.161951	-77.069300
	0.043269	-67.147256	115.161951	-76.413600
	0.043278	-66.571374	115.161951	-76.234800
	0.043288	-66.385284	115.161951	-76.413600
	0.043297	-66.770139	115.161951	-76.532800
	0.043307	-66.652476	115.161951	-76.532800
	0.043316	-66.259129	115.161951	-76.532800
	0.043326	-67.191523	115.161951	-76.532800
	0.043335	-66.938180	115.161951	-76.532800
	0.043344	-66.475010	115.161951	-76.592400
	0.043354	-66.702961	115.161951	-76.592400
	0.043363	-66.487796	115.161951	-76.592400
	0.043373	-65.851278	115.161951	-76.592400
	0.043382	-66.748464	115.161951	-76.592400
	0.043392	-66.395801	115.161951	-76.652000
	0.043401	-65.996183	115.161951	-76.532800
	0.043411	-66.730159	115.161951	-76.473200
	0.043420	-66.251617	115.161951	-76.473200
	0.043430	-66.635558	115.161951	-76.532800
	0.043439	-66.755838	115.161951	-76.532800
	0.043449	-66.190034	115.161951	-76.592400
	0.043458	-66.695552	115.161951	-76.652000
	0.043468	-67.414305	115.161951	-76.532800
	0.043477	-67.355535	115.161951	-76.532800
	0.043487	-67.623606	115.161951	-76.592400
	0.043496	-67.141108	115.161951	-76.592400
	0.043505	-67.631901	115.161951	-76.592400
	0.043515	-67.291350	115.161951	-76.592400
	0.043524	-67.242763	115.161951	-76.532800
	0.043534	-67.627591	115.161951	-76.532800
	0.043543	-68.317301	115.161951	-76.532800
	0.043553	-66.709204	115.161951	-76.473200
	0.043562	-67.948704	115.161951	-76.473200
	0.043572	-66.538279	115.161951	-76.413600
	0.043581	-67.504434	115.161951	-76.473200
	0.043591	-68.072407	115.161951	-76.473200
	0.043600	-68.066871	115.161951	-76.532800
	0.043610	-68.615232	115.161951	-76.532800
	0.043619	-68.497651	115.161951	-76.473200
	0.043629	-68.022079	115.161951	-76.473200
	0.043638	-68.303540	115.161951	-76.413600
	0.043647	-67.795498	115.161951	-76.413600
	0.043657	-67.747920	115.161951	-76.354000
	0.043666	-67.881231	115.161951	-76.354000
	0.043676	-68.095717	115.161951	-76.354000
	0.043685	-68.963218	115.161951	-76.354000
	0.043695	-68.276507	115.161951	-76.354000
	0.043704	-68.232016	115.161951	-76.354000
	0.043714	-68.510663	115.161951	-76.413600
	0.043723	-68.455736	115.161951	-76.473200
	0.043733	-72.718778	115.161951	-76.115600
	0.043742	-73.579976	115.161951	-74.983100
	0.043752	-73.478898	115.161951	-74.565900
	0.043761	-72.962720	115.161951	-74.506300
	0.043771	-74.583521	115.161951	-74.506300
	0.043780	-74.809687	115.161951	-74.506300
	0.043790	-73.934944	115.161951	-74.565900
	0.043799	-73.972491	115.161951	-74.625500
	0.043808	-74.802147	115.161951	-74.565900
	0.043818	-74.014091	115.161951	-74.506300
	0.043827	-76.038874	115.161951	-74.506300
	0.043837	-73.635946	115.161951	-74.506300
	0.043846	-78.442150	115.161951	-73.612200
	0.043856	-78.546714	115.161951	-72.956600
	0.043865	-78.930680	115.161951	-72.777700
	0.043875	-78.088281	115.161951	-72.718100
	0.043884	-77.808701	115.161951	-72.777700
	0.043894	-77.027838	115.161951	-72.837300
	0.043903	-77.644545	115.161951	-72.837300
	0.043913	-78.006794	115.161951	-72.777700
	0.043922	-77.930881	115.161951	-72.777700
	0.043932	-77.578986	115.161951	-72.777700
	0.043941	-77.475473	115.161951	-72.718100
	0.043950	-77.292979	115.161951	-72.598900
	0.043960	-78.277292	115.161951	-72.539300
	0.043969	-77.922949	115.161951	-72.479700
	0.043979	-78.192999	115.161951	-72.420100
	0.043988	-77.955173	115.161951	-72.420100
	0.043998	-77.842881	115.161951	-72.300900
	0.044007	-84.895824	115.161951	-71.108800
	0.044017	-85.957003	115.161951	-70.214700
	0.044026	-85.321341	115.161951	-69.976300
	0.044036	-85.654136	115.161951	-69.976300
	0.044045	-85.611709	115.161951	-69.976300
	0.044055	-86.854833	115.161951	-69.916700
	0.044064	-85.913354	115.161951	-69.916700
	0.044074	-84.999302	115.161951	-69.916700
	0.044083	-86.033466	115.161951	-69.916700
	0.044093	-86.602587	115.161951	-69.916700
	0.044102	-86.094688	115.161951	-69.857100
	0.044111	-86.169716	115.161951	-69.857100
	0.044121	-86.428786	115.161951	-69.916700
	0.044130	-86.300148	115.161951	-69.916700
	0.044140	-86.266314	115.161951	-69.976300
	0.044149	-86.966323	115.161951	-69.916700
	0.044159	-87.253312	115.161951	-69.916700
	0.044168	-87.235516	115.161951	-69.797500
	0.044178	-87.033179	115.161951	-69.797500
	0.044187	-85.128461	115.161951	-69.797500
	0.044197	-86.359262	115.161951	-69.737900
	0.044206	-86.857733	115.161951	-69.618700
	0.044216	-88.726039	115.161951	-69.082200
	0.044225	-87.611452	115.161951	-68.784200
	0.044235	-89.418147	115.161951	-68.665000
	0.044244	-88.817281	115.161951	-68.605400
	0.044253	-88.626879	115.161951	-68.545800
	0.044263	-88.741692	115.161951	-68.605400
	0.044272	-90.123673	115.161951	-68.605400
	0.044282	-89.120942	115.161951	-68.665000
	0.044291	-89.247439	115.161951	-68.665000
	0.044301	-88.895087	115.161951	-68.665000
	0.044310	-89.265607	115.161951	-68.665000
	0.044320	-88.801129	115.161951	-68.665000
	0.044329	-89.444492	115.161951	-68.665000
	0.044339	-89.196363	115.161951	-68.665000
	0.044348	-89.226502	115.161951	-68.605400
	0.044358	-90.055335	115.161951	-68.605400
	0.044367	-89.629791	115.161951	-68.665000
	0.044377	-88.881493	115.161951	-68.665000
	0.044386	-89.751745	115.161951	-68.724600
	0.044396	-89.046377	115.161951	-68.665000
	0.044405	-91.319596	115.161951	-68.605400
	0.044414	-91.762008	115.161951	-68.486200
	0.044424	-91.702874	115.161951	-68.367000
	0.044433	-91.294158	115.161951	-68.367000
	0.044443	-92.613822	115.161951	-68.367000
	0.044452	-93.215225	115.161951	-68.426600
	0.044462	-91.535674	115.161951	-68.367000
	0.044471	-92.290213	115.161951	-68.367000
	0.044481	-92.721294	115.161951	-68.486200
	0.044490	-93.144672	115.161951	-68.486200
	0.044500	-92.099637	115.161951	-68.545800
	0.044509	-93.116214	115.161951	-68.188200
	0.044519	-94.117404	115.161951	-67.472900
	0.044528	-93.662289	115.161951	-67.174900
	0.044538	-99.962188	115.161951	-64.313900
	0.044547	-101.543556	115.161951	-61.750900
	0.044556	-101.439696	115.161951	-61.274000
	0.044566	-100.603484	115.161951	-61.154800
	0.044575	-100.877310	115.161951	-61.095200
	0.044585	-101.315849	115.161951	-61.154800
	0.044594	-101.443978	115.161951	-61.095200
	0.044604	-102.976975	115.161951	-60.737400
	0.044613	-103.005462	115.161951	-60.439300
	0.044623	-102.829010	115.161951	-60.439300
	0.044632	-117.369032	115.161951	-57.637900
	0.044642	-117.123234	115.161951	-55.015300
	0.044651	-117.675245	115.161951	-54.419300
	0.044661	-117.914409	115.161951	-54.300100
	0.044670	-117.615871	115.161951	-54.300100
	0.044680	-117.528921	115.161951	-54.240500
	0.044689	-118.147711	115.161951	-54.240500
	0.044699	-118.712367	115.161951	-54.240500
	0.044708	-120.126784	115.161951	-54.002000
	0.044717	-122.209951	115.161951	-53.465600
	0.044727	-121.079962	115.161951	-53.167600
	0.044736	-121.470956	115.161951	-53.108000
	0.044746	-122.106841	115.161951	-53.048400
	0.044755	-122.709005	115.161951	-52.988800
	0.044765	-121.802569	115.161951	-53.048400
	0.044774	-122.105542	115.161951	-53.048400
	0.044784	-120.698037	115.161951	-53.048400
	0.044793	-120.450057	115.161951	-52.988800
	0.044803	-121.663007	115.161951	-53.048400
	0.044812	-122.935322	115.161951	-53.108000
	0.044822	-122.846426	115.161951	-53.108000
	0.044831	-122.161435	115.161951	-53.108000
	0.044841	-121.274666	115.161951	-53.108000
	0.044850	-122.446817	115.161951	-53.048400
	0.044859	-121.667503	115.161951	-53.048400
	0.044869	-121.986403	115.161951	-53.048400
	0.044878	-122.635668	115.161951	-53.048400
	0.044888	-121.480389	115.161951	-53.048400
	0.044897	-122.532372	115.161951	-52.869600
	0.044907	-121.940089	115.161951	-52.809900
	0.044916	-121.940439	115.161951	-52.809900
	0.044926	-121.907848	115.161951	-52.809900
	0.044935	-122.249427	115.161951	-52.750300
	0.044945	-121.531319	115.161951	-52.750300
	0.044954	-122.474102	115.161951	-52.631100
	0.044964	-122.935167	115.161951	-52.571500
	0.044973	-122.685672	115.161951	-52.571500
	0.044983	-122.779921	115.161951	-52.511900
	0.044992	-123.562902	115.161951	-52.571500
	0.045002	-123.163376	115.161951	-52.511900
	0.045011	-123.181853	115.161951	-52.571500
	0.045020	-123.528865	115.161951	-52.571500
	0.045030	-124.808630	115.161951	-52.571500
	0.045039	-123.430682	115.161951	-52.571500
	0.045049	-124.216058	115.161951	-52.511900
	0.045058	-124.198084	115.161951	-52.511900
	0.045068	-123.350178	115.161951	-52.571500
	0.045077	-123.474979	115.161951	-52.511900
	0.045087	-123.752848	115.161951	-52.452300
	0.045096	-123.202159	115.161951	-52.392700
	0.045106	-123.963000	115.161951	-52.392700
	0.045115	-123.621267	115.161951	-52.452300
	0.045125	-123.709082	115.161951	-52.392700
	0.045134	-123.453385	115.161951	-52.392700
	0.045144	-123.851356	115.161951	-52.333100
	0.045153	-123.350980	115.161951	-52.392700
	0.045162	-124.155626	115.161951	-52.452300
	0.045172	-123.113196	115.161951	-52.452300
	0.045181	-123.616961	115.161951	-52.392700
	0.045191	-123.177864	115.161951	-52.333100
	0.045200	-123.275142	115.161951	-52.333100
	0.045210	-123.492742	115.161951	-52.273500
	0.045219	-124.154076	115.161951	-52.273500
	0.045229	-123.390594	115.161951	-52.213900
	0.045238	-129.580063	115.161951	-51.319800
	0.045248	-128.603982	115.161951	-50.604600
	0.045257	-129.464367	115.161951	-50.366200
	0.045267	-129.036037	115.161951	-50.366200
	0.045276	-128.156579	115.161951	-50.366200
	0.045286	-130.333573	115.161951	-50.366200
	0.045295	-130.275411	115.161951	-50.306600
	0.045305	-129.875772	115.161951	-50.306600
	0.045314	-130.153023	115.161951	-50.306600
	0.045323	-130.307927	115.161951	-50.246900
	0.045333	-130.151363	115.161951	-50.187300
	0.045342	-129.820844	115.161951	-50.187300
	0.045352	-129.600395	115.161951	-50.187300
	0.045361	-130.827681	115.161951	-50.246900
	0.045371	-130.609183	115.161951	-50.246900
	0.045380	-130.732728	115.161951	-50.246900
	0.045390	-130.193626	115.161951	-50.246900
	0.045399	-130.406546	115.161951	-50.246900
	0.045409	-129.452250	115.161951	-50.127700
	0.045418	-130.421094	115.161951	-50.068100
	0.045428	-130.121023	115.161951	-50.008500
	0.045437	-129.538660	115.161951	-49.948900
	0.045447	-129.585542	115.161951	-49.948900
	0.045456	-129.992228	115.161951	-49.948900
	0.045465	-129.411572	115.161951	-49.948900
	0.045475	-129.582806	115.161951	-49.889300
	0.045484	-130.538171	115.161951	-49.829700
	0.045494	-130.438510	115.161951	-49.829700
	0.045503	-129.927258	115.161951	-49.829700
	0.045513	-130.848630	115.161951	-49.770100
	0.045522	-130.005955	115.161951	-49.770100
	0.045532	-129.722899	115.161951	-49.770100
	0.045541	-131.067122	115.161951	-49.710500
	0.045551	-132.032262	115.161951	-49.650900
	0.045560	-131.353279	115.161951	-49.531700
	0.045570	-130.979192	115.161951	-49.531700
	0.045579	-131.526271	115.161951	-49.412500
	0.045589	-132.192883	115.161951	-49.352900
	0.045598	-131.609438	115.161951	-49.412500
	0.045608	-131.554797	115.161951	-49.352900
	0.045617	-131.917459	115.161951	-49.233700
	0.045626	-130.776338	115.161951	-49.233700
	0.045636	-130.434812	115.161951	-49.174100
	0.045645	-131.119017	115.161951	-49.174100
	0.045655	-130.126211	115.161951	-49.174100
	0.045664	-130.774810	115.161951	-49.174100
	0.045674	-131.234369	115.161951	-49.174100
	0.045683	-131.497459	115.161951	-49.174100
	0.045693	-131.394210	115.161951	-49.174100
	0.045702	-130.978325	115.161951	-49.114500
	0.045712	-130.393453	115.161951	-49.054900
	0.045721	-130.610156	115.161951	-49.054900
	0.045731	-130.413635	115.161951	-49.054900
	0.045740	-130.425788	115.161951	-49.233700
	0.045750	-131.093322	115.161951	-49.352900
	0.045759	-130.015312	115.161951	-49.352900
	0.045768	-130.575647	115.161951	-49.412500
	0.045778	-130.524844	115.161951	-49.352900
	0.045787	-130.390686	115.161951	-49.233700
	0.045797	-132.402842	115.161951	-48.935600
	0.045806	-134.340440	115.161951	-48.280000
	0.045816	-135.136318	115.161951	-48.041600
	0.045825	-134.905840	115.161951	-47.982000
	0.045835	-134.855525	115.161951	-48.041600
	0.045844	-134.855517	115.161951	-47.982000
	0.045854	-135.068956	115.161951	-47.982000
	0.045863	-135.733545	115.161951	-48.041600
	0.045873	-135.149639	115.161951	-48.041600
	0.045882	-134.588026	115.161951	-48.101200
	0.045892	-135.831274	115.161951	-48.101200
	0.045901	-135.611632	115.161951	-48.101200
	0.045910	-135.590115	115.161951	-48.101200
	0.045920	-136.587793	115.161951	-48.101200
	0.045929	-135.380056	115.161951	-48.160800
	0.045939	-135.640769	115.161951	-48.160800
	0.045948	-135.949439	115.161951	-48.220400
	0.045958	-134.309073	115.161951	-48.280000
	0.045967	-134.823193	115.161951	-48.280000
	0.045977	-134.576123	115.161951	-48.280000
	0.045986	-133.718635	115.161951	-48.280000
	0.045996	-134.963223	115.161951	-48.339600
	0.046005	-135.438559	115.161951	-48.280000
	0.046015	-136.087805	115.161951	-48.280000
	0.046024	-136.159998	115.161951	-48.041600
	0.046034	-136.920560	115.161951	-47.922400
	0.046043	-137.054864	115.161951	-47.982000
	0.046053	-136.414430	115.161951	-47.922400
	0.046062	-137.214580	115.161951	-47.683900
	0.046071	-137.293855	115.161951	-47.624300
	0.046081	-137.297601	115.161951	-47.564700
	0.046090	-137.581088	115.161951	-47.564700
	0.046100	-137.633856	115.161951	-47.624300
	0.046109	-137.644948	115.161951	-47.683900
	0.046119	-137.486840	115.161951	-47.683900
	0.046128	-137.053269	115.161951	-47.803200
	0.046138	-137.900500	115.161951	-47.803200
	0.046147	-136.606429	115.161951	-47.803200
	0.046157	-137.450106	115.161951	-47.803200
	0.046166	-138.232444	115.161951	-47.862800
	0.046176	-137.555203	115.161951	-47.922400
	0.046185	-138.463499	115.161951	-47.922400
	0.046195	-138.416155	115.161951	-47.982000
	0.046204	-136.865213	115.161951	-48.041600
	0.046213	-137.467910	115.161951	-48.041600
	0.046223	-136.283026	115.161951	-48.041600
	0.046232	-136.270003	115.161951	-48.041600
	0.046242	-136.702734	115.161951	-48.041600
	0.046251	-136.982949	115.161951	-48.041600
	0.046261	-137.263883	115.161951	-48.041600
	0.046270	-135.994080	115.161951	-47.982000
	0.046280	-137.106233	115.161951	-47.803200
	0.046289	-137.524651	115.161951	-47.147500
	0.046299	-137.316808	115.161951	-46.789900
	0.046308	-138.497187	115.161951	-46.670700
	0.046318	-138.023445	115.161951	-46.611100
	0.046327	-138.320350	115.161951	-46.670700
	0.046337	-139.306791	115.161951	-46.551500
	0.046346	-139.557217	115.161951	-46.551500
	0.046356	-139.115052	115.161951	-46.789900
	0.046365	-139.279510	115.161951	-46.909100
	0.046374	-139.201543	115.161951	-46.909100
	0.046384	-140.907558	115.161951	-46.730300
	0.046393	-143.123265	115.161951	-46.253400
	0.046403	-142.994632	115.161951	-46.015000
	0.046412	-143.683038	115.161951	-46.015000
	0.046422	-143.541590	115.161951	-45.955400
	0.046431	-142.453498	115.161951	-45.955400
	0.046441	-144.103022	115.161951	-45.955400
	0.046450	-143.761915	115.161951	-46.015000
	0.046460	-143.390829	115.161951	-45.955400
	0.046469	-144.050798	115.161951	-45.836200
	0.046479	-143.509025	115.161951	-45.836200
	0.046488	-143.685416	115.161951	-45.895800
	0.046498	-144.368750	115.161951	-45.717000
	0.046507	-145.759135	115.161951	-45.359400
	0.046516	-145.283161	115.161951	-45.240200
	0.046526	-145.971902	115.161951	-45.120900
	0.046535	-146.337578	115.161951	-44.942100
	0.046545	-146.246231	115.161951	-44.882500
	0.046554	-146.663243	115.161951	-44.822900
	0.046564	-146.269012	115.161951	-44.822900
	0.046573	-145.639780	115.161951	-44.822900
	0.046583	-147.941642	115.161951	-44.703700
	0.046592	-146.478479	115.161951	-44.703700
	0.046602	-147.952732	115.161951	-44.703700
	0.046611	-146.884479	115.161951	-44.703700
	0.046621	-147.720190	115.161951	-44.763300
	0.046630	-147.286656	115.161951	-44.703700
	0.046640	-147.009802	115.161951	-44.703700
	0.046649	-147.333356	115.161951	-44.644100
	0.046659	-147.690002	115.161951	-44.644100
	0.046668	-147.153842	115.161951	-44.703700
	0.046677	-147.428892	115.161951	-44.584500
	0.046687	-147.921655	115.161951	-44.465300
	0.046696	-147.852253	115.161951	-44.465300
	0.046706	-146.589113	115.161951	-44.465300
	0.046715	-146.067214	115.161951	-44.584500
	0.046725	-148.183593	115.161951	-44.584500
	0.046734	-147.437225	115.161951	-44.644100
	0.046744	-146.648805	115.161951	-44.703700
	0.046753	-148.091525	115.161951	-44.703700
	0.046763	-146.669459	115.161951	-44.644100
	0.046772	-148.056693	115.161951	-44.703700
	0.046782	-147.853091	115.161951	-44.584500
	0.046791	-148.388731	115.161951	-44.644100
	0.046801	-147.617332	115.161951	-44.584500
	0.046810	-147.511703	115.161951	-44.524900
	0.046819	-148.020810	115.161951	-44.584500
	0.046829	-147.826690	115.161951	-44.465300
	0.046838	-146.989235	115.161951	-44.465300
	0.046848	-147.403495	115.161951	-44.346100
	0.046857	-148.573870	115.161951	-44.286500
	0.046867	-147.618992	115.161951	-44.286500
	0.046876	-148.898047	115.161951	-44.286500
	0.046886	-148.172696	115.161951	-44.226900
	0.046895	-148.199340	115.161951	-44.226900
	0.046905	-148.699329	115.161951	-44.226900
	0.046914	-148.082844	115.161951	-44.167300
	0.046924	-148.338989	115.161951	-44.167300
	0.046933	-147.986760	115.161951	-44.167300
	0.046943	-148.036592	115.161951	-44.167300
	0.046952	-146.677716	115.161951	-44.107700
	0.046962	-147.760170	115.161951	-44.107700
	0.046971	-147.148674	115.161951	-44.107700
	0.046980	-147.268670	115.161951	-44.167300
	0.046990	-148.120578	115.161951	-44.107700
	0.046999	-147.591359	115.161951	-44.048100
	0.047009	-150.967394	115.161951	-43.630800
	0.047018	-154.482259	115.161951	-42.677200
	0.047028	-155.865985	115.161951	-42.319500
	0.047037	-154.296463	115.161951	-42.200300
	0.047047	-155.248491	115.161951	-42.200300
	0.047056	-155.057683	115.161951	-42.200300
	0.047066	-155.464872	115.161951	-42.200300
	0.047075	-155.176134	115.161951	-42.140700
	0.047085	-155.404679	115.161951	-42.140700
	0.047094	-155.860552	115.161951	-42.140700
	0.047104	-156.260573	115.161951	-42.140700
	0.047113	-155.338906	115.161951	-42.081100
	0.047122	-155.304220	115.161951	-42.081100
	0.047132	-155.744609	115.161951	-42.081100
	0.047141	-159.673572	115.161951	-41.365900
	0.047151	-159.113258	115.161951	-41.008200
	0.047160	-158.733476	115.161951	-40.948600
	0.047170	-158.202907	115.161951	-40.889000
	0.047179	-160.009446	115.161951	-40.889000
	0.047189	-159.444956	115.161951	-40.889000
	0.047198	-158.975576	115.161951	-40.829400
	0.047208	-158.535850	115.161951	-40.829400
	0.047217	-159.447367	115.161951	-40.769800
	0.047227	-159.301512	115.161951	-40.769800
	0.047236	-158.535402	115.161951	-40.769800
	0.047246	-159.118746	115.161951	-40.769800
	0.047255	-159.329673	115.161951	-40.710200
	0.047265	-159.041760	115.161951	-40.710200
	0.047274	-159.112734	115.161951	-40.650600
	0.047283	-160.307398	115.161951	-40.650600
	0.047293	-158.902086	115.161951	-40.650600
	0.047302	-158.418410	115.161951	-40.591000
	0.047312	-159.579553	115.161951	-40.650600
	0.047321	-159.508896	115.161951	-40.710200
	0.047331	-159.794000	115.161951	-40.650600
	0.047340	-160.814936	115.161951	-40.710200
	0.047350	-159.599049	115.161951	-40.710200
	0.047359	-160.121693	115.161951	-40.769800
	0.047369	-160.946327	115.161951	-40.769800
	0.047378	-160.416727	115.161951	-40.710200
	0.047388	-160.396322	115.161951	-40.650600
	0.047397	-159.836982	115.161951	-40.710200
	0.047407	-160.978718	115.161951	-40.710200
	0.047416	-161.008061	115.161951	-40.769800
	0.047425	-159.902636	115.161951	-40.769800
	0.047435	-159.999102	115.161951	-40.352600
	0.047444	-166.103433	115.161951	-38.981700
	0.047454	-165.965162	115.161951	-38.564400
	0.047463	-165.427899	115.161951	-38.504800
	0.047473	-165.752077	115.161951	-38.564400
	0.047482	-164.627654	115.161951	-38.504800
	0.047492	-165.234944	115.161951	-38.504800
	0.047501	-164.542467	115.161951	-38.504800
	0.047511	-165.282740	115.161951	-38.504800
	0.047520	-165.853137	115.161951	-38.564400
	0.047530	-165.477408	115.161951	-38.504800
	0.047539	-166.806924	115.161951	-38.504800
	0.047549	-165.378470	115.161951	-38.624000
	0.047558	-165.270555	115.161951	-38.683600
	0.047568	-163.672356	115.161951	-38.683600
	0.047577	-165.465344	115.161951	-38.564400
	0.047586	-165.072840	115.161951	-38.266400
	0.047596	-164.488524	115.161951	-38.206800
	0.047605	-165.508131	115.161951	-38.206800
	0.047615	-166.001381	115.161951	-38.147200
	0.047624	-165.131229	115.161951	-38.147200
	0.047634	-164.962652	115.161951	-38.147200
	0.047643	-165.822952	115.161951	-38.087600
	0.047653	-166.612099	115.161951	-38.028000
	0.047662	-165.549260	115.161951	-38.087600
	0.047672	-165.809795	115.161951	-38.087600
	0.047681	-165.767398	115.161951	-38.087600
	0.047691	-165.663751	115.161951	-38.147200
	0.047700	-165.900588	115.161951	-38.147200
	0.047710	-165.663102	115.161951	-38.206800
	0.047719	-164.952579	115.161951	-38.206800
	0.047728	-166.381542	115.161951	-38.147200
	0.047738	-165.462238	115.161951	-38.147200
	0.047747	-165.597037	115.161951	-38.087600
	0.047757	-165.969066	115.161951	-37.968400
	0.047766	-165.586525	115.161951	-37.908800
	0.047776	-165.885816	115.161951	-37.849200
	0.047785	-164.922366	115.161951	-37.730000
	0.047795	-165.275982	115.161951	-37.670400
	0.047804	-166.329616	115.161951	-37.670400
	0.047814	-164.925736	115.161951	-37.670400
	0.047823	-165.228798	115.161951	-37.610800
	0.047833	-165.615816	115.161951	-37.610800
	0.047842	-165.821256	115.161951	-37.551200
	0.047852	-166.014294	115.161951	-37.491600
	0.047861	-166.710454	115.161951	-37.312700
	0.047871	-167.440204	115.161951	-37.253100
	0.047880	-166.134979	115.161951	-37.253100
	0.047889	-166.727169	115.161951	-37.133900
	0.047899	-166.688426	115.161951	-37.074300
	0.047908	-167.679311	115.161951	-37.074300
	0.047918	-167.127015	115.161951	-37.014700
	0.047927	-168.200491	115.161951	-37.014700
	0.047937	-168.066744	115.161951	-37.014700
	0.047946	-168.458710	115.161951	-36.955100
	0.047956	-167.267892	115.161951	-36.955100
	0.047965	-167.664115	115.161951	-36.955100
	0.047975	-167.922281	115.161951	-37.014700
	0.047984	-167.425940	115.161951	-37.074300
	0.047994	-166.917057	115.161951	-37.014700
	0.048003	-167.467520	115.161951	-37.014700
	0.048013	-168.055486	115.161951	-37.074300
	0.048022	-168.846204	115.161951	-37.074300
	0.048031	-168.081310	115.161951	-37.014700
	0.048041	-168.974267	115.161951	-37.014700
	0.048050	-168.769019	115.161951	-37.014700
	0.048060	-169.774293	115.161951	-37.074300
	0.048069	-168.930571	115.161951	-37.014700
	0.048079	-168.503705	115.161951	-37.014700
	0.048088	-169.389507	115.161951	-36.955100
	0.048098	-169.367331	115.161951	-36.895500
	0.048107	-168.724256	115.161951	-36.895500
	0.048117	-169.028630	115.161951	-37.014700
	0.048126	-169.061955	115.161951	-37.014700
	0.048136	-168.120533	115.161951	-37.014700
	0.048145	-167.700878	115.161951	-37.014700
	0.048155	-167.587529	115.161951	-37.014700
	0.048164	-168.590227	115.161951	-37.014700
	0.048174	-169.502576	115.161951	-37.074300
	0.048183	-168.499454	115.161951	-37.074300
	0.048192	-167.572841	115.161951	-37.074300
	0.048202	-168.575908	115.161951	-37.074300
	0.048211	-167.964530	115.161951	-37.014700
	0.048221	-168.163235	115.161951	-37.014700
	0.048230	-167.959247	115.161951	-37.014700
	0.048240	-167.924038	115.161951	-37.014700
	0.048249	-168.397111	115.161951	-37.014700
	0.048259	-166.979891	115.161951	-37.014700
	0.048268	-167.619882	115.161951	-37.014700
	0.048278	-168.539039	115.161951	-37.014700
	0.048287	-168.150350	115.161951	-37.014700
	0.048297	-167.590946	115.161951	-37.074300
	0.048306	-168.012008	115.161951	-37.133900
	0.048316	-167.866187	115.161951	-37.014700
	0.048325	-167.204079	115.161951	-37.074300
	0.048334	-168.010176	115.161951	-37.074300
	0.048344	-169.270567	115.161951	-37.133900
	0.048353	-169.086833	115.161951	-37.133900
	0.048363	-168.478181	115.161951	-37.133900
	0.048372	-168.840107	115.161951	-37.133900
	0.048382	-168.371955	115.161951	-37.253100
	0.048391	-169.093845	115.161951	-37.193500
	0.048401	-169.113402	115.161951	-37.133900
	0.048410	-168.717230	115.161951	-37.133900
	0.048420	-168.908762	115.161951	-37.074300
	0.048429	-168.888648	115.161951	-37.074300
	0.048439	-168.852983	115.161951	-37.074300
	0.048448	-167.879032	115.161951	-37.014700
	0.048458	-169.096624	115.161951	-37.074300
	0.048467	-168.436541	115.161951	-37.133900
	0.048477	-168.345614	115.161951	-37.133900
	0.048486	-169.483786	115.161951	-37.133900
	0.048495	-169.723315	115.161951	-37.133900
	0.048505	-169.291870	115.161951	-37.133900
	0.048514	-169.646229	115.161951	-37.133900
	0.048524	-169.995722	115.161951	-37.193500
	0.048533	-168.230988	115.161951	-37.253100
	0.048543	-169.990729	115.161951	-37.253100
	0.048552	-169.753446	115.161951	-37.253100
	0.048562	-169.483411	115.161951	-37.253100
	0.048571	-170.415297	115.161951	-37.193500
	0.048581	-169.966635	115.161951	-37.133900
	0.048590	-169.100248	115.161951	-37.074300
	0.048600	-169.198679	115.161951	-37.133900
	0.048609	-169.344223	115.161951	-37.253100
	0.048619	-170.337745	115.161951	-37.014700
	0.048628	-169.939238	115.161951	-36.835900
	0.048637	-170.226880	115.161951	-36.835900
	0.048647	-169.334527	115.161951	-36.776300
	0.048656	-169.064120	115.161951	-36.776300
	0.048666	-168.216553	115.161951	-36.716700
	0.048675	-169.721816	115.161951	-36.776300
	0.048685	-169.670628	115.161951	-36.776300
	0.048694	-168.779535	115.161951	-36.776300
	0.048704	-169.437510	115.161951	-36.835900
	0.048713	-168.959832	115.161951	-36.895500
	0.048723	-169.193729	115.161951	-36.895500
	0.048732	-170.496127	115.161951	-36.835900
	0.048742	-169.802608	115.161951	-36.776300
	0.048751	-168.040455	115.161951	-36.776300
	0.048761	-169.413134	115.161951	-36.776300
	0.048770	-169.700493	115.161951	-36.835900
	0.048780	-169.064653	115.161951	-36.776300
	0.048789	-168.564274	115.161951	-36.716700
	0.048798	-168.474140	115.161951	-36.716700
	0.048808	-168.642884	115.161951	-36.657100
	0.048817	-167.771508	115.161951	-36.716700
	0.048827	-168.656120	115.161951	-36.776300
	0.048836	-168.697863	115.161951	-36.835900
	0.048846	-167.940282	115.161951	-36.835900
	0.048855	-168.512055	115.161951	-36.895500
	0.048865	-169.007300	115.161951	-36.955100
	0.048874	-168.839065	115.161951	-36.835900
	0.048884	-168.835416	115.161951	-36.835900
	0.048893	-168.789726	115.161951	-36.835900
	0.048903	-168.687258	115.161951	-36.835900
	0.048912	-169.410434	115.161951	-36.895500
	0.048922	-168.863752	115.161951	-36.955100
	0.048931	-170.250870	115.161951	-36.895500
	0.048940	-169.418491	115.161951	-36.895500
	0.048950	-168.653658	115.161951	-36.955100
	0.048959	-169.169860	115.161951	-36.955100
	0.048969	-169.123117	115.161951	-36.895500
	0.048978	-168.772744	115.161951	-36.835900
	0.048988	-169.808331	115.161951	-36.776300
	0.048997	-169.405045	115.161951	-36.776300
	0.049007	-169.406526	115.161951	-36.716700
	0.049016	-169.886006	115.161951	-36.716700
	0.049026	-170.442542	115.161951	-36.657100
	0.049035	-170.454426	115.161951	-36.657100
	0.049045	-169.954751	115.161951	-36.716700
	0.049054	-169.455417	115.161951	-36.776300
	0.049064	-170.432003	115.161951	-36.835900
	0.049073	-170.021839	115.161951	-36.835900
	0.049083	-170.214702	115.161951	-36.776300
	0.049092	-168.902777	115.161951	-36.835900
	0.049101	-169.922287	115.161951	-36.835900
	0.049111	-170.704144	115.161951	-36.895500
	0.049120	-170.161839	115.161951	-36.835900
	0.049130	-170.247591	115.161951	-36.835900
	0.049139	-170.719250	115.161951	-36.299500
	0.049149	-173.244011	115.161951	-36.001400
	0.049158	-172.189732	115.161951	-36.001400
	0.049168	-171.487886	115.161951	-36.061000
	0.049177	-171.395313	115.161951	-36.120600
	0.049187	-173.204121	115.161951	-36.061000
	0.049196	-173.081364	115.161951	-36.061000
	0.049206	-172.744326	115.161951	-36.120600
	0.049215	-173.153581	115.161951	-36.120600
	0.049225	-173.313066	115.161951	-36.120600
	0.049234	-173.161902	115.161951	-36.120600
	0.049243	-173.213862	115.161951	-36.120600
	0.049253	-172.490494	115.161951	-36.239900
	0.049262	-173.106888	115.161951	-36.239900
	0.049272	-173.218635	115.161951	-36.001400
	0.049281	-174.969459	115.161951	-35.703400
	0.049291	-174.109105	115.161951	-35.703400
	0.049300	-174.254474	115.161951	-35.822600
	0.049310	-174.906411	115.161951	-35.822600
	0.049319	-174.243708	115.161951	-35.822600
	0.049329	-174.599404	115.161951	-35.822600
	0.049338	-174.566473	115.161951	-35.822600
	0.049348	-174.404253	115.161951	-35.822600
	0.049357	-173.941303	115.161951	-35.882200
	0.049367	-174.523137	115.161951	-35.882200
	0.049376	-172.943028	115.161951	-35.822600
	0.049386	-173.991186	115.161951	-35.763000
	0.049395	-174.271817	115.161951	-35.763000
	0.049404	-175.800705	115.161951	-35.822600
	0.049414	-173.617239	115.161951	-35.822600
	0.049423	-174.279124	115.161951	-35.703400
	0.049433	-173.820993	115.161951	-35.763000
	0.049442	-173.420008	115.161951	-35.763000
	0.049452	-173.344545	115.161951	-35.822600
	0.049461	-173.124129	115.161951	-35.822600
	0.049471	-174.989683	115.161951	-35.822600
	0.049480	-175.816383	115.161951	-35.822600
	0.049490	-175.536852	115.161951	-35.763000
	0.049499	-174.495599	115.161951	-35.763000
	0.049509	-175.363566	115.161951	-35.643800
	0.049518	-175.365356	115.161951	-35.643800
	0.049528	-176.069246	115.161951	-35.643800
	0.049537	-176.120493	115.161951	-35.643800
	0.049546	-175.136901	115.161951	-35.643800
	0.049556	-175.012066	115.161951	-35.584200
	0.049565	-175.591898	115.161951	-35.584200
	0.049575	-176.551121	115.161951	-35.465000
	0.049584	-175.048831	115.161951	-35.405400
	0.049594	-175.240529	115.161951	-35.405400
	0.049603	-174.532040	115.161951	-35.405400
	0.049613	-175.066864	115.161951	-35.465000
	0.049622	-175.742314	115.161951	-35.465000
	0.049632	-174.615303	115.161951	-35.465000
	0.049641	-175.180327	115.161951	-35.524600
	0.049651	-174.433121	115.161951	-35.524600
	0.049660	-173.532819	115.161951	-35.584200
	0.049670	-173.648274	115.161951	-35.524600
	0.049679	-175.114257	115.161951	-35.465000
	0.049689	-174.642505	115.161951	-35.465000
	0.049698	-174.928182	115.161951	-35.465000
	0.049707	-174.377871	115.161951	-35.584200
	0.049717	-174.479437	115.161951	-35.584200
	0.049726	-174.082663	115.161951	-35.584200
	0.049736	-174.849552	115.161951	-35.584200
	0.049745	-174.866544	115.161951	-35.584200
	0.049755	-175.550887	115.161951	-35.643800
	0.049764	-175.727689	115.161951	-35.584200
	0.049774	-175.829917	115.161951	-35.465000
	0.049783	-175.666250	115.161951	-35.524600
	0.049793	-174.978031	115.161951	-35.465000
	0.049802	-175.135086	115.161951	-35.465000
	0.049812	-175.281981	115.161951	-35.465000
	0.049821	-174.084980	115.161951	-35.524600
	0.049831	-174.239366	115.161951	-35.465000
	0.049840	-174.357123	115.161951	-35.465000
	0.049849	-173.434246	115.161951	-35.584200
	0.049859	-174.013399	115.161951	-35.584200
	0.049868	-173.479114	115.161951	-35.524600
	0.049878	-174.288545	115.161951	-35.584200
	0.049887	-175.224314	115.161951	-35.584200
	0.049897	-175.130677	115.161951	-35.584200
	0.049906	-173.167707	115.161951	-35.584200
	0.049916	-175.340209	115.161951	-35.584200
	0.049925	-174.691120	115.161951	-35.465000
	0.049935	-174.881882	115.161951	-35.524600
	0.049944	-176.153705	115.161951	-35.405400
	0.049954	-175.370214	115.161951	-35.465000
	0.049963	-174.934727	115.161951	-35.405400
	0.049973	-175.962104	115.161951	-35.405400
	0.049982	-175.751576	115.161951	-35.405400
	0.049991	-175.772719	115.161951	-35.405400
	0.050001	-176.452178	115.161951	-35.405400
	0.050010	-173.801484	115.161951	-35.345800
	0.050020	-174.954514	115.161951	-35.345800
	0.050029	-175.742114	115.161951	-35.345800
	0.050039	-175.621062	115.161951	-35.286200
	0.050048	-174.898080	115.161951	-35.226600
	0.050058	-175.593607	115.161951	-35.107400
	0.050067	-176.667863	115.161951	-35.047800
	0.050077	-176.198640	115.161951	-34.988200
	0.050086	-177.275832	115.161951	-34.928600
	0.050096	-176.987843	115.161951	-34.869000
	0.050105	-177.251236	115.161951	-34.928600
	0.050115	-177.411819	115.161951	-34.928600
	0.050124	-176.896249	115.161951	-34.869000
	0.050134	-177.896821	115.161951	-34.869000
	0.050143	-177.373098	115.161951	-34.809300
	0.050152	-176.719561	115.161951	-34.809300
	0.050162	-177.072975	115.161951	-34.809300
	0.050171	-176.838773	115.161951	-34.809300
	0.050181	-176.716295	115.161951	-34.809300
	0.050190	-177.669381	115.161951	-34.869000
	0.050200	-177.075685	115.161951	-34.869000
	0.050209	-176.988908	115.161951	-34.869000
	0.050219	-176.468440	115.161951	-34.869000
	0.050228	-176.702409	115.161951	-34.869000
	0.050238	-176.967945	115.161951	-34.809300
	0.050247	-175.758114	115.161951	-34.809300
	0.050257	-176.312746	115.161951	-34.809300
	0.050266	-176.547167	115.161951	-34.869000
	0.050276	-176.100913	115.161951	-34.809300
	0.050285	-175.767783	115.161951	-34.749700
	0.050294	-176.256143	115.161951	-34.749700
	0.050304	-176.483436	115.161951	-34.749700
	0.050313	-177.048510	115.161951	-34.809300
	0.050323	-177.243641	115.161951	-34.809300
	0.050332	-175.729524	115.161951	-34.809300
	0.050342	-176.514604	115.161951	-34.869000
	0.050351	-177.207591	115.161951	-34.869000
	0.050361	-176.704670	115.161951	-34.869000
	0.050370	-176.670591	115.161951	-34.988200
	0.050380	-176.277507	115.161951	-34.869000
	0.050389	-176.756261	115.161951	-34.869000
	0.050399	-176.882814	115.161951	-34.869000
	0.050408	-177.167175	115.161951	-34.809300
	0.050418	-176.570142	115.161951	-34.869000
	0.050427	-176.144196	115.161951	-34.869000
	0.050437	-177.718191	115.161951	-34.869000
	0.050446	-177.998379	115.161951	-34.988200
	0.050455	-177.411112	115.161951	-34.928600
	0.050465	-177.295586	115.161951	-34.928600
	0.050474	-177.702894	115.161951	-34.988200
	0.050484	-178.420544	115.161951	-34.869000
