	-0.071022	-1.314992	115.161951	-30.756200
	-0.068270	-0.386272	115.161951	-30.815800
	-0.065518	-1.479298	115.161951	-30.935000
	-0.062767	-1.072264	115.161951	-31.113900
	-0.060015	-0.829795	115.161951	-31.233100
	-0.057264	-0.828705	115.161951	-31.531100
	-0.054512	-1.572952	115.161951	-31.769500
	-0.051760	-1.167055	115.161951	-32.067500
	-0.049009	-0.758409	115.161951	-32.306000
	-0.046257	-1.678234	115.161951	-32.663600
	-0.043506	-1.929662	115.161951	-32.902000
	-0.040754	-1.875244	115.161951	-33.080800
	-0.038002	-2.578300	115.161951	-33.319200
	-0.035251	-1.925024	115.161951	-33.736500
	-0.032499	-2.803725	115.161951	-34.094100
	-0.029748	-2.583843	115.161951	-34.392100
	-0.026996	-3.156157	115.161951	-34.809300
	-0.024245	-3.048157	115.161951	-35.465000
	-0.021493	-3.773959	115.161951	-35.822600
	-0.018741	-3.878765	115.161951	-36.299500
	-0.015990	-4.153223	115.161951	-36.955100
	-0.013238	-4.367698	115.161951	-37.551200
	-0.010487	-5.356992	115.161951	-38.028000
	-0.007735	-4.755328	115.161951	-38.922100
	-0.004984	-4.211033	115.161951	-39.577700
	-0.002232	-4.684461	115.161951	-40.412200
	0.000520	-4.670515	115.161951	-41.365900
	0.003271	-6.193929	115.161951	-42.796400
	0.006023	-5.503271	115.161951	-43.273200
	0.008774	-5.935623	115.161951	-44.286500
	0.011526	-8.240621	115.161951	-45.478600
	0.014278	-8.713871	115.161951	-46.909100
	0.017029	-8.936210	115.161951	-48.578000
	0.019781	-8.121051	115.161951	-50.008500
	0.022532	-10.130457	115.161951	-52.690700
	0.025284	-11.764928	115.161951	-55.313300
	0.028036	-11.878180	115.161951	-57.697500
	0.030787	-13.443663	115.161951	-61.631700
	0.033539	-15.689249	115.161951	-65.684800
	0.036290	-17.356259	115.161951	-71.108800
	0.036290	-20.574868	115.161951	-76.532800
	0.036300	-20.543801	115.161951	-77.784500
	0.036309	-20.689293	115.161951	-77.844100
	0.036319	-20.334269	115.161951	-77.844100
	0.036328	-20.768184	115.161951	-77.903700
	0.036338	-19.229040	115.161951	-77.903700
	0.036347	-20.662754	115.161951	-77.903700
	0.036357	-20.221552	115.161951	-78.022900
	0.036366	-20.617156	115.161951	-78.022900
	0.036376	-21.084802	115.161951	-77.963300
	0.036385	-20.427809	115.161951	-77.963300
	0.036394	-20.635719	115.161951	-77.963300
	0.036404	-20.533774	115.161951	-77.963300
	0.036413	-20.996026	115.161951	-78.022900
	0.036423	-21.117799	115.161951	-78.022900
	0.036432	-20.369272	115.161951	-78.082600
	0.036442	-20.123766	115.161951	-78.082600
	0.036451	-21.272224	115.161951	-78.142200
	0.036461	-20.295728	115.161951	-78.142200
	0.036470	-21.098978	115.161951	-78.142200
	0.036480	-20.159443	115.161951	-78.142200
	0.036489	-20.816416	115.161951	-78.142200
	0.036499	-20.824689	115.161951	-78.201800
	0.036508	-19.657358	115.161951	-78.201800
	0.036518	-20.521064	115.161951	-78.142200
	0.036527	-20.696433	115.161951	-78.082600
	0.036537	-20.428132	115.161951	-78.082600
	0.036546	-21.173877	115.161951	-78.201800
	0.036555	-20.774616	115.161951	-78.201800
	0.036565	-21.789114	115.161951	-78.201800
	0.036574	-20.288876	115.161951	-78.201800
	0.036584	-20.752686	115.161951	-78.201800
	0.036593	-21.382526	115.161951	-78.201800
	0.036603	-22.062606	115.161951	-78.201800
	0.036612	-22.573698	115.161951	-78.201800
	0.036622	-20.760602	115.161951	-78.201800
	0.036631	-21.434943	115.161951	-78.261400
	0.036641	-21.003629	115.161951	-78.321000
	0.036650	-21.052277	115.161951	-78.321000
	0.036660	-22.457514	115.161951	-78.321000
	0.036669	-20.926568	115.161951	-78.321000
	0.036679	-20.764509	115.161951	-78.380600
	0.036688	-20.896644	115.161951	-78.380600
	0.036697	-20.730781	115.161951	-78.380600
	0.036707	-21.221128	115.161951	-78.380600
	0.036716	-20.927985	115.161951	-78.380600
	0.036726	-20.406357	115.161951	-78.380600
	0.036735	-20.585625	115.161951	-78.440200
	0.036745	-21.805254	115.161951	-78.440200
	0.036754	-22.062255	115.161951	-78.440200
	0.036764	-21.666995	115.161951	-78.380600
	0.036773	-21.251654	115.161951	-78.380600
	0.036783	-21.676829	115.161951	-78.380600
	0.036792	-21.627051	115.161951	-78.440200
	0.036802	-20.879184	115.161951	-78.440200
	0.036811	-21.145839	115.161951	-78.440200
	0.036821	-20.526001	115.161951	-78.380600
	0.036830	-20.160021	115.161951	-78.499800
	0.036840	-20.219065	115.161951	-78.440200
	0.036849	-20.818359	115.161951	-78.499800
	0.036858	-19.911612	115.161951	-78.499800
	0.036868	-19.957263	115.161951	-78.499800
	0.036877	-20.050162	115.161951	-78.499800
	0.036887	-20.870188	115.161951	-78.499800
	0.036896	-21.015951	115.161951	-78.499800
	0.036906	-20.005182	115.161951	-78.619000
	0.036915	-20.836421	115.161951	-78.499800
	0.036925	-20.207598	115.161951	-78.499800
	0.036934	-20.324528	115.161951	-78.559400
	0.036944	-20.475843	115.161951	-78.619000
	0.036953	-21.777090	115.161951	-78.619000
	0.036963	-19.958336	115.161951	-78.499800
	0.036972	-21.322624	115.161951	-78.499800
	0.036982	-21.707797	115.161951	-78.499800
	0.036991	-20.940129	115.161951	-78.559400
	0.037000	-20.612681	115.161951	-78.619000
	0.037010	-21.493724	115.161951	-78.619000
	0.037019	-20.658116	115.161951	-78.619000
	0.037029	-21.227709	115.161951	-78.619000
	0.037038	-20.891405	115.161951	-78.678600
	0.037048	-21.203112	115.161951	-78.738200
	0.037057	-22.185359	115.161951	-78.738200
	0.037067	-21.406488	115.161951	-78.678600
	0.037076	-21.870610	115.161951	-78.678600
	0.037086	-22.135019	115.161951	-78.738200
	0.037095	-22.054639	115.161951	-78.678600
	0.037105	-21.543541	115.161951	-78.678600
	0.037114	-20.551454	115.161951	-78.619000
	0.037124	-21.693015	115.161951	-78.619000
	0.037133	-21.076781	115.161951	-78.619000
	0.037143	-21.899557	115.161951	-78.619000
	0.037152	-21.509072	115.161951	-78.619000
	0.037161	-22.408848	115.161951	-78.678600
	0.037171	-22.278644	115.161951	-78.678600
	0.037180	-21.685287	115.161951	-78.678600
	0.037190	-21.776052	115.161951	-78.678600
	0.037199	-21.556515	115.161951	-78.797800
	0.037209	-22.273194	115.161951	-78.797800
	0.037218	-21.373737	115.161951	-78.738200
	0.037228	-22.192450	115.161951	-78.678600
	0.037237	-22.427343	115.161951	-78.738200
	0.037247	-21.614546	115.161951	-78.738200
	0.037256	-21.263267	115.161951	-78.738200
	0.037266	-22.667732	115.161951	-78.797800
	0.037275	-21.905354	115.161951	-78.917000
	0.037285	-23.604649	115.161951	-78.857400
	0.037294	-21.793297	115.161951	-78.857400
	0.037303	-23.028736	115.161951	-78.857400
	0.037313	-23.390899	115.161951	-78.857400
	0.037322	-22.051004	115.161951	-78.797800
	0.037332	-22.189587	115.161951	-78.797800
	0.037341	-22.077835	115.161951	-78.917000
	0.037351	-22.643921	115.161951	-78.917000
	0.037360	-21.890455	115.161951	-78.917000
	0.037370	-23.148904	115.161951	-78.857400
	0.037379	-22.601165	115.161951	-78.917000
	0.037389	-21.259273	115.161951	-78.976600
	0.037398	-23.031000	115.161951	-78.976600
	0.037408	-22.186349	115.161951	-78.976600
	0.037417	-24.092101	115.161951	-79.036200
	0.037427	-22.408568	115.161951	-79.036200
	0.037436	-22.655118	115.161951	-79.095800
	0.037446	-22.894132	115.161951	-79.095800
	0.037455	-23.107506	115.161951	-79.095800
	0.037464	-23.269242	115.161951	-79.095800
	0.037474	-22.192226	115.161951	-79.155400
	0.037483	-22.647672	115.161951	-79.274600
	0.037493	-23.793525	115.161951	-79.334200
	0.037502	-21.762552	115.161951	-79.274600
	0.037512	-22.756006	115.161951	-79.274600
	0.037521	-22.220062	115.161951	-79.274600
	0.037531	-22.177879	115.161951	-79.274600
	0.037540	-21.606442	115.161951	-79.274600
	0.037550	-22.309943	115.161951	-79.334200
	0.037559	-22.545656	115.161951	-79.274600
	0.037569	-23.091838	115.161951	-79.274600
	0.037578	-22.489632	115.161951	-79.334200
	0.037588	-21.338342	115.161951	-79.453500
	0.037597	-21.799954	115.161951	-79.334200
	0.037606	-20.592423	115.161951	-79.334200
	0.037616	-21.043845	115.161951	-79.274600
	0.037625	-21.376182	115.161951	-79.334200
	0.037635	-22.010680	115.161951	-79.334200
	0.037644	-21.529369	115.161951	-79.334200
	0.037654	-21.645930	115.161951	-79.334200
	0.037663	-22.711424	115.161951	-79.334200
	0.037673	-22.251546	115.161951	-79.334200
	0.037682	-20.906888	115.161951	-79.393900
	0.037692	-22.223027	115.161951	-79.513100
	0.037701	-22.827882	115.161951	-79.453500
	0.037711	-22.080542	115.161951	-79.453500
	0.037720	-22.399378	115.161951	-79.513100
	0.037730	-20.700928	115.161951	-79.572700
	0.037739	-21.555056	115.161951	-79.572700
	0.037748	-21.378606	115.161951	-79.632300
	0.037758	-21.397960	115.161951	-79.632300
	0.037767	-21.264669	115.161951	-79.632300
	0.037777	-21.716971	115.161951	-79.632300
	0.037786	-21.462113	115.161951	-79.632300
	0.037796	-22.440239	115.161951	-79.632300
	0.037805	-20.862856	115.161951	-79.632300
	0.037815	-21.787471	115.161951	-79.572700
	0.037824	-22.148008	115.161951	-79.572700
	0.037834	-21.748669	115.161951	-79.572700
	0.037843	-21.617123	115.161951	-79.632300
	0.037853	-20.944569	115.161951	-79.751500
	0.037862	-22.410280	115.161951	-79.870700
	0.037872	-22.832824	115.161951	-79.870700
	0.037881	-22.195628	115.161951	-79.870700
	0.037891	-22.622586	115.161951	-79.870700
	0.037900	-22.417148	115.161951	-79.870700
	0.037909	-21.870841	115.161951	-79.870700
	0.037919	-22.143723	115.161951	-79.870700
	0.037928	-22.955601	115.161951	-79.989900
	0.037938	-23.082647	115.161951	-80.049500
	0.037947	-22.558536	115.161951	-80.049500
	0.037957	-23.285019	115.161951	-79.989900
	0.037966	-23.225911	115.161951	-79.989900
	0.037976	-23.209553	115.161951	-80.049500
	0.037985	-22.954137	115.161951	-80.109100
	0.037995	-22.103776	115.161951	-80.109100
	0.038004	-22.673620	115.161951	-80.168700
	0.038014	-23.255382	115.161951	-80.228300
	0.038023	-22.799258	115.161951	-80.287900
	0.038033	-23.034212	115.161951	-80.287900
	0.038042	-23.492058	115.161951	-80.287900
	0.038051	-22.113586	115.161951	-80.287900
	0.038061	-22.274893	115.161951	-80.347500
	0.038070	-23.614907	115.161951	-80.407100
	0.038080	-23.002436	115.161951	-80.407100
	0.038089	-23.086344	115.161951	-80.407100
	0.038099	-22.086133	115.161951	-80.466700
	0.038108	-21.855024	115.161951	-80.407100
	0.038118	-21.981582	115.161951	-80.407100
	0.038127	-20.778222	115.161951	-80.347500
	0.038137	-22.408034	115.161951	-80.407100
	0.038146	-22.049243	115.161951	-80.466700
	0.038156	-20.515222	115.161951	-80.526300
	0.038165	-21.031836	115.161951	-80.585900
	0.038175	-22.161508	115.161951	-80.466700
	0.038184	-22.852370	115.161951	-80.526300
	0.038194	-22.398040	115.161951	-80.585900
	0.038203	-23.122166	115.161951	-80.466700
	0.038212	-21.675721	115.161951	-80.407100
	0.038222	-22.072600	115.161951	-80.407100
	0.038231	-21.384515	115.161951	-80.466700
	0.038241	-22.996893	115.161951	-80.645600
	0.038250	-22.436832	115.161951	-80.645600
	0.038260	-22.690701	115.161951	-80.645600
	0.038269	-22.218113	115.161951	-80.705200
	0.038279	-20.898491	115.161951	-80.764800
	0.038288	-21.769278	115.161951	-80.824400
	0.038298	-21.771681	115.161951	-80.884000
	0.038307	-21.824780	115.161951	-80.884000
	0.038317	-21.579115	115.161951	-80.943600
	0.038326	-21.675105	115.161951	-80.884000
	0.038336	-22.173136	115.161951	-80.943600
	0.038345	-21.851383	115.161951	-81.003200
	0.038354	-22.325583	115.161951	-81.003200
	0.038364	-21.256765	115.161951	-81.003200
	0.038373	-21.870807	115.161951	-81.003200
	0.038383	-22.333677	115.161951	-81.062800
	0.038392	-21.839670	115.161951	-81.062800
	0.038402	-22.162358	115.161951	-81.062800
	0.038411	-21.405434	115.161951	-81.122400
	0.038421	-22.191447	115.161951	-81.122400
	0.038430	-22.159163	115.161951	-81.182000
	0.038440	-22.634629	115.161951	-81.241600
	0.038449	-21.925799	115.161951	-81.301200
	0.038459	-21.833900	115.161951	-81.301200
	0.038468	-22.170171	115.161951	-81.301200
	0.038478	-21.543171	115.161951	-81.420400
	0.038487	-22.258090	115.161951	-81.480000
	0.038497	-21.679383	115.161951	-81.420400
	0.038506	-21.623240	115.161951	-81.420400
	0.038515	-23.331784	115.161951	-81.480000
	0.038525	-22.365120	115.161951	-81.480000
	0.038534	-21.972190	115.161951	-81.480000
	0.038544	-23.692520	115.161951	-81.539600
	0.038553	-22.617048	115.161951	-81.599200
	0.038563	-23.376535	115.161951	-81.658800
	0.038572	-23.635008	115.161951	-81.718400
	0.038582	-22.750137	115.161951	-81.718400
	0.038591	-24.149703	115.161951	-81.718400
	0.038601	-24.229112	115.161951	-81.718400
	0.038610	-24.259158	115.161951	-81.778000
	0.038620	-24.466765	115.161951	-81.718400
	0.038629	-23.624635	115.161951	-81.778000
	0.038639	-24.856565	115.161951	-81.897200
	0.038648	-24.568012	115.161951	-81.897200
	0.038657	-24.260468	115.161951	-82.016500
	0.038667	-24.333732	115.161951	-81.956900
	0.038676	-25.725658	115.161951	-81.956900
	0.038686	-24.915226	115.161951	-82.016500
	0.038695	-25.122828	115.161951	-81.956900
	0.038705	-25.441001	115.161951	-82.016500
	0.038714	-25.419556	115.161951	-81.897200
	0.038724	-25.519106	115.161951	-82.016500
	0.038733	-26.745957	115.161951	-82.016500
	0.038743	-26.236351	115.161951	-82.016500
	0.038752	-25.992663	115.161951	-82.076100
	0.038762	-26.091815	115.161951	-82.135700
	0.038771	-26.438951	115.161951	-82.195300
	0.038781	-26.580550	115.161951	-82.195300
	0.038790	-25.987878	115.161951	-82.195300
	0.038800	-25.023766	115.161951	-82.254900
	0.038809	-25.532765	115.161951	-82.195300
	0.038818	-25.393318	115.161951	-82.195300
	0.038828	-26.033724	115.161951	-82.195300
	0.038837	-25.653251	115.161951	-82.314500
	0.038847	-25.777693	115.161951	-82.374100
	0.038856	-26.262392	115.161951	-82.374100
	0.038866	-25.497090	115.161951	-82.374100
	0.038875	-25.603435	115.161951	-82.374100
	0.038885	-25.306716	115.161951	-82.433700
	0.038894	-24.046413	115.161951	-82.433700
	0.038904	-25.473246	115.161951	-82.552900
	0.038913	-25.818743	115.161951	-82.493300
	0.038923	-25.365560	115.161951	-82.493300
	0.038932	-25.549556	115.161951	-82.493300
	0.038942	-25.062769	115.161951	-82.493300
	0.038951	-25.912644	115.161951	-82.433700
	0.038960	-24.883282	115.161951	-82.493300
	0.038970	-25.517213	115.161951	-82.493300
	0.038979	-25.598686	115.161951	-82.433700
	0.038989	-25.652463	115.161951	-82.493300
	0.038998	-25.088360	115.161951	-82.552900
	0.039008	-25.924196	115.161951	-82.552900
	0.039017	-25.524329	115.161951	-82.493300
	0.039027	-25.560673	115.161951	-82.552900
	0.039036	-25.945864	115.161951	-82.612500
	0.039046	-26.844139	115.161951	-82.612500
	0.039055	-27.009879	115.161951	-82.672100
	0.039065	-25.645343	115.161951	-82.672100
	0.039074	-26.415015	115.161951	-82.612500
	0.039084	-26.340681	115.161951	-82.612500
	0.039093	-26.579643	115.161951	-82.672100
	0.039103	-25.515499	115.161951	-82.612500
	0.039112	-25.168461	115.161951	-82.612500
	0.039121	-24.601702	115.161951	-82.612500
	0.039131	-24.867102	115.161951	-82.612500
	0.039140	-25.280605	115.161951	-82.672100
	0.039150	-25.367470	115.161951	-82.672100
	0.039159	-26.178488	115.161951	-82.612500
	0.039169	-25.875490	115.161951	-82.612500
	0.039178	-26.225204	115.161951	-82.612500
	0.039188	-26.337547	115.161951	-82.672100
	0.039197	-26.288315	115.161951	-82.672100
	0.039207	-26.408469	115.161951	-82.672100
	0.039216	-25.197112	115.161951	-82.612500
	0.039226	-26.839817	115.161951	-82.612500
	0.039235	-27.028032	115.161951	-82.612500
	0.039245	-26.554195	115.161951	-82.612500
	0.039254	-26.563277	115.161951	-82.612500
	0.039263	-26.819282	115.161951	-82.552900
	0.039273	-27.016077	115.161951	-82.552900
	0.039282	-26.507530	115.161951	-82.552900
	0.039292	-26.580374	115.161951	-82.552900
	0.039301	-25.786809	115.161951	-82.493300
	0.039311	-27.200192	115.161951	-82.493300
	0.039320	-27.042185	115.161951	-82.433700
	0.039330	-27.021233	115.161951	-82.374100
	0.039339	-27.542802	115.161951	-82.433700
	0.039349	-26.918494	115.161951	-82.433700
	0.039358	-25.995951	115.161951	-82.433700
	0.039368	-27.254128	115.161951	-82.493300
	0.039377	-27.051519	115.161951	-82.552900
	0.039387	-27.443625	115.161951	-82.552900
	0.039396	-27.755725	115.161951	-82.552900
	0.039406	-27.454793	115.161951	-82.552900
	0.039415	-26.540849	115.161951	-82.612500
	0.039424	-27.025181	115.161951	-82.672100
	0.039434	-26.721921	115.161951	-82.672100
	0.039443	-28.042375	115.161951	-82.672100
	0.039453	-26.989793	115.161951	-82.672100
	0.039462	-26.801125	115.161951	-82.672100
	0.039472	-26.510013	115.161951	-82.672100
	0.039481	-27.175461	115.161951	-82.672100
	0.039491	-26.363603	115.161951	-82.731700
	0.039500	-27.594034	115.161951	-82.672100
	0.039510	-26.589448	115.161951	-82.612500
	0.039519	-26.311232	115.161951	-82.612500
	0.039529	-27.549169	115.161951	-82.612500
	0.039538	-26.564671	115.161951	-82.612500
	0.039548	-26.615772	115.161951	-82.612500
	0.039557	-26.337628	115.161951	-82.612500
	0.039566	-27.016859	115.161951	-82.672100
	0.039576	-27.218267	115.161951	-82.731700
	0.039585	-27.108127	115.161951	-82.850900
	0.039595	-26.287918	115.161951	-82.910500
	0.039604	-27.915062	115.161951	-82.850900
	0.039614	-27.110439	115.161951	-82.910500
	0.039623	-26.921885	115.161951	-82.910500
	0.039633	-27.513259	115.161951	-83.029700
	0.039642	-27.562018	115.161951	-83.208500
	0.039652	-25.800510	115.161951	-83.148900
	0.039661	-26.442771	115.161951	-83.208500
	0.039671	-27.815095	115.161951	-83.327800
	0.039680	-27.948522	115.161951	-83.506600
	0.039690	-27.201292	115.161951	-83.745000
	0.039699	-26.395172	115.161951	-83.864200
	0.039709	-26.208473	115.161951	-83.864200
	0.039718	-26.538117	115.161951	-83.268200
	0.039727	-27.048624	115.161951	-83.089300
	0.039737	-26.840710	115.161951	-83.208500
	0.039746	-26.651988	115.161951	-83.148900
	0.039756	-27.024666	115.161951	-83.208500
	0.039765	-27.114798	115.161951	-83.208500
	0.039775	-28.866007	115.161951	-83.387400
	0.039784	-26.374518	115.161951	-83.387400
	0.039794	-28.404706	115.161951	-83.387400
	0.039803	-27.117175	115.161951	-83.387400
	0.039813	-27.434036	115.161951	-83.327800
	0.039822	-25.853462	115.161951	-83.327800
	0.039832	-26.224927	115.161951	-83.327800
	0.039841	-25.678769	115.161951	-83.506600
	0.039851	-27.503241	115.161951	-83.447000
	0.039860	-27.145093	115.161951	-83.447000
	0.039869	-27.315129	115.161951	-83.327800
	0.039879	-27.593615	115.161951	-83.387400
	0.039888	-26.978990	115.161951	-83.447000
	0.039898	-27.943402	115.161951	-83.387400
	0.039907	-26.555914	115.161951	-83.387400
	0.039917	-26.774942	115.161951	-83.387400
	0.039926	-26.075036	115.161951	-83.387400
	0.039936	-27.029917	115.161951	-83.268200
	0.039945	-27.092553	115.161951	-83.268200
	0.039955	-25.286103	115.161951	-83.208500
	0.039964	-26.849946	115.161951	-83.268200
	0.039974	-25.671184	115.161951	-83.327800
	0.039983	-26.635029	115.161951	-83.387400
	0.039993	-24.837422	115.161951	-83.506600
	0.040002	-26.323960	115.161951	-83.566200
	0.040012	-25.978372	115.161951	-83.625800
	0.040021	-25.413443	115.161951	-83.685400
	0.040030	-26.323949	115.161951	-83.685400
	0.040040	-26.239824	115.161951	-83.685400
	0.040049	-26.522934	115.161951	-83.745000
	0.040059	-26.156142	115.161951	-83.804600
	0.040068	-26.966822	115.161951	-83.804600
	0.040078	-27.685441	115.161951	-83.864200
	0.040087	-26.735412	115.161951	-83.923800
	0.040097	-26.841315	115.161951	-83.983400
	0.040106	-28.641146	115.161951	-84.043000
	0.040116	-26.899791	115.161951	-84.043000
	0.040125	-27.028584	115.161951	-84.043000
	0.040135	-26.539653	115.161951	-84.162200
	0.040144	-28.076234	115.161951	-84.162200
	0.040154	-27.086871	115.161951	-84.162200
	0.040163	-26.981790	115.161951	-84.221800
	0.040172	-28.217944	115.161951	-84.162200
	0.040182	-28.157814	115.161951	-84.281400
	0.040191	-27.727504	115.161951	-84.341000
	0.040201	-26.663054	115.161951	-84.400600
	0.040210	-26.759610	115.161951	-84.519900
	0.040220	-27.572914	115.161951	-84.639100
	0.040229	-26.748554	115.161951	-84.698700
	0.040239	-27.640349	115.161951	-84.817900
	0.040248	-27.237438	115.161951	-84.817900
	0.040258	-28.272078	115.161951	-84.877500
	0.040267	-27.285248	115.161951	-84.937100
	0.040277	-28.686193	115.161951	-85.056300
	0.040286	-28.376048	115.161951	-85.115900
	0.040296	-28.716880	115.161951	-84.996700
	0.040305	-28.521311	115.161951	-85.115900
	0.040315	-29.661702	115.161951	-85.115900
	0.040324	-29.469264	115.161951	-85.115900
	0.040333	-29.084737	115.161951	-85.175500
	0.040343	-27.953117	115.161951	-85.235100
	0.040352	-28.159451	115.161951	-85.175500
	0.040362	-26.785065	115.161951	-85.175500
	0.040371	-27.821334	115.161951	-85.175500
	0.040381	-28.446590	115.161951	-85.235100
	0.040390	-27.566710	115.161951	-85.354300
	0.040400	-27.794177	115.161951	-85.235100
	0.040409	-27.041011	115.161951	-85.115900
	0.040419	-26.889468	115.161951	-85.115900
	0.040428	-27.247577	115.161951	-85.115900
	0.040438	-27.039501	115.161951	-85.115900
	0.040447	-28.075748	115.161951	-85.175500
	0.040457	-26.736211	115.161951	-85.115900
	0.040466	-27.474228	115.161951	-85.115900
	0.040475	-27.409018	115.161951	-85.115900
	0.040485	-27.709456	115.161951	-85.235100
	0.040494	-26.382615	115.161951	-85.235100
	0.040504	-26.757102	115.161951	-84.996700
	0.040513	-27.881507	115.161951	-84.937100
	0.040523	-26.645204	115.161951	-84.877500
	0.040532	-27.476411	115.161951	-84.937100
	0.040542	-26.768523	115.161951	-84.937100
	0.040551	-27.387857	115.161951	-84.937100
	0.040561	-26.887812	115.161951	-84.937100
	0.040570	-27.145794	115.161951	-84.877500
	0.040580	-27.123193	115.161951	-84.937100
	0.040589	-27.859579	115.161951	-84.877500
	0.040599	-27.303909	115.161951	-84.817900
	0.040608	-27.901181	115.161951	-84.102600
	0.040618	-27.767525	115.161951	-82.970100
	0.040627	-27.987625	115.161951	-82.910500
	0.040636	-28.577426	115.161951	-82.970100
	0.040646	-28.024443	115.161951	-82.910500
	0.040655	-27.865311	115.161951	-82.850900
	0.040665	-28.512839	115.161951	-82.731700
	0.040674	-28.176747	115.161951	-82.672100
	0.040684	-30.944119	115.161951	-82.672100
	0.040693	-29.387190	115.161951	-82.672100
	0.040703	-29.579675	115.161951	-82.612500
	0.040712	-29.831190	115.161951	-82.612500
	0.040722	-29.594887	115.161951	-82.552900
	0.040731	-30.509468	115.161951	-82.433700
	0.040741	-30.529920	115.161951	-82.374100
	0.040750	-29.967553	115.161951	-82.433700
	0.040760	-29.066355	115.161951	-82.374100
	0.040769	-28.161471	115.161951	-82.374100
	0.040778	-28.932118	115.161951	-82.552900
	0.040788	-30.203353	115.161951	-82.493300
	0.040797	-29.848263	115.161951	-82.493300
	0.040807	-29.957879	115.161951	-82.552900
	0.040816	-30.188035	115.161951	-82.552900
	0.040826	-28.901912	115.161951	-82.552900
	0.040835	-29.489374	115.161951	-82.552900
	0.040845	-29.594874	115.161951	-82.612500
	0.040854	-29.938524	115.161951	-82.552900
	0.040864	-30.668895	115.161951	-82.612500
	0.040873	-29.506091	115.161951	-82.612500
	0.040883	-29.510696	115.161951	-82.672100
	0.040892	-30.449855	115.161951	-82.672100
	0.040902	-30.524788	115.161951	-82.374100
	0.040911	-30.403544	115.161951	-82.254900
	0.040921	-29.640747	115.161951	-82.254900
	0.040930	-28.489974	115.161951	-82.195300
	0.040939	-30.439998	115.161951	-82.254900
	0.040949	-30.830793	115.161951	-82.314500
	0.040958	-30.147298	115.161951	-82.374100
	0.040968	-29.381911	115.161951	-82.314500
	0.040977	-28.861054	115.161951	-82.374100
	0.040987	-29.637909	115.161951	-82.433700
	0.040996	-29.811871	115.161951	-82.552900
	0.041006	-28.697252	115.161951	-82.552900
	0.041015	-29.460529	115.161951	-82.612500
	0.041025	-29.636995	115.161951	-82.672100
	0.041034	-29.898651	115.161951	-82.731700
	0.041044	-31.029624	115.161951	-82.910500
	0.041053	-30.178477	115.161951	-83.029700
	0.041063	-30.181824	115.161951	-83.148900
	0.041072	-29.805765	115.161951	-83.268200
	0.041081	-30.958897	115.161951	-83.387400
	0.041091	-30.842380	115.161951	-83.447000
	0.041100	-29.761627	115.161951	-83.506600
	0.041110	-31.007814	115.161951	-83.566200
	0.041119	-31.506938	115.161951	-83.625800
	0.041129	-31.358912	115.161951	-83.685400
	0.041138	-30.564625	115.161951	-83.745000
	0.041148	-30.596318	115.161951	-83.804600
	0.041157	-30.411665	115.161951	-83.804600
	0.041167	-30.617321	115.161951	-83.804600
	0.041176	-30.743487	115.161951	-83.745000
	0.041186	-30.822095	115.161951	-83.745000
	0.041195	-31.859976	115.161951	-83.387400
	0.041205	-32.072659	115.161951	-83.268200
	0.041214	-31.993354	115.161951	-83.268200
	0.041224	-33.130263	115.161951	-83.327800
	0.041233	-32.280471	115.161951	-83.268200
	0.041242	-32.051143	115.161951	-83.327800
	0.041252	-33.177347	115.161951	-83.387400
	0.041261	-32.239311	115.161951	-83.327800
	0.041271	-33.058718	115.161951	-83.387400
	0.041280	-32.399619	115.161951	-83.387400
	0.041290	-32.100736	115.161951	-83.387400
	0.041299	-33.102175	115.161951	-83.327800
	0.041309	-32.197506	115.161951	-83.387400
	0.041318	-32.730982	115.161951	-83.447000
	0.041328	-33.051880	115.161951	-83.447000
	0.041337	-32.075453	115.161951	-83.447000
	0.041347	-31.885955	115.161951	-83.447000
	0.041356	-30.927911	115.161951	-83.566200
	0.041366	-31.847775	115.161951	-83.506600
	0.041375	-32.198193	115.161951	-83.566200
	0.041384	-32.038682	115.161951	-83.745000
	0.041394	-31.807940	115.161951	-83.804600
	0.041403	-33.089570	115.161951	-83.864200
	0.041413	-32.297415	115.161951	-83.745000
	0.041422	-32.965470	115.161951	-83.745000
	0.041432	-33.155372	115.161951	-83.685400
	0.041441	-32.700138	115.161951	-83.745000
	0.041451	-33.332329	115.161951	-83.625800
	0.041460	-32.362545	115.161951	-83.685400
	0.041470	-31.171451	115.161951	-83.625800
	0.041479	-32.454088	115.161951	-83.625800
	0.041489	-32.453284	115.161951	-83.566200
	0.041498	-33.453305	115.161951	-83.685400
	0.041508	-32.335399	115.161951	-83.745000
	0.041517	-32.716015	115.161951	-83.745000
	0.041527	-32.849320	115.161951	-83.983400
	0.041536	-32.383200	115.161951	-84.043000
	0.041545	-32.208604	115.161951	-84.043000
	0.041555	-32.692000	115.161951	-84.162200
	0.041564	-33.015038	115.161951	-84.281400
	0.041574	-33.721368	115.161951	-84.341000
	0.041583	-34.530648	115.161951	-84.400600
	0.041593	-33.079498	115.161951	-84.400600
	0.041602	-32.787042	115.161951	-84.519900
	0.041612	-32.999300	115.161951	-84.639100
	0.041621	-33.223667	115.161951	-84.639100
	0.041631	-32.210881	115.161951	-84.639100
	0.041640	-33.991111	115.161951	-84.639100
	0.041650	-32.726546	115.161951	-84.698700
	0.041659	-33.221810	115.161951	-84.698700
	0.041669	-33.326374	115.161951	-84.698700
	0.041678	-34.151777	115.161951	-84.817900
	0.041687	-34.234704	115.161951	-84.758300
	0.041697	-34.601578	115.161951	-84.877500
	0.041706	-33.653312	115.161951	-84.877500
	0.041716	-34.735524	115.161951	-84.937100
	0.041725	-34.686485	115.161951	-84.937100
	0.041735	-34.218861	115.161951	-84.937100
	0.041744	-35.068668	115.161951	-84.996700
	0.041754	-34.764674	115.161951	-84.996700
	0.041763	-33.912175	115.161951	-84.996700
	0.041773	-34.428410	115.161951	-84.996700
	0.041782	-33.920172	115.161951	-84.937100
	0.041792	-33.177247	115.161951	-84.937100
	0.041801	-34.048126	115.161951	-84.937100
	0.041811	-32.898273	115.161951	-84.877500
	0.041820	-33.094627	115.161951	-84.937100
	0.041829	-33.520056	115.161951	-84.937100
	0.041839	-33.112324	115.161951	-84.996700
	0.041848	-33.747583	115.161951	-85.056300
	0.041858	-34.899604	115.161951	-84.996700
	0.041867	-35.260288	115.161951	-85.056300
	0.041877	-34.216241	115.161951	-84.996700
	0.041886	-34.769583	115.161951	-85.056300
	0.041896	-34.617366	115.161951	-84.937100
	0.041905	-36.557987	115.161951	-84.102600
	0.041915	-36.404046	115.161951	-83.864200
	0.041924	-36.732492	115.161951	-83.864200
	0.041934	-35.985435	115.161951	-83.864200
	0.041943	-37.833507	115.161951	-83.923800
	0.041953	-36.185981	115.161951	-83.864200
	0.041962	-36.212010	115.161951	-83.864200
	0.041972	-36.291093	115.161951	-83.804600
	0.041981	-35.949912	115.161951	-83.804600
	0.041990	-35.173701	115.161951	-83.864200
	0.042000	-35.650065	115.161951	-83.983400
	0.042009	-35.244676	115.161951	-83.983400
	0.042019	-34.628540	115.161951	-84.043000
	0.042028	-34.583268	115.161951	-83.983400
	0.042038	-35.208530	115.161951	-83.983400
	0.042047	-34.810707	115.161951	-84.043000
	0.042057	-35.824844	115.161951	-84.102600
	0.042066	-34.455494	115.161951	-84.162200
	0.042076	-35.317316	115.161951	-84.221800
	0.042085	-34.198315	115.161951	-84.341000
	0.042095	-34.562627	115.161951	-84.341000
	0.042104	-35.673830	115.161951	-84.400600
	0.042114	-35.732577	115.161951	-84.400600
	0.042123	-35.611462	115.161951	-84.400600
	0.042132	-34.575684	115.161951	-84.519900
	0.042142	-35.329133	115.161951	-84.579500
	0.042151	-35.382527	115.161951	-84.579500
	0.042161	-35.326895	115.161951	-84.639100
	0.042170	-35.934976	115.161951	-84.698700
	0.042180	-35.299194	115.161951	-84.817900
	0.042189	-35.155590	115.161951	-84.937100
	0.042199	-36.048128	115.161951	-84.996700
	0.042208	-35.615148	115.161951	-84.996700
	0.042218	-35.849465	115.161951	-85.056300
	0.042227	-36.867293	115.161951	-85.056300
	0.042237	-37.016635	115.161951	-85.175500
	0.042246	-35.338722	115.161951	-85.294700
	0.042256	-38.266660	115.161951	-85.115900
	0.042265	-39.295264	115.161951	-84.996700
	0.042275	-38.186442	115.161951	-85.175500
	0.042284	-38.709158	115.161951	-85.175500
	0.042293	-39.195343	115.161951	-85.115900
	0.042303	-38.551574	115.161951	-85.175500
	0.042312	-39.188557	115.161951	-85.175500
	0.042322	-39.244335	115.161951	-85.056300
	0.042331	-39.241114	115.161951	-84.996700
	0.042341	-38.480876	115.161951	-85.115900
	0.042350	-39.457537	115.161951	-85.115900
	0.042360	-38.287877	115.161951	-85.056300
	0.042369	-39.585373	115.161951	-84.758300
	0.042379	-41.355233	115.161951	-83.745000
	0.042388	-42.300484	115.161951	-83.685400
	0.042398	-42.398698	115.161951	-83.685400
	0.042407	-41.483853	115.161951	-83.745000
	0.042417	-41.899634	115.161951	-83.566200
	0.042426	-42.733023	115.161951	-83.447000
	0.042435	-41.765088	115.161951	-83.506600
	0.042445	-41.890040	115.161951	-83.447000
	0.042454	-42.402704	115.161951	-83.387400
	0.042464	-45.442774	115.161951	-83.029700
	0.042473	-44.726899	115.161951	-82.910500
	0.042483	-44.774022	115.161951	-82.910500
	0.042492	-44.820770	115.161951	-82.910500
	0.042502	-44.846472	115.161951	-82.910500
	0.042511	-45.034165	115.161951	-82.910500
	0.042521	-44.516282	115.161951	-82.850900
	0.042530	-44.425242	115.161951	-82.910500
	0.042540	-45.117814	115.161951	-82.910500
	0.042549	-44.919734	115.161951	-82.850900
	0.042559	-45.271240	115.161951	-82.850900
	0.042568	-44.791256	115.161951	-82.672100
	0.042578	-44.435696	115.161951	-82.672100
	0.042587	-45.054198	115.161951	-82.791300
	0.042596	-45.257745	115.161951	-82.850900
	0.042606	-44.956337	115.161951	-82.850900
	0.042615	-44.897742	115.161951	-82.791300
	0.042625	-46.264136	115.161951	-82.850900
	0.042634	-45.160239	115.161951	-82.850900
	0.042644	-45.341324	115.161951	-82.850900
	0.042653	-46.188737	115.161951	-82.970100
	0.042663	-44.977210	115.161951	-82.970100
	0.042672	-45.374674	115.161951	-83.029700
	0.042682	-44.211219	115.161951	-83.029700
	0.042691	-44.979571	115.161951	-83.089300
	0.042701	-44.971008	115.161951	-83.089300
	0.042710	-46.244973	115.161951	-83.148900
	0.042720	-46.514028	115.161951	-83.208500
	0.042729	-46.578766	115.161951	-83.148900
	0.042738	-47.294177	115.161951	-83.268200
	0.042748	-47.504835	115.161951	-83.268200
	0.042757	-48.483274	115.161951	-82.076100
	0.042767	-51.613385	115.161951	-80.526300
	0.042776	-53.202810	115.161951	-80.466700
	0.042786	-52.346105	115.161951	-80.526300
	0.042795	-52.870544	115.161951	-80.585900
	0.042805	-52.845105	115.161951	-80.585900
	0.042814	-52.057598	115.161951	-80.585900
	0.042824	-52.561904	115.161951	-80.645600
	0.042833	-51.869754	115.161951	-80.705200
	0.042843	-51.791749	115.161951	-80.705200
	0.042852	-51.582621	115.161951	-80.705200
	0.042862	-52.532278	115.161951	-80.705200
	0.042871	-52.287895	115.161951	-80.705200
	0.042881	-51.527017	115.161951	-80.645600
	0.042890	-52.085679	115.161951	-80.764800
	0.042899	-52.863070	115.161951	-80.705200
	0.042909	-51.863624	115.161951	-80.705200
	0.042918	-52.342727	115.161951	-80.705200
	0.042928	-52.379725	115.161951	-80.585900
	0.042937	-51.414676	115.161951	-79.930300
	0.042947	-51.360490	115.161951	-79.453500
	0.042956	-50.517719	115.161951	-79.453500
	0.042966	-51.864289	115.161951	-79.453500
	0.042975	-50.746205	115.161951	-79.453500
	0.042985	-51.947591	115.161951	-79.572700
	0.042994	-51.490313	115.161951	-79.632300
	0.043004	-51.575971	115.161951	-79.572700
	0.043013	-52.610856	115.161951	-79.572700
	0.043023	-51.910224	115.161951	-79.691900
	0.043032	-56.043483	115.161951	-78.321000
	0.043041	-58.216126	115.161951	-77.665300
	0.043051	-59.055452	115.161951	-77.605700
	0.043060	-59.599768	115.161951	-77.546100
	0.043070	-59.588526	115.161951	-77.486500
	0.043079	-59.341488	115.161951	-77.546100
	0.043089	-59.068181	115.161951	-77.605700
	0.043098	-58.767956	115.161951	-77.546100
	0.043108	-59.798839	115.161951	-77.426900
	0.043117	-58.440806	115.161951	-77.546100
	0.043127	-58.859590	115.161951	-77.546100
	0.043136	-59.673262	115.161951	-77.605700
	0.043146	-59.636252	115.161951	-77.605700
	0.043155	-59.435801	115.161951	-77.605700
	0.043165	-59.935678	115.161951	-77.605700
	0.043174	-59.511489	115.161951	-77.605700
	0.043184	-58.106104	115.161951	-77.665300
	0.043193	-59.243803	115.161951	-77.784500
	0.043202	-58.755159	115.161951	-77.784500
	0.043212	-58.744139	115.161951	-77.784500
	0.043221	-58.570267	115.161951	-77.784500
	0.043231	-58.374232	115.161951	-77.784500
	0.043240	-58.366168	115.161951	-77.844100
	0.043250	-58.217055	115.161951	-77.724900
	0.043259	-58.697198	115.161951	-77.665300
	0.043269	-59.419206	115.161951	-77.724900
	0.043278	-59.250917	115.161951	-77.724900
	0.043288	-57.623416	115.161951	-77.844100
	0.043297	-57.774413	115.161951	-77.784500
	0.043307	-57.803929	115.161951	-77.784500
	0.043316	-59.137425	115.161951	-77.784500
	0.043326	-59.216796	115.161951	-77.844100
	0.043335	-60.490163	115.161951	-77.844100
	0.043344	-58.584500	115.161951	-77.844100
	0.043354	-58.789662	115.161951	-77.844100
	0.043363	-59.356553	115.161951	-77.903700
	0.043373	-58.466188	115.161951	-77.903700
	0.043382	-59.138142	115.161951	-77.784500
	0.043392	-61.160724	115.161951	-77.844100
	0.043401	-59.961265	115.161951	-77.903700
	0.043411	-60.074774	115.161951	-77.784500
	0.043420	-60.555827	115.161951	-77.784500
	0.043430	-61.327896	115.161951	-77.844100
	0.043439	-61.184269	115.161951	-77.784500
	0.043449	-61.587399	115.161951	-77.784500
	0.043458	-61.091653	115.161951	-77.844100
	0.043468	-61.335896	115.161951	-77.844100
	0.043477	-62.289685	115.161951	-77.665300
	0.043487	-60.967318	115.161951	-77.724900
	0.043496	-62.027189	115.161951	-77.665300
	0.043505	-61.689990	115.161951	-77.128900
	0.043515	-61.810744	115.161951	-77.009700
	0.043524	-62.366283	115.161951	-76.950100
	0.043534	-63.237911	115.161951	-76.890500
	0.043543	-60.466811	115.161951	-76.950100
	0.043553	-61.039122	115.161951	-76.890500
	0.043562	-62.326910	115.161951	-76.771200
	0.043572	-62.370046	115.161951	-76.711600
	0.043581	-62.640570	115.161951	-76.771200
	0.043591	-68.244232	115.161951	-75.698400
	0.043600	-67.791989	115.161951	-75.519600
	0.043610	-68.425758	115.161951	-75.459900
	0.043619	-68.574515	115.161951	-75.400300
	0.043629	-66.669322	115.161951	-75.519600
	0.043638	-66.478354	115.161951	-75.579200
	0.043647	-67.233923	115.161951	-75.638800
	0.043657	-66.967873	115.161951	-75.579200
	0.043666	-67.168686	115.161951	-75.459900
	0.043676	-67.221131	115.161951	-75.459900
	0.043685	-66.627542	115.161951	-75.519600
	0.043695	-67.260594	115.161951	-75.579200
	0.043704	-66.370206	115.161951	-75.519600
	0.043714	-66.857968	115.161951	-75.400300
	0.043723	-66.448874	115.161951	-75.340700
	0.043733	-66.839332	115.161951	-75.340700
	0.043742	-67.577458	115.161951	-75.281100
	0.043752	-66.973130	115.161951	-75.519600
	0.043761	-68.022490	115.161951	-75.459900
	0.043771	-70.746403	115.161951	-73.135400
	0.043780	-70.114462	115.161951	-72.539300
	0.043790	-71.641392	115.161951	-72.479700
	0.043799	-70.535261	115.161951	-72.539300
	0.043808	-71.085324	115.161951	-72.718100
	0.043818	-70.799752	115.161951	-72.777700
	0.043827	-70.729706	115.161951	-72.837300
	0.043837	-70.797331	115.161951	-72.896900
	0.043846	-70.493118	115.161951	-72.956600
	0.043856	-70.387913	115.161951	-73.016200
	0.043865	-69.789977	115.161951	-73.075800
	0.043875	-69.932733	115.161951	-73.016200
	0.043884	-70.609309	115.161951	-73.075800
	0.043894	-70.601277	115.161951	-73.195000
	0.043903	-72.019401	115.161951	-73.254600
	0.043913	-71.912024	115.161951	-73.254600
	0.043922	-70.514463	115.161951	-73.195000
	0.043932	-71.827086	115.161951	-73.254600
	0.043941	-71.741805	115.161951	-73.314200
	0.043950	-72.455603	115.161951	-73.254600
	0.043960	-72.329911	115.161951	-73.254600
	0.043969	-71.979795	115.161951	-73.314200
	0.043979	-72.955025	115.161951	-73.254600
	0.043988	-73.035741	115.161951	-73.254600
	0.043998	-72.023302	115.161951	-73.254600
	0.044007	-71.756967	115.161951	-73.075800
	0.044017	-72.422063	115.161951	-72.777700
	0.044026	-75.363793	115.161951	-71.168400
	0.044036	-75.570387	115.161951	-70.751200
	0.044045	-79.143643	115.161951	-70.214700
	0.044055	-80.711103	115.161951	-69.141900
	0.044064	-80.053422	115.161951	-68.963000
	0.044074	-81.145139	115.161951	-68.963000
	0.044083	-80.296358	115.161951	-68.843800
	0.044093	-81.097330	115.161951	-68.903400
	0.044102	-82.414985	115.161951	-68.784200
	0.044111	-84.734010	115.161951	-67.711300
	0.044121	-87.828234	115.161951	-66.102000
	0.044130	-88.574383	115.161951	-65.982800
	0.044140	-89.595653	115.161951	-65.625200
	0.044149	-89.416051	115.161951	-65.565600
	0.044159	-89.328301	115.161951	-65.506000
	0.044168	-89.692182	115.161951	-65.446400
	0.044178	-89.075268	115.161951	-65.446400
	0.044187	-89.525677	115.161951	-65.446400
	0.044197	-90.198343	115.161951	-65.386800
	0.044206	-90.525581	115.161951	-65.327200
	0.044216	-90.307798	115.161951	-65.267600
	0.044225	-90.368699	115.161951	-65.267600
	0.044235	-89.745172	115.161951	-65.267600
	0.044244	-89.464372	115.161951	-65.267600
	0.044253	-91.141507	115.161951	-64.731100
	0.044263	-92.459017	115.161951	-63.300600
	0.044272	-91.537640	115.161951	-63.241000
	0.044282	-92.403252	115.161951	-63.181400
	0.044291	-91.691752	115.161951	-63.121800
	0.044301	-93.252253	115.161951	-62.287300
	0.044310	-94.908287	115.161951	-61.870100
	0.044320	-94.928294	115.161951	-61.870100
	0.044329	-94.368585	115.161951	-61.810500
	0.044339	-94.230304	115.161951	-61.810500
	0.044348	-94.324557	115.161951	-61.810500
	0.044358	-94.762561	115.161951	-61.870100
	0.044367	-95.085130	115.161951	-61.870100
	0.044377	-94.428889	115.161951	-61.870100
	0.044386	-96.354336	115.161951	-61.870100
	0.044396	-98.277193	115.161951	-61.274000
	0.044405	-98.624399	115.161951	-61.393200
	0.044414	-98.219066	115.161951	-61.333600
	0.044424	-98.291233	115.161951	-61.333600
	0.044433	-97.606291	115.161951	-61.333600
	0.044443	-97.014842	115.161951	-61.333600
	0.044452	-96.979175	115.161951	-61.452900
	0.044462	-96.867567	115.161951	-61.393200
	0.044471	-97.944454	115.161951	-61.393200
	0.044481	-98.005745	115.161951	-61.452900
	0.044490	-98.157287	115.161951	-61.512500
	0.044500	-98.659892	115.161951	-61.572100
	0.044509	-97.604521	115.161951	-61.631700
	0.044519	-99.289024	115.161951	-61.572100
	0.044528	-100.005335	115.161951	-61.631700
	0.044538	-98.369889	115.161951	-61.631700
	0.044547	-97.913933	115.161951	-61.810500
	0.044556	-99.526691	115.161951	-61.810500
	0.044566	-99.278017	115.161951	-61.810500
	0.044575	-100.184665	115.161951	-60.797000
	0.044585	-101.643064	115.161951	-60.260500
	0.044594	-102.092345	115.161951	-60.320100
	0.044604	-102.110288	115.161951	-60.320100
	0.044613	-101.004431	115.161951	-60.260500
	0.044623	-102.172741	115.161951	-60.200900
	0.044632	-102.332032	115.161951	-60.200900
	0.044642	-102.538965	115.161951	-60.200900
	0.044651	-101.067373	115.161951	-60.260500
	0.044661	-100.980348	115.161951	-60.200900
	0.044670	-101.465094	115.161951	-60.022100
	0.044680	-101.843395	115.161951	-60.081700
	0.044689	-101.249146	115.161951	-60.081700
	0.044699	-102.388673	115.161951	-59.902900
	0.044708	-102.183538	115.161951	-60.022100
	0.044717	-102.231400	115.161951	-60.022100
	0.044727	-103.327345	115.161951	-59.962500
	0.044736	-102.532848	115.161951	-60.022100
	0.044746	-102.093086	115.161951	-60.022100
	0.044755	-102.332335	115.161951	-60.081700
	0.044765	-101.704368	115.161951	-60.081700
	0.044774	-101.866946	115.161951	-60.141300
	0.044784	-101.798442	115.161951	-60.141300
	0.044793	-101.946984	115.161951	-60.141300
	0.044803	-102.429461	115.161951	-60.141300
	0.044812	-102.246842	115.161951	-60.141300
	0.044822	-102.439317	115.161951	-60.200900
	0.044831	-102.394720	115.161951	-60.260500
	0.044841	-102.322871	115.161951	-60.200900
	0.044850	-102.552470	115.161951	-60.081700
	0.044859	-102.971733	115.161951	-60.081700
	0.044869	-101.505118	115.161951	-60.022100
	0.044878	-102.260235	115.161951	-60.081700
	0.044888	-103.388640	115.161951	-60.081700
	0.044897	-102.640630	115.161951	-60.022100
	0.044907	-102.803433	115.161951	-60.022100
	0.044916	-104.166703	115.161951	-60.141300
	0.044926	-102.796271	115.161951	-60.081700
	0.044935	-103.354462	115.161951	-60.022100
	0.044945	-103.161112	115.161951	-60.081700
	0.044954	-102.596251	115.161951	-60.081700
	0.044964	-103.686691	115.161951	-60.081700
	0.044973	-102.605994	115.161951	-60.200900
	0.044983	-103.579465	115.161951	-60.141300
	0.044992	-103.251460	115.161951	-60.022100
	0.045002	-104.134218	115.161951	-60.022100
	0.045011	-104.214973	115.161951	-59.962500
	0.045020	-103.363778	115.161951	-59.902900
	0.045030	-103.655137	115.161951	-59.843300
	0.045039	-101.695700	115.161951	-59.843300
	0.045049	-102.704080	115.161951	-59.843300
	0.045058	-103.727838	115.161951	-59.783700
	0.045068	-103.955979	115.161951	-59.664500
	0.045077	-103.295799	115.161951	-59.604900
	0.045087	-103.060566	115.161951	-59.664500
	0.045096	-102.890974	115.161951	-59.724100
	0.045106	-104.605933	115.161951	-60.022100
	0.045115	-104.351006	115.161951	-60.141300
	0.045125	-104.101616	115.161951	-60.141300
	0.045134	-104.411291	115.161951	-60.200900
	0.045144	-104.290946	115.161951	-60.141300
	0.045153	-104.854985	115.161951	-60.200900
	0.045162	-105.201110	115.161951	-60.200900
	0.045172	-104.037523	115.161951	-60.141300
	0.045181	-104.734993	115.161951	-60.141300
	0.045191	-103.880799	115.161951	-60.141300
	0.045200	-104.369656	115.161951	-60.141300
	0.045210	-108.776150	115.161951	-59.366500
	0.045219	-107.757049	115.161951	-59.068400
	0.045229	-107.332520	115.161951	-59.008800
	0.045238	-109.051036	115.161951	-59.068400
	0.045248	-108.107473	115.161951	-59.068400
	0.045257	-108.357412	115.161951	-59.068400
	0.045267	-107.435251	115.161951	-59.068400
	0.045276	-108.208028	115.161951	-59.068400
	0.045286	-107.649163	115.161951	-59.128000
	0.045295	-108.508015	115.161951	-59.008800
	0.045305	-108.650334	115.161951	-58.949200
	0.045314	-108.548550	115.161951	-58.949200
	0.045323	-109.177984	115.161951	-59.008800
	0.045333	-109.556948	115.161951	-59.008800
	0.045342	-109.560057	115.161951	-59.008800
	0.045352	-115.465228	115.161951	-56.445800
	0.045361	-116.708051	115.161951	-55.134500
	0.045371	-117.402925	115.161951	-55.015300
	0.045380	-118.386760	115.161951	-55.015300
	0.045390	-117.870845	115.161951	-54.955700
	0.045399	-117.932867	115.161951	-54.896100
	0.045409	-118.161491	115.161951	-54.776900
	0.045418	-118.285083	115.161951	-54.776900
	0.045428	-118.940238	115.161951	-54.776900
	0.045437	-118.666079	115.161951	-54.836500
	0.045447	-117.989067	115.161951	-54.776900
	0.045456	-118.252736	115.161951	-54.717300
	0.045465	-118.159660	115.161951	-54.598100
	0.045475	-117.086825	115.161951	-54.598100
	0.045484	-116.658812	115.161951	-54.538500
	0.045494	-117.060914	115.161951	-54.478900
	0.045503	-118.429479	115.161951	-54.419300
	0.045513	-117.973226	115.161951	-54.419300
	0.045522	-118.628674	115.161951	-53.584800
	0.045532	-123.453740	115.161951	-49.412500
	0.045541	-123.903399	115.161951	-49.054900
	0.045551	-124.235645	115.161951	-48.995300
	0.045560	-124.789217	115.161951	-48.935600
	0.045570	-124.174352	115.161951	-48.935600
	0.045579	-123.583019	115.161951	-48.935600
	0.045589	-124.073416	115.161951	-48.935600
	0.045598	-124.637528	115.161951	-48.876000
	0.045608	-122.762537	115.161951	-48.935600
	0.045617	-123.614474	115.161951	-48.935600
	0.045626	-123.433619	115.161951	-48.935600
	0.045636	-123.161044	115.161951	-49.054900
	0.045645	-122.430139	115.161951	-48.935600
	0.045655	-123.774735	115.161951	-48.935600
	0.045664	-123.736028	115.161951	-49.054900
	0.045674	-122.526531	115.161951	-48.935600
	0.045683	-123.013249	115.161951	-48.935600
	0.045693	-123.875365	115.161951	-48.935600
	0.045702	-123.446990	115.161951	-48.935600
	0.045712	-123.102076	115.161951	-49.054900
	0.045721	-122.858441	115.161951	-49.174100
	0.045731	-123.172506	115.161951	-49.174100
	0.045740	-122.559579	115.161951	-49.352900
	0.045750	-122.971451	115.161951	-49.352900
	0.045759	-122.783293	115.161951	-49.352900
	0.045768	-122.893367	115.161951	-49.352900
	0.045778	-123.395534	115.161951	-49.412500
	0.045787	-123.804866	115.161951	-49.472100
	0.045797	-123.652351	115.161951	-49.472100
	0.045806	-125.152798	115.161951	-49.531700
	0.045816	-124.930281	115.161951	-49.531700
	0.045825	-124.807022	115.161951	-49.531700
	0.045835	-125.089825	115.161951	-49.233700
	0.045844	-127.411713	115.161951	-49.054900
	0.045854	-126.799660	115.161951	-49.114500
	0.045863	-125.628699	115.161951	-49.054900
	0.045873	-125.023217	115.161951	-48.935600
	0.045882	-126.506987	115.161951	-48.756800
	0.045892	-127.301876	115.161951	-48.399200
	0.045901	-127.484043	115.161951	-48.339600
	0.045910	-126.960974	115.161951	-48.280000
	0.045920	-126.967027	115.161951	-48.220400
	0.045929	-127.347868	115.161951	-48.220400
	0.045939	-127.807581	115.161951	-48.220400
	0.045948	-127.761357	115.161951	-48.280000
	0.045958	-127.088891	115.161951	-48.280000
	0.045967	-127.669306	115.161951	-48.280000
	0.045977	-128.541298	115.161951	-48.220400
	0.045986	-127.609022	115.161951	-48.220400
	0.045996	-127.694610	115.161951	-48.280000
	0.046005	-129.594850	115.161951	-47.803200
	0.046015	-130.007904	115.161951	-47.743600
	0.046024	-129.529413	115.161951	-47.743600
	0.046034	-129.807839	115.161951	-47.683900
	0.046043	-129.737398	115.161951	-47.743600
	0.046053	-131.079642	115.161951	-47.624300
	0.046062	-129.588694	115.161951	-47.624300
	0.046071	-130.138523	115.161951	-47.624300
	0.046081	-129.747239	115.161951	-47.564700
	0.046090	-130.374928	115.161951	-47.683900
	0.046100	-130.853727	115.161951	-47.624300
	0.046109	-136.181917	115.161951	-45.538200
	0.046119	-135.546999	115.161951	-45.299800
	0.046128	-136.520943	115.161951	-45.240200
	0.046138	-135.607881	115.161951	-45.240200
	0.046147	-135.953223	115.161951	-45.240200
	0.046157	-135.296448	115.161951	-45.180600
	0.046166	-135.761567	115.161951	-45.180600
	0.046176	-136.492024	115.161951	-45.180600
	0.046185	-136.905055	115.161951	-45.240200
	0.046195	-135.955897	115.161951	-45.299800
	0.046204	-136.773572	115.161951	-45.180600
	0.046213	-135.619886	115.161951	-45.180600
	0.046223	-136.243451	115.161951	-45.061300
	0.046232	-135.306662	115.161951	-45.061300
	0.046242	-136.278516	115.161951	-45.061300
	0.046251	-136.755946	115.161951	-45.120900
	0.046261	-135.902256	115.161951	-45.061300
	0.046270	-136.713566	115.161951	-45.001700
	0.046280	-137.412716	115.161951	-45.001700
	0.046289	-137.143114	115.161951	-45.061300
	0.046299	-137.348632	115.161951	-45.180600
	0.046308	-136.106942	115.161951	-45.120900
	0.046318	-136.079451	115.161951	-45.120900
	0.046327	-136.423775	115.161951	-45.120900
	0.046337	-136.595760	115.161951	-45.061300
	0.046346	-136.447947	115.161951	-45.061300
	0.046356	-136.456295	115.161951	-45.061300
	0.046365	-136.215242	115.161951	-45.120900
	0.046374	-137.112970	115.161951	-45.180600
	0.046384	-137.006995	115.161951	-45.180600
	0.046393	-136.973608	115.161951	-45.180600
	0.046403	-136.681599	115.161951	-45.120900
	0.046412	-137.278282	115.161951	-45.061300
	0.046422	-135.984599	115.161951	-45.061300
	0.046431	-136.540993	115.161951	-45.001700
	0.046441	-137.154870	115.161951	-44.942100
	0.046450	-137.316577	115.161951	-45.001700
	0.046460	-136.414475	115.161951	-45.001700
	0.046469	-136.576717	115.161951	-45.001700
	0.046479	-137.463403	115.161951	-45.120900
	0.046488	-138.984474	115.161951	-45.120900
	0.046498	-137.681020	115.161951	-45.180600
	0.046507	-137.206361	115.161951	-45.180600
	0.046516	-137.535961	115.161951	-45.180600
	0.046526	-137.094261	115.161951	-45.240200
	0.046535	-136.688623	115.161951	-45.299800
	0.046545	-139.047708	115.161951	-45.180600
	0.046554	-137.954503	115.161951	-45.240200
	0.046564	-138.429195	115.161951	-45.120900
	0.046573	-138.462600	115.161951	-45.061300
	0.046583	-138.331960	115.161951	-45.061300
	0.046592	-138.191089	115.161951	-44.822900
	0.046602	-137.985562	115.161951	-44.763300
	0.046611	-137.873458	115.161951	-44.703700
	0.046621	-139.841194	115.161951	-44.584500
	0.046630	-138.422519	115.161951	-44.584500
	0.046640	-138.201989	115.161951	-44.465300
	0.046649	-137.787894	115.161951	-44.048100
	0.046659	-139.149004	115.161951	-43.332800
	0.046668	-140.117085	115.161951	-43.273200
	0.046677	-140.130838	115.161951	-43.213600
	0.046687	-139.683867	115.161951	-43.154000
	0.046696	-140.088506	115.161951	-43.094400
	0.046706	-142.390997	115.161951	-42.319500
	0.046715	-141.229317	115.161951	-42.021500
	0.046725	-142.007466	115.161951	-42.081100
	0.046734	-141.559393	115.161951	-42.081100
	0.046744	-142.989476	115.161951	-42.081100
	0.046753	-142.657353	115.161951	-42.021500
	0.046763	-141.540586	115.161951	-42.021500
	0.046772	-142.701366	115.161951	-41.902300
	0.046782	-142.298580	115.161951	-41.723500
	0.046791	-141.575492	115.161951	-41.485100
	0.046801	-142.056731	115.161951	-41.306300
	0.046810	-142.526976	115.161951	-41.246600
	0.046819	-142.636110	115.161951	-41.246600
	0.046829	-142.693859	115.161951	-41.306300
	0.046838	-142.756008	115.161951	-41.306300
	0.046848	-143.626485	115.161951	-41.365900
	0.046857	-142.728047	115.161951	-41.306300
	0.046867	-143.369384	115.161951	-41.306300
	0.046876	-142.365513	115.161951	-41.246600
	0.046886	-143.084658	115.161951	-41.187000
	0.046895	-142.088777	115.161951	-41.187000
	0.046905	-141.792392	115.161951	-41.187000
	0.046914	-141.709901	115.161951	-41.067800
	0.046924	-142.132972	115.161951	-41.008200
	0.046933	-141.993260	115.161951	-41.008200
	0.046943	-142.192583	115.161951	-40.948600
	0.046952	-142.610120	115.161951	-40.889000
	0.046962	-144.264313	115.161951	-40.710200
	0.046971	-143.506878	115.161951	-40.531400
	0.046980	-144.122183	115.161951	-40.531400
	0.046990	-143.261606	115.161951	-40.531400
	0.046999	-143.532984	115.161951	-40.650600
	0.047009	-143.146284	115.161951	-40.531400
	0.047018	-149.539482	115.161951	-38.385600
	0.047028	-150.326035	115.161951	-38.266400
	0.047037	-150.680982	115.161951	-38.206800
	0.047047	-151.108577	115.161951	-38.147200
	0.047056	-149.837416	115.161951	-38.087600
	0.047066	-150.198485	115.161951	-38.087600
	0.047075	-150.815288	115.161951	-38.087600
	0.047085	-151.963415	115.161951	-38.028000
	0.047094	-150.747502	115.161951	-38.028000
	0.047104	-151.130249	115.161951	-37.968400
	0.047113	-150.767092	115.161951	-38.028000
	0.047122	-151.873100	115.161951	-38.087600
	0.047132	-149.493082	115.161951	-38.028000
	0.047141	-150.497181	115.161951	-38.087600
	0.047151	-149.685247	115.161951	-38.087600
	0.047160	-149.613601	115.161951	-38.147200
	0.047170	-148.978689	115.161951	-38.206800
	0.047179	-149.975208	115.161951	-38.266400
	0.047189	-150.617412	115.161951	-38.385600
	0.047198	-150.557738	115.161951	-38.445200
	0.047208	-150.428128	115.161951	-38.504800
	0.047217	-149.895674	115.161951	-38.504800
	0.047227	-150.662688	115.161951	-38.385600
	0.047236	-150.402079	115.161951	-38.445200
	0.047246	-150.200810	115.161951	-38.504800
	0.047255	-150.344706	115.161951	-38.504800
	0.047265	-150.124366	115.161951	-38.445200
	0.047274	-150.884601	115.161951	-38.445200
	0.047283	-150.911904	115.161951	-38.504800
	0.047293	-151.605543	115.161951	-38.445200
	0.047302	-150.696557	115.161951	-38.326000
	0.047312	-151.612758	115.161951	-38.266400
	0.047321	-151.196835	115.161951	-38.147200
	0.047331	-151.164680	115.161951	-38.147200
	0.047340	-151.634856	115.161951	-38.266400
	0.047350	-150.582072	115.161951	-38.266400
	0.047359	-152.163168	115.161951	-38.266400
	0.047369	-150.769629	115.161951	-38.266400
	0.047378	-151.231646	115.161951	-38.147200
	0.047388	-151.757237	115.161951	-38.087600
	0.047397	-151.370651	115.161951	-38.266400
	0.047407	-152.795960	115.161951	-37.908800
	0.047416	-156.041659	115.161951	-37.074300
	0.047425	-156.783837	115.161951	-37.074300
	0.047435	-155.544866	115.161951	-37.193500
	0.047444	-156.051711	115.161951	-37.193500
	0.047454	-156.912436	115.161951	-37.014700
	0.047463	-157.191492	115.161951	-36.895500
	0.047473	-157.900941	115.161951	-36.955100
	0.047482	-157.399927	115.161951	-36.835900
	0.047492	-160.087740	115.161951	-36.239900
	0.047501	-160.648482	115.161951	-36.120600
	0.047511	-160.318523	115.161951	-36.001400
	0.047520	-159.746476	115.161951	-36.001400
	0.047530	-159.361428	115.161951	-35.941800
	0.047539	-160.285639	115.161951	-36.001400
	0.047549	-160.114802	115.161951	-36.061000
	0.047558	-161.041155	115.161951	-35.941800
	0.047568	-159.265590	115.161951	-36.120600
	0.047577	-159.422352	115.161951	-36.061000
	0.047586	-159.601563	115.161951	-36.001400
	0.047596	-160.613579	115.161951	-36.001400
	0.047605	-160.435019	115.161951	-35.941800
	0.047615	-160.909357	115.161951	-35.465000
	0.047624	-164.185989	115.161951	-35.465000
	0.047634	-162.550076	115.161951	-35.405400
	0.047643	-162.775188	115.161951	-35.405400
	0.047653	-162.215288	115.161951	-35.405400
	0.047662	-161.669130	115.161951	-35.405400
	0.047672	-162.094084	115.161951	-35.465000
	0.047681	-161.016345	115.161951	-35.405400
	0.047691	-162.974640	115.161951	-35.286200
	0.047700	-163.208943	115.161951	-35.286200
	0.047710	-161.013513	115.161951	-35.286200
	0.047719	-162.098308	115.161951	-35.167000
	0.047728	-161.887982	115.161951	-35.167000
	0.047738	-162.561288	115.161951	-35.047800
	0.047747	-162.057378	115.161951	-34.869000
	0.047757	-162.773560	115.161951	-34.749700
	0.047766	-161.259737	115.161951	-34.690100
	0.047776	-162.287089	115.161951	-34.630500
	0.047785	-161.947472	115.161951	-34.570900
	0.047795	-162.702080	115.161951	-34.630500
	0.047804	-162.016918	115.161951	-34.690100
	0.047814	-162.732638	115.161951	-34.690100
	0.047823	-162.685233	115.161951	-34.749700
	0.047833	-163.120686	115.161951	-34.749700
	0.047842	-163.007402	115.161951	-34.630500
	0.047852	-162.921033	115.161951	-34.690100
	0.047861	-161.859352	115.161951	-34.690100
	0.047871	-162.314629	115.161951	-34.570900
	0.047880	-161.716680	115.161951	-34.570900
	0.047889	-162.252715	115.161951	-34.511300
	0.047899	-163.875565	115.161951	-34.511300
	0.047908	-162.396182	115.161951	-34.511300
	0.047918	-161.873786	115.161951	-34.511300
	0.047927	-162.954661	115.161951	-34.392100
	0.047937	-162.248808	115.161951	-34.213300
	0.047946	-162.823107	115.161951	-34.272900
	0.047956	-162.977962	115.161951	-34.272900
	0.047965	-162.902724	115.161951	-34.332500
	0.047975	-163.106582	115.161951	-34.451700
	0.047984	-163.585590	115.161951	-34.511300
	0.047994	-163.588530	115.161951	-34.332500
	0.048003	-164.438055	115.161951	-34.272900
	0.048013	-163.569337	115.161951	-34.272900
	0.048022	-163.626654	115.161951	-34.332500
	0.048031	-164.234197	115.161951	-34.392100
	0.048041	-164.398260	115.161951	-34.392100
	0.048050	-164.357634	115.161951	-34.451700
	0.048060	-165.422192	115.161951	-34.451700
	0.048069	-164.143049	115.161951	-34.511300
	0.048079	-163.619978	115.161951	-34.570900
	0.048088	-164.637374	115.161951	-34.570900
	0.048098	-164.584435	115.161951	-34.570900
	0.048107	-164.648334	115.161951	-34.630500
	0.048117	-165.742487	115.161951	-34.570900
	0.048126	-165.999369	115.161951	-34.511300
	0.048136	-169.342375	115.161951	-32.782800
	0.048145	-171.731840	115.161951	-32.723200
	0.048155	-171.467422	115.161951	-32.723200
	0.048164	-171.335194	115.161951	-32.782800
	0.048174	-170.468141	115.161951	-32.723200
	0.048183	-171.576769	115.161951	-32.723200
	0.048192	-171.002484	115.161951	-32.723200
	0.048202	-170.934423	115.161951	-32.723200
	0.048211	-172.562488	115.161951	-32.723200
	0.048221	-170.963004	115.161951	-32.544400
	0.048230	-171.435276	115.161951	-32.544400
	0.048240	-170.583350	115.161951	-32.425200
	0.048249	-170.534028	115.161951	-32.306000
	0.048259	-169.981615	115.161951	-32.306000
	0.048268	-170.549854	115.161951	-32.246300
	0.048278	-169.640169	115.161951	-32.246300
	0.048287	-171.241099	115.161951	-32.365600
	0.048297	-171.154843	115.161951	-32.484800
	0.048306	-171.292404	115.161951	-32.484800
	0.048316	-170.848844	115.161951	-32.365600
	0.048325	-170.856977	115.161951	-32.365600
	0.048334	-172.210019	115.161951	-32.365600
	0.048344	-171.385281	115.161951	-32.365600
	0.048353	-171.439507	115.161951	-32.425200
	0.048363	-170.562121	115.161951	-32.365600
	0.048372	-171.186071	115.161951	-32.484800
	0.048382	-170.026077	115.161951	-32.365600
	0.048391	-169.748276	115.161951	-32.365600
	0.048401	-170.405469	115.161951	-32.365600
	0.048410	-170.198391	115.161951	-32.365600
	0.048420	-169.392402	115.161951	-32.365600
	0.048429	-171.088122	115.161951	-32.186700
	0.048439	-171.184448	115.161951	-32.186700
	0.048448	-171.359802	115.161951	-32.067500
	0.048458	-172.123849	115.161951	-32.007900
	0.048467	-170.306578	115.161951	-31.948300
	0.048477	-171.933144	115.161951	-32.007900
	0.048486	-171.940163	115.161951	-31.948300
	0.048495	-170.973266	115.161951	-31.709900
	0.048505	-171.077312	115.161951	-31.709900
	0.048514	-172.205186	115.161951	-31.769500
	0.048524	-170.913090	115.161951	-31.709900
	0.048533	-171.126087	115.161951	-31.709900
	0.048543	-172.860267	115.161951	-31.173500
	0.048552	-171.895422	115.161951	-31.233100
	0.048562	-172.392970	115.161951	-31.173500
	0.048571	-171.511087	115.161951	-31.173500
	0.048581	-172.813789	115.161951	-31.292700
	0.048590	-172.559126	115.161951	-31.471500
	0.048600	-173.077158	115.161951	-31.531100
	0.048609	-171.178687	115.161951	-31.590700
	0.048619	-171.961115	115.161951	-31.590700
	0.048628	-171.737762	115.161951	-31.590700
	0.048637	-172.453931	115.161951	-31.471500
	0.048647	-172.810792	115.161951	-31.411900
	0.048656	-173.770013	115.161951	-31.292700
	0.048666	-172.926355	115.161951	-31.292700
	0.048675	-173.205774	115.161951	-31.411900
	0.048685	-173.036930	115.161951	-31.471500
	0.048694	-173.192709	115.161951	-31.471500
	0.048704	-173.852268	115.161951	-31.411900
	0.048713	-172.211926	115.161951	-31.531100
	0.048723	-173.556648	115.161951	-31.590700
	0.048732	-173.184649	115.161951	-31.531100
	0.048742	-175.471172	115.161951	-31.054300
	0.048751	-178.058177	115.161951	-30.637000
	0.048761	-176.845558	115.161951	-30.696600
	0.048770	-176.369015	115.161951	-30.696600
	0.048780	-176.339091	115.161951	-30.696600
	0.048789	-175.514566	115.161951	-30.637000
	0.048798	-175.576903	115.161951	-30.637000
	0.048808	-176.568054	115.161951	-30.637000
	0.048817	-175.919627	115.161951	-30.637000
	0.048827	-177.012202	115.161951	-30.577400
	0.048836	-175.880807	115.161951	-30.577400
	0.048846	-175.953047	115.161951	-30.637000
	0.048855	-177.002959	115.161951	-30.577400
	0.048865	-177.173034	115.161951	-30.517800
	0.048874	-176.392436	115.161951	-30.517800
	0.048884	-177.265035	115.161951	-30.458100
	0.048893	-177.409420	115.161951	-30.279300
	0.048903	-182.320192	115.161951	-28.908400
	0.048912	-182.258834	115.161951	-28.848800
	0.048922	-182.621460	115.161951	-28.848800
	0.048931	-182.372567	115.161951	-28.789200
	0.048940	-183.148129	115.161951	-28.789200
	0.048950	-183.065280	115.161951	-28.670000
	0.048959	-182.137187	115.161951	-28.670000
	0.048969	-183.025140	115.161951	-28.610300
	0.048978	-182.812590	115.161951	-28.550700
	0.048988	-182.721408	115.161951	-28.491100
	0.048997	-182.669824	115.161951	-28.312300
	0.049007	-182.381603	115.161951	-28.312300
	0.049016	-181.823973	115.161951	-28.252700
	0.049026	-181.913706	115.161951	-28.252700
	0.049035	-183.884508	115.161951	-28.431500
	0.049045	-183.333850	115.161951	-28.610300
	0.049054	-183.616140	115.161951	-28.789200
	0.049064	-182.831551	115.161951	-28.729600
	0.049073	-182.361496	115.161951	-28.789200
	0.049083	-182.033815	115.161951	-28.789200
	0.049092	-182.084246	115.161951	-28.789200
	0.049101	-181.391537	115.161951	-28.789200
	0.049111	-181.830450	115.161951	-28.789200
	0.049120	-181.304681	115.161951	-28.789200
	0.049130	-181.373659	115.161951	-28.789200
	0.049139	-181.386164	115.161951	-28.908400
	0.049149	-180.676180	115.161951	-28.908400
	0.049158	-181.841761	115.161951	-28.848800
	0.049168	-181.417199	115.161951	-28.848800
	0.049177	-182.335691	115.161951	-28.670000
	0.049187	-180.672500	115.161951	-28.550700
	0.049196	-181.747539	115.161951	-28.550700
	0.049206	-182.580468	115.161951	-28.491100
	0.049215	-181.931152	115.161951	-28.312300
	0.049225	-182.239668	115.161951	-28.371900
	0.049234	-182.116614	115.161951	-28.491100
	0.049243	-182.415446	115.161951	-28.550700
	0.049253	-181.195663	115.161951	-28.610300
	0.049262	-180.567064	115.161951	-28.610300
	0.049272	-181.605847	115.161951	-28.550700
	0.049281	-182.176812	115.161951	-28.550700
	0.049291	-181.763554	115.161951	-28.550700
	0.049300	-182.857616	115.161951	-28.550700
	0.049310	-181.489191	115.161951	-28.550700
	0.049319	-182.246295	115.161951	-28.550700
	0.049329	-181.421501	115.161951	-28.610300
	0.049338	-182.423344	115.161951	-28.550700
	0.049348	-181.281705	115.161951	-28.610300
	0.049357	-182.457209	115.161951	-28.550700
	0.049367	-181.089846	115.161951	-28.491100
	0.049376	-181.664113	115.161951	-28.550700
	0.049386	-181.358917	115.161951	-28.550700
	0.049395	-182.725900	115.161951	-28.491100
	0.049404	-182.181208	115.161951	-28.491100
	0.049414	-182.090783	115.161951	-28.431500
	0.049423	-182.080468	115.161951	-28.371900
	0.049433	-181.473804	115.161951	-28.312300
	0.049442	-182.483836	115.161951	-28.312300
	0.049452	-182.552987	115.161951	-28.491100
	0.049461	-182.602627	115.161951	-28.371900
	0.049471	-182.502890	115.161951	-28.252700
	0.049480	-182.685187	115.161951	-28.252700
	0.049490	-180.982853	115.161951	-28.252700
	0.049499	-181.895956	115.161951	-28.252700
	0.049509	-180.910974	115.161951	-28.133500
	0.049518	-181.887103	115.161951	-28.252700
	0.049528	-180.972680	115.161951	-28.133500
	0.049537	-181.927451	115.161951	-28.252700
	0.049546	-182.121431	115.161951	-28.371900
	0.049556	-182.435829	115.161951	-28.371900
	0.049565	-182.245614	115.161951	-28.431500
	0.049575	-181.831790	115.161951	-28.491100
	0.049584	-182.484595	115.161951	-28.491100
	0.049594	-181.122080	115.161951	-28.550700
	0.049603	-182.577827	115.161951	-28.491100
	0.049613	-181.478586	115.161951	-28.550700
	0.049622	-180.802559	115.161951	-28.550700
	0.049632	-181.160181	115.161951	-28.550700
	0.049641	-181.218947	115.161951	-28.550700
	0.049651	-181.778756	115.161951	-28.550700
	0.049660	-181.092511	115.161951	-28.550700
	0.049670	-181.890470	115.161951	-28.610300
	0.049679	-181.721997	115.161951	-28.610300
	0.049689	-183.202564	115.161951	-28.729600
	0.049698	-182.245220	115.161951	-28.670000
	0.049707	-182.065760	115.161951	-28.789200
	0.049717	-180.874953	115.161951	-28.789200
	0.049726	-180.155938	115.161951	-28.729600
	0.049736	-180.167137	115.161951	-28.670000
	0.049745	-181.690314	115.161951	-28.550700
	0.049755	-182.241287	115.161951	-28.431500
	0.049764	-182.170014	115.161951	-28.312300
	0.049774	-182.347198	115.161951	-28.312300
	0.049783	-181.362326	115.161951	-28.252700
	0.049793	-181.432179	115.161951	-28.193100
	0.049802	-181.478617	115.161951	-28.193100
	0.049812	-182.281831	115.161951	-28.073900
	0.049821	-182.849514	115.161951	-28.073900
	0.049831	-182.254636	115.161951	-28.073900
	0.049840	-182.293121	115.161951	-28.252700
	0.049849	-181.892449	115.161951	-28.252700
	0.049859	-182.558898	115.161951	-28.252700
	0.049868	-181.967581	115.161951	-28.193100
	0.049878	-181.521735	115.161951	-28.312300
	0.049887	-182.063602	115.161951	-28.371900
	0.049897	-182.581517	115.161951	-28.371900
	0.049906	-182.469181	115.161951	-28.371900
	0.049916	-182.380419	115.161951	-28.312300
	0.049925	-182.017688	115.161951	-28.312300
	0.049935	-182.392792	115.161951	-28.312300
	0.049944	-181.725231	115.161951	-28.312300
	0.049954	-181.497086	115.161951	-28.312300
	0.049963	-182.095308	115.161951	-28.371900
	0.049973	-181.954084	115.161951	-28.312300
	0.049982	-181.100127	115.161951	-28.312300
	0.049991	-181.235372	115.161951	-28.371900
	0.050001	-183.017591	115.161951	-28.312300
	0.050010	-180.962834	115.161951	-28.371900
	0.050020	-181.739922	115.161951	-28.491100
	0.050029	-181.137965	115.161951	-28.491100
	0.050039	-181.683369	115.161951	-28.491100
	0.050048	-180.685374	115.161951	-28.550700
	0.050058	-180.773418	115.161951	-28.491100
	0.050067	-181.350565	115.161951	-28.491100
	0.050077	-181.415311	115.161951	-28.491100
	0.050086	-181.969313	115.161951	-28.491100
	0.050096	-180.897658	115.161951	-28.431500
	0.050105	-181.562717	115.161951	-28.371900
	0.050115	-182.259506	115.161951	-28.491100
	0.050124	-181.997845	115.161951	-28.550700
	0.050134	-181.484044	115.161951	-28.610300
	0.050143	-180.950552	115.161951	-28.670000
	0.050152	-181.663616	115.161951	-28.610300
	0.050162	-181.616591	115.161951	-28.550700
	0.050171	-182.264974	115.161951	-28.431500
	0.050181	-182.157672	115.161951	-28.550700
	0.050190	-183.336107	115.161951	-28.491100
	0.050200	-182.786981	115.161951	-28.550700
	0.050209	-181.935436	115.161951	-28.550700
	0.050219	-182.243664	115.161951	-28.431500
	0.050228	-182.016145	115.161951	-28.371900
	0.050238	-182.338048	115.161951	-28.371900
	0.050247	-182.811750	115.161951	-28.312300
	0.050257	-181.517090	115.161951	-28.252700
	0.050266	-182.181776	115.161951	-28.133500
	0.050276	-181.944011	115.161951	-28.073900
	0.050285	-180.642641	115.161951	-28.014300
	0.050294	-181.201531	115.161951	-28.073900
	0.050304	-182.386037	115.161951	-28.193100
	0.050313	-181.873941	115.161951	-28.371900
	0.050323	-181.743212	115.161951	-28.371900
	0.050332	-182.567526	115.161951	-28.431500
	0.050342	-181.759689	115.161951	-28.371900
	0.050351	-181.344951	115.161951	-28.371900
	0.050361	-183.067325	115.161951	-28.371900
	0.050370	-182.368956	115.161951	-28.252700
	0.050380	-181.957818	115.161951	-28.312300
	0.050389	-182.365500	115.161951	-28.371900
	0.050399	-182.670242	115.161951	-28.312300
	0.050408	-182.714092	115.161951	-28.252700
	0.050418	-181.689266	115.161951	-28.252700
	0.050427	-181.570073	115.161951	-28.193100
	0.050437	-182.630446	115.161951	-28.073900
	0.050446	-182.003994	115.161951	-28.014300
	0.050455	-181.354301	115.161951	-28.073900
	0.050465	-180.864053	115.161951	-28.073900
	0.050474	-182.208037	115.161951	-28.073900
	0.050484	-182.078053	115.161951	-28.133500
