	-0.071022	-0.113626	115.161951	-17.523900
	-0.068270	-1.379760	115.161951	-17.583500
	-0.065518	-1.182208	115.161951	-17.583500
	-0.062767	-0.740590	115.161951	-17.821900
	-0.060015	-0.438118	115.161951	-18.000700
	-0.057264	-0.829268	115.161951	-18.239100
	-0.054512	-1.300565	115.161951	-18.477600
	-0.051760	0.131606	115.161951	-18.716000
	-0.049009	0.195416	115.161951	-18.835200
	-0.046257	-0.660490	115.161951	-19.073600
	-0.043506	-1.305910	115.161951	-19.371600
	-0.040754	-2.274713	115.161951	-19.610000
	-0.038002	-1.838955	115.161951	-19.967700
	-0.035251	-1.298844	115.161951	-20.325300
	-0.032499	-1.608527	115.161951	-20.742500
	-0.029748	-1.465752	115.161951	-21.100200
	-0.026996	-2.223988	115.161951	-21.577000
	-0.024245	-1.742852	115.161951	-21.994200
	-0.021493	-2.157710	115.161951	-22.471100
	-0.018741	-2.690315	115.161951	-23.126700
	-0.015990	-2.952172	115.161951	-23.603600
	-0.013238	-3.529315	115.161951	-24.140000
	-0.010487	-3.842853	115.161951	-24.795600
	-0.007735	-4.171556	115.161951	-25.510900
	-0.004984	-4.028930	115.161951	-26.166600
	-0.002232	-3.887500	115.161951	-27.060600
	0.000520	-5.123894	115.161951	-27.775900
	0.003271	-4.781756	115.161951	-28.908400
	0.006023	-4.251350	115.161951	-29.683200
	0.008774	-6.195103	115.161951	-30.696600
	0.011526	-6.448719	115.161951	-31.948300
	0.014278	-6.744622	115.161951	-33.974900
	0.017029	-8.464147	115.161951	-35.286200
	0.019781	-8.297942	115.161951	-37.253100
	0.022532	-9.989865	115.161951	-39.935300
	0.025284	-10.795139	115.161951	-42.498300
	0.028036	-12.733162	115.161951	-45.419000
	0.030787	-14.067952	115.161951	-48.280000
	0.033539	-15.552142	115.161951	-54.717300
	0.036290	-16.761564	115.161951	-59.247200
	0.036290	-19.930256	115.161951	-63.658200
	0.036300	-20.487686	115.161951	-66.161600
	0.036309	-21.005760	115.161951	-66.578900
	0.036319	-20.145313	115.161951	-66.698100
	0.036328	-19.820817	115.161951	-66.817300
	0.036338	-19.768491	115.161951	-66.757700
	0.036347	-19.999670	115.161951	-66.757700
	0.036357	-21.082534	115.161951	-66.757700
	0.036366	-19.665495	115.161951	-66.757700
	0.036376	-19.304658	115.161951	-66.817300
	0.036385	-20.347470	115.161951	-66.876900
	0.036394	-21.218496	115.161951	-66.876900
	0.036404	-19.803316	115.161951	-66.817300
	0.036413	-19.992647	115.161951	-66.817300
	0.036423	-20.105271	115.161951	-66.876900
	0.036432	-19.900886	115.161951	-66.876900
	0.036442	-19.416125	115.161951	-66.876900
	0.036451	-19.089454	115.161951	-66.936500
	0.036461	-20.199645	115.161951	-66.936500
	0.036470	-19.520481	115.161951	-66.876900
	0.036480	-20.111263	115.161951	-66.876900
	0.036489	-19.007968	115.161951	-66.817300
	0.036499	-19.934386	115.161951	-66.876900
	0.036508	-20.298201	115.161951	-66.936500
	0.036518	-20.128832	115.161951	-66.996100
	0.036527	-20.993405	115.161951	-66.996100
	0.036537	-20.382802	115.161951	-67.055700
	0.036546	-21.356387	115.161951	-67.055700
	0.036555	-20.514229	115.161951	-67.055700
	0.036565	-21.235286	115.161951	-67.115300
	0.036574	-20.980845	115.161951	-67.055700
	0.036584	-20.831458	115.161951	-67.115300
	0.036593	-21.223542	115.161951	-67.115300
	0.036603	-20.341422	115.161951	-67.115300
	0.036612	-19.696342	115.161951	-67.115300
	0.036622	-20.348705	115.161951	-67.174900
	0.036631	-21.280414	115.161951	-67.174900
	0.036641	-21.561554	115.161951	-67.234500
	0.036650	-20.398116	115.161951	-67.234500
	0.036660	-20.388339	115.161951	-67.174900
	0.036669	-20.627348	115.161951	-67.174900
	0.036679	-20.927074	115.161951	-67.174900
	0.036688	-19.931564	115.161951	-67.234500
	0.036697	-19.723139	115.161951	-67.234500
	0.036707	-20.963584	115.161951	-67.234500
	0.036716	-21.242951	115.161951	-67.234500
	0.036726	-20.041875	115.161951	-67.294100
	0.036735	-19.311146	115.161951	-67.234500
	0.036745	-20.387468	115.161951	-67.234500
	0.036754	-18.462755	115.161951	-67.234500
	0.036764	-19.283787	115.161951	-67.234500
	0.036773	-19.540667	115.161951	-67.234500
	0.036783	-19.334770	115.161951	-67.294100
	0.036792	-19.267732	115.161951	-67.353700
	0.036802	-19.939276	115.161951	-67.353700
	0.036811	-19.174907	115.161951	-67.353700
	0.036821	-19.662528	115.161951	-67.353700
	0.036830	-18.687872	115.161951	-67.353700
	0.036840	-18.728137	115.161951	-67.413300
	0.036849	-18.418617	115.161951	-67.353700
	0.036858	-20.006980	115.161951	-67.353700
	0.036868	-19.650255	115.161951	-67.353700
	0.036877	-19.159897	115.161951	-67.294100
	0.036887	-19.278703	115.161951	-67.413300
	0.036896	-19.640036	115.161951	-67.413300
	0.036906	-19.433191	115.161951	-67.413300
	0.036915	-20.065985	115.161951	-67.472900
	0.036925	-19.190243	115.161951	-67.413300
	0.036934	-19.620430	115.161951	-67.413300
	0.036944	-19.232022	115.161951	-67.472900
	0.036953	-19.435808	115.161951	-67.532500
	0.036963	-19.810632	115.161951	-67.472900
	0.036972	-20.764313	115.161951	-67.532500
	0.036982	-19.071246	115.161951	-67.532500
	0.036991	-19.724209	115.161951	-67.532500
	0.037000	-18.920641	115.161951	-67.532500
	0.037010	-20.108079	115.161951	-67.651700
	0.037019	-21.065011	115.161951	-67.651700
	0.037029	-20.258352	115.161951	-67.711300
	0.037038	-21.618962	115.161951	-67.770900
	0.037048	-20.318098	115.161951	-67.770900
	0.037057	-20.625135	115.161951	-67.711300
	0.037067	-20.920408	115.161951	-67.711300
	0.037076	-19.524270	115.161951	-67.711300
	0.037086	-19.680843	115.161951	-67.711300
	0.037095	-19.720497	115.161951	-67.770900
	0.037105	-20.132059	115.161951	-67.770900
	0.037114	-20.309304	115.161951	-67.711300
	0.037124	-19.570733	115.161951	-67.711300
	0.037133	-19.088028	115.161951	-67.770900
	0.037143	-20.522982	115.161951	-67.830600
	0.037152	-21.156868	115.161951	-67.830600
	0.037161	-20.963814	115.161951	-67.770900
	0.037171	-21.056225	115.161951	-67.830600
	0.037180	-21.184204	115.161951	-67.830600
	0.037190	-20.066424	115.161951	-68.009400
	0.037199	-20.200577	115.161951	-68.069000
	0.037209	-20.636283	115.161951	-68.069000
	0.037218	-20.830373	115.161951	-68.069000
	0.037228	-21.225712	115.161951	-68.069000
	0.037237	-21.488714	115.161951	-68.069000
	0.037247	-20.503399	115.161951	-68.188200
	0.037256	-20.638926	115.161951	-68.188200
	0.037266	-21.158644	115.161951	-68.188200
	0.037275	-20.450045	115.161951	-68.188200
	0.037285	-20.723762	115.161951	-68.188200
	0.037294	-20.475248	115.161951	-68.247800
	0.037303	-20.318044	115.161951	-68.307400
	0.037313	-20.105506	115.161951	-68.247800
	0.037322	-20.048690	115.161951	-68.247800
	0.037332	-19.569780	115.161951	-68.307400
	0.037341	-20.261224	115.161951	-68.367000
	0.037351	-19.644996	115.161951	-68.307400
	0.037360	-20.320609	115.161951	-68.367000
	0.037370	-21.441822	115.161951	-68.307400
	0.037379	-20.993676	115.161951	-68.307400
	0.037389	-21.188268	115.161951	-68.307400
	0.037398	-20.898768	115.161951	-68.367000
	0.037408	-20.106857	115.161951	-68.367000
	0.037417	-21.299230	115.161951	-68.486200
	0.037427	-21.410686	115.161951	-68.486200
	0.037436	-20.153099	115.161951	-68.545800
	0.037446	-19.805145	115.161951	-68.545800
	0.037455	-19.816808	115.161951	-68.605400
	0.037464	-20.614860	115.161951	-68.724600
	0.037474	-21.503451	115.161951	-68.724600
	0.037483	-20.138298	115.161951	-68.724600
	0.037493	-20.793102	115.161951	-68.665000
	0.037502	-20.341606	115.161951	-68.665000
	0.037512	-19.688475	115.161951	-68.665000
	0.037521	-21.239315	115.161951	-68.724600
	0.037531	-22.134682	115.161951	-68.784200
	0.037540	-20.578028	115.161951	-68.843800
	0.037550	-21.085948	115.161951	-68.843800
	0.037559	-21.550237	115.161951	-68.843800
	0.037569	-21.628861	115.161951	-68.843800
	0.037578	-20.494512	115.161951	-68.843800
	0.037588	-20.759036	115.161951	-68.903400
	0.037597	-20.675744	115.161951	-68.963000
	0.037606	-20.272323	115.161951	-69.022600
	0.037616	-20.265901	115.161951	-69.022600
	0.037625	-20.533308	115.161951	-69.022600
	0.037635	-20.124032	115.161951	-69.082200
	0.037644	-19.704915	115.161951	-69.022600
	0.037654	-21.025449	115.161951	-69.082200
	0.037663	-21.472007	115.161951	-69.141900
	0.037673	-21.616308	115.161951	-69.141900
	0.037682	-21.002781	115.161951	-69.141900
	0.037692	-20.408074	115.161951	-69.261100
	0.037701	-21.835661	115.161951	-69.320700
	0.037711	-21.165771	115.161951	-69.320700
	0.037720	-20.345376	115.161951	-69.320700
	0.037730	-19.952578	115.161951	-69.320700
	0.037739	-19.903702	115.161951	-69.380300
	0.037748	-20.994072	115.161951	-69.439900
	0.037758	-19.897214	115.161951	-69.439900
	0.037767	-20.411547	115.161951	-69.439900
	0.037777	-20.400897	115.161951	-69.380300
	0.037786	-20.034126	115.161951	-69.380300
	0.037796	-21.579631	115.161951	-69.380300
	0.037805	-21.185820	115.161951	-69.439900
	0.037815	-20.861133	115.161951	-69.499500
	0.037824	-21.251275	115.161951	-69.559100
	0.037834	-21.531546	115.161951	-69.559100
	0.037843	-20.850950	115.161951	-69.618700
	0.037853	-21.470716	115.161951	-69.559100
	0.037862	-22.168545	115.161951	-69.499500
	0.037872	-21.734145	115.161951	-69.380300
	0.037881	-21.659800	115.161951	-69.380300
	0.037891	-22.631789	115.161951	-69.439900
	0.037900	-20.975223	115.161951	-69.439900
	0.037909	-22.000672	115.161951	-69.499500
	0.037919	-22.629184	115.161951	-69.499500
	0.037928	-21.800554	115.161951	-69.499500
	0.037938	-22.168438	115.161951	-69.618700
	0.037947	-21.651142	115.161951	-69.618700
	0.037957	-21.182237	115.161951	-69.618700
	0.037966	-21.592527	115.161951	-69.618700
	0.037976	-20.963134	115.161951	-69.618700
	0.037985	-20.816491	115.161951	-69.678300
	0.037995	-21.620772	115.161951	-69.737900
	0.038004	-21.167130	115.161951	-69.737900
	0.038014	-21.048770	115.161951	-69.737900
	0.038023	-20.744451	115.161951	-69.737900
	0.038033	-20.809376	115.161951	-69.797500
	0.038042	-20.237406	115.161951	-69.857100
	0.038051	-20.865673	115.161951	-69.797500
	0.038061	-21.361195	115.161951	-69.797500
	0.038070	-20.347985	115.161951	-69.797500
	0.038080	-19.535000	115.161951	-69.857100
	0.038089	-21.251452	115.161951	-69.916700
	0.038099	-20.860259	115.161951	-69.916700
	0.038108	-22.231667	115.161951	-69.976300
	0.038118	-20.718288	115.161951	-70.035900
	0.038127	-21.037942	115.161951	-70.035900
	0.038137	-21.393440	115.161951	-70.035900
	0.038146	-22.258080	115.161951	-70.095500
	0.038156	-20.688334	115.161951	-70.155100
	0.038165	-20.983171	115.161951	-70.214700
	0.038175	-21.470969	115.161951	-70.274300
	0.038184	-21.094920	115.161951	-70.274300
	0.038194	-22.822127	115.161951	-70.393600
	0.038203	-22.609617	115.161951	-70.453200
	0.038212	-20.736903	115.161951	-70.333900
	0.038222	-20.590123	115.161951	-70.333900
	0.038231	-21.430416	115.161951	-70.333900
	0.038241	-22.788572	115.161951	-70.453200
	0.038250	-22.719748	115.161951	-70.453200
	0.038260	-21.949212	115.161951	-70.512800
	0.038269	-21.849447	115.161951	-70.512800
	0.038279	-20.788411	115.161951	-70.512800
	0.038288	-21.968782	115.161951	-70.572400
	0.038298	-22.813436	115.161951	-70.572400
	0.038307	-22.222582	115.161951	-70.691600
	0.038317	-22.429005	115.161951	-70.632000
	0.038326	-21.149183	115.161951	-70.691600
	0.038336	-21.570254	115.161951	-70.691600
	0.038345	-21.873698	115.161951	-70.751200
	0.038354	-21.671671	115.161951	-70.751200
	0.038364	-20.604871	115.161951	-70.751200
	0.038373	-21.136027	115.161951	-70.751200
	0.038383	-22.225905	115.161951	-70.810800
	0.038392	-21.471996	115.161951	-70.810800
	0.038402	-21.010592	115.161951	-70.751200
	0.038411	-20.844142	115.161951	-70.751200
	0.038421	-20.552970	115.161951	-70.810800
	0.038430	-22.809164	115.161951	-70.810800
	0.038440	-20.204425	115.161951	-70.810800
	0.038449	-21.430805	115.161951	-70.870400
	0.038459	-22.233259	115.161951	-70.870400
	0.038468	-21.793032	115.161951	-70.870400
	0.038478	-21.787665	115.161951	-70.930000
	0.038487	-22.360075	115.161951	-70.930000
	0.038497	-21.582047	115.161951	-70.989600
	0.038506	-22.438665	115.161951	-70.989600
	0.038515	-22.323316	115.161951	-70.989600
	0.038525	-20.899826	115.161951	-70.989600
	0.038534	-21.606997	115.161951	-71.049200
	0.038544	-20.791453	115.161951	-71.108800
	0.038553	-21.597715	115.161951	-71.168400
	0.038563	-21.051444	115.161951	-71.168400
	0.038572	-21.486426	115.161951	-71.228000
	0.038582	-21.739622	115.161951	-71.228000
	0.038591	-20.641132	115.161951	-71.287600
	0.038601	-21.326547	115.161951	-71.347200
	0.038610	-21.991312	115.161951	-71.347200
	0.038620	-21.838351	115.161951	-71.347200
	0.038629	-21.598482	115.161951	-71.466400
	0.038639	-22.128937	115.161951	-71.585600
	0.038648	-22.259964	115.161951	-71.585600
	0.038657	-21.058190	115.161951	-71.645200
	0.038667	-21.256922	115.161951	-71.645200
	0.038676	-22.638306	115.161951	-71.645200
	0.038686	-23.089140	115.161951	-71.764500
	0.038695	-23.155086	115.161951	-71.764500
	0.038705	-23.123481	115.161951	-71.764500
	0.038714	-23.334037	115.161951	-71.824100
	0.038724	-22.844137	115.161951	-71.943300
	0.038733	-22.737149	115.161951	-71.943300
	0.038743	-21.984672	115.161951	-72.002900
	0.038752	-23.492300	115.161951	-72.002900
	0.038762	-21.469193	115.161951	-72.002900
	0.038771	-22.926751	115.161951	-71.943300
	0.038781	-21.770457	115.161951	-72.002900
	0.038790	-22.133153	115.161951	-72.062500
	0.038800	-22.594253	115.161951	-72.062500
	0.038809	-22.271397	115.161951	-72.062500
	0.038818	-22.606763	115.161951	-72.002900
	0.038828	-22.494772	115.161951	-72.062500
	0.038837	-22.538251	115.161951	-72.002900
	0.038847	-21.826888	115.161951	-72.062500
	0.038856	-22.280603	115.161951	-72.062500
	0.038866	-20.923172	115.161951	-72.062500
	0.038875	-21.921774	115.161951	-72.062500
	0.038885	-20.866951	115.161951	-72.062500
	0.038894	-21.342365	115.161951	-72.062500
	0.038904	-21.152139	115.161951	-72.122100
	0.038913	-21.142742	115.161951	-72.181700
	0.038923	-22.195952	115.161951	-72.181700
	0.038932	-20.785805	115.161951	-72.241300
	0.038942	-21.804499	115.161951	-72.181700
	0.038951	-21.581328	115.161951	-72.241300
	0.038960	-21.431803	115.161951	-72.241300
	0.038970	-22.156383	115.161951	-72.241300
	0.038979	-21.536205	115.161951	-72.241300
	0.038989	-21.703736	115.161951	-72.300900
	0.038998	-21.910625	115.161951	-72.420100
	0.039008	-22.936056	115.161951	-72.420100
	0.039017	-22.053423	115.161951	-72.420100
	0.039027	-21.853015	115.161951	-72.420100
	0.039036	-22.596054	115.161951	-72.539300
	0.039046	-22.152428	115.161951	-72.658500
	0.039055	-21.906674	115.161951	-72.658500
	0.039065	-22.379517	115.161951	-72.658500
	0.039074	-23.195095	115.161951	-72.598900
	0.039084	-23.724375	115.161951	-72.598900
	0.039093	-22.729418	115.161951	-72.718100
	0.039103	-22.172479	115.161951	-72.718100
	0.039112	-23.553985	115.161951	-72.777700
	0.039121	-23.295162	115.161951	-72.777700
	0.039131	-23.254890	115.161951	-72.837300
	0.039140	-22.438988	115.161951	-72.837300
	0.039150	-22.132337	115.161951	-72.837300
	0.039159	-22.982907	115.161951	-72.896900
	0.039169	-22.694561	115.161951	-72.896900
	0.039178	-21.451106	115.161951	-72.956600
	0.039188	-23.229659	115.161951	-72.896900
	0.039197	-20.949953	115.161951	-73.016200
	0.039207	-22.528460	115.161951	-73.016200
	0.039216	-22.456275	115.161951	-73.075800
	0.039226	-22.519342	115.161951	-73.075800
	0.039235	-22.088223	115.161951	-73.195000
	0.039245	-23.074007	115.161951	-73.254600
	0.039254	-21.568389	115.161951	-73.314200
	0.039263	-21.768913	115.161951	-73.314200
	0.039273	-22.129985	115.161951	-73.373800
	0.039282	-22.570256	115.161951	-73.433400
	0.039292	-22.552948	115.161951	-73.493000
	0.039301	-20.871845	115.161951	-73.493000
	0.039311	-21.732448	115.161951	-73.552600
	0.039320	-21.502479	115.161951	-73.493000
	0.039330	-21.041062	115.161951	-73.552600
	0.039339	-20.503612	115.161951	-73.612200
	0.039349	-21.356623	115.161951	-73.612200
	0.039358	-21.965326	115.161951	-73.612200
	0.039368	-21.154288	115.161951	-73.612200
	0.039377	-21.679550	115.161951	-73.612200
	0.039387	-21.153048	115.161951	-73.671800
	0.039396	-20.612039	115.161951	-73.612200
	0.039406	-21.493407	115.161951	-73.671800
	0.039415	-21.054785	115.161951	-73.671800
	0.039424	-21.831272	115.161951	-73.731400
	0.039434	-22.409316	115.161951	-73.731400
	0.039443	-22.975992	115.161951	-73.731400
	0.039453	-21.804584	115.161951	-73.791000
	0.039462	-21.669376	115.161951	-73.791000
	0.039472	-20.650648	115.161951	-73.791000
	0.039481	-21.874103	115.161951	-73.850600
	0.039491	-21.463954	115.161951	-73.850600
	0.039500	-22.367171	115.161951	-73.910200
	0.039510	-22.270096	115.161951	-73.969800
	0.039519	-22.140205	115.161951	-74.029400
	0.039529	-22.645071	115.161951	-74.029400
	0.039538	-21.129654	115.161951	-74.029400
	0.039548	-21.878815	115.161951	-74.029400
	0.039557	-22.087904	115.161951	-74.148600
	0.039566	-23.183509	115.161951	-74.208200
	0.039576	-22.351274	115.161951	-74.208200
	0.039585	-22.358004	115.161951	-74.208200
	0.039595	-22.116160	115.161951	-74.208200
	0.039604	-22.839983	115.161951	-74.208200
	0.039614	-21.975298	115.161951	-74.148600
	0.039623	-22.215531	115.161951	-74.148600
	0.039633	-22.307889	115.161951	-74.089000
	0.039642	-21.886782	115.161951	-74.208200
	0.039652	-21.712802	115.161951	-74.208200
	0.039661	-22.341835	115.161951	-74.208200
	0.039671	-23.882646	115.161951	-74.148600
	0.039680	-23.209082	115.161951	-74.148600
	0.039690	-22.450287	115.161951	-74.148600
	0.039699	-23.294140	115.161951	-74.208200
	0.039709	-22.673085	115.161951	-74.327500
	0.039718	-23.406588	115.161951	-74.327500
	0.039727	-21.596868	115.161951	-74.387100
	0.039737	-23.761210	115.161951	-74.387100
	0.039746	-23.145315	115.161951	-74.446700
	0.039756	-23.756955	115.161951	-74.446700
	0.039765	-23.662769	115.161951	-74.506300
	0.039775	-24.137343	115.161951	-74.506300
	0.039784	-24.390996	115.161951	-74.565900
	0.039794	-24.360473	115.161951	-74.685100
	0.039803	-23.358344	115.161951	-74.744700
	0.039813	-23.155664	115.161951	-74.744700
	0.039822	-23.778966	115.161951	-74.744700
	0.039832	-23.701635	115.161951	-74.804300
	0.039841	-22.405121	115.161951	-74.744700
	0.039851	-22.897514	115.161951	-74.744700
	0.039860	-23.357458	115.161951	-74.744700
	0.039869	-23.762490	115.161951	-74.744700
	0.039879	-23.549332	115.161951	-74.744700
	0.039888	-23.940298	115.161951	-74.863900
	0.039898	-24.273289	115.161951	-74.863900
	0.039907	-25.078792	115.161951	-74.863900
	0.039917	-23.949951	115.161951	-74.923500
	0.039926	-24.711072	115.161951	-74.983100
	0.039936	-23.254841	115.161951	-75.102300
	0.039945	-24.711318	115.161951	-75.042700
	0.039955	-25.144555	115.161951	-74.863900
	0.039964	-24.973601	115.161951	-74.863900
	0.039974	-24.322741	115.161951	-74.804300
	0.039983	-23.651113	115.161951	-74.863900
	0.039993	-24.146745	115.161951	-74.923500
	0.040002	-23.329279	115.161951	-74.923500
	0.040012	-24.948318	115.161951	-74.983100
	0.040021	-25.384089	115.161951	-74.983100
	0.040030	-24.703608	115.161951	-74.983100
	0.040040	-25.661799	115.161951	-74.983100
	0.040049	-24.747269	115.161951	-74.983100
	0.040059	-24.884510	115.161951	-75.042700
	0.040068	-24.108190	115.161951	-75.102300
	0.040078	-24.923659	115.161951	-75.102300
	0.040087	-24.154942	115.161951	-75.221500
	0.040097	-25.063058	115.161951	-75.221500
	0.040106	-24.676763	115.161951	-75.221500
	0.040116	-24.999297	115.161951	-75.221500
	0.040125	-25.278743	115.161951	-75.221500
	0.040135	-25.421910	115.161951	-75.281100
	0.040144	-25.006816	115.161951	-75.281100
	0.040154	-23.949404	115.161951	-75.281100
	0.040163	-24.615708	115.161951	-75.340700
	0.040172	-26.021412	115.161951	-75.400300
	0.040182	-24.804559	115.161951	-75.400300
	0.040191	-25.225570	115.161951	-75.459900
	0.040201	-25.565850	115.161951	-75.459900
	0.040210	-25.053910	115.161951	-75.400300
	0.040220	-25.585536	115.161951	-75.400300
	0.040229	-24.272449	115.161951	-75.340700
	0.040239	-26.063030	115.161951	-75.400300
	0.040248	-25.657186	115.161951	-75.519600
	0.040258	-25.484229	115.161951	-75.459900
	0.040267	-24.883739	115.161951	-75.400300
	0.040277	-24.676610	115.161951	-75.340700
	0.040286	-25.940318	115.161951	-75.340700
	0.040296	-24.632083	115.161951	-75.340700
	0.040305	-25.041095	115.161951	-75.340700
	0.040315	-25.861379	115.161951	-75.340700
	0.040324	-25.066001	115.161951	-75.340700
	0.040333	-24.227521	115.161951	-75.340700
	0.040343	-24.554110	115.161951	-75.340700
	0.040352	-24.819989	115.161951	-75.340700
	0.040362	-25.384011	115.161951	-75.102300
	0.040371	-24.959573	115.161951	-75.102300
	0.040381	-25.928459	115.161951	-75.102300
	0.040390	-24.716624	115.161951	-75.102300
	0.040400	-25.474142	115.161951	-75.221500
	0.040409	-26.146920	115.161951	-75.281100
	0.040419	-25.398329	115.161951	-75.281100
	0.040428	-24.436393	115.161951	-75.281100
	0.040438	-25.304908	115.161951	-75.281100
	0.040447	-24.963036	115.161951	-75.281100
	0.040457	-24.497596	115.161951	-75.281100
	0.040466	-25.511672	115.161951	-75.340700
	0.040475	-25.161320	115.161951	-75.340700
	0.040485	-24.593662	115.161951	-75.400300
	0.040494	-25.574357	115.161951	-75.400300
	0.040504	-25.734147	115.161951	-75.340700
	0.040513	-26.487429	115.161951	-75.340700
	0.040523	-24.847110	115.161951	-75.400300
	0.040532	-25.630157	115.161951	-75.340700
	0.040542	-25.829430	115.161951	-75.340700
	0.040551	-26.111833	115.161951	-75.400300
	0.040561	-25.448689	115.161951	-75.400300
	0.040570	-25.784090	115.161951	-75.340700
	0.040580	-26.660942	115.161951	-75.281100
	0.040589	-27.011409	115.161951	-75.340700
	0.040599	-26.971295	115.161951	-75.281100
	0.040608	-25.812888	115.161951	-75.281100
	0.040618	-26.304021	115.161951	-75.281100
	0.040627	-26.002125	115.161951	-75.340700
	0.040636	-26.509162	115.161951	-75.400300
	0.040646	-25.188229	115.161951	-75.459900
	0.040655	-26.467822	115.161951	-75.519600
	0.040665	-26.732845	115.161951	-75.579200
	0.040674	-26.713203	115.161951	-75.698400
	0.040684	-26.364542	115.161951	-75.638800
	0.040693	-26.234881	115.161951	-75.698400
	0.040703	-27.051199	115.161951	-75.340700
	0.040712	-26.606358	115.161951	-75.221500
	0.040722	-27.204902	115.161951	-75.221500
	0.040731	-26.653399	115.161951	-75.102300
	0.040741	-27.588609	115.161951	-75.042700
	0.040750	-26.902229	115.161951	-75.042700
	0.040760	-27.685376	115.161951	-75.042700
	0.040769	-25.882465	115.161951	-75.042700
	0.040778	-26.035250	115.161951	-75.102300
	0.040788	-27.250860	115.161951	-75.221500
	0.040797	-27.040241	115.161951	-75.340700
	0.040807	-27.119465	115.161951	-75.340700
	0.040816	-27.323831	115.161951	-75.281100
	0.040826	-27.373360	115.161951	-75.340700
	0.040835	-28.672719	115.161951	-75.519600
	0.040845	-27.201514	115.161951	-75.519600
	0.040854	-27.080758	115.161951	-75.579200
	0.040864	-26.161113	115.161951	-75.579200
	0.040873	-27.257363	115.161951	-75.579200
	0.040883	-28.214437	115.161951	-75.638800
	0.040892	-27.976772	115.161951	-75.698400
	0.040902	-27.611549	115.161951	-75.817600
	0.040911	-27.030556	115.161951	-75.817600
	0.040921	-25.811174	115.161951	-75.877200
	0.040930	-26.970590	115.161951	-75.877200
	0.040939	-27.434450	115.161951	-75.877200
	0.040949	-27.378288	115.161951	-75.877200
	0.040958	-26.579455	115.161951	-75.877200
	0.040968	-26.465061	115.161951	-75.877200
	0.040977	-27.313658	115.161951	-75.698400
	0.040987	-28.120372	115.161951	-75.638800
	0.040996	-27.658843	115.161951	-75.579200
	0.041006	-27.637069	115.161951	-75.519600
	0.041015	-27.743841	115.161951	-75.579200
	0.041025	-27.673568	115.161951	-75.638800
	0.041034	-28.077619	115.161951	-75.638800
	0.041044	-28.014998	115.161951	-75.638800
	0.041053	-28.504304	115.161951	-75.638800
	0.041063	-28.571608	115.161951	-75.638800
	0.041072	-28.157366	115.161951	-75.579200
	0.041081	-27.919874	115.161951	-75.579200
	0.041091	-27.394678	115.161951	-75.638800
	0.041100	-26.945343	115.161951	-75.638800
	0.041110	-27.407110	115.161951	-75.579200
	0.041119	-27.418318	115.161951	-75.519600
	0.041129	-27.018844	115.161951	-75.579200
	0.041138	-27.665829	115.161951	-75.638800
	0.041148	-27.158240	115.161951	-75.638800
	0.041157	-27.935518	115.161951	-75.638800
	0.041167	-28.433541	115.161951	-75.638800
	0.041176	-27.261559	115.161951	-75.698400
	0.041186	-27.986323	115.161951	-75.698400
	0.041195	-27.753120	115.161951	-75.638800
	0.041205	-27.715342	115.161951	-75.519600
	0.041214	-27.686598	115.161951	-75.459900
	0.041224	-28.826126	115.161951	-75.459900
	0.041233	-28.773405	115.161951	-75.459900
	0.041242	-27.879892	115.161951	-75.459900
	0.041252	-26.985792	115.161951	-75.519600
	0.041261	-27.714587	115.161951	-75.579200
	0.041271	-29.162191	115.161951	-75.579200
	0.041280	-28.262256	115.161951	-75.519600
	0.041290	-29.504368	115.161951	-75.579200
	0.041299	-29.202268	115.161951	-75.638800
	0.041309	-28.851417	115.161951	-75.638800
	0.041318	-29.844444	115.161951	-75.638800
	0.041328	-28.935878	115.161951	-75.698400
	0.041337	-29.053994	115.161951	-75.698400
	0.041347	-28.310900	115.161951	-75.817600
	0.041356	-29.912001	115.161951	-75.817600
	0.041366	-29.013636	115.161951	-75.758000
	0.041375	-28.507923	115.161951	-75.817600
	0.041384	-28.641722	115.161951	-75.877200
	0.041394	-28.019615	115.161951	-75.996400
	0.041403	-28.601571	115.161951	-75.877200
	0.041413	-29.263393	115.161951	-75.638800
	0.041422	-29.599988	115.161951	-75.519600
	0.041432	-29.986323	115.161951	-75.519600
	0.041441	-30.545803	115.161951	-75.579200
	0.041451	-30.144234	115.161951	-75.638800
	0.041460	-30.353197	115.161951	-75.281100
	0.041470	-30.645186	115.161951	-74.565900
	0.041479	-30.725813	115.161951	-74.267900
	0.041489	-31.131237	115.161951	-74.208200
	0.041498	-30.722144	115.161951	-74.267900
	0.041508	-31.771771	115.161951	-74.267900
	0.041517	-31.520209	115.161951	-74.267900
	0.041527	-31.030548	115.161951	-74.267900
	0.041536	-32.087291	115.161951	-74.267900
	0.041545	-31.469628	115.161951	-74.267900
	0.041555	-31.885764	115.161951	-74.267900
	0.041564	-31.129166	115.161951	-74.267900
	0.041574	-31.421317	115.161951	-74.208200
	0.041583	-30.009429	115.161951	-74.387100
	0.041593	-31.165287	115.161951	-74.506300
	0.041602	-31.532942	115.161951	-74.565900
	0.041612	-30.597573	115.161951	-74.685100
	0.041621	-31.803122	115.161951	-74.625500
	0.041631	-32.066577	115.161951	-74.565900
	0.041640	-31.918981	115.161951	-74.446700
	0.041650	-31.860199	115.161951	-74.446700
	0.041659	-32.036449	115.161951	-74.387100
	0.041669	-32.563406	115.161951	-74.446700
	0.041678	-32.169861	115.161951	-74.506300
	0.041687	-30.810433	115.161951	-74.565900
	0.041697	-31.111785	115.161951	-74.565900
	0.041706	-33.069025	115.161951	-74.506300
	0.041716	-32.250812	115.161951	-74.506300
	0.041725	-32.057856	115.161951	-74.506300
	0.041735	-32.293286	115.161951	-74.506300
	0.041744	-32.304747	115.161951	-74.565900
	0.041754	-30.720771	115.161951	-74.565900
	0.041763	-31.131803	115.161951	-74.565900
	0.041773	-31.150201	115.161951	-74.446700
	0.041782	-32.835292	115.161951	-74.089000
	0.041792	-35.225420	115.161951	-73.850600
	0.041801	-33.664340	115.161951	-73.731400
	0.041811	-35.178193	115.161951	-73.731400
	0.041820	-33.562136	115.161951	-73.731400
	0.041829	-34.183644	115.161951	-73.731400
	0.041839	-34.670588	115.161951	-73.850600
	0.041848	-34.838484	115.161951	-73.850600
	0.041858	-33.071795	115.161951	-73.850600
	0.041867	-34.926417	115.161951	-73.791000
	0.041877	-34.694428	115.161951	-73.850600
	0.041886	-34.574187	115.161951	-73.254600
	0.041896	-35.874552	115.161951	-72.837300
	0.041905	-36.026497	115.161951	-72.718100
	0.041915	-36.200750	115.161951	-72.718100
	0.041924	-36.235395	115.161951	-72.718100
	0.041934	-36.052028	115.161951	-72.718100
	0.041943	-35.985602	115.161951	-72.777700
	0.041953	-36.842888	115.161951	-72.718100
	0.041962	-35.532763	115.161951	-72.777700
	0.041972	-34.950731	115.161951	-72.718100
	0.041981	-34.448744	115.161951	-72.718100
	0.041990	-35.830610	115.161951	-72.777700
	0.042000	-33.928563	115.161951	-72.837300
	0.042009	-35.654990	115.161951	-72.837300
	0.042019	-35.650073	115.161951	-72.837300
	0.042028	-35.700358	115.161951	-72.837300
	0.042038	-36.202687	115.161951	-72.896900
	0.042047	-36.251324	115.161951	-72.896900
	0.042057	-35.681080	115.161951	-72.896900
	0.042066	-34.840386	115.161951	-73.016200
	0.042076	-36.081937	115.161951	-73.075800
	0.042085	-35.439426	115.161951	-73.075800
	0.042095	-35.962220	115.161951	-73.075800
	0.042104	-35.126841	115.161951	-73.075800
	0.042114	-36.340592	115.161951	-73.135400
	0.042123	-36.842040	115.161951	-73.075800
	0.042132	-38.682323	115.161951	-72.896900
	0.042142	-37.616533	115.161951	-72.896900
	0.042151	-38.039461	115.161951	-72.956600
	0.042161	-38.119149	115.161951	-73.016200
	0.042170	-37.945045	115.161951	-73.016200
	0.042180	-38.231602	115.161951	-73.016200
	0.042189	-38.008371	115.161951	-73.075800
	0.042199	-38.790360	115.161951	-73.075800
	0.042208	-37.389432	115.161951	-73.135400
	0.042218	-38.401655	115.161951	-73.135400
	0.042227	-38.524244	115.161951	-72.718100
	0.042237	-40.805216	115.161951	-71.645200
	0.042246	-41.419885	115.161951	-71.347200
	0.042256	-40.722726	115.161951	-71.347200
	0.042265	-40.519057	115.161951	-71.406800
	0.042275	-42.383670	115.161951	-71.287600
	0.042284	-41.166218	115.161951	-71.287600
	0.042293	-41.183717	115.161951	-71.347200
	0.042303	-41.424963	115.161951	-71.347200
	0.042312	-41.580213	115.161951	-71.406800
	0.042322	-43.050643	115.161951	-71.406800
	0.042331	-42.708199	115.161951	-71.406800
	0.042341	-43.247620	115.161951	-71.466400
	0.042350	-41.661871	115.161951	-71.466400
	0.042360	-42.707500	115.161951	-71.466400
	0.042369	-43.209266	115.161951	-71.406800
	0.042379	-42.157520	115.161951	-71.406800
	0.042388	-42.102352	115.161951	-71.526000
	0.042398	-42.107291	115.161951	-71.585600
	0.042407	-42.956224	115.161951	-71.585600
	0.042417	-42.625310	115.161951	-71.585600
	0.042426	-43.644953	115.161951	-71.585600
	0.042435	-42.107552	115.161951	-71.645200
	0.042445	-42.332019	115.161951	-71.704900
	0.042454	-41.592421	115.161951	-71.764500
	0.042464	-41.439342	115.161951	-71.704900
	0.042473	-42.570048	115.161951	-71.704900
	0.042483	-42.292221	115.161951	-71.704900
	0.042492	-42.819399	115.161951	-71.704900
	0.042502	-42.725815	115.161951	-71.764500
	0.042511	-42.469190	115.161951	-71.764500
	0.042521	-42.839497	115.161951	-71.764500
	0.042530	-42.707130	115.161951	-71.824100
	0.042540	-42.390812	115.161951	-71.824100
	0.042549	-43.199281	115.161951	-71.824100
	0.042559	-42.523477	115.161951	-71.824100
	0.042568	-42.890395	115.161951	-71.764500
	0.042578	-42.821866	115.161951	-71.824100
	0.042587	-42.389746	115.161951	-71.883700
	0.042596	-42.299450	115.161951	-71.883700
	0.042606	-41.656962	115.161951	-71.824100
	0.042615	-41.064379	115.161951	-71.883700
	0.042625	-41.801972	115.161951	-71.883700
	0.042634	-42.273453	115.161951	-71.883700
	0.042644	-42.024527	115.161951	-71.764500
	0.042653	-42.756573	115.161951	-71.764500
	0.042663	-42.294109	115.161951	-71.764500
	0.042672	-43.192795	115.161951	-71.764500
	0.042682	-43.019366	115.161951	-71.764500
	0.042691	-42.201026	115.161951	-71.883700
	0.042701	-42.893358	115.161951	-71.883700
	0.042710	-42.783179	115.161951	-71.883700
	0.042720	-41.881056	115.161951	-71.943300
	0.042729	-42.683879	115.161951	-71.943300
	0.042738	-42.882926	115.161951	-72.002900
	0.042748	-43.484691	115.161951	-72.062500
	0.042757	-43.492369	115.161951	-72.122100
	0.042767	-43.475271	115.161951	-72.062500
	0.042776	-42.680685	115.161951	-72.062500
	0.042786	-42.864713	115.161951	-72.062500
	0.042795	-43.369391	115.161951	-72.122100
	0.042805	-42.555554	115.161951	-72.181700
	0.042814	-44.216222	115.161951	-72.181700
	0.042824	-43.830045	115.161951	-72.181700
	0.042833	-43.435925	115.161951	-72.122100
	0.042843	-44.363210	115.161951	-71.943300
	0.042852	-44.266192	115.161951	-71.943300
	0.042862	-44.061531	115.161951	-71.943300
	0.042871	-44.140191	115.161951	-71.883700
	0.042881	-43.332969	115.161951	-71.883700
	0.042890	-44.459498	115.161951	-71.883700
	0.042899	-42.597458	115.161951	-71.883700
	0.042909	-42.243223	115.161951	-71.943300
	0.042918	-42.871002	115.161951	-72.002900
	0.042928	-43.583627	115.161951	-72.002900
	0.042937	-43.353886	115.161951	-72.002900
	0.042947	-43.759542	115.161951	-72.002900
	0.042956	-44.552999	115.161951	-72.062500
	0.042966	-44.144983	115.161951	-72.181700
	0.042975	-44.619540	115.161951	-72.241300
	0.042985	-43.659102	115.161951	-71.824100
	0.042994	-44.573793	115.161951	-71.108800
	0.043004	-44.841843	115.161951	-70.751200
	0.043013	-43.882592	115.161951	-70.632000
	0.043023	-45.341809	115.161951	-70.572400
	0.043032	-45.113402	115.161951	-70.632000
	0.043041	-44.988516	115.161951	-70.572400
	0.043051	-45.027238	115.161951	-70.572400
	0.043060	-45.480413	115.161951	-70.632000
	0.043070	-44.534192	115.161951	-70.572400
	0.043079	-44.647431	115.161951	-70.572400
	0.043089	-44.505881	115.161951	-70.632000
	0.043098	-43.780917	115.161951	-70.691600
	0.043108	-45.552587	115.161951	-70.691600
	0.043117	-44.302582	115.161951	-70.751200
	0.043127	-43.596494	115.161951	-70.691600
	0.043136	-45.088126	115.161951	-70.691600
	0.043146	-45.440984	115.161951	-70.453200
	0.043155	-45.449469	115.161951	-70.333900
	0.043165	-44.988297	115.161951	-70.333900
	0.043174	-44.548714	115.161951	-70.333900
	0.043184	-44.676303	115.161951	-70.274300
	0.043193	-45.002152	115.161951	-70.333900
	0.043202	-45.892501	115.161951	-70.333900
	0.043212	-46.232867	115.161951	-70.333900
	0.043221	-45.045600	115.161951	-70.333900
	0.043231	-46.736005	115.161951	-70.333900
	0.043240	-46.912153	115.161951	-70.333900
	0.043250	-47.026730	115.161951	-70.274300
	0.043259	-46.761385	115.161951	-70.274300
	0.043269	-46.648386	115.161951	-70.274300
	0.043278	-50.552399	115.161951	-68.903400
	0.043288	-60.164510	115.161951	-65.804000
	0.043297	-59.681510	115.161951	-64.671500
	0.043307	-60.092024	115.161951	-64.373500
	0.043316	-59.219040	115.161951	-64.254300
	0.043326	-59.964617	115.161951	-64.075500
	0.043335	-59.803861	115.161951	-64.015900
	0.043344	-61.138794	115.161951	-63.956200
	0.043354	-62.618981	115.161951	-63.360200
	0.043363	-64.252439	115.161951	-62.704600
	0.043373	-62.864456	115.161951	-62.406500
	0.043382	-63.503285	115.161951	-62.346900
	0.043392	-64.138804	115.161951	-62.346900
	0.043401	-63.288945	115.161951	-62.406500
	0.043411	-64.338030	115.161951	-62.406500
	0.043420	-64.148040	115.161951	-62.406500
	0.043430	-64.036404	115.161951	-62.406500
	0.043439	-63.909434	115.161951	-62.466100
	0.043449	-63.399235	115.161951	-62.466100
	0.043458	-64.337906	115.161951	-62.466100
	0.043468	-63.985138	115.161951	-62.406500
	0.043477	-64.921253	115.161951	-62.466100
	0.043487	-63.745391	115.161951	-62.525700
	0.043496	-64.787839	115.161951	-62.585300
	0.043505	-63.998004	115.161951	-62.585300
	0.043515	-64.371806	115.161951	-62.585300
	0.043524	-65.154692	115.161951	-62.525700
	0.043534	-63.585072	115.161951	-62.585300
	0.043543	-65.330693	115.161951	-62.585300
	0.043553	-65.327997	115.161951	-62.585300
	0.043562	-63.956080	115.161951	-62.644900
	0.043572	-64.707761	115.161951	-62.585300
	0.043581	-63.739324	115.161951	-62.466100
	0.043591	-68.242504	115.161951	-61.989300
	0.043600	-67.914968	115.161951	-61.691300
	0.043610	-67.774043	115.161951	-61.631700
	0.043619	-67.352568	115.161951	-61.572100
	0.043629	-67.267297	115.161951	-61.572100
	0.043638	-68.537746	115.161951	-61.572100
	0.043647	-66.856930	115.161951	-61.572100
	0.043657	-71.031618	115.161951	-60.677800
	0.043666	-74.051038	115.161951	-59.545300
	0.043676	-75.509590	115.161951	-59.247200
	0.043685	-73.702610	115.161951	-59.247200
	0.043695	-75.855542	115.161951	-59.187600
	0.043704	-75.036940	115.161951	-59.187600
	0.043714	-75.271984	115.161951	-59.247200
	0.043723	-74.444224	115.161951	-59.247200
	0.043733	-76.606677	115.161951	-59.247200
	0.043742	-75.376145	115.161951	-59.247200
	0.043752	-74.889376	115.161951	-59.306900
	0.043761	-75.104994	115.161951	-59.306900
	0.043771	-75.239652	115.161951	-59.306900
	0.043780	-75.923565	115.161951	-59.306900
	0.043790	-74.087435	115.161951	-59.247200
	0.043799	-75.072112	115.161951	-59.247200
	0.043808	-76.302607	115.161951	-59.247200
	0.043818	-74.388150	115.161951	-59.247200
	0.043827	-74.923294	115.161951	-58.353200
	0.043837	-79.440332	115.161951	-56.803500
	0.043846	-78.452158	115.161951	-56.267000
	0.043856	-77.820105	115.161951	-56.207400
	0.043865	-76.977515	115.161951	-56.207400
	0.043875	-78.590765	115.161951	-56.207400
	0.043884	-77.428096	115.161951	-56.207400
	0.043894	-77.983258	115.161951	-56.207400
	0.043903	-78.065717	115.161951	-56.207400
	0.043913	-82.398624	115.161951	-54.478900
	0.043922	-85.926768	115.161951	-53.167600
	0.043932	-85.354814	115.161951	-52.869600
	0.043941	-87.150176	115.161951	-52.750300
	0.043950	-86.094028	115.161951	-52.631100
	0.043960	-84.722122	115.161951	-52.631100
	0.043969	-85.961986	115.161951	-52.631100
	0.043979	-85.729550	115.161951	-52.631100
	0.043988	-85.255601	115.161951	-52.690700
	0.043998	-86.685050	115.161951	-52.750300
	0.044007	-86.474297	115.161951	-52.750300
	0.044017	-86.704457	115.161951	-52.750300
	0.044026	-86.169666	115.161951	-52.809900
	0.044036	-85.456360	115.161951	-52.809900
	0.044045	-86.152074	115.161951	-52.511900
	0.044055	-86.974322	115.161951	-52.213900
	0.044064	-87.876891	115.161951	-52.035100
	0.044074	-88.393547	115.161951	-52.035100
	0.044083	-87.775817	115.161951	-52.035100
	0.044093	-88.039713	115.161951	-52.035100
	0.044102	-88.374887	115.161951	-52.035100
	0.044111	-87.219908	115.161951	-52.035100
	0.044121	-87.648792	115.161951	-52.154300
	0.044130	-89.139083	115.161951	-52.035100
	0.044140	-88.473616	115.161951	-51.856300
	0.044149	-88.109439	115.161951	-51.856300
	0.044159	-87.604412	115.161951	-51.856300
	0.044168	-88.937246	115.161951	-51.856300
	0.044178	-88.365359	115.161951	-51.915900
	0.044187	-88.303673	115.161951	-51.856300
	0.044197	-88.149327	115.161951	-51.856300
	0.044206	-87.961114	115.161951	-51.856300
	0.044216	-88.226056	115.161951	-51.915900
	0.044225	-88.285418	115.161951	-51.915900
	0.044235	-88.458091	115.161951	-51.856300
	0.044244	-89.370679	115.161951	-51.737100
	0.044253	-88.470845	115.161951	-51.737100
	0.044263	-88.620273	115.161951	-51.796700
	0.044272	-88.141324	115.161951	-51.796700
	0.044282	-87.929597	115.161951	-51.856300
	0.044291	-87.494045	115.161951	-51.856300
	0.044301	-87.965994	115.161951	-51.856300
	0.044310	-87.908009	115.161951	-51.856300
	0.044320	-87.947362	115.161951	-51.915900
	0.044329	-89.260146	115.161951	-51.975500
	0.044339	-88.726431	115.161951	-51.975500
	0.044348	-89.282448	115.161951	-51.975500
	0.044358	-88.529220	115.161951	-51.915900
	0.044367	-88.723461	115.161951	-51.796700
	0.044377	-88.813654	115.161951	-51.558300
	0.044386	-89.710425	115.161951	-51.439000
	0.044396	-90.128553	115.161951	-51.498600
	0.044405	-89.309000	115.161951	-51.498600
	0.044414	-89.449148	115.161951	-51.439000
	0.044424	-88.860520	115.161951	-51.439000
	0.044433	-90.283581	115.161951	-51.439000
	0.044443	-89.293274	115.161951	-51.439000
	0.044452	-89.991179	115.161951	-51.498600
	0.044462	-90.316323	115.161951	-51.558300
	0.044471	-90.036791	115.161951	-51.617900
	0.044481	-88.041921	115.161951	-51.617900
	0.044490	-90.140788	115.161951	-51.617900
	0.044500	-89.363063	115.161951	-51.617900
	0.044509	-89.641347	115.161951	-51.617900
	0.044519	-88.996036	115.161951	-51.677500
	0.044528	-88.207396	115.161951	-51.558300
	0.044538	-89.777805	115.161951	-51.439000
	0.044547	-90.044808	115.161951	-51.498600
	0.044556	-90.222842	115.161951	-51.498600
	0.044566	-93.321081	115.161951	-51.498600
	0.044575	-94.673975	115.161951	-51.379400
	0.044585	-94.444832	115.161951	-51.319800
	0.044594	-94.743388	115.161951	-51.319800
	0.044604	-93.361925	115.161951	-51.319800
	0.044613	-94.280802	115.161951	-51.379400
	0.044623	-93.281167	115.161951	-51.379400
	0.044632	-94.375112	115.161951	-51.319800
	0.044642	-94.416268	115.161951	-51.319800
	0.044651	-95.556761	115.161951	-51.319800
	0.044661	-94.900484	115.161951	-51.141000
	0.044670	-95.254093	115.161951	-51.081400
	0.044680	-95.465554	115.161951	-51.141000
	0.044689	-94.281291	115.161951	-51.200600
	0.044699	-94.978662	115.161951	-51.200600
	0.044708	-95.959733	115.161951	-51.141000
	0.044717	-95.471719	115.161951	-51.081400
	0.044727	-96.377811	115.161951	-51.081400
	0.044736	-96.530257	115.161951	-51.021800
	0.044746	-96.714738	115.161951	-50.843000
	0.044755	-96.526746	115.161951	-50.783400
	0.044765	-96.057356	115.161951	-50.843000
	0.044774	-95.786832	115.161951	-50.783400
	0.044784	-96.248021	115.161951	-50.843000
	0.044793	-96.387770	115.161951	-50.902600
	0.044803	-96.189720	115.161951	-50.902600
	0.044812	-96.090003	115.161951	-50.962200
	0.044822	-96.392096	115.161951	-51.021800
	0.044831	-96.146139	115.161951	-51.021800
	0.044841	-96.455827	115.161951	-50.902600
	0.044850	-95.828952	115.161951	-50.843000
	0.044859	-95.953010	115.161951	-50.843000
	0.044869	-95.040390	115.161951	-50.843000
	0.044878	-95.010855	115.161951	-50.604600
	0.044888	-100.223160	115.161951	-49.472100
	0.044897	-98.953970	115.161951	-48.995300
	0.044907	-98.522570	115.161951	-48.876000
	0.044916	-98.413872	115.161951	-48.876000
	0.044926	-98.718996	115.161951	-48.876000
	0.044935	-98.122012	115.161951	-48.876000
	0.044945	-99.585360	115.161951	-48.876000
	0.044954	-99.550416	115.161951	-48.816400
	0.044964	-98.942494	115.161951	-48.816400
	0.044973	-99.989581	115.161951	-48.697200
	0.044983	-100.308592	115.161951	-48.637600
	0.044992	-99.972836	115.161951	-48.637600
	0.045002	-99.956376	115.161951	-48.637600
	0.045011	-100.410960	115.161951	-48.697200
	0.045020	-100.302058	115.161951	-48.756800
	0.045030	-100.689958	115.161951	-48.697200
	0.045039	-101.129766	115.161951	-48.697200
	0.045049	-100.149932	115.161951	-48.756800
	0.045058	-99.873862	115.161951	-48.697200
	0.045068	-99.972025	115.161951	-48.637600
	0.045077	-102.828669	115.161951	-47.922400
	0.045087	-106.570815	115.161951	-46.313000
	0.045096	-107.193363	115.161951	-46.074600
	0.045106	-109.415180	115.161951	-45.597800
	0.045115	-116.591224	115.161951	-44.048100
	0.045125	-118.640046	115.161951	-42.438700
	0.045134	-118.733775	115.161951	-42.021500
	0.045144	-118.313163	115.161951	-41.961900
	0.045153	-118.158621	115.161951	-41.961900
	0.045162	-118.388985	115.161951	-41.902300
	0.045172	-118.387731	115.161951	-42.021500
	0.045181	-117.862684	115.161951	-42.021500
	0.045191	-118.717140	115.161951	-41.842700
	0.045200	-118.915864	115.161951	-41.842700
	0.045210	-117.865218	115.161951	-41.842700
	0.045219	-117.664441	115.161951	-41.842700
	0.045229	-118.234811	115.161951	-41.783100
	0.045238	-118.143640	115.161951	-41.783100
	0.045248	-118.835394	115.161951	-41.842700
	0.045257	-118.100554	115.161951	-41.842700
	0.045267	-117.949466	115.161951	-41.842700
	0.045276	-117.817394	115.161951	-41.842700
	0.045286	-117.073535	115.161951	-41.842700
	0.045295	-117.531750	115.161951	-41.902300
	0.045305	-117.892502	115.161951	-41.902300
	0.045314	-117.718773	115.161951	-41.902300
	0.045323	-116.631289	115.161951	-41.842700
	0.045333	-116.794528	115.161951	-41.842700
	0.045342	-118.290573	115.161951	-41.902300
	0.045352	-117.646783	115.161951	-41.842700
	0.045361	-125.372453	115.161951	-40.710200
	0.045371	-131.509368	115.161951	-39.160500
	0.045380	-131.989839	115.161951	-38.564400
	0.045390	-131.772256	115.161951	-38.385600
	0.045399	-131.344386	115.161951	-38.326000
	0.045409	-132.967906	115.161951	-38.147200
	0.045418	-132.960703	115.161951	-38.147200
	0.045428	-132.977719	115.161951	-38.087600
	0.045437	-132.557448	115.161951	-38.087600
	0.045447	-132.498267	115.161951	-38.028000
	0.045456	-133.468263	115.161951	-37.968400
	0.045465	-132.623625	115.161951	-37.968400
	0.045475	-132.555280	115.161951	-37.968400
	0.045484	-132.181575	115.161951	-37.908800
	0.045494	-133.436422	115.161951	-36.835900
	0.045503	-133.859115	115.161951	-36.239900
	0.045513	-133.717143	115.161951	-36.061000
	0.045522	-133.605137	115.161951	-36.061000
	0.045532	-133.487022	115.161951	-36.001400
	0.045541	-133.562633	115.161951	-36.001400
	0.045551	-133.080161	115.161951	-36.061000
	0.045560	-133.253089	115.161951	-36.120600
	0.045570	-133.498013	115.161951	-36.120600
	0.045579	-133.089578	115.161951	-36.120600
	0.045589	-132.676797	115.161951	-36.061000
	0.045598	-133.801542	115.161951	-36.001400
	0.045608	-133.475412	115.161951	-36.001400
	0.045617	-134.525814	115.161951	-36.001400
	0.045626	-133.088205	115.161951	-36.061000
	0.045636	-133.245270	115.161951	-35.763000
	0.045645	-135.892875	115.161951	-35.345800
	0.045655	-136.349137	115.161951	-35.047800
	0.045664	-136.040465	115.161951	-34.809300
	0.045674	-137.023848	115.161951	-34.809300
	0.045683	-137.666161	115.161951	-34.749700
	0.045693	-137.378398	115.161951	-34.749700
	0.045702	-136.762786	115.161951	-34.809300
	0.045712	-137.463097	115.161951	-34.869000
	0.045721	-135.740378	115.161951	-34.809300
	0.045731	-136.691827	115.161951	-34.809300
	0.045740	-136.283187	115.161951	-34.809300
	0.045750	-137.060007	115.161951	-34.809300
	0.045759	-137.215052	115.161951	-34.749700
	0.045768	-139.179599	115.161951	-34.213300
	0.045778	-137.740397	115.161951	-34.034500
	0.045787	-139.467604	115.161951	-33.974900
	0.045797	-139.584608	115.161951	-33.974900
	0.045806	-139.914408	115.161951	-33.915300
	0.045816	-138.464324	115.161951	-33.855700
	0.045825	-140.576504	115.161951	-33.855700
	0.045835	-140.213436	115.161951	-33.855700
	0.045844	-139.366767	115.161951	-33.855700
	0.045854	-140.299144	115.161951	-33.855700
	0.045863	-139.734947	115.161951	-33.855700
	0.045873	-139.512090	115.161951	-33.855700
	0.045882	-139.371803	115.161951	-33.855700
	0.045892	-140.211359	115.161951	-33.855700
	0.045901	-139.503387	115.161951	-33.796100
	0.045910	-140.928728	115.161951	-33.736500
	0.045920	-139.809332	115.161951	-33.796100
	0.045929	-139.372623	115.161951	-33.974900
	0.045939	-140.614444	115.161951	-34.570900
	0.045948	-141.441647	115.161951	-34.809300
	0.045958	-140.175611	115.161951	-34.869000
	0.045967	-140.087019	115.161951	-34.869000
	0.045977	-140.729847	115.161951	-34.869000
	0.045986	-139.852797	115.161951	-34.809300
	0.045996	-139.064556	115.161951	-34.809300
	0.046005	-141.001593	115.161951	-34.809300
	0.046015	-140.137450	115.161951	-34.869000
	0.046024	-141.440016	115.161951	-34.988200
	0.046034	-140.896523	115.161951	-34.988200
	0.046043	-140.835500	115.161951	-34.869000
	0.046053	-140.066387	115.161951	-34.809300
	0.046062	-141.028476	115.161951	-34.809300
	0.046071	-140.731227	115.161951	-34.809300
	0.046081	-140.904707	115.161951	-34.869000
	0.046090	-141.088117	115.161951	-34.869000
	0.046100	-141.338839	115.161951	-34.869000
	0.046109	-140.728880	115.161951	-34.809300
	0.046119	-141.014329	115.161951	-34.749700
	0.046128	-142.324137	115.161951	-34.570900
	0.046138	-141.799546	115.161951	-34.511300
	0.046147	-142.242609	115.161951	-34.511300
	0.046157	-142.821225	115.161951	-34.272900
	0.046166	-145.267829	115.161951	-33.617300
	0.046176	-145.116683	115.161951	-33.200000
	0.046185	-146.693336	115.161951	-33.140400
	0.046195	-146.760826	115.161951	-33.080800
	0.046204	-145.986069	115.161951	-33.021200
	0.046213	-146.693164	115.161951	-32.961600
	0.046223	-148.269734	115.161951	-31.948300
	0.046232	-151.416713	115.161951	-30.935000
	0.046242	-150.212518	115.161951	-30.577400
	0.046251	-148.674806	115.161951	-30.458100
	0.046261	-149.430828	115.161951	-30.458100
	0.046270	-149.219192	115.161951	-30.458100
	0.046280	-149.157141	115.161951	-30.458100
	0.046289	-148.554406	115.161951	-30.458100
	0.046299	-148.076978	115.161951	-30.458100
	0.046308	-149.062994	115.161951	-30.458100
	0.046318	-149.538648	115.161951	-30.517800
	0.046327	-148.862809	115.161951	-30.458100
	0.046337	-149.093278	115.161951	-30.458100
	0.046346	-148.876823	115.161951	-30.398500
	0.046356	-148.560556	115.161951	-30.398500
	0.046365	-148.704291	115.161951	-30.398500
	0.046374	-148.374921	115.161951	-30.398500
	0.046384	-149.193409	115.161951	-30.398500
	0.046393	-148.716739	115.161951	-30.338900
	0.046403	-149.665395	115.161951	-30.338900
	0.046412	-149.642461	115.161951	-30.338900
	0.046422	-150.186283	115.161951	-30.338900
	0.046431	-149.008936	115.161951	-30.338900
	0.046441	-148.141408	115.161951	-30.338900
	0.046450	-147.987322	115.161951	-30.398500
	0.046460	-148.998765	115.161951	-30.458100
	0.046469	-149.336434	115.161951	-30.398500
	0.046479	-150.018281	115.161951	-30.398500
	0.046488	-149.031872	115.161951	-30.398500
	0.046498	-149.324845	115.161951	-30.338900
	0.046507	-149.149585	115.161951	-30.398500
	0.046516	-148.045333	115.161951	-30.398500
	0.046526	-148.205729	115.161951	-30.398500
	0.046535	-147.666890	115.161951	-30.398500
	0.046545	-149.426635	115.161951	-30.338900
	0.046554	-148.918530	115.161951	-30.219700
	0.046564	-148.398147	115.161951	-30.219700
	0.046573	-148.492336	115.161951	-30.100500
	0.046583	-149.056378	115.161951	-30.100500
	0.046592	-148.416651	115.161951	-30.100500
	0.046602	-149.236900	115.161951	-30.100500
	0.046611	-149.329965	115.161951	-30.100500
	0.046621	-149.422563	115.161951	-30.160100
	0.046630	-150.477225	115.161951	-30.100500
	0.046640	-149.634500	115.161951	-29.981300
	0.046649	-149.344041	115.161951	-29.862000
	0.046659	-150.532415	115.161951	-29.742800
	0.046668	-150.237341	115.161951	-29.683200
	0.046677	-150.602805	115.161951	-29.683200
	0.046687	-150.849959	115.161951	-29.742800
	0.046696	-150.164839	115.161951	-29.802400
	0.046706	-150.463217	115.161951	-29.742800
	0.046715	-150.703224	115.161951	-29.742800
	0.046725	-150.836361	115.161951	-29.802400
	0.046734	-150.646006	115.161951	-29.802400
	0.046744	-149.569206	115.161951	-29.802400
	0.046753	-151.065770	115.161951	-29.623600
	0.046763	-152.022292	115.161951	-29.444800
	0.046772	-152.199542	115.161951	-29.385200
	0.046782	-152.346103	115.161951	-29.444800
	0.046791	-152.891781	115.161951	-29.444800
	0.046801	-152.168083	115.161951	-29.444800
	0.046810	-153.572830	115.161951	-29.444800
	0.046819	-153.304694	115.161951	-29.504400
	0.046829	-152.780661	115.161951	-29.504400
	0.046838	-153.122332	115.161951	-29.504400
	0.046848	-153.660452	115.161951	-29.504400
	0.046857	-153.663277	115.161951	-29.444800
	0.046867	-152.338424	115.161951	-29.385200
	0.046876	-153.489351	115.161951	-29.444800
	0.046886	-152.126933	115.161951	-29.385200
	0.046895	-153.140902	115.161951	-29.385200
	0.046905	-154.857727	115.161951	-29.444800
	0.046914	-154.523131	115.161951	-29.504400
	0.046924	-153.017366	115.161951	-29.564000
	0.046933	-154.133294	115.161951	-29.504400
	0.046943	-153.933298	115.161951	-29.564000
	0.046952	-154.039778	115.161951	-29.266000
	0.046962	-156.779688	115.161951	-28.550700
	0.046971	-157.253323	115.161951	-28.312300
	0.046980	-157.334563	115.161951	-28.252700
	0.046990	-156.754423	115.161951	-28.193100
	0.046999	-157.504056	115.161951	-28.252700
	0.047009	-157.531860	115.161951	-28.312300
	0.047018	-157.455903	115.161951	-28.312300
	0.047028	-156.860210	115.161951	-28.252700
	0.047037	-157.512734	115.161951	-28.193100
	0.047047	-157.872064	115.161951	-28.193100
	0.047056	-156.890724	115.161951	-28.133500
	0.047066	-157.438476	115.161951	-28.133500
	0.047075	-157.302729	115.161951	-28.133500
	0.047085	-157.968555	115.161951	-28.133500
	0.047094	-157.693437	115.161951	-28.133500
	0.047104	-158.152051	115.161951	-28.133500
	0.047113	-157.861460	115.161951	-28.133500
	0.047122	-158.296309	115.161951	-28.073900
	0.047132	-158.515031	115.161951	-28.073900
	0.047141	-156.626836	115.161951	-28.073900
	0.047151	-157.135148	115.161951	-28.073900
	0.047160	-157.395558	115.161951	-28.073900
	0.047170	-157.753957	115.161951	-28.073900
	0.047179	-156.350740	115.161951	-28.073900
	0.047189	-157.331641	115.161951	-28.133500
	0.047198	-157.031284	115.161951	-28.193100
	0.047208	-157.357551	115.161951	-28.252700
	0.047217	-156.420510	115.161951	-28.252700
	0.047227	-156.952688	115.161951	-28.252700
	0.047236	-157.358580	115.161951	-28.252700
	0.047246	-156.751103	115.161951	-28.133500
	0.047255	-156.755999	115.161951	-28.252700
	0.047265	-155.568277	115.161951	-28.193100
	0.047274	-157.044706	115.161951	-28.133500
	0.047283	-156.869382	115.161951	-28.133500
	0.047293	-156.731361	115.161951	-28.073900
	0.047302	-155.709858	115.161951	-28.073900
	0.047312	-157.830108	115.161951	-28.073900
	0.047321	-157.667871	115.161951	-28.073900
	0.047331	-157.694453	115.161951	-28.073900
	0.047340	-158.449622	115.161951	-28.014300
	0.047350	-157.396600	115.161951	-28.073900
	0.047359	-157.683971	115.161951	-28.014300
	0.047369	-156.566209	115.161951	-28.014300
	0.047378	-157.853675	115.161951	-28.073900
	0.047388	-156.026953	115.161951	-28.133500
	0.047397	-156.398279	115.161951	-28.133500
	0.047407	-156.476001	115.161951	-28.133500
	0.047416	-155.731279	115.161951	-28.133500
	0.047425	-156.729626	115.161951	-28.133500
	0.047435	-156.212623	115.161951	-28.133500
	0.047444	-157.816172	115.161951	-28.133500
	0.047454	-156.216618	115.161951	-28.133500
	0.047463	-157.231362	115.161951	-28.133500
	0.047473	-157.059727	115.161951	-28.073900
	0.047482	-157.939437	115.161951	-27.954700
	0.047492	-157.670593	115.161951	-27.835500
	0.047501	-157.462449	115.161951	-27.895100
	0.047511	-158.605981	115.161951	-27.954700
	0.047520	-157.132899	115.161951	-27.895100
	0.047530	-156.595695	115.161951	-27.835500
	0.047539	-157.049643	115.161951	-27.835500
	0.047549	-158.908740	115.161951	-27.775900
	0.047558	-157.140003	115.161951	-27.775900
	0.047568	-157.244111	115.161951	-27.775900
	0.047577	-157.933961	115.161951	-27.775900
	0.047586	-158.410026	115.161951	-27.775900
	0.047596	-157.336259	115.161951	-27.775900
	0.047605	-157.896337	115.161951	-27.775900
	0.047615	-156.590473	115.161951	-27.716300
	0.047624	-156.734558	115.161951	-27.716300
	0.047634	-158.338629	115.161951	-27.775900
	0.047643	-158.106199	115.161951	-27.656700
	0.047653	-158.295612	115.161951	-27.537500
	0.047662	-157.960277	115.161951	-27.537500
	0.047672	-157.793230	115.161951	-27.537500
	0.047681	-157.489423	115.161951	-27.537500
	0.047691	-160.579839	115.161951	-27.001000
	0.047700	-160.509722	115.161951	-26.703000
	0.047710	-161.465029	115.161951	-26.643400
	0.047719	-161.003954	115.161951	-26.583800
	0.047728	-161.129715	115.161951	-26.524200
	0.047738	-159.716488	115.161951	-26.583800
	0.047747	-160.992291	115.161951	-26.643400
	0.047757	-161.446273	115.161951	-26.643400
	0.047766	-160.401297	115.161951	-26.583800
	0.047776	-160.937420	115.161951	-26.524200
	0.047785	-161.189866	115.161951	-26.524200
	0.047795	-159.044890	115.161951	-26.524200
	0.047804	-159.719256	115.161951	-26.464600
	0.047814	-161.033779	115.161951	-26.405000
	0.047823	-161.419564	115.161951	-26.405000
	0.047833	-160.784696	115.161951	-26.405000
	0.047842	-161.584708	115.161951	-26.285800
	0.047852	-161.347238	115.161951	-26.107000
	0.047861	-161.771203	115.161951	-26.047300
	0.047871	-161.158419	115.161951	-26.047300
	0.047880	-162.379312	115.161951	-25.987700
	0.047889	-161.709313	115.161951	-26.047300
	0.047899	-162.225809	115.161951	-26.047300
	0.047908	-162.705832	115.161951	-26.047300
	0.047918	-162.225217	115.161951	-25.987700
	0.047927	-161.666526	115.161951	-25.987700
	0.047937	-162.894079	115.161951	-25.987700
	0.047946	-162.629301	115.161951	-25.987700
	0.047956	-162.706352	115.161951	-25.987700
	0.047965	-163.437431	115.161951	-26.047300
	0.047975	-162.335870	115.161951	-25.987700
	0.047984	-162.179484	115.161951	-25.868500
	0.047994	-162.548030	115.161951	-25.868500
	0.048003	-163.060698	115.161951	-25.868500
	0.048013	-161.657569	115.161951	-25.868500
	0.048022	-162.285762	115.161951	-25.868500
	0.048031	-162.114166	115.161951	-25.808900
	0.048041	-162.079516	115.161951	-25.808900
	0.048050	-162.283266	115.161951	-25.808900
	0.048060	-161.512467	115.161951	-25.808900
	0.048069	-161.180004	115.161951	-25.868500
	0.048079	-160.850400	115.161951	-25.868500
	0.048088	-162.327801	115.161951	-25.868500
	0.048098	-162.219509	115.161951	-25.868500
	0.048107	-161.074232	115.161951	-25.868500
	0.048117	-162.281102	115.161951	-25.868500
	0.048126	-162.070807	115.161951	-25.868500
	0.048136	-162.717584	115.161951	-25.868500
	0.048145	-161.828702	115.161951	-25.868500
	0.048155	-162.266518	115.161951	-25.928100
	0.048164	-160.824634	115.161951	-25.868500
	0.048174	-161.712704	115.161951	-25.868500
	0.048183	-161.992072	115.161951	-25.868500
	0.048192	-162.025967	115.161951	-25.928100
	0.048202	-160.331502	115.161951	-25.987700
	0.048211	-162.291710	115.161951	-25.987700
	0.048221	-161.545625	115.161951	-25.928100
	0.048230	-161.865255	115.161951	-25.749300
	0.048240	-165.514939	115.161951	-24.616800
	0.048249	-164.169363	115.161951	-24.020800
	0.048259	-164.283005	115.161951	-23.842000
	0.048268	-165.538185	115.161951	-23.842000
	0.048278	-165.024006	115.161951	-23.842000
	0.048287	-165.897992	115.161951	-23.842000
	0.048297	-163.938654	115.161951	-23.842000
	0.048306	-165.231388	115.161951	-23.842000
	0.048316	-165.449909	115.161951	-23.842000
	0.048325	-164.632987	115.161951	-23.842000
	0.048334	-165.273083	115.161951	-23.842000
	0.048344	-165.276501	115.161951	-23.842000
	0.048353	-167.385201	115.161951	-23.424700
	0.048363	-169.475411	115.161951	-22.649900
	0.048372	-170.748212	115.161951	-22.411500
	0.048382	-169.647519	115.161951	-22.351900
	0.048391	-169.280261	115.161951	-22.351900
	0.048401	-169.111336	115.161951	-22.411500
	0.048410	-169.924180	115.161951	-22.411500
	0.048420	-170.860458	115.161951	-22.411500
	0.048429	-169.387453	115.161951	-22.471100
	0.048439	-170.593195	115.161951	-22.471100
	0.048448	-168.884049	115.161951	-22.471100
	0.048458	-170.208437	115.161951	-22.471100
	0.048467	-170.297494	115.161951	-22.471100
	0.048477	-169.424204	115.161951	-22.471100
	0.048486	-169.588669	115.161951	-22.471100
	0.048495	-170.482539	115.161951	-22.411500
	0.048505	-170.649798	115.161951	-22.411500
	0.048514	-170.722400	115.161951	-22.411500
	0.048524	-171.237041	115.161951	-22.411500
	0.048533	-169.582061	115.161951	-22.471100
	0.048543	-169.592951	115.161951	-22.471100
	0.048552	-169.540022	115.161951	-22.530700
	0.048562	-170.630163	115.161951	-22.590300
	0.048571	-170.279694	115.161951	-22.590300
	0.048581	-170.961862	115.161951	-22.590300
	0.048590	-171.032844	115.161951	-22.471100
	0.048600	-169.166382	115.161951	-22.411500
	0.048609	-170.865167	115.161951	-22.351900
	0.048619	-170.379224	115.161951	-22.351900
	0.048628	-170.626213	115.161951	-22.411500
	0.048637	-169.113296	115.161951	-22.411500
	0.048647	-170.089683	115.161951	-22.411500
	0.048656	-169.770905	115.161951	-22.351900
	0.048666	-170.090914	115.161951	-22.351900
	0.048675	-170.734291	115.161951	-22.351900
	0.048685	-169.848151	115.161951	-22.351900
	0.048694	-170.246239	115.161951	-22.411500
	0.048704	-170.199173	115.161951	-22.411500
	0.048713	-169.108518	115.161951	-22.471100
	0.048723	-170.668411	115.161951	-22.471100
	0.048732	-169.319392	115.161951	-22.411500
	0.048742	-170.105615	115.161951	-22.351900
	0.048751	-170.179562	115.161951	-22.351900
	0.048761	-171.897823	115.161951	-22.351900
	0.048770	-171.849717	115.161951	-22.053800
	0.048780	-172.096927	115.161951	-21.934600
	0.048789	-170.719510	115.161951	-21.934600
	0.048798	-172.678917	115.161951	-21.875000
	0.048808	-173.472260	115.161951	-21.159800
	0.048817	-174.673795	115.161951	-20.742500
	0.048827	-175.468613	115.161951	-20.504100
	0.048836	-178.706965	115.161951	-19.908100
	0.048846	-177.200278	115.161951	-19.610000
	0.048855	-177.618336	115.161951	-19.550400
	0.048865	-177.182261	115.161951	-19.550400
	0.048874	-177.805603	115.161951	-19.610000
	0.048884	-177.769420	115.161951	-19.550400
	0.048893	-177.365900	115.161951	-19.610000
	0.048903	-177.579694	115.161951	-19.550400
	0.048912	-177.683174	115.161951	-19.490800
	0.048922	-176.986818	115.161951	-19.490800
	0.048931	-177.627608	115.161951	-19.550400
	0.048940	-177.429681	115.161951	-19.550400
	0.048950	-176.739811	115.161951	-19.550400
	0.048959	-176.823694	115.161951	-19.550400
	0.048969	-176.371266	115.161951	-19.550400
	0.048978	-176.949448	115.161951	-19.550400
	0.048988	-177.403184	115.161951	-19.550400
	0.048997	-177.055302	115.161951	-19.550400
	0.049007	-177.806361	115.161951	-19.610000
	0.049016	-177.503390	115.161951	-19.610000
	0.049026	-177.269070	115.161951	-19.610000
	0.049035	-177.398713	115.161951	-19.669600
	0.049045	-178.142649	115.161951	-19.669600
	0.049054	-177.335277	115.161951	-19.550400
	0.049064	-178.206633	115.161951	-19.550400
	0.049073	-178.541342	115.161951	-19.610000
	0.049083	-178.041013	115.161951	-19.610000
	0.049092	-178.022596	115.161951	-19.610000
	0.049101	-179.192458	115.161951	-19.610000
	0.049111	-178.598973	115.161951	-19.550400
	0.049120	-177.432793	115.161951	-19.550400
	0.049130	-177.642374	115.161951	-19.550400
	0.049139	-178.909652	115.161951	-19.550400
	0.049149	-177.915550	115.161951	-19.550400
	0.049158	-179.731405	115.161951	-19.610000
	0.049168	-178.047336	115.161951	-19.550400
	0.049177	-177.392073	115.161951	-19.490800
	0.049187	-177.334662	115.161951	-19.490800
	0.049196	-177.593126	115.161951	-19.431200
	0.049206	-177.035208	115.161951	-19.490800
	0.049215	-177.689683	115.161951	-19.490800
	0.049225	-177.638054	115.161951	-19.490800
	0.049234	-178.124944	115.161951	-19.490800
	0.049243	-178.644119	115.161951	-19.490800
	0.049253	-177.147022	115.161951	-19.371600
	0.049262	-177.170197	115.161951	-19.431200
	0.049272	-177.214004	115.161951	-19.371600
	0.049281	-176.988236	115.161951	-19.431200
	0.049291	-177.127362	115.161951	-19.431200
	0.049300	-177.730536	115.161951	-19.371600
	0.049310	-178.108675	115.161951	-19.371600
	0.049319	-177.591012	115.161951	-19.490800
	0.049329	-177.095478	115.161951	-19.550400
	0.049338	-177.301410	115.161951	-19.490800
	0.049348	-177.944692	115.161951	-19.371600
	0.049357	-176.159566	115.161951	-19.371600
	0.049367	-176.713791	115.161951	-19.490800
	0.049376	-175.592686	115.161951	-19.431200
	0.049386	-176.188470	115.161951	-19.371600
	0.049395	-177.243173	115.161951	-19.371600
	0.049404	-177.385694	115.161951	-19.371600
	0.049414	-177.150604	115.161951	-19.312000
	0.049423	-176.976130	115.161951	-19.252400
	0.049433	-177.529005	115.161951	-19.312000
	0.049442	-176.390312	115.161951	-19.371600
	0.049452	-177.329858	115.161951	-19.431200
	0.049461	-176.784542	115.161951	-19.371600
	0.049471	-177.398243	115.161951	-19.312000
	0.049480	-176.882899	115.161951	-19.312000
	0.049490	-176.859788	115.161951	-19.371600
	0.049499	-177.311392	115.161951	-19.371600
	0.049509	-178.849240	115.161951	-19.312000
	0.049518	-178.257588	115.161951	-19.252400
	0.049528	-177.362383	115.161951	-19.312000
	0.049537	-178.350093	115.161951	-19.312000
	0.049546	-177.430996	115.161951	-19.371600
	0.049556	-177.787295	115.161951	-19.312000
	0.049565	-176.990348	115.161951	-19.312000
	0.049575	-177.400697	115.161951	-19.490800
	0.049584	-177.401974	115.161951	-19.490800
	0.049594	-178.227084	115.161951	-19.371600
	0.049603	-178.133657	115.161951	-19.371600
	0.049613	-178.537849	115.161951	-19.371600
	0.049622	-177.935136	115.161951	-19.312000
	0.049632	-178.951242	115.161951	-19.133200
	0.049641	-178.727093	115.161951	-19.073600
	0.049651	-178.456897	115.161951	-19.014000
	0.049660	-179.329321	115.161951	-19.014000
	0.049670	-179.161090	115.161951	-19.014000
	0.049679	-179.250932	115.161951	-19.014000
	0.049689	-179.065820	115.161951	-19.073600
	0.049698	-179.407959	115.161951	-19.014000
	0.049707	-178.558116	115.161951	-19.014000
	0.049717	-178.060957	115.161951	-19.073600
	0.049726	-178.226712	115.161951	-19.133200
	0.049736	-178.828828	115.161951	-19.073600
	0.049745	-179.840247	115.161951	-19.073600
	0.049755	-178.678580	115.161951	-19.014000
	0.049764	-178.185854	115.161951	-19.014000
	0.049774	-178.735243	115.161951	-19.014000
	0.049783	-177.596536	115.161951	-19.014000
	0.049793	-178.200916	115.161951	-19.073600
	0.049802	-178.592235	115.161951	-19.073600
	0.049812	-178.550198	115.161951	-19.014000
	0.049821	-178.562048	115.161951	-19.014000
	0.049831	-178.303079	115.161951	-19.014000
	0.049840	-179.384162	115.161951	-19.073600
	0.049849	-179.057148	115.161951	-19.073600
	0.049859	-178.931526	115.161951	-19.014000
	0.049868	-178.497006	115.161951	-19.014000
	0.049878	-178.434961	115.161951	-18.954400
	0.049887	-177.757807	115.161951	-19.014000
	0.049897	-178.822355	115.161951	-19.014000
	0.049906	-178.344375	115.161951	-18.954400
	0.049916	-178.054898	115.161951	-18.954400
	0.049925	-179.052542	115.161951	-18.954400
	0.049935	-177.541816	115.161951	-19.073600
	0.049944	-178.920310	115.161951	-19.073600
	0.049954	-178.914871	115.161951	-19.014000
	0.049963	-179.306814	115.161951	-18.894800
	0.049973	-179.773032	115.161951	-18.835200
	0.049982	-179.588730	115.161951	-18.835200
	0.049991	-179.286567	115.161951	-18.835200
	0.050001	-179.668604	115.161951	-18.835200
	0.050010	-178.918826	115.161951	-18.775600
	0.050020	-179.587128	115.161951	-18.835200
	0.050029	-179.056454	115.161951	-18.835200
	0.050039	-178.793154	115.161951	-18.835200
	0.050048	-178.399761	115.161951	-18.775600
	0.050058	-178.915954	115.161951	-18.775600
	0.050067	-178.145432	115.161951	-18.835200
	0.050077	-177.396319	115.161951	-18.835200
	0.050086	-178.496083	115.161951	-18.894800
	0.050096	-178.800195	115.161951	-18.894800
	0.050105	-178.214330	115.161951	-18.954400
	0.050115	-178.435482	115.161951	-18.835200
	0.050124	-177.985295	115.161951	-18.835200
	0.050134	-178.239042	115.161951	-18.775600
	0.050143	-178.307350	115.161951	-18.775600
	0.050152	-178.320664	115.161951	-18.716000
	0.050162	-177.698197	115.161951	-18.716000
	0.050171	-178.938232	115.161951	-18.716000
	0.050181	-178.850312	115.161951	-18.775600
	0.050190	-178.574291	115.161951	-18.775600
	0.050200	-179.592629	115.161951	-18.775600
	0.050209	-179.852034	115.161951	-18.775600
	0.050219	-179.012924	115.161951	-18.835200
	0.050228	-179.158736	115.161951	-18.835200
	0.050238	-180.508656	115.161951	-18.835200
	0.050247	-179.771398	115.161951	-18.835200
	0.050257	-177.974538	115.161951	-18.954400
	0.050266	-178.383039	115.161951	-18.954400
	0.050276	-178.561663	115.161951	-18.894800
	0.050285	-178.562849	115.161951	-18.835200
	0.050294	-177.887255	115.161951	-18.894800
	0.050304	-177.698738	115.161951	-18.835200
	0.050313	-178.911637	115.161951	-18.775600
	0.050323	-178.580756	115.161951	-18.775600
	0.050332	-177.755868	115.161951	-18.775600
	0.050342	-176.965405	115.161951	-18.775600
	0.050351	-176.933410	115.161951	-18.835200
	0.050361	-177.649292	115.161951	-18.835200
	0.050370	-178.631085	115.161951	-18.835200
	0.050380	-179.178752	115.161951	-18.835200
	0.050389	-180.018945	115.161951	-18.835200
	0.050399	-178.722787	115.161951	-18.835200
	0.050408	-178.933856	115.161951	-18.835200
	0.050418	-177.528187	115.161951	-18.775600
	0.050427	-179.501491	115.161951	-18.716000
	0.050437	-178.397768	115.161951	-18.716000
	0.050446	-179.188949	115.161951	-18.716000
	0.050455	-178.812353	115.161951	-18.656400
	0.050465	-179.176659	115.161951	-18.596800
	0.050474	-177.485323	115.161951	-18.656400
	0.050484	-179.362156	115.161951	-18.656400
