	-0.071022	0.699038	115.161951	74.327500
	-0.068270	0.646356	115.161951	74.327500
	-0.065518	0.669902	115.161951	74.148600
	-0.062767	-0.864286	115.161951	73.969800
	-0.060015	-0.437547	115.161951	73.731400
	-0.057264	0.089712	115.161951	73.493000
	-0.054512	-0.940607	115.161951	73.254600
	-0.051760	0.283583	115.161951	73.075800
	-0.049009	-0.682032	115.161951	72.777700
	-0.046257	-0.293472	115.161951	72.539300
	-0.043506	-0.041895	115.161951	72.241300
	-0.040754	-1.334565	115.161951	71.943300
	-0.038002	-0.577997	115.161951	71.645200
	-0.035251	-0.713443	115.161951	71.287600
	-0.032499	0.445691	115.161951	70.870400
	-0.029748	-1.449938	115.161951	70.453200
	-0.026996	-1.272374	115.161951	70.095500
	-0.024245	-0.676043	115.161951	69.678300
	-0.021493	-2.647445	115.161951	69.141900
	-0.018741	-1.249841	115.161951	68.784200
	-0.015990	-2.507906	115.161951	68.188200
	-0.013238	-1.347955	115.161951	67.651700
	-0.010487	-2.897618	115.161951	66.936500
	-0.007735	-1.933337	115.161951	66.161600
	-0.004984	-3.061044	115.161951	65.446400
	-0.002232	-2.968961	115.161951	64.790700
	0.000520	-3.679293	115.161951	63.956200
	0.003271	-4.803294	115.161951	63.062200
	0.006023	-4.706095	115.161951	61.989300
	0.008774	-5.492248	115.161951	60.737400
	0.011526	-6.162271	115.161951	59.485700
	0.014278	-6.330791	115.161951	58.055200
	0.017029	-7.099344	115.161951	56.863100
	0.019781	-8.127264	115.161951	54.955700
	0.022532	-10.248024	115.161951	52.929200
	0.025284	-10.282274	115.161951	50.246900
	0.028036	-10.708156	115.161951	47.326300
	0.030787	-12.663345	115.161951	43.809600
	0.033539	-14.591643	115.161951	39.279700
	0.036290	-17.461700	115.161951	34.690100
	0.036290	-19.655976	115.161951	29.325600
	0.036300	-19.418762	115.161951	27.418300
	0.036309	-19.170254	115.161951	26.941400
	0.036319	-19.312323	115.161951	26.881800
	0.036328	-19.906527	115.161951	26.881800
	0.036338	-20.062994	115.161951	26.822200
	0.036347	-20.427825	115.161951	26.762600
	0.036357	-19.870509	115.161951	26.762600
	0.036366	-19.222495	115.161951	26.762600
	0.036376	-19.061754	115.161951	26.762600
	0.036385	-20.342776	115.161951	26.643400
	0.036394	-19.106327	115.161951	26.643400
	0.036404	-19.438557	115.161951	26.583800
	0.036413	-18.929387	115.161951	26.583800
	0.036423	-19.418699	115.161951	26.583800
	0.036432	-19.166195	115.161951	26.583800
	0.036442	-20.407916	115.161951	26.583800
	0.036451	-20.464509	115.161951	26.583800
	0.036461	-19.474872	115.161951	26.583800
	0.036470	-19.355823	115.161951	26.583800
	0.036480	-20.510093	115.161951	26.583800
	0.036489	-19.312860	115.161951	26.583800
	0.036499	-19.559150	115.161951	26.524200
	0.036508	-20.364832	115.161951	26.583800
	0.036518	-19.910803	115.161951	26.524200
	0.036527	-20.183246	115.161951	26.524200
	0.036537	-20.216926	115.161951	26.524200
	0.036546	-20.092604	115.161951	26.524200
	0.036555	-20.338615	115.161951	26.464600
	0.036565	-20.930197	115.161951	26.464600
	0.036574	-20.413257	115.161951	26.405000
	0.036584	-21.958469	115.161951	26.345400
	0.036593	-20.114346	115.161951	26.345400
	0.036603	-20.815132	115.161951	26.345400
	0.036612	-21.447819	115.161951	26.345400
	0.036622	-20.938360	115.161951	26.285800
	0.036631	-21.071000	115.161951	26.285800
	0.036641	-21.552183	115.161951	26.226200
	0.036650	-21.551165	115.161951	26.166600
	0.036660	-21.796811	115.161951	26.166600
	0.036669	-21.277661	115.161951	26.166600
	0.036679	-21.046179	115.161951	26.047300
	0.036688	-20.598922	115.161951	25.987700
	0.036697	-21.846342	115.161951	26.047300
	0.036707	-22.177026	115.161951	26.047300
	0.036716	-21.768974	115.161951	26.047300
	0.036726	-21.106459	115.161951	26.107000
	0.036735	-21.938561	115.161951	26.047300
	0.036745	-22.615849	115.161951	25.987700
	0.036754	-22.338920	115.161951	25.928100
	0.036764	-21.900525	115.161951	25.928100
	0.036773	-20.541579	115.161951	25.928100
	0.036783	-20.965295	115.161951	25.928100
	0.036792	-20.052197	115.161951	25.928100
	0.036802	-21.609728	115.161951	25.928100
	0.036811	-22.641522	115.161951	25.868500
	0.036821	-21.845500	115.161951	25.928100
	0.036830	-20.684531	115.161951	25.928100
	0.036840	-21.013670	115.161951	25.868500
	0.036849	-21.639089	115.161951	25.808900
	0.036858	-21.636987	115.161951	25.808900
	0.036868	-21.791431	115.161951	25.868500
	0.036877	-22.051855	115.161951	25.868500
	0.036887	-21.521186	115.161951	25.808900
	0.036896	-21.092567	115.161951	25.808900
	0.036906	-21.876332	115.161951	25.808900
	0.036915	-22.252451	115.161951	25.928100
	0.036925	-20.857768	115.161951	25.928100
	0.036934	-21.643820	115.161951	25.808900
	0.036944	-21.388832	115.161951	25.808900
	0.036953	-21.188342	115.161951	25.689700
	0.036963	-21.264583	115.161951	25.689700
	0.036972	-21.389962	115.161951	25.689700
	0.036982	-19.916284	115.161951	25.689700
	0.036991	-20.696185	115.161951	25.630100
	0.037000	-20.935166	115.161951	25.630100
	0.037010	-20.296372	115.161951	25.510900
	0.037019	-20.913109	115.161951	25.570500
	0.037029	-20.222125	115.161951	25.570500
	0.037038	-20.251454	115.161951	25.510900
	0.037048	-19.496524	115.161951	25.510900
	0.037057	-19.688932	115.161951	25.510900
	0.037067	-20.106062	115.161951	25.451300
	0.037076	-21.010268	115.161951	25.451300
	0.037086	-19.223346	115.161951	25.391700
	0.037095	-20.437731	115.161951	25.391700
	0.037105	-21.521213	115.161951	25.451300
	0.037114	-19.524992	115.161951	25.451300
	0.037124	-19.954632	115.161951	25.451300
	0.037133	-20.976179	115.161951	25.451300
	0.037143	-19.434714	115.161951	25.391700
	0.037152	-20.132871	115.161951	25.332100
	0.037161	-18.617239	115.161951	25.332100
	0.037171	-19.159604	115.161951	25.332100
	0.037180	-20.223398	115.161951	25.272500
	0.037190	-20.097069	115.161951	25.272500
	0.037199	-19.518326	115.161951	25.272500
	0.037209	-20.042619	115.161951	25.391700
	0.037218	-20.875924	115.161951	25.510900
	0.037228	-20.058920	115.161951	25.510900
	0.037237	-21.415194	115.161951	25.451300
	0.037247	-20.766151	115.161951	25.391700
	0.037256	-20.719041	115.161951	25.391700
	0.037266	-20.083918	115.161951	25.391700
	0.037275	-20.225945	115.161951	25.391700
	0.037285	-20.489103	115.161951	25.391700
	0.037294	-19.715590	115.161951	25.272500
	0.037303	-20.279979	115.161951	25.272500
	0.037313	-20.209887	115.161951	25.391700
	0.037322	-20.721159	115.161951	25.451300
	0.037332	-20.518174	115.161951	25.391700
	0.037341	-22.413715	115.161951	25.391700
	0.037351	-20.365980	115.161951	25.391700
	0.037360	-20.328817	115.161951	25.391700
	0.037370	-20.713544	115.161951	25.391700
	0.037379	-21.056477	115.161951	25.272500
	0.037389	-19.734594	115.161951	25.332100
	0.037398	-20.829331	115.161951	25.272500
	0.037408	-20.758816	115.161951	25.212900
	0.037417	-20.637381	115.161951	25.212900
	0.037427	-18.952319	115.161951	25.153300
	0.037436	-19.286176	115.161951	25.093700
	0.037446	-19.795865	115.161951	25.093700
	0.037455	-20.539054	115.161951	25.093700
	0.037464	-20.896952	115.161951	25.034100
	0.037474	-19.669939	115.161951	25.034100
	0.037483	-19.762403	115.161951	24.974500
	0.037493	-19.771773	115.161951	24.974500
	0.037502	-20.398249	115.161951	24.974500
	0.037512	-20.109326	115.161951	24.974500
	0.037521	-19.213154	115.161951	24.974500
	0.037531	-21.342240	115.161951	24.974500
	0.037540	-21.006018	115.161951	24.914900
	0.037550	-21.390235	115.161951	24.974500
	0.037559	-21.194218	115.161951	25.093700
	0.037569	-21.940884	115.161951	25.153300
	0.037578	-21.687150	115.161951	25.153300
	0.037588	-21.082566	115.161951	25.153300
	0.037597	-21.350245	115.161951	25.153300
	0.037606	-21.457558	115.161951	25.153300
	0.037616	-19.773528	115.161951	25.153300
	0.037625	-20.587739	115.161951	25.153300
	0.037635	-21.221986	115.161951	25.153300
	0.037644	-19.786747	115.161951	25.093700
	0.037654	-22.185663	115.161951	25.034100
	0.037663	-22.443876	115.161951	25.093700
	0.037673	-21.784970	115.161951	25.093700
	0.037682	-22.444373	115.161951	25.093700
	0.037692	-21.794753	115.161951	25.093700
	0.037701	-21.710527	115.161951	25.093700
	0.037711	-21.554629	115.161951	24.974500
	0.037720	-21.808147	115.161951	25.034100
	0.037730	-22.838666	115.161951	24.974500
	0.037739	-23.238993	115.161951	24.974500
	0.037748	-22.360976	115.161951	25.034100
	0.037758	-21.592044	115.161951	25.034100
	0.037767	-21.397552	115.161951	25.093700
	0.037777	-22.424692	115.161951	25.093700
	0.037786	-21.905483	115.161951	24.974500
	0.037796	-21.191529	115.161951	24.974500
	0.037805	-20.939882	115.161951	24.914900
	0.037815	-21.441463	115.161951	24.914900
	0.037824	-20.549421	115.161951	24.914900
	0.037834	-20.280328	115.161951	24.855300
	0.037843	-20.573437	115.161951	24.855300
	0.037853	-21.466015	115.161951	24.914900
	0.037862	-20.720551	115.161951	24.855300
	0.037872	-20.446357	115.161951	24.914900
	0.037881	-20.584803	115.161951	24.855300
	0.037891	-21.077730	115.161951	24.795600
	0.037900	-21.502344	115.161951	24.795600
	0.037909	-20.230317	115.161951	24.736000
	0.037919	-21.135550	115.161951	24.795600
	0.037928	-20.237869	115.161951	24.795600
	0.037938	-20.696838	115.161951	24.676400
	0.037947	-20.949021	115.161951	24.557200
	0.037957	-20.442054	115.161951	24.616800
	0.037966	-21.659202	115.161951	24.676400
	0.037976	-20.747670	115.161951	24.676400
	0.037985	-21.318739	115.161951	24.676400
	0.037995	-20.927413	115.161951	24.616800
	0.038004	-21.068099	115.161951	24.616800
	0.038014	-20.338407	115.161951	24.676400
	0.038023	-20.715317	115.161951	24.676400
	0.038033	-20.796483	115.161951	24.557200
	0.038042	-20.866114	115.161951	24.497600
	0.038051	-19.982967	115.161951	24.497600
	0.038061	-20.799157	115.161951	24.497600
	0.038070	-20.231889	115.161951	24.378400
	0.038080	-19.977226	115.161951	24.378400
	0.038089	-20.740071	115.161951	24.318800
	0.038099	-20.754072	115.161951	24.318800
	0.038108	-19.330007	115.161951	24.318800
	0.038118	-20.741344	115.161951	24.378400
	0.038127	-21.464761	115.161951	24.378400
	0.038137	-21.116428	115.161951	24.378400
	0.038146	-20.962565	115.161951	24.318800
	0.038156	-21.449602	115.161951	24.318800
	0.038165	-20.626324	115.161951	24.378400
	0.038175	-21.030116	115.161951	24.378400
	0.038184	-20.568220	115.161951	24.318800
	0.038194	-21.390468	115.161951	24.318800
	0.038203	-21.533071	115.161951	24.318800
	0.038212	-22.178806	115.161951	24.318800
	0.038222	-21.916491	115.161951	24.318800
	0.038231	-21.381107	115.161951	24.378400
	0.038241	-21.612091	115.161951	24.378400
	0.038250	-21.292021	115.161951	24.318800
	0.038260	-21.811291	115.161951	24.318800
	0.038269	-22.310195	115.161951	24.318800
	0.038279	-22.017501	115.161951	24.318800
	0.038288	-21.103019	115.161951	24.318800
	0.038298	-20.984098	115.161951	24.259200
	0.038307	-20.456021	115.161951	24.199600
	0.038317	-21.118391	115.161951	24.199600
	0.038326	-21.315557	115.161951	24.140000
	0.038336	-21.226172	115.161951	24.080400
	0.038345	-20.149433	115.161951	24.080400
	0.038354	-21.159341	115.161951	24.080400
	0.038364	-21.698174	115.161951	24.020800
	0.038373	-21.166560	115.161951	24.020800
	0.038383	-20.653213	115.161951	24.020800
	0.038392	-21.303681	115.161951	24.020800
	0.038402	-21.204162	115.161951	24.020800
	0.038411	-21.217608	115.161951	24.020800
	0.038421	-20.389163	115.161951	23.961200
	0.038430	-21.289937	115.161951	23.961200
	0.038440	-21.366831	115.161951	23.901600
	0.038449	-20.841092	115.161951	23.842000
	0.038459	-22.206230	115.161951	23.842000
	0.038468	-22.148884	115.161951	23.961200
	0.038478	-21.314422	115.161951	23.901600
	0.038487	-21.224991	115.161951	23.782400
	0.038497	-22.449636	115.161951	23.782400
	0.038506	-20.729075	115.161951	23.722800
	0.038515	-21.226052	115.161951	23.782400
	0.038525	-21.056574	115.161951	23.782400
	0.038534	-21.071631	115.161951	23.722800
	0.038544	-22.389324	115.161951	23.603600
	0.038553	-22.282994	115.161951	23.484300
	0.038563	-21.892252	115.161951	23.544000
	0.038572	-22.042290	115.161951	23.603600
	0.038582	-22.575721	115.161951	23.603600
	0.038591	-22.830550	115.161951	23.544000
	0.038601	-21.985538	115.161951	23.544000
	0.038610	-22.966784	115.161951	23.484300
	0.038620	-21.909194	115.161951	23.484300
	0.038629	-21.198338	115.161951	23.365100
	0.038639	-22.920505	115.161951	23.245900
	0.038648	-21.717561	115.161951	23.245900
	0.038657	-21.575160	115.161951	23.245900
	0.038667	-20.786332	115.161951	23.305500
	0.038676	-21.043003	115.161951	23.305500
	0.038686	-21.235045	115.161951	23.245900
	0.038695	-21.706577	115.161951	23.245900
	0.038705	-21.252019	115.161951	23.186300
	0.038714	-21.888590	115.161951	23.186300
	0.038724	-21.047181	115.161951	23.245900
	0.038733	-22.432011	115.161951	23.245900
	0.038743	-21.359399	115.161951	23.126700
	0.038752	-20.929397	115.161951	23.126700
	0.038762	-21.358353	115.161951	23.126700
	0.038771	-21.009058	115.161951	23.126700
	0.038781	-21.214774	115.161951	23.126700
	0.038790	-20.734261	115.161951	23.007500
	0.038800	-20.949732	115.161951	22.947900
	0.038809	-21.442358	115.161951	23.007500
	0.038818	-21.331709	115.161951	23.007500
	0.038828	-21.102003	115.161951	22.888300
	0.038837	-20.874387	115.161951	22.828700
	0.038847	-21.092950	115.161951	22.888300
	0.038856	-21.309952	115.161951	23.186300
	0.038866	-20.495589	115.161951	23.186300
	0.038875	-21.549029	115.161951	23.186300
	0.038885	-21.814562	115.161951	23.126700
	0.038894	-21.131007	115.161951	23.007500
	0.038904	-21.457232	115.161951	22.947900
	0.038913	-21.695475	115.161951	22.947900
	0.038923	-21.176033	115.161951	22.947900
	0.038932	-21.611776	115.161951	23.007500
	0.038942	-20.559820	115.161951	23.007500
	0.038951	-21.410231	115.161951	23.007500
	0.038960	-21.799156	115.161951	22.947900
	0.038970	-21.185509	115.161951	22.888300
	0.038979	-21.907139	115.161951	22.888300
	0.038989	-21.275701	115.161951	22.888300
	0.038998	-22.467340	115.161951	22.888300
	0.039008	-20.392801	115.161951	22.888300
	0.039017	-21.297110	115.161951	22.888300
	0.039027	-20.152020	115.161951	22.888300
	0.039036	-21.529935	115.161951	22.888300
	0.039046	-21.863687	115.161951	22.828700
	0.039055	-22.161806	115.161951	22.828700
	0.039065	-20.754394	115.161951	22.769100
	0.039074	-21.442421	115.161951	22.769100
	0.039084	-21.474668	115.161951	22.828700
	0.039093	-20.238969	115.161951	22.709500
	0.039103	-22.137353	115.161951	22.649900
	0.039112	-20.851284	115.161951	22.649900
	0.039121	-20.869139	115.161951	22.649900
	0.039131	-21.657755	115.161951	22.649900
	0.039140	-20.830351	115.161951	22.590300
	0.039150	-21.530347	115.161951	22.530700
	0.039159	-21.079496	115.161951	22.411500
	0.039169	-21.667957	115.161951	22.351900
	0.039178	-21.869674	115.161951	22.411500
	0.039188	-22.423804	115.161951	22.411500
	0.039197	-22.290995	115.161951	22.411500
	0.039207	-22.510647	115.161951	22.351900
	0.039216	-22.548116	115.161951	22.351900
	0.039226	-21.755879	115.161951	22.351900
	0.039235	-22.753988	115.161951	22.292300
	0.039245	-22.191823	115.161951	22.292300
	0.039254	-22.378749	115.161951	22.232600
	0.039263	-22.553195	115.161951	22.173000
	0.039273	-22.400088	115.161951	22.232600
	0.039282	-22.881197	115.161951	22.292300
	0.039292	-22.601654	115.161951	22.292300
	0.039301	-22.728166	115.161951	22.173000
	0.039311	-22.885328	115.161951	22.113400
	0.039320	-22.808747	115.161951	22.113400
	0.039330	-22.121091	115.161951	22.053800
	0.039339	-23.222386	115.161951	21.994200
	0.039349	-23.165745	115.161951	21.994200
	0.039358	-21.820495	115.161951	21.994200
	0.039368	-23.285085	115.161951	21.994200
	0.039377	-22.147875	115.161951	21.875000
	0.039387	-23.055542	115.161951	21.815400
	0.039396	-23.274237	115.161951	21.755800
	0.039406	-23.245763	115.161951	21.755800
	0.039415	-22.682350	115.161951	21.755800
	0.039424	-22.521090	115.161951	21.755800
	0.039434	-23.671111	115.161951	21.696200
	0.039443	-23.093860	115.161951	21.636600
	0.039453	-24.112384	115.161951	21.577000
	0.039462	-23.420834	115.161951	21.577000
	0.039472	-22.925132	115.161951	21.577000
	0.039481	-23.420268	115.161951	21.577000
	0.039491	-23.329077	115.161951	21.517400
	0.039500	-22.165727	115.161951	21.457800
	0.039510	-22.830478	115.161951	21.457800
	0.039519	-21.887128	115.161951	21.457800
	0.039529	-22.411520	115.161951	21.457800
	0.039538	-21.667086	115.161951	21.457800
	0.039548	-22.092631	115.161951	21.398200
	0.039557	-22.192942	115.161951	21.398200
	0.039566	-22.645305	115.161951	21.398200
	0.039576	-23.448769	115.161951	21.398200
	0.039585	-22.609380	115.161951	21.457800
	0.039595	-22.999544	115.161951	21.457800
	0.039604	-22.759966	115.161951	21.398200
	0.039614	-23.001443	115.161951	21.398200
	0.039623	-22.964846	115.161951	21.338600
	0.039633	-23.429276	115.161951	21.279000
	0.039642	-23.700465	115.161951	21.279000
	0.039652	-22.621021	115.161951	21.279000
	0.039661	-23.036205	115.161951	21.219400
	0.039671	-24.383338	115.161951	21.219400
	0.039680	-23.016161	115.161951	21.219400
	0.039690	-23.380222	115.161951	21.159800
	0.039699	-23.561395	115.161951	21.100200
	0.039709	-23.833284	115.161951	21.100200
	0.039718	-24.029770	115.161951	21.100200
	0.039727	-22.741052	115.161951	21.100200
	0.039737	-22.546682	115.161951	21.040600
	0.039746	-23.009100	115.161951	20.981000
	0.039756	-23.120635	115.161951	20.981000
	0.039765	-23.004190	115.161951	20.921300
	0.039775	-22.532051	115.161951	20.921300
	0.039784	-22.834673	115.161951	20.861700
	0.039794	-22.018483	115.161951	20.802100
	0.039803	-22.845407	115.161951	20.802100
	0.039813	-22.279264	115.161951	20.742500
	0.039822	-22.474812	115.161951	20.682900
	0.039832	-22.358268	115.161951	20.682900
	0.039841	-22.831922	115.161951	20.623300
	0.039851	-23.444243	115.161951	20.623300
	0.039860	-24.595715	115.161951	20.623300
	0.039869	-22.666663	115.161951	20.623300
	0.039879	-23.309250	115.161951	20.563700
	0.039888	-23.804874	115.161951	20.444500
	0.039898	-23.566915	115.161951	20.384900
	0.039907	-23.587656	115.161951	20.444500
	0.039917	-25.305406	115.161951	20.384900
	0.039926	-25.023167	115.161951	20.325300
	0.039936	-25.119462	115.161951	20.265700
	0.039945	-25.077093	115.161951	20.206100
	0.039955	-25.040669	115.161951	20.206100
	0.039964	-24.390136	115.161951	20.146500
	0.039974	-24.823602	115.161951	20.086900
	0.039983	-24.396470	115.161951	20.086900
	0.039993	-24.314102	115.161951	20.086900
	0.040002	-23.386404	115.161951	20.086900
	0.040012	-24.288932	115.161951	20.086900
	0.040021	-25.060224	115.161951	20.086900
	0.040030	-24.651689	115.161951	20.086900
	0.040040	-24.420912	115.161951	20.086900
	0.040049	-24.099173	115.161951	20.027300
	0.040059	-24.127695	115.161951	20.086900
	0.040068	-24.626091	115.161951	20.027300
	0.040078	-24.242673	115.161951	20.086900
	0.040087	-24.295952	115.161951	20.086900
	0.040097	-24.232023	115.161951	20.027300
	0.040106	-24.684373	115.161951	20.027300
	0.040116	-23.000235	115.161951	20.027300
	0.040125	-24.348779	115.161951	19.908100
	0.040135	-24.333056	115.161951	19.908100
	0.040144	-25.345737	115.161951	19.908100
	0.040154	-24.226155	115.161951	20.027300
	0.040163	-24.866755	115.161951	20.027300
	0.040172	-25.159779	115.161951	20.027300
	0.040182	-25.391724	115.161951	20.027300
	0.040191	-25.536746	115.161951	20.027300
	0.040201	-24.047582	115.161951	19.908100
	0.040210	-24.294702	115.161951	19.967700
	0.040220	-24.567390	115.161951	19.967700
	0.040229	-24.325107	115.161951	19.908100
	0.040239	-24.863909	115.161951	19.848500
	0.040248	-26.144133	115.161951	19.848500
	0.040258	-25.802897	115.161951	19.848500
	0.040267	-25.259037	115.161951	19.848500
	0.040277	-24.546478	115.161951	19.848500
	0.040286	-23.827861	115.161951	19.788900
	0.040296	-24.640567	115.161951	19.729300
	0.040305	-24.317369	115.161951	19.788900
	0.040315	-23.897904	115.161951	19.788900
	0.040324	-24.052147	115.161951	19.610000
	0.040333	-24.795926	115.161951	19.550400
	0.040343	-24.681279	115.161951	19.610000
	0.040352	-25.242851	115.161951	19.610000
	0.040362	-24.864080	115.161951	19.610000
	0.040371	-24.486412	115.161951	19.550400
	0.040381	-24.714902	115.161951	19.550400
	0.040390	-24.431419	115.161951	19.550400
	0.040400	-25.233942	115.161951	19.490800
	0.040409	-24.591487	115.161951	19.490800
	0.040419	-24.437125	115.161951	19.490800
	0.040428	-26.658429	115.161951	19.371600
	0.040438	-24.932020	115.161951	19.312000
	0.040447	-24.983346	115.161951	19.252400
	0.040457	-25.963126	115.161951	19.252400
	0.040466	-25.841818	115.161951	19.252400
	0.040475	-24.764470	115.161951	19.192800
	0.040485	-25.944131	115.161951	19.133200
	0.040494	-25.198035	115.161951	19.073600
	0.040504	-24.765044	115.161951	19.133200
	0.040513	-25.798335	115.161951	19.073600
	0.040523	-24.865591	115.161951	19.133200
	0.040532	-25.334115	115.161951	19.073600
	0.040542	-24.851366	115.161951	19.073600
	0.040551	-24.945802	115.161951	19.014000
	0.040561	-25.539954	115.161951	19.014000
	0.040570	-25.489074	115.161951	19.014000
	0.040580	-25.531993	115.161951	19.014000
	0.040589	-25.808818	115.161951	18.894800
	0.040599	-25.496803	115.161951	18.775600
	0.040608	-24.192824	115.161951	18.775600
	0.040618	-25.392970	115.161951	18.775600
	0.040627	-25.477853	115.161951	18.775600
	0.040636	-25.864042	115.161951	18.716000
	0.040646	-25.006172	115.161951	18.656400
	0.040655	-25.522894	115.161951	18.656400
	0.040665	-25.630906	115.161951	18.716000
	0.040674	-25.152511	115.161951	18.656400
	0.040684	-24.304570	115.161951	18.596800
	0.040693	-25.141881	115.161951	18.477600
	0.040703	-25.215480	115.161951	18.418000
	0.040712	-26.495365	115.161951	18.418000
	0.040722	-25.013164	115.161951	18.418000
	0.040731	-25.938169	115.161951	18.418000
	0.040741	-25.357136	115.161951	18.358300
	0.040750	-25.144915	115.161951	18.418000
	0.040760	-26.093228	115.161951	18.418000
	0.040769	-25.279144	115.161951	18.418000
	0.040778	-26.319728	115.161951	18.418000
	0.040788	-26.209322	115.161951	18.358300
	0.040797	-25.077723	115.161951	18.298700
	0.040807	-24.997457	115.161951	18.179500
	0.040816	-25.047969	115.161951	18.179500
	0.040826	-25.204513	115.161951	18.179500
	0.040835	-26.057524	115.161951	18.119900
	0.040845	-26.001235	115.161951	18.179500
	0.040854	-26.491044	115.161951	18.119900
	0.040864	-25.338437	115.161951	18.119900
	0.040873	-25.322164	115.161951	18.119900
	0.040883	-26.045944	115.161951	18.239100
	0.040892	-25.518089	115.161951	18.179500
	0.040902	-25.581523	115.161951	18.119900
	0.040911	-26.401668	115.161951	18.179500
	0.040921	-25.917198	115.161951	18.179500
	0.040930	-25.862333	115.161951	18.179500
	0.040939	-27.279803	115.161951	18.179500
	0.040949	-25.627580	115.161951	18.119900
	0.040958	-27.328167	115.161951	18.060300
	0.040968	-26.502973	115.161951	18.060300
	0.040977	-26.034436	115.161951	18.060300
	0.040987	-26.457291	115.161951	17.941100
	0.040996	-25.715257	115.161951	17.881500
	0.041006	-26.425491	115.161951	17.881500
	0.041015	-27.170268	115.161951	17.821900
	0.041025	-26.398971	115.161951	17.821900
	0.041034	-26.588550	115.161951	17.821900
	0.041044	-25.732555	115.161951	17.881500
	0.041053	-26.482352	115.161951	17.881500
	0.041063	-27.083819	115.161951	17.881500
	0.041072	-26.686927	115.161951	17.941100
	0.041081	-26.589222	115.161951	18.119900
	0.041091	-26.906771	115.161951	18.596800
	0.041100	-26.140905	115.161951	18.775600
	0.041110	-26.566844	115.161951	18.835200
	0.041119	-26.692816	115.161951	18.835200
	0.041129	-27.632247	115.161951	18.775600
	0.041138	-26.191704	115.161951	18.716000
	0.041148	-26.186862	115.161951	18.656400
	0.041157	-26.463838	115.161951	18.596800
	0.041167	-27.069079	115.161951	18.596800
	0.041176	-26.604865	115.161951	18.596800
	0.041186	-27.155860	115.161951	18.596800
	0.041195	-27.505816	115.161951	18.537200
	0.041205	-26.787598	115.161951	18.477600
	0.041214	-26.308628	115.161951	18.477600
	0.041224	-26.983105	115.161951	18.418000
	0.041233	-27.060146	115.161951	18.418000
	0.041242	-28.555872	115.161951	18.418000
	0.041252	-28.178352	115.161951	18.358300
	0.041261	-25.977895	115.161951	18.298700
	0.041271	-27.190417	115.161951	18.298700
	0.041280	-27.304742	115.161951	18.298700
	0.041290	-27.243844	115.161951	18.179500
	0.041299	-27.336922	115.161951	18.179500
	0.041309	-27.432391	115.161951	18.119900
	0.041318	-27.440067	115.161951	18.179500
	0.041328	-27.055066	115.161951	18.239100
	0.041337	-27.284515	115.161951	18.119900
	0.041347	-27.032476	115.161951	18.060300
	0.041356	-27.149080	115.161951	18.060300
	0.041366	-27.720886	115.161951	18.060300
	0.041375	-27.549666	115.161951	18.060300
	0.041384	-27.028887	115.161951	18.060300
	0.041394	-28.789416	115.161951	18.060300
	0.041403	-27.717195	115.161951	18.060300
	0.041413	-26.952742	115.161951	18.060300
	0.041422	-28.270502	115.161951	17.941100
	0.041432	-28.051746	115.161951	17.941100
	0.041441	-27.362630	115.161951	17.881500
	0.041451	-27.934459	115.161951	17.821900
	0.041460	-28.771598	115.161951	17.821900
	0.041470	-27.502981	115.161951	17.821900
	0.041479	-27.536949	115.161951	17.762300
	0.041489	-28.787672	115.161951	17.702700
	0.041498	-27.886659	115.161951	17.762300
	0.041508	-28.214326	115.161951	17.702700
	0.041517	-28.054513	115.161951	17.643100
	0.041527	-28.916435	115.161951	17.643100
	0.041536	-28.944056	115.161951	17.523900
	0.041545	-27.391480	115.161951	17.523900
	0.041555	-28.483745	115.161951	17.523900
	0.041564	-29.348318	115.161951	17.523900
	0.041574	-28.606330	115.161951	17.464300
	0.041583	-28.429122	115.161951	17.464300
	0.041593	-28.223814	115.161951	17.404700
	0.041602	-27.746342	115.161951	17.404700
	0.041612	-27.237297	115.161951	17.345100
	0.041621	-28.384080	115.161951	17.464300
	0.041631	-28.151949	115.161951	17.464300
	0.041640	-29.138322	115.161951	17.166300
	0.041650	-29.645727	115.161951	16.987400
	0.041659	-29.006188	115.161951	16.987400
	0.041669	-29.693995	115.161951	16.987400
	0.041678	-29.504034	115.161951	17.047000
	0.041687	-29.939741	115.161951	16.987400
	0.041697	-29.883450	115.161951	16.927800
	0.041706	-28.980609	115.161951	16.868200
	0.041716	-29.250825	115.161951	16.868200
	0.041725	-29.375066	115.161951	16.808600
	0.041735	-29.231775	115.161951	16.749000
	0.041744	-29.658500	115.161951	16.749000
	0.041754	-29.515955	115.161951	16.749000
	0.041763	-29.865466	115.161951	16.689400
	0.041773	-30.074154	115.161951	16.629800
	0.041782	-29.003806	115.161951	16.570200
	0.041792	-29.988721	115.161951	16.510600
	0.041801	-30.039211	115.161951	16.510600
	0.041811	-29.387122	115.161951	16.510600
	0.041820	-30.183174	115.161951	16.451000
	0.041829	-30.709034	115.161951	16.391400
	0.041839	-30.172745	115.161951	16.331800
	0.041848	-29.323720	115.161951	16.331800
	0.041858	-29.275467	115.161951	16.331800
	0.041867	-28.754977	115.161951	16.331800
	0.041877	-29.275496	115.161951	16.331800
	0.041886	-30.934336	115.161951	16.331800
	0.041896	-31.130880	115.161951	16.391400
	0.041905	-30.963292	115.161951	16.391400
	0.041915	-31.541761	115.161951	16.391400
	0.041924	-31.047023	115.161951	16.391400
	0.041934	-30.945329	115.161951	16.331800
	0.041943	-31.625225	115.161951	16.331800
	0.041953	-31.432658	115.161951	16.391400
	0.041962	-32.180333	115.161951	16.391400
	0.041972	-31.551368	115.161951	16.391400
	0.041981	-31.952211	115.161951	16.391400
	0.041990	-32.320005	115.161951	16.391400
	0.042000	-31.728463	115.161951	16.331800
	0.042009	-31.856667	115.161951	16.331800
	0.042019	-34.021337	115.161951	16.510600
	0.042028	-34.156180	115.161951	16.749000
	0.042038	-32.935476	115.161951	16.808600
	0.042047	-34.414134	115.161951	16.808600
	0.042057	-35.052469	115.161951	16.808600
	0.042066	-34.697449	115.161951	16.749000
	0.042076	-34.964813	115.161951	16.749000
	0.042085	-34.831013	115.161951	16.808600
	0.042095	-33.481586	115.161951	16.868200
	0.042104	-34.279769	115.161951	16.868200
	0.042114	-33.314197	115.161951	16.808600
	0.042123	-33.498919	115.161951	16.868200
	0.042132	-33.887123	115.161951	16.868200
	0.042142	-33.740661	115.161951	16.808600
	0.042151	-36.798266	115.161951	17.225900
	0.042161	-36.585606	115.161951	17.523900
	0.042170	-35.591875	115.161951	17.583500
	0.042180	-36.787988	115.161951	17.523900
	0.042189	-34.961136	115.161951	17.464300
	0.042199	-36.723071	115.161951	17.464300
	0.042208	-36.976819	115.161951	17.464300
	0.042218	-36.422102	115.161951	17.464300
	0.042227	-37.178001	115.161951	17.464300
	0.042237	-36.048726	115.161951	17.345100
	0.042246	-36.271247	115.161951	17.285500
	0.042256	-36.775247	115.161951	17.225900
	0.042265	-35.354526	115.161951	17.225900
	0.042275	-36.056810	115.161951	17.166300
	0.042284	-35.509048	115.161951	17.166300
	0.042293	-36.232240	115.161951	17.106600
	0.042303	-35.768470	115.161951	17.106600
	0.042312	-35.894440	115.161951	17.106600
	0.042322	-36.323659	115.161951	17.166300
	0.042331	-36.373397	115.161951	17.225900
	0.042341	-36.514777	115.161951	17.285500
	0.042350	-36.154624	115.161951	17.345100
	0.042360	-37.273347	115.161951	17.345100
	0.042369	-36.924081	115.161951	17.345100
	0.042379	-36.808150	115.161951	17.404700
	0.042388	-37.282468	115.161951	17.464300
	0.042398	-36.386443	115.161951	17.464300
	0.042407	-35.598771	115.161951	17.523900
	0.042417	-35.779477	115.161951	17.523900
	0.042426	-38.095198	115.161951	17.523900
	0.042435	-37.583547	115.161951	17.523900
	0.042445	-38.151607	115.161951	17.464300
	0.042454	-38.457120	115.161951	17.464300
	0.042464	-38.356238	115.161951	17.464300
	0.042473	-38.469425	115.161951	17.523900
	0.042483	-38.588601	115.161951	17.464300
	0.042492	-37.945123	115.161951	17.404700
	0.042502	-38.089712	115.161951	17.345100
	0.042511	-38.225579	115.161951	17.345100
	0.042521	-37.954464	115.161951	17.345100
	0.042530	-38.063888	115.161951	17.285500
	0.042540	-37.166185	115.161951	17.225900
	0.042549	-37.456827	115.161951	17.225900
	0.042559	-36.843363	115.161951	17.225900
	0.042568	-37.813332	115.161951	17.225900
	0.042578	-37.729946	115.161951	17.225900
	0.042587	-36.729910	115.161951	17.225900
	0.042596	-36.693311	115.161951	17.285500
	0.042606	-36.440572	115.161951	17.285500
	0.042615	-37.058410	115.161951	17.225900
	0.042625	-39.272282	115.161951	17.225900
	0.042634	-36.891574	115.161951	17.106600
	0.042644	-37.824296	115.161951	17.047000
	0.042653	-37.598247	115.161951	17.047000
	0.042663	-38.872179	115.161951	17.285500
	0.042672	-42.883203	115.161951	18.596800
	0.042682	-43.656128	115.161951	19.252400
	0.042691	-44.182861	115.161951	19.371600
	0.042701	-44.113218	115.161951	19.431200
	0.042710	-44.087695	115.161951	19.431200
	0.042720	-43.711584	115.161951	19.431200
	0.042729	-43.375024	115.161951	19.431200
	0.042738	-42.937718	115.161951	19.371600
	0.042748	-42.956822	115.161951	19.371600
	0.042757	-43.219505	115.161951	19.371600
	0.042767	-43.420721	115.161951	19.550400
	0.042776	-44.049492	115.161951	20.206100
	0.042786	-43.766580	115.161951	20.444500
	0.042795	-44.327420	115.161951	20.384900
	0.042805	-43.841210	115.161951	20.384900
	0.042814	-44.930231	115.161951	20.384900
	0.042824	-44.372169	115.161951	20.384900
	0.042833	-43.915851	115.161951	20.325300
	0.042843	-43.617550	115.161951	20.325300
	0.042852	-44.497143	115.161951	20.325300
	0.042862	-44.274204	115.161951	20.384900
	0.042871	-44.270947	115.161951	20.444500
	0.042881	-45.416242	115.161951	20.563700
	0.042890	-44.932195	115.161951	20.563700
	0.042899	-44.931018	115.161951	20.444500
	0.042909	-44.370640	115.161951	20.444500
	0.042918	-45.158372	115.161951	20.504100
	0.042928	-44.752157	115.161951	20.504100
	0.042937	-43.935666	115.161951	20.444500
	0.042947	-45.723606	115.161951	20.563700
	0.042956	-44.757145	115.161951	20.623300
	0.042966	-44.766247	115.161951	20.563700
	0.042975	-43.845797	115.161951	20.504100
	0.042985	-45.003099	115.161951	20.444500
	0.042994	-45.656893	115.161951	20.444500
	0.043004	-44.517846	115.161951	20.563700
	0.043013	-44.683026	115.161951	20.563700
	0.043023	-43.959493	115.161951	20.563700
	0.043032	-45.388927	115.161951	20.802100
	0.043041	-43.909810	115.161951	20.981000
	0.043051	-43.658178	115.161951	20.981000
	0.043060	-44.234140	115.161951	21.040600
	0.043070	-43.945190	115.161951	20.981000
	0.043079	-43.741754	115.161951	20.921300
	0.043089	-44.122185	115.161951	20.921300
	0.043098	-45.130174	115.161951	20.981000
	0.043108	-44.820116	115.161951	20.981000
	0.043117	-44.849141	115.161951	20.981000
	0.043127	-46.889165	115.161951	21.457800
	0.043136	-56.088164	115.161951	24.855300
	0.043146	-56.307665	115.161951	26.762600
	0.043155	-56.927797	115.161951	27.179800
	0.043165	-57.356805	115.161951	27.239400
	0.043174	-56.979098	115.161951	27.299000
	0.043184	-57.224635	115.161951	27.418300
	0.043193	-57.041043	115.161951	27.418300
	0.043202	-57.690616	115.161951	27.477900
	0.043212	-58.921696	115.161951	27.418300
	0.043221	-57.916586	115.161951	27.418300
	0.043231	-57.616782	115.161951	27.418300
	0.043240	-57.048613	115.161951	27.358600
	0.043250	-57.844270	115.161951	27.358600
	0.043259	-57.694823	115.161951	27.299000
	0.043269	-58.753218	115.161951	27.358600
	0.043278	-57.999091	115.161951	27.358600
	0.043288	-58.520982	115.161951	27.477900
	0.043297	-60.436344	115.161951	27.656700
	0.043307	-60.310949	115.161951	27.716300
	0.043316	-60.083048	115.161951	27.716300
	0.043326	-59.837260	115.161951	27.775900
	0.043335	-59.542840	115.161951	27.775900
	0.043344	-60.454631	115.161951	27.775900
	0.043354	-61.183840	115.161951	27.656700
	0.043363	-59.627655	115.161951	27.597100
	0.043373	-60.021758	115.161951	27.537500
	0.043382	-59.766323	115.161951	27.537500
	0.043392	-59.840612	115.161951	27.597100
	0.043401	-59.837164	115.161951	27.656700
	0.043411	-58.458850	115.161951	27.656700
	0.043420	-65.454666	115.161951	28.431500
	0.043430	-64.516406	115.161951	29.027600
	0.043439	-65.731831	115.161951	29.206400
	0.043449	-65.185716	115.161951	29.206400
	0.043458	-64.288148	115.161951	29.206400
	0.043468	-64.261464	115.161951	29.266000
	0.043477	-65.680694	115.161951	29.206400
	0.043487	-65.500611	115.161951	29.146800
	0.043496	-66.321370	115.161951	29.206400
	0.043505	-65.559344	115.161951	29.325600
	0.043515	-65.793199	115.161951	29.325600
	0.043524	-65.612682	115.161951	29.325600
	0.043534	-65.973828	115.161951	29.325600
	0.043543	-65.155229	115.161951	29.266000
	0.043553	-64.858117	115.161951	29.206400
	0.043562	-65.486907	115.161951	29.206400
	0.043572	-66.108540	115.161951	29.325600
	0.043581	-66.486203	115.161951	29.802400
	0.043591	-69.775331	115.161951	31.352300
	0.043600	-69.631665	115.161951	32.365600
	0.043610	-70.588295	115.161951	32.663600
	0.043619	-69.581027	115.161951	32.723200
	0.043629	-70.698404	115.161951	32.723200
	0.043638	-69.998321	115.161951	32.663600
	0.043647	-69.939745	115.161951	32.604000
	0.043657	-69.793875	115.161951	32.544400
	0.043666	-70.473580	115.161951	32.544400
	0.043676	-70.015134	115.161951	32.663600
	0.043685	-69.308692	115.161951	32.663600
	0.043695	-69.980512	115.161951	32.604000
	0.043704	-69.991793	115.161951	32.544400
	0.043714	-69.526985	115.161951	32.663600
	0.043723	-70.244621	115.161951	32.663600
	0.043733	-70.315216	115.161951	32.604000
	0.043742	-71.698098	115.161951	32.544400
	0.043752	-73.006902	115.161951	32.484800
	0.043761	-73.260602	115.161951	32.365600
	0.043771	-72.141051	115.161951	32.365600
	0.043780	-72.462189	115.161951	32.306000
	0.043790	-73.145684	115.161951	32.306000
	0.043799	-73.060960	115.161951	32.425200
	0.043808	-73.200690	115.161951	32.425200
	0.043818	-73.007224	115.161951	32.365600
	0.043827	-72.900178	115.161951	32.365600
	0.043837	-72.686949	115.161951	32.306000
	0.043846	-74.853558	115.161951	32.544400
	0.043856	-79.742367	115.161951	33.498000
	0.043865	-79.931273	115.161951	34.392100
	0.043875	-80.662518	115.161951	35.465000
	0.043884	-82.125211	115.161951	35.882200
	0.043894	-81.894292	115.161951	35.822600
	0.043903	-81.724125	115.161951	35.882200
	0.043913	-83.525661	115.161951	36.061000
	0.043922	-82.736672	115.161951	36.180300
	0.043932	-83.376879	115.161951	36.239900
	0.043941	-85.221344	115.161951	36.418700
	0.043950	-84.139961	115.161951	36.597500
	0.043960	-84.764858	115.161951	36.597500
	0.043969	-86.018010	115.161951	36.597500
	0.043979	-85.416215	115.161951	36.537900
	0.043988	-84.877880	115.161951	36.418700
	0.043998	-87.199242	115.161951	36.716700
	0.044007	-88.987430	115.161951	37.312700
	0.044017	-88.462963	115.161951	37.551200
	0.044026	-88.867426	115.161951	37.610800
	0.044036	-87.951629	115.161951	37.610800
	0.044045	-89.406545	115.161951	37.610800
	0.044055	-88.082520	115.161951	37.551200
	0.044064	-88.032305	115.161951	37.551200
	0.044074	-88.631426	115.161951	37.551200
	0.044083	-86.679501	115.161951	37.551200
	0.044093	-87.493756	115.161951	37.551200
	0.044102	-87.556504	115.161951	37.551200
	0.044111	-88.387665	115.161951	37.551200
	0.044121	-86.950362	115.161951	37.610800
	0.044130	-86.110790	115.161951	37.610800
	0.044140	-87.238221	115.161951	37.551200
	0.044149	-86.612195	115.161951	37.491600
	0.044159	-87.844670	115.161951	37.491600
	0.044168	-86.631331	115.161951	37.491600
	0.044178	-87.412171	115.161951	37.491600
	0.044187	-87.412847	115.161951	37.491600
	0.044197	-87.476835	115.161951	37.491600
	0.044206	-88.728308	115.161951	37.431900
	0.044216	-87.983975	115.161951	37.431900
	0.044225	-87.386337	115.161951	37.491600
	0.044235	-88.484814	115.161951	37.491600
	0.044244	-89.123005	115.161951	37.431900
	0.044253	-89.051210	115.161951	37.491600
	0.044263	-88.937112	115.161951	37.491600
	0.044272	-89.180788	115.161951	37.491600
	0.044282	-88.962622	115.161951	37.491600
	0.044291	-89.358230	115.161951	37.491600
	0.044301	-89.259561	115.161951	37.431900
	0.044310	-89.077770	115.161951	37.431900
	0.044320	-89.651414	115.161951	37.491600
	0.044329	-88.982828	115.161951	37.491600
	0.044339	-90.561985	115.161951	37.491600
	0.044348	-89.412785	115.161951	37.491600
	0.044358	-89.093787	115.161951	37.551200
	0.044367	-89.238449	115.161951	37.491600
	0.044377	-88.685785	115.161951	37.491600
	0.044386	-89.502113	115.161951	37.610800
	0.044396	-90.110159	115.161951	37.730000
	0.044405	-90.067269	115.161951	37.908800
	0.044414	-89.634177	115.161951	37.968400
	0.044424	-90.338985	115.161951	37.908800
	0.044433	-91.032179	115.161951	37.908800
	0.044443	-90.194264	115.161951	37.908800
	0.044452	-90.794904	115.161951	37.908800
	0.044462	-89.619283	115.161951	37.908800
	0.044471	-90.866659	115.161951	37.968400
	0.044481	-90.425762	115.161951	37.908800
	0.044490	-90.667500	115.161951	37.908800
	0.044500	-90.228095	115.161951	37.908800
	0.044509	-91.224953	115.161951	37.908800
	0.044519	-90.507018	115.161951	37.908800
	0.044528	-90.161140	115.161951	37.908800
	0.044538	-91.672387	115.161951	37.908800
	0.044547	-90.540495	115.161951	37.908800
	0.044556	-91.047703	115.161951	37.849200
	0.044566	-90.241633	115.161951	37.849200
	0.044575	-90.918468	115.161951	37.849200
	0.044585	-89.924204	115.161951	37.968400
	0.044594	-90.912775	115.161951	38.087600
	0.044604	-90.856585	115.161951	38.206800
	0.044613	-90.827187	115.161951	38.326000
	0.044623	-92.555441	115.161951	38.504800
	0.044632	-92.624448	115.161951	38.922100
	0.044642	-93.561807	115.161951	39.100900
	0.044651	-94.156956	115.161951	39.160500
	0.044661	-93.606657	115.161951	39.100900
	0.044670	-95.226189	115.161951	39.160500
	0.044680	-94.152349	115.161951	39.160500
	0.044689	-92.260820	115.161951	39.160500
	0.044699	-94.911387	115.161951	39.637300
	0.044708	-96.306574	115.161951	40.293000
	0.044717	-96.651907	115.161951	40.531400
	0.044727	-95.625734	115.161951	40.591000
	0.044736	-96.756201	115.161951	40.471800
	0.044746	-96.301382	115.161951	40.471800
	0.044755	-96.639690	115.161951	40.710200
	0.044765	-96.485615	115.161951	40.829400
	0.044774	-95.771607	115.161951	40.769800
	0.044784	-96.585980	115.161951	40.650600
	0.044793	-96.418283	115.161951	40.650600
	0.044803	-95.415996	115.161951	40.710200
	0.044812	-95.869560	115.161951	40.710200
	0.044822	-96.774035	115.161951	40.650600
	0.044831	-96.221817	115.161951	40.710200
	0.044841	-95.711921	115.161951	40.710200
	0.044850	-96.586595	115.161951	40.650600
	0.044859	-96.910858	115.161951	40.650600
	0.044869	-95.722581	115.161951	40.650600
	0.044878	-95.979111	115.161951	40.710200
	0.044888	-97.012300	115.161951	41.246600
	0.044897	-96.265677	115.161951	41.663900
	0.044907	-98.109005	115.161951	41.783100
	0.044916	-96.667195	115.161951	41.842700
	0.044926	-101.808151	115.161951	42.259900
	0.044935	-103.131603	115.161951	43.094400
	0.044945	-103.026545	115.161951	43.392400
	0.044954	-101.838223	115.161951	43.511600
	0.044964	-103.414941	115.161951	43.571200
	0.044973	-103.052555	115.161951	43.571200
	0.044983	-100.905860	115.161951	43.571200
	0.044992	-101.758642	115.161951	43.630800
	0.045002	-102.620659	115.161951	43.630800
	0.045011	-102.752707	115.161951	43.630800
	0.045020	-102.256951	115.161951	43.571200
	0.045030	-103.210901	115.161951	43.630800
	0.045039	-103.059533	115.161951	43.690400
	0.045049	-103.013675	115.161951	43.630800
	0.045058	-101.777125	115.161951	43.690400
	0.045068	-103.726151	115.161951	43.690400
	0.045077	-103.194498	115.161951	43.630800
	0.045087	-102.625097	115.161951	43.750000
	0.045096	-104.389671	115.161951	44.763300
	0.045106	-104.644677	115.161951	45.240200
	0.045115	-103.866661	115.161951	45.419000
	0.045125	-105.552814	115.161951	45.419000
	0.045134	-103.515553	115.161951	45.359400
	0.045144	-105.700354	115.161951	45.359400
	0.045153	-104.263170	115.161951	45.359400
	0.045162	-105.491253	115.161951	45.299800
	0.045172	-104.478925	115.161951	45.359400
	0.045181	-103.902136	115.161951	45.359400
	0.045191	-104.178784	115.161951	45.359400
	0.045200	-104.778667	115.161951	45.359400
	0.045210	-103.794274	115.161951	45.419000
	0.045219	-103.934403	115.161951	45.359400
	0.045229	-103.594269	115.161951	45.359400
	0.045238	-112.154738	115.161951	45.955400
	0.045248	-119.406709	115.161951	48.876000
	0.045257	-119.506196	115.161951	50.366200
	0.045267	-119.651690	115.161951	50.783400
	0.045276	-119.862839	115.161951	50.843000
	0.045286	-120.093312	115.161951	50.843000
	0.045295	-120.258649	115.161951	50.843000
	0.045305	-119.672216	115.161951	50.783400
	0.045314	-120.358008	115.161951	50.783400
	0.045323	-120.633928	115.161951	50.783400
	0.045333	-120.765062	115.161951	50.783400
	0.045342	-121.836602	115.161951	50.783400
	0.045352	-121.570458	115.161951	50.843000
	0.045361	-121.628526	115.161951	50.962200
	0.045371	-122.151278	115.161951	51.081400
	0.045380	-121.398328	115.161951	51.439000
	0.045390	-122.350074	115.161951	51.498600
	0.045399	-122.676273	115.161951	51.439000
	0.045409	-121.869155	115.161951	51.439000
	0.045418	-121.453565	115.161951	51.558300
	0.045428	-122.312963	115.161951	51.677500
	0.045437	-122.774836	115.161951	51.617900
	0.045447	-122.063734	115.161951	51.677500
	0.045456	-124.385961	115.161951	51.796700
	0.045465	-123.521916	115.161951	51.856300
	0.045475	-123.791331	115.161951	51.856300
	0.045484	-122.789346	115.161951	51.796700
	0.045494	-123.558810	115.161951	51.796700
	0.045503	-124.318144	115.161951	51.915900
	0.045513	-125.700145	115.161951	52.094700
	0.045522	-125.605177	115.161951	52.094700
	0.045532	-125.289666	115.161951	52.094700
	0.045541	-125.696707	115.161951	52.154300
	0.045551	-125.108563	115.161951	52.154300
	0.045560	-125.474467	115.161951	52.094700
	0.045570	-124.701696	115.161951	52.094700
	0.045579	-124.163492	115.161951	52.094700
	0.045589	-124.193758	115.161951	52.094700
	0.045598	-126.244311	115.161951	52.452300
	0.045608	-125.792322	115.161951	52.750300
	0.045617	-127.120434	115.161951	52.809900
	0.045626	-126.523703	115.161951	52.750300
	0.045636	-126.127538	115.161951	52.750300
	0.045645	-125.927224	115.161951	52.750300
	0.045655	-126.076309	115.161951	52.809900
	0.045664	-126.479194	115.161951	52.809900
	0.045674	-126.909599	115.161951	52.809900
	0.045683	-126.639719	115.161951	52.869600
	0.045693	-126.380552	115.161951	52.929200
	0.045702	-125.713512	115.161951	52.929200
	0.045712	-126.437793	115.161951	52.869600
	0.045721	-126.257491	115.161951	52.929200
	0.045731	-126.189728	115.161951	52.869600
	0.045740	-131.355593	115.161951	53.227200
	0.045750	-136.832512	115.161951	54.657700
	0.045759	-136.570189	115.161951	55.253700
	0.045768	-136.293777	115.161951	55.313300
	0.045778	-135.841093	115.161951	55.313300
	0.045787	-135.554429	115.161951	55.313300
	0.045797	-135.827552	115.161951	55.313300
	0.045806	-135.871720	115.161951	55.372900
	0.045816	-140.965759	115.161951	56.207400
	0.045825	-141.944024	115.161951	56.684300
	0.045835	-141.945228	115.161951	56.803500
	0.045844	-141.773694	115.161951	56.982300
	0.045854	-142.194241	115.161951	57.101500
	0.045863	-142.134963	115.161951	57.161100
	0.045873	-142.003765	115.161951	57.101500
	0.045882	-142.309672	115.161951	57.101500
	0.045892	-142.708117	115.161951	57.101500
	0.045901	-141.815498	115.161951	57.161100
	0.045910	-141.558228	115.161951	57.161100
	0.045920	-140.910483	115.161951	57.101500
	0.045929	-140.983825	115.161951	57.101500
	0.045939	-141.821455	115.161951	57.161100
	0.045948	-142.132391	115.161951	57.161100
	0.045958	-141.069481	115.161951	57.161100
	0.045967	-141.110312	115.161951	57.101500
	0.045977	-143.341365	115.161951	57.101500
	0.045986	-142.098575	115.161951	57.041900
	0.045996	-142.528874	115.161951	57.041900
	0.046005	-141.394419	115.161951	57.041900
	0.046015	-140.754668	115.161951	57.041900
	0.046024	-140.904257	115.161951	57.041900
	0.046034	-141.401276	115.161951	56.982300
	0.046043	-142.232718	115.161951	56.982300
	0.046053	-141.519684	115.161951	56.982300
	0.046062	-141.674559	115.161951	56.982300
	0.046071	-141.498844	115.161951	56.982300
	0.046081	-141.681591	115.161951	56.982300
	0.046090	-141.949053	115.161951	56.922700
	0.046100	-142.368986	115.161951	56.922700
	0.046109	-142.177980	115.161951	56.982300
	0.046119	-141.534913	115.161951	56.922700
	0.046128	-141.734025	115.161951	56.922700
	0.046138	-140.817940	115.161951	56.922700
	0.046147	-142.046733	115.161951	56.982300
	0.046157	-143.146454	115.161951	57.041900
	0.046166	-143.884468	115.161951	57.101500
	0.046176	-142.137572	115.161951	57.220700
	0.046185	-142.892374	115.161951	57.220700
	0.046195	-141.763733	115.161951	57.161100
	0.046204	-142.196459	115.161951	57.161100
	0.046213	-142.793531	115.161951	57.161100
	0.046223	-142.194681	115.161951	57.220700
	0.046232	-142.593328	115.161951	57.161100
	0.046242	-141.299211	115.161951	57.220700
	0.046251	-141.400999	115.161951	57.161100
	0.046261	-142.167034	115.161951	57.041900
	0.046270	-141.363439	115.161951	57.041900
	0.046280	-141.464599	115.161951	57.041900
	0.046289	-141.790849	115.161951	57.041900
	0.046299	-141.496460	115.161951	57.041900
	0.046308	-142.721673	115.161951	57.041900
	0.046318	-141.408337	115.161951	57.041900
	0.046327	-142.547943	115.161951	57.041900
	0.046337	-143.115926	115.161951	57.101500
	0.046346	-142.370088	115.161951	57.161100
	0.046356	-141.772092	115.161951	57.161100
	0.046365	-142.770452	115.161951	57.161100
	0.046374	-141.600766	115.161951	57.220700
	0.046384	-141.347604	115.161951	57.220700
	0.046393	-143.260528	115.161951	57.220700
	0.046403	-142.932233	115.161951	57.280300
	0.046412	-142.908550	115.161951	57.220700
	0.046422	-142.739383	115.161951	57.220700
	0.046431	-142.692390	115.161951	57.280300
	0.046441	-141.859594	115.161951	57.339900
	0.046450	-144.506458	115.161951	57.757100
	0.046460	-145.939849	115.161951	58.412800
	0.046469	-146.266465	115.161951	58.591600
	0.046479	-145.930789	115.161951	58.651200
	0.046488	-146.069815	115.161951	58.651200
	0.046498	-145.953509	115.161951	58.651200
	0.046507	-145.647992	115.161951	58.591600
	0.046516	-144.975568	115.161951	58.591600
	0.046526	-145.382545	115.161951	58.591600
	0.046535	-144.732871	115.161951	58.591600
	0.046545	-144.499976	115.161951	58.591600
	0.046554	-146.660476	115.161951	58.770400
	0.046564	-147.222679	115.161951	59.008800
	0.046573	-146.838211	115.161951	59.128000
	0.046583	-146.689447	115.161951	59.128000
	0.046592	-147.557357	115.161951	59.187600
	0.046602	-147.377868	115.161951	59.247200
	0.046611	-147.020282	115.161951	59.187600
	0.046621	-147.412104	115.161951	59.247200
	0.046630	-148.124964	115.161951	59.187600
	0.046640	-146.677675	115.161951	59.187600
	0.046649	-146.747938	115.161951	59.187600
	0.046659	-147.244968	115.161951	59.306900
	0.046668	-149.023483	115.161951	59.724100
	0.046677	-149.405881	115.161951	60.081700
	0.046687	-148.960607	115.161951	60.141300
	0.046696	-149.054620	115.161951	60.141300
	0.046706	-149.258861	115.161951	60.141300
	0.046715	-149.789360	115.161951	60.141300
	0.046725	-149.624557	115.161951	60.081700
	0.046734	-150.789587	115.161951	60.081700
	0.046744	-149.118678	115.161951	60.081700
	0.046753	-149.174576	115.161951	60.081700
	0.046763	-149.705086	115.161951	60.081700
	0.046772	-149.840581	115.161951	60.260500
	0.046782	-152.318375	115.161951	60.797000
	0.046791	-152.396569	115.161951	61.035600
	0.046801	-152.793088	115.161951	61.035600
	0.046810	-152.228168	115.161951	60.975800
	0.046819	-152.434460	115.161951	60.975800
	0.046829	-151.990590	115.161951	60.916200
	0.046838	-152.537505	115.161951	60.916200
	0.046848	-152.008860	115.161951	60.975800
	0.046857	-152.397008	115.161951	60.916200
	0.046867	-152.365636	115.161951	60.916200
	0.046876	-153.332045	115.161951	60.975800
	0.046886	-153.403708	115.161951	60.975800
	0.046895	-153.676856	115.161951	61.095200
	0.046905	-153.562074	115.161951	61.095200
	0.046914	-153.398268	115.161951	60.975800
	0.046924	-152.945877	115.161951	61.035600
	0.046933	-153.767828	115.161951	61.035600
	0.046943	-154.010961	115.161951	60.975800
	0.046952	-153.914342	115.161951	61.035600
	0.046962	-153.204373	115.161951	60.975800
	0.046971	-153.886200	115.161951	61.095200
	0.046980	-154.584703	115.161951	61.035600
	0.046990	-154.091788	115.161951	61.452900
	0.046999	-155.056999	115.161951	62.227700
	0.047009	-154.837229	115.161951	62.406500
	0.047018	-154.730556	115.161951	62.287300
	0.047028	-154.799408	115.161951	62.227700
	0.047037	-155.090467	115.161951	62.168100
	0.047047	-155.239653	115.161951	62.108500
	0.047056	-154.412166	115.161951	62.108500
	0.047066	-154.390927	115.161951	62.108500
	0.047075	-153.727753	115.161951	62.108500
	0.047085	-153.729991	115.161951	62.108500
	0.047094	-155.378074	115.161951	62.108500
	0.047104	-154.603283	115.161951	61.870100
	0.047113	-157.673782	115.161951	62.525700
	0.047122	-158.441168	115.161951	63.181400
	0.047132	-158.976237	115.161951	63.479400
	0.047141	-158.927602	115.161951	63.598600
	0.047151	-159.585473	115.161951	63.598600
	0.047160	-159.413697	115.161951	63.598600
	0.047170	-159.432413	115.161951	63.658200
	0.047179	-159.197126	115.161951	63.658200
	0.047189	-159.572566	115.161951	63.658200
	0.047198	-158.906517	115.161951	63.539000
	0.047208	-159.466360	115.161951	63.539000
	0.047217	-159.455674	115.161951	63.479400
	0.047227	-158.975155	115.161951	63.479400
	0.047236	-158.699210	115.161951	63.479400
	0.047246	-160.583372	115.161951	63.539000
	0.047255	-160.803209	115.161951	64.254300
	0.047265	-163.049764	115.161951	65.267600
	0.047274	-164.440785	115.161951	65.625200
	0.047283	-164.004124	115.161951	65.684800
	0.047293	-163.614406	115.161951	65.684800
	0.047302	-163.305961	115.161951	65.684800
	0.047312	-163.154209	115.161951	65.744400
	0.047321	-163.205020	115.161951	65.744400
	0.047331	-163.822090	115.161951	65.744400
	0.047340	-163.532100	115.161951	65.863600
	0.047350	-162.728708	115.161951	65.923200
	0.047359	-163.466780	115.161951	65.863600
	0.047369	-162.915445	115.161951	65.863600
	0.047378	-164.060229	115.161951	65.923200
	0.047388	-163.006686	115.161951	65.923200
	0.047397	-164.139212	115.161951	65.923200
	0.047407	-163.582418	115.161951	65.923200
	0.047416	-164.477628	115.161951	66.042400
	0.047425	-164.952678	115.161951	66.042400
	0.047435	-165.123694	115.161951	66.042400
	0.047444	-164.875480	115.161951	66.102000
	0.047454	-164.642108	115.161951	66.161600
	0.047463	-165.069348	115.161951	66.161600
	0.047473	-165.365574	115.161951	66.161600
	0.047482	-164.465909	115.161951	66.102000
	0.047492	-164.649431	115.161951	66.161600
	0.047501	-165.324009	115.161951	66.161600
	0.047511	-165.468097	115.161951	66.221200
	0.047520	-165.603943	115.161951	66.161600
	0.047530	-164.459783	115.161951	66.102000
	0.047539	-163.932636	115.161951	66.042400
	0.047549	-164.236725	115.161951	66.221200
	0.047558	-165.975890	115.161951	66.578900
	0.047568	-165.941799	115.161951	66.757700
	0.047577	-165.417942	115.161951	66.757700
	0.047586	-166.248667	115.161951	66.817300
	0.047596	-165.987619	115.161951	66.817300
	0.047605	-167.691564	115.161951	67.174900
	0.047615	-168.613937	115.161951	67.532500
	0.047624	-167.967689	115.161951	67.651700
	0.047634	-169.001691	115.161951	67.830600
	0.047643	-170.471303	115.161951	67.949800
	0.047653	-169.663103	115.161951	67.890200
	0.047662	-169.324213	115.161951	67.949800
	0.047672	-170.227443	115.161951	67.949800
	0.047681	-170.064321	115.161951	67.949800
	0.047691	-169.546484	115.161951	67.949800
	0.047700	-171.216011	115.161951	67.949800
	0.047710	-170.026705	115.161951	67.949800
	0.047719	-169.947573	115.161951	68.009400
	0.047728	-170.634751	115.161951	68.128600
	0.047738	-170.087170	115.161951	68.188200
	0.047747	-169.185504	115.161951	68.128600
	0.047757	-168.605078	115.161951	68.128600
	0.047766	-169.264329	115.161951	68.188200
	0.047776	-171.277563	115.161951	68.128600
	0.047785	-169.576392	115.161951	68.128600
	0.047795	-169.016958	115.161951	68.128600
	0.047804	-168.774115	115.161951	68.128600
	0.047814	-170.046266	115.161951	68.069000
	0.047823	-169.763030	115.161951	68.069000
	0.047833	-168.591132	115.161951	68.128600
	0.047842	-168.926070	115.161951	68.069000
	0.047852	-169.497722	115.161951	68.009400
	0.047861	-172.291273	115.161951	68.128600
	0.047871	-173.894067	115.161951	68.665000
	0.047880	-173.662428	115.161951	68.843800
	0.047889	-174.694279	115.161951	68.963000
	0.047899	-174.150369	115.161951	68.963000
	0.047908	-173.123588	115.161951	68.963000
	0.047918	-174.447615	115.161951	69.022600
	0.047927	-173.837835	115.161951	69.022600
	0.047937	-173.959436	115.161951	68.903400
	0.047946	-174.379451	115.161951	68.843800
	0.047956	-174.284386	115.161951	68.903400
	0.047965	-173.946083	115.161951	69.022600
	0.047975	-173.954789	115.161951	69.022600
	0.047984	-173.615368	115.161951	69.022600
	0.047994	-174.664564	115.161951	69.022600
	0.048003	-174.876229	115.161951	69.022600
	0.048013	-174.462053	115.161951	68.963000
	0.048022	-174.154145	115.161951	69.022600
	0.048031	-174.912528	115.161951	69.141900
	0.048041	-174.724201	115.161951	69.320700
	0.048050	-174.477657	115.161951	69.439900
	0.048060	-175.213040	115.161951	69.559100
	0.048069	-172.771296	115.161951	69.618700
	0.048079	-176.124618	115.161951	69.678300
	0.048088	-175.329317	115.161951	69.678300
	0.048098	-174.693001	115.161951	69.737900
	0.048107	-174.891858	115.161951	69.737900
	0.048117	-175.060812	115.161951	69.797500
	0.048126	-175.575295	115.161951	69.857100
	0.048136	-174.338135	115.161951	69.916700
	0.048145	-174.340029	115.161951	69.916700
	0.048155	-174.806621	115.161951	69.916700
	0.048164	-175.353822	115.161951	69.976300
	0.048174	-174.388199	115.161951	69.976300
	0.048183	-174.360479	115.161951	70.095500
	0.048192	-175.191217	115.161951	70.155100
	0.048202	-176.525249	115.161951	70.214700
	0.048211	-175.883836	115.161951	70.274300
	0.048221	-175.727470	115.161951	70.274300
	0.048230	-175.351602	115.161951	70.214700
	0.048240	-175.282034	115.161951	70.274300
	0.048249	-174.463464	115.161951	70.214700
	0.048259	-175.483407	115.161951	70.214700
	0.048268	-175.344470	115.161951	70.274300
	0.048278	-175.010938	115.161951	70.333900
	0.048287	-175.676808	115.161951	70.393600
	0.048297	-175.519553	115.161951	70.453200
	0.048306	-174.370996	115.161951	70.453200
	0.048316	-174.268713	115.161951	70.393600
	0.048325	-175.383426	115.161951	70.393600
	0.048334	-174.508767	115.161951	70.453200
	0.048344	-174.949917	115.161951	70.453200
	0.048353	-175.585080	115.161951	70.453200
	0.048363	-175.293893	115.161951	70.393600
	0.048372	-175.040339	115.161951	70.453200
	0.048382	-175.488201	115.161951	70.453200
	0.048391	-174.785236	115.161951	70.393600
	0.048401	-174.750416	115.161951	70.453200
	0.048410	-175.470417	115.161951	70.512800
	0.048420	-174.578939	115.161951	70.453200
	0.048429	-174.140697	115.161951	70.453200
	0.048439	-175.023955	115.161951	70.393600
	0.048448	-174.469328	115.161951	70.333900
	0.048458	-176.451407	115.161951	70.393600
	0.048467	-174.874434	115.161951	70.393600
	0.048477	-175.763931	115.161951	70.393600
	0.048486	-177.390683	115.161951	70.572400
	0.048495	-178.804338	115.161951	70.989600
	0.048505	-178.274922	115.161951	71.108800
	0.048514	-178.293538	115.161951	71.108800
	0.048524	-178.735141	115.161951	71.108800
	0.048533	-177.608227	115.161951	71.168400
	0.048543	-178.641409	115.161951	71.168400
	0.048552	-178.152141	115.161951	71.108800
	0.048562	-179.306186	115.161951	71.049200
	0.048571	-178.771477	115.161951	71.049200
	0.048581	-178.135075	115.161951	71.049200
	0.048590	-177.782482	115.161951	71.108800
	0.048600	-177.470352	115.161951	71.108800
	0.048609	-176.763103	115.161951	71.108800
	0.048619	-177.304585	115.161951	71.168400
	0.048628	-176.804062	115.161951	71.108800
	0.048637	-177.442780	115.161951	71.108800
	0.048647	-179.141928	115.161951	71.526000
	0.048656	-179.214037	115.161951	71.585600
	0.048666	-178.928499	115.161951	71.585600
	0.048675	-179.189513	115.161951	71.585600
	0.048685	-179.293793	115.161951	71.645200
	0.048694	-179.581919	115.161951	71.645200
	0.048704	-178.488048	115.161951	71.645200
	0.048713	-179.533861	115.161951	71.645200
	0.048723	-179.033631	115.161951	71.645200
	0.048732	-179.218776	115.161951	71.645200
	0.048742	-179.021775	115.161951	71.645200
	0.048751	-179.822555	115.161951	71.585600
	0.048761	-179.629992	115.161951	71.526000
	0.048770	-179.426119	115.161951	71.585600
	0.048780	-178.943981	115.161951	71.704900
	0.048789	-179.139535	115.161951	71.704900
	0.048798	-179.964734	115.161951	71.704900
	0.048808	-179.261566	115.161951	71.704900
	0.048817	-177.220198	115.161951	71.645200
	0.048827	-179.429631	115.161951	71.585600
	0.048836	-179.315373	115.161951	71.585600
	0.048846	-179.244602	115.161951	71.585600
	0.048855	-180.185747	115.161951	71.585600
	0.048865	-179.519337	115.161951	71.526000
	0.048874	-179.595506	115.161951	71.526000
	0.048884	-178.898904	115.161951	71.526000
	0.048893	-179.040787	115.161951	71.585600
	0.048903	-179.965023	115.161951	71.645200
	0.048912	-179.583869	115.161951	71.645200
	0.048922	-179.618118	115.161951	71.585600
	0.048931	-180.629594	115.161951	71.585600
	0.048940	-179.650881	115.161951	71.526000
	0.048950	-181.499354	115.161951	71.526000
	0.048959	-180.442637	115.161951	71.585600
	0.048969	-178.595321	115.161951	71.645200
	0.048978	-179.163182	115.161951	71.645200
	0.048988	-180.768180	115.161951	71.704900
	0.048997	-179.066678	115.161951	71.704900
	0.049007	-179.504154	115.161951	71.704900
	0.049016	-178.810762	115.161951	71.645200
	0.049026	-179.451355	115.161951	71.585600
	0.049035	-179.225759	115.161951	71.585600
	0.049045	-179.542480	115.161951	71.585600
	0.049054	-178.756894	115.161951	71.645200
	0.049064	-180.753126	115.161951	71.645200
	0.049073	-179.362880	115.161951	71.585600
	0.049083	-179.957901	115.161951	71.585600
	0.049092	-180.388378	115.161951	71.585600
	0.049101	-181.545694	115.161951	71.585600
	0.049111	-180.471436	115.161951	71.585600
	0.049120	-179.769856	115.161951	71.585600
	0.049130	-180.182384	115.161951	71.645200
	0.049139	-179.786067	115.161951	71.585600
	0.049149	-180.264585	115.161951	71.645200
	0.049158	-180.717837	115.161951	71.645200
	0.049168	-180.408699	115.161951	71.704900
	0.049177	-180.611208	115.161951	71.943300
	0.049187	-179.505015	115.161951	72.002900
	0.049196	-180.802293	115.161951	72.002900
	0.049206	-181.167132	115.161951	72.002900
	0.049215	-179.695264	115.161951	72.002900
	0.049225	-179.959041	115.161951	72.002900
	0.049234	-179.747796	115.161951	72.062500
	0.049243	-180.094214	115.161951	72.002900
	0.049253	-179.608148	115.161951	72.002900
	0.049262	-179.964538	115.161951	72.002900
	0.049272	-179.352865	115.161951	72.002900
	0.049281	-180.725454	115.161951	72.002900
	0.049291	-180.300613	115.161951	72.062500
	0.049300	-179.523282	115.161951	72.062500
	0.049310	-179.649281	115.161951	72.122100
	0.049319	-179.498993	115.161951	72.062500
	0.049329	-180.811406	115.161951	72.122100
	0.049338	-181.226143	115.161951	72.122100
	0.049348	-180.250997	115.161951	72.122100
	0.049357	-180.871579	115.161951	72.122100
	0.049367	-181.907129	115.161951	72.062500
	0.049376	-181.266769	115.161951	72.122100
	0.049386	-180.725014	115.161951	72.122100
	0.049395	-180.833193	115.161951	72.122100
	0.049404	-181.031682	115.161951	72.062500
	0.049414	-180.553864	115.161951	72.122100
	0.049423	-180.081317	115.161951	72.122100
	0.049433	-179.843872	115.161951	72.241300
	0.049442	-180.893538	115.161951	72.241300
	0.049452	-179.465425	115.161951	72.241300
	0.049461	-180.646881	115.161951	72.241300
	0.049471	-180.443549	115.161951	72.241300
	0.049480	-180.041684	115.161951	72.300900
	0.049490	-181.493440	115.161951	72.300900
	0.049499	-179.397924	115.161951	72.181700
	0.049509	-180.354715	115.161951	72.181700
	0.049518	-180.801519	115.161951	72.122100
	0.049528	-179.974222	115.161951	72.122100
	0.049537	-179.412317	115.161951	72.181700
	0.049546	-178.895918	115.161951	72.181700
	0.049556	-179.469812	115.161951	72.241300
	0.049565	-179.564104	115.161951	72.241300
	0.049575	-179.388707	115.161951	72.181700
	0.049584	-180.400365	115.161951	72.181700
	0.049594	-179.975348	115.161951	72.241300
	0.049603	-180.443933	115.161951	72.241300
	0.049613	-180.384454	115.161951	72.241300
	0.049622	-180.917415	115.161951	72.241300
	0.049632	-181.296242	115.161951	72.241300
	0.049641	-180.505883	115.161951	72.241300
	0.049651	-180.415057	115.161951	72.241300
	0.049660	-181.192153	115.161951	72.241300
	0.049670	-180.318626	115.161951	72.181700
	0.049679	-181.201660	115.161951	72.181700
	0.049689	-180.302820	115.161951	72.241300
	0.049698	-181.516043	115.161951	72.241300
	0.049707	-181.701233	115.161951	72.241300
	0.049717	-181.204975	115.161951	72.181700
	0.049726	-181.545617	115.161951	72.181700
	0.049736	-180.916036	115.161951	72.181700
	0.049745	-181.009460	115.161951	72.241300
	0.049755	-179.845287	115.161951	72.181700
	0.049764	-180.058309	115.161951	72.122100
	0.049774	-180.497479	115.161951	72.181700
	0.049783	-180.284040	115.161951	72.181700
	0.049793	-180.177448	115.161951	72.122100
	0.049802	-179.977908	115.161951	72.062500
	0.049812	-178.698402	115.161951	72.062500
	0.049821	-178.721663	115.161951	72.062500
	0.049831	-179.122598	115.161951	72.062500
	0.049840	-180.609068	115.161951	72.002900
	0.049849	-180.035274	115.161951	72.002900
	0.049859	-179.690886	115.161951	72.002900
	0.049868	-180.945566	115.161951	72.002900
	0.049878	-180.286069	115.161951	72.002900
	0.049887	-180.281887	115.161951	71.943300
	0.049897	-180.735056	115.161951	71.943300
	0.049906	-181.458864	115.161951	71.943300
	0.049916	-181.030608	115.161951	71.943300
	0.049925	-180.344233	115.161951	71.883700
	0.049935	-180.211878	115.161951	71.883700
	0.049944	-180.726192	115.161951	71.883700
	0.049954	-180.380297	115.161951	71.883700
	0.049963	-182.027159	115.161951	71.824100
	0.049973	-181.369610	115.161951	71.883700
	0.049982	-179.984753	115.161951	71.943300
	0.049991	-179.427500	115.161951	71.943300
	0.050001	-180.860266	115.161951	71.943300
	0.050010	-179.756607	115.161951	71.943300
	0.050020	-180.732813	115.161951	71.943300
	0.050029	-181.707429	115.161951	71.943300
	0.050039	-181.231087	115.161951	71.883700
	0.050048	-181.956542	115.161951	71.883700
	0.050058	-181.033919	115.161951	71.883700
	0.050067	-180.210500	115.161951	71.824100
	0.050077	-181.171668	115.161951	71.883700
	0.050086	-180.316658	115.161951	71.883700
	0.050096	-179.819447	115.161951	71.943300
	0.050105	-180.122170	115.161951	71.943300
	0.050115	-180.048497	115.161951	71.943300
	0.050124	-180.599533	115.161951	71.943300
	0.050134	-180.673367	115.161951	71.883700
	0.050143	-180.661478	115.161951	71.824100
	0.050152	-180.029595	115.161951	71.824100
	0.050162	-180.630754	115.161951	71.824100
	0.050171	-179.685521	115.161951	71.883700
	0.050181	-179.744664	115.161951	71.883700
	0.050190	-180.168738	115.161951	71.883700
	0.050200	-178.524760	115.161951	71.883700
	0.050209	-180.608005	115.161951	71.883700
	0.050219	-180.275036	115.161951	71.824100
	0.050228	-179.537581	115.161951	71.824100
	0.050238	-179.949314	115.161951	71.824100
	0.050247	-179.957964	115.161951	71.704900
	0.050257	-180.575755	115.161951	71.704900
	0.050266	-179.730419	115.161951	71.824100
	0.050276	-180.451825	115.161951	71.764500
	0.050285	-179.940550	115.161951	71.824100
	0.050294	-180.704017	115.161951	71.883700
	0.050304	-180.128083	115.161951	71.824100
	0.050313	-180.699436	115.161951	71.764500
	0.050323	-180.050456	115.161951	71.824100
	0.050332	-180.903783	115.161951	71.704900
	0.050342	-179.828429	115.161951	71.704900
	0.050351	-179.387732	115.161951	71.704900
	0.050361	-179.276501	115.161951	71.704900
	0.050370	-179.805743	115.161951	71.704900
	0.050380	-179.255562	115.161951	71.704900
	0.050389	-178.452124	115.161951	71.824100
	0.050399	-178.720714	115.161951	71.824100
	0.050408	-179.405513	115.161951	71.883700
	0.050418	-180.028373	115.161951	71.883700
	0.050427	-180.100576	115.161951	71.824100
	0.050437	-179.956351	115.161951	71.883700
	0.050446	-179.230466	115.161951	71.824100
	0.050455	-179.920624	115.161951	71.824100
	0.050465	-180.168607	115.161951	71.764500
	0.050474	-179.139862	115.161951	71.824100
	0.050484	-178.310293	115.161951	71.883700
