	-0.071022	-0.452087	115.161951	-34.749700
	-0.068270	0.448492	115.161951	-34.809300
	-0.065518	-0.705772	115.161951	-34.928600
	-0.062767	-0.114459	115.161951	-35.107400
	-0.060015	-0.901628	115.161951	-35.286200
	-0.057264	-1.164766	115.161951	-35.524600
	-0.054512	-0.301640	115.161951	-35.822600
	-0.051760	-1.328016	115.161951	-36.001400
	-0.049009	-0.981293	115.161951	-36.239900
	-0.046257	-1.567575	115.161951	-36.478300
	-0.043506	-1.458859	115.161951	-36.835900
	-0.040754	-1.112678	115.161951	-37.133900
	-0.038002	-1.770258	115.161951	-37.491600
	-0.035251	-1.903096	115.161951	-37.789600
	-0.032499	-2.503367	115.161951	-38.206800
	-0.029748	-1.533071	115.161951	-38.624000
	-0.026996	-2.472836	115.161951	-39.100900
	-0.024245	-2.645393	115.161951	-39.637300
	-0.021493	-2.746208	115.161951	-39.994900
	-0.018741	-2.574868	115.161951	-40.591000
	-0.015990	-2.694019	115.161951	-41.067800
	-0.013238	-3.794672	115.161951	-41.663900
	-0.010487	-4.747000	115.161951	-42.319500
	-0.007735	-4.577367	115.161951	-42.856000
	-0.004984	-4.134847	115.161951	-43.630800
	-0.002232	-5.567053	115.161951	-44.286500
	0.000520	-4.875704	115.161951	-44.942100
	0.003271	-4.715454	115.161951	-45.836200
	0.006023	-7.159993	115.161951	-47.147500
	0.008774	-6.905114	115.161951	-48.220400
	0.011526	-6.235148	115.161951	-49.472100
	0.014278	-7.660594	115.161951	-51.081400
	0.017029	-8.700148	115.161951	-53.108000
	0.019781	-9.076086	115.161951	-55.015300
	0.022532	-10.049204	115.161951	-57.161100
	0.025284	-10.315464	115.161951	-59.366500
	0.028036	-12.611177	115.161951	-63.002600
	0.030787	-13.469342	115.161951	-66.340400
	0.033539	-16.771938	115.161951	-70.810800
	0.036290	-17.953384	115.161951	-76.115600
	0.036290	-21.184899	115.161951	-82.016500
	0.036300	-20.588293	115.161951	-83.566200
	0.036309	-21.133673	115.161951	-83.923800
	0.036319	-20.209673	115.161951	-83.983400
	0.036328	-20.848145	115.161951	-83.983400
	0.036338	-20.066475	115.161951	-84.102600
	0.036347	-20.026891	115.161951	-84.102600
	0.036357	-19.963503	115.161951	-84.043000
	0.036366	-18.677907	115.161951	-83.983400
	0.036376	-20.225962	115.161951	-84.043000
	0.036385	-19.583222	115.161951	-84.102600
	0.036394	-19.898009	115.161951	-84.043000
	0.036404	-19.799737	115.161951	-84.043000
	0.036413	-20.300665	115.161951	-84.043000
	0.036423	-21.197627	115.161951	-84.043000
	0.036432	-20.871018	115.161951	-84.102600
	0.036442	-20.428180	115.161951	-84.102600
	0.036451	-20.104501	115.161951	-84.162200
	0.036461	-21.237351	115.161951	-84.162200
	0.036470	-21.151722	115.161951	-84.221800
	0.036480	-20.854286	115.161951	-84.221800
	0.036489	-20.300928	115.161951	-84.221800
	0.036499	-21.690793	115.161951	-84.221800
	0.036508	-21.204809	115.161951	-84.221800
	0.036518	-20.775562	115.161951	-84.221800
	0.036527	-20.985431	115.161951	-84.341000
	0.036537	-20.898968	115.161951	-84.400600
	0.036546	-21.004704	115.161951	-84.400600
	0.036555	-20.225144	115.161951	-84.341000
	0.036565	-21.518451	115.161951	-84.281400
	0.036574	-21.145200	115.161951	-84.281400
	0.036584	-19.890429	115.161951	-84.281400
	0.036593	-20.129820	115.161951	-84.281400
	0.036603	-20.771787	115.161951	-84.281400
	0.036612	-20.568424	115.161951	-84.341000
	0.036622	-20.194383	115.161951	-84.341000
	0.036631	-20.128201	115.161951	-84.341000
	0.036641	-19.722802	115.161951	-84.400600
	0.036650	-20.686431	115.161951	-84.460200
	0.036660	-20.461575	115.161951	-84.519900
	0.036669	-19.961726	115.161951	-84.460200
	0.036679	-19.158947	115.161951	-84.460200
	0.036688	-20.301207	115.161951	-84.579500
	0.036697	-20.225282	115.161951	-84.579500
	0.036707	-20.021481	115.161951	-84.579500
	0.036716	-20.479116	115.161951	-84.579500
	0.036726	-19.901094	115.161951	-84.639100
	0.036735	-19.273645	115.161951	-84.698700
	0.036745	-20.132892	115.161951	-84.639100
	0.036754	-19.445441	115.161951	-84.639100
	0.036764	-20.564976	115.161951	-84.698700
	0.036773	-20.068283	115.161951	-84.698700
	0.036783	-20.812738	115.161951	-84.698700
	0.036792	-18.971015	115.161951	-84.639100
	0.036802	-19.975605	115.161951	-84.579500
	0.036811	-19.409299	115.161951	-84.519900
	0.036821	-20.733582	115.161951	-84.400600
	0.036830	-21.193717	115.161951	-84.400600
	0.036840	-20.633528	115.161951	-84.400600
	0.036849	-20.529709	115.161951	-84.341000
	0.036858	-20.279108	115.161951	-84.281400
	0.036868	-20.285324	115.161951	-84.162200
	0.036877	-21.277433	115.161951	-84.221800
	0.036887	-20.160033	115.161951	-84.221800
	0.036896	-20.725815	115.161951	-84.221800
	0.036906	-20.057666	115.161951	-84.221800
	0.036915	-19.422673	115.161951	-84.162200
	0.036925	-19.440871	115.161951	-84.162200
	0.036934	-19.701773	115.161951	-84.162200
	0.036944	-20.166476	115.161951	-84.341000
	0.036953	-20.706181	115.161951	-84.400600
	0.036963	-20.172674	115.161951	-84.400600
	0.036972	-19.602981	115.161951	-84.400600
	0.036982	-20.784802	115.161951	-84.400600
	0.036991	-20.463445	115.161951	-84.579500
	0.037000	-20.756118	115.161951	-84.579500
	0.037010	-20.936429	115.161951	-84.579500
	0.037019	-20.649992	115.161951	-84.579500
	0.037029	-20.124353	115.161951	-84.639100
	0.037038	-19.734407	115.161951	-84.758300
	0.037048	-20.672960	115.161951	-84.817900
	0.037057	-20.876790	115.161951	-84.877500
	0.037067	-20.139401	115.161951	-84.877500
	0.037076	-20.550683	115.161951	-84.937100
	0.037086	-20.213785	115.161951	-84.996700
	0.037095	-20.403412	115.161951	-84.996700
	0.037105	-20.027530	115.161951	-84.996700
	0.037114	-20.479114	115.161951	-85.056300
	0.037124	-22.120710	115.161951	-85.115900
	0.037133	-20.522455	115.161951	-85.175500
	0.037143	-22.014975	115.161951	-85.294700
	0.037152	-21.161328	115.161951	-85.354300
	0.037161	-21.852744	115.161951	-85.294700
	0.037171	-21.167393	115.161951	-85.294700
	0.037180	-20.900325	115.161951	-85.354300
	0.037190	-21.500121	115.161951	-85.473500
	0.037199	-21.821334	115.161951	-85.413900
	0.037209	-21.653225	115.161951	-85.413900
	0.037218	-21.035645	115.161951	-85.413900
	0.037228	-21.468362	115.161951	-85.473500
	0.037237	-21.665084	115.161951	-85.533100
	0.037247	-21.857674	115.161951	-85.652300
	0.037256	-20.831681	115.161951	-85.652300
	0.037266	-21.808441	115.161951	-85.652300
	0.037275	-20.887658	115.161951	-85.592700
	0.037285	-21.916735	115.161951	-85.652300
	0.037294	-21.624448	115.161951	-85.711900
	0.037303	-21.302303	115.161951	-85.771500
	0.037313	-21.777474	115.161951	-85.771500
	0.037322	-20.085152	115.161951	-85.771500
	0.037332	-21.520026	115.161951	-85.771500
	0.037341	-21.607767	115.161951	-85.890800
	0.037351	-20.456426	115.161951	-86.010000
	0.037360	-21.383635	115.161951	-86.069600
	0.037370	-20.977805	115.161951	-86.069600
	0.037379	-21.094186	115.161951	-86.069600
	0.037389	-22.596595	115.161951	-86.129200
	0.037398	-21.355086	115.161951	-86.188800
	0.037408	-20.993783	115.161951	-86.129200
	0.037417	-21.592072	115.161951	-86.129200
	0.037427	-21.634721	115.161951	-86.129200
	0.037436	-21.879307	115.161951	-86.129200
	0.037446	-21.538468	115.161951	-86.188800
	0.037455	-21.501384	115.161951	-86.248400
	0.037464	-20.880232	115.161951	-86.248400
	0.037474	-20.061598	115.161951	-86.308000
	0.037483	-21.021043	115.161951	-86.367600
	0.037493	-20.568213	115.161951	-86.367600
	0.037502	-20.397034	115.161951	-86.427200
	0.037512	-22.214302	115.161951	-86.427200
	0.037521	-21.599293	115.161951	-86.486800
	0.037531	-21.373107	115.161951	-86.486800
	0.037540	-20.539878	115.161951	-86.546400
	0.037550	-20.886099	115.161951	-86.546400
	0.037559	-19.910117	115.161951	-86.546400
	0.037569	-21.013770	115.161951	-86.546400
	0.037578	-21.043482	115.161951	-86.546400
	0.037588	-21.385714	115.161951	-86.606000
	0.037597	-20.821503	115.161951	-86.665600
	0.037606	-21.367833	115.161951	-86.665600
	0.037616	-21.972289	115.161951	-86.665600
	0.037625	-22.376467	115.161951	-86.725200
	0.037635	-21.474878	115.161951	-86.844400
	0.037644	-21.680862	115.161951	-86.904000
	0.037654	-22.463548	115.161951	-86.904000
	0.037663	-24.913651	115.161951	-86.963600
	0.037673	-21.552315	115.161951	-86.904000
	0.037682	-23.296853	115.161951	-86.904000
	0.037692	-21.779841	115.161951	-86.963600
	0.037701	-21.222199	115.161951	-86.963600
	0.037711	-22.041056	115.161951	-87.023200
	0.037720	-22.678818	115.161951	-87.082900
	0.037730	-22.726602	115.161951	-87.082900
	0.037739	-23.193214	115.161951	-87.082900
	0.037748	-22.067831	115.161951	-87.142500
	0.037758	-22.125433	115.161951	-87.202100
	0.037767	-23.192470	115.161951	-87.202100
	0.037777	-22.731999	115.161951	-87.321300
	0.037786	-22.002512	115.161951	-87.380900
	0.037796	-22.482439	115.161951	-87.380900
	0.037805	-21.544367	115.161951	-87.380900
	0.037815	-21.399809	115.161951	-87.380900
	0.037824	-21.975426	115.161951	-87.380900
	0.037834	-21.404419	115.161951	-87.380900
	0.037843	-22.259521	115.161951	-87.321300
	0.037853	-21.593274	115.161951	-87.321300
	0.037862	-22.479871	115.161951	-87.321300
	0.037872	-22.418130	115.161951	-87.321300
	0.037881	-22.200368	115.161951	-87.261700
	0.037891	-22.708405	115.161951	-87.321300
	0.037900	-22.607864	115.161951	-87.261700
	0.037909	-22.933933	115.161951	-87.380900
	0.037919	-23.526365	115.161951	-87.380900
	0.037928	-22.756141	115.161951	-87.380900
	0.037938	-22.267354	115.161951	-87.380900
	0.037947	-22.645987	115.161951	-87.380900
	0.037957	-21.943211	115.161951	-87.321300
	0.037966	-21.508003	115.161951	-87.380900
	0.037976	-21.749502	115.161951	-87.380900
	0.037985	-21.194851	115.161951	-87.380900
	0.037995	-21.842786	115.161951	-87.380900
	0.038004	-22.577810	115.161951	-87.440500
	0.038014	-22.324580	115.161951	-87.500100
	0.038023	-21.775344	115.161951	-87.500100
	0.038033	-20.761828	115.161951	-87.440500
	0.038042	-20.883599	115.161951	-87.440500
	0.038051	-22.512572	115.161951	-87.500100
	0.038061	-21.668711	115.161951	-87.500100
	0.038070	-20.859257	115.161951	-87.500100
	0.038080	-21.069455	115.161951	-87.500100
	0.038089	-21.720079	115.161951	-87.500100
	0.038099	-22.127868	115.161951	-87.559700
	0.038108	-22.488907	115.161951	-87.619300
	0.038118	-22.667936	115.161951	-87.619300
	0.038127	-23.261523	115.161951	-87.619300
	0.038137	-22.686873	115.161951	-87.678900
	0.038146	-23.249817	115.161951	-87.738500
	0.038156	-22.545333	115.161951	-87.738500
	0.038165	-21.836699	115.161951	-87.798100
	0.038175	-23.699886	115.161951	-87.798100
	0.038184	-22.508284	115.161951	-87.798100
	0.038194	-21.610709	115.161951	-87.857700
	0.038203	-21.546184	115.161951	-87.857700
	0.038212	-22.813420	115.161951	-87.798100
	0.038222	-21.519364	115.161951	-87.798100
	0.038231	-21.150767	115.161951	-87.798100
	0.038241	-21.485991	115.161951	-87.738500
	0.038250	-23.002028	115.161951	-87.738500
	0.038260	-22.993889	115.161951	-87.738500
	0.038269	-22.214593	115.161951	-87.678900
	0.038279	-22.030104	115.161951	-87.678900
	0.038288	-21.038070	115.161951	-87.738500
	0.038298	-22.892545	115.161951	-87.798100
	0.038307	-21.866536	115.161951	-87.738500
	0.038317	-21.062687	115.161951	-87.678900
	0.038326	-22.098799	115.161951	-87.678900
	0.038336	-22.769585	115.161951	-87.738500
	0.038345	-22.594624	115.161951	-87.738500
	0.038354	-22.631027	115.161951	-87.738500
	0.038364	-22.151982	115.161951	-87.798100
	0.038373	-22.555129	115.161951	-87.738500
	0.038383	-21.764858	115.161951	-87.798100
	0.038392	-22.020418	115.161951	-87.857700
	0.038402	-23.021933	115.161951	-87.857700
	0.038411	-21.781206	115.161951	-87.917300
	0.038421	-21.153251	115.161951	-87.976900
	0.038430	-22.485767	115.161951	-87.976900
	0.038440	-21.750684	115.161951	-87.976900
	0.038449	-22.399078	115.161951	-88.036500
	0.038459	-21.944657	115.161951	-88.036500
	0.038468	-22.437960	115.161951	-88.036500
	0.038478	-22.880974	115.161951	-88.096100
	0.038487	-21.586083	115.161951	-88.215300
	0.038497	-21.433134	115.161951	-88.215300
	0.038506	-22.489007	115.161951	-88.334500
	0.038515	-22.779491	115.161951	-88.394200
	0.038525	-22.164437	115.161951	-88.394200
	0.038534	-22.780144	115.161951	-88.453800
	0.038544	-23.228748	115.161951	-88.513400
	0.038553	-22.630593	115.161951	-88.573000
	0.038563	-22.807916	115.161951	-88.573000
	0.038572	-22.262438	115.161951	-88.632600
	0.038582	-22.676736	115.161951	-88.632600
	0.038591	-22.504178	115.161951	-88.632600
	0.038601	-23.484757	115.161951	-88.692200
	0.038610	-22.366524	115.161951	-88.692200
	0.038620	-23.586557	115.161951	-88.751800
	0.038629	-23.478731	115.161951	-88.811400
	0.038639	-22.543043	115.161951	-88.930600
	0.038648	-23.276802	115.161951	-88.930600
	0.038657	-23.546872	115.161951	-88.930600
	0.038667	-23.363129	115.161951	-89.049800
	0.038676	-23.694607	115.161951	-89.049800
	0.038686	-23.066730	115.161951	-89.109400
	0.038695	-21.979176	115.161951	-89.109400
	0.038705	-22.740477	115.161951	-89.109400
	0.038714	-23.491053	115.161951	-89.169000
	0.038724	-22.946096	115.161951	-89.109400
	0.038733	-22.797216	115.161951	-89.169000
	0.038743	-23.778515	115.161951	-89.228600
	0.038752	-23.329603	115.161951	-89.169000
	0.038762	-24.373108	115.161951	-89.228600
	0.038771	-23.196850	115.161951	-89.288200
	0.038781	-23.021181	115.161951	-89.288200
	0.038790	-23.484979	115.161951	-89.407400
	0.038800	-23.355970	115.161951	-89.407400
	0.038809	-23.304177	115.161951	-89.407400
	0.038818	-23.727256	115.161951	-89.407400
	0.038828	-23.560261	115.161951	-89.347800
	0.038837	-24.076524	115.161951	-89.467000
	0.038847	-23.959892	115.161951	-89.526600
	0.038856	-23.926346	115.161951	-89.586200
	0.038866	-23.815278	115.161951	-89.586200
	0.038875	-23.442615	115.161951	-89.586200
	0.038885	-23.995919	115.161951	-89.586200
	0.038894	-23.775350	115.161951	-89.705500
	0.038904	-24.629685	115.161951	-89.765100
	0.038913	-22.884199	115.161951	-89.765100
	0.038923	-24.160734	115.161951	-89.705500
	0.038932	-24.230378	115.161951	-89.824700
	0.038942	-23.142331	115.161951	-89.884300
	0.038951	-24.209213	115.161951	-89.884300
	0.038960	-24.403626	115.161951	-89.943900
	0.038970	-24.029088	115.161951	-89.943900
	0.038979	-24.586200	115.161951	-89.943900
	0.038989	-23.333847	115.161951	-89.943900
	0.038998	-23.712558	115.161951	-90.003500
	0.039008	-23.261329	115.161951	-90.182300
	0.039017	-23.779533	115.161951	-90.182300
	0.039027	-23.400564	115.161951	-90.182300
	0.039036	-23.282962	115.161951	-90.241900
	0.039046	-23.336388	115.161951	-90.241900
	0.039055	-23.949946	115.161951	-90.301500
	0.039065	-23.258947	115.161951	-90.301500
	0.039074	-23.429288	115.161951	-90.420700
	0.039084	-23.529807	115.161951	-90.420700
	0.039093	-23.184724	115.161951	-90.480300
	0.039103	-23.977487	115.161951	-90.420700
	0.039112	-22.836806	115.161951	-90.480300
	0.039121	-22.573245	115.161951	-90.539900
	0.039131	-21.684674	115.161951	-90.599500
	0.039140	-22.126585	115.161951	-90.539900
	0.039150	-22.869207	115.161951	-90.599500
	0.039159	-21.904699	115.161951	-90.718700
	0.039169	-23.111617	115.161951	-90.718700
	0.039178	-22.821849	115.161951	-90.718700
	0.039188	-23.680460	115.161951	-90.778300
	0.039197	-23.106405	115.161951	-90.778300
	0.039207	-23.001277	115.161951	-90.778300
	0.039216	-24.058044	115.161951	-90.718700
	0.039226	-24.206723	115.161951	-90.778300
	0.039235	-25.797023	115.161951	-90.837900
	0.039245	-24.385382	115.161951	-90.897500
	0.039254	-24.309677	115.161951	-90.897500
	0.039263	-24.574939	115.161951	-90.897500
	0.039273	-23.459892	115.161951	-90.837900
	0.039282	-23.694678	115.161951	-90.837900
	0.039292	-23.931356	115.161951	-90.897500
	0.039301	-22.968615	115.161951	-91.016800
	0.039311	-24.240124	115.161951	-91.016800
	0.039320	-24.178637	115.161951	-91.076400
	0.039330	-23.122896	115.161951	-91.076400
	0.039339	-23.723547	115.161951	-91.136000
	0.039349	-23.298107	115.161951	-91.136000
	0.039358	-23.645567	115.161951	-91.136000
	0.039368	-23.813617	115.161951	-91.136000
	0.039377	-23.337219	115.161951	-91.136000
	0.039387	-22.942332	115.161951	-91.195600
	0.039396	-25.082662	115.161951	-91.195600
	0.039406	-23.576849	115.161951	-91.136000
	0.039415	-23.923923	115.161951	-91.195600
	0.039424	-24.344316	115.161951	-91.255200
	0.039434	-24.100294	115.161951	-91.255200
	0.039443	-23.820872	115.161951	-91.314800
	0.039453	-23.849280	115.161951	-91.314800
	0.039462	-25.124478	115.161951	-91.314800
	0.039472	-23.856176	115.161951	-91.314800
	0.039481	-23.777608	115.161951	-91.314800
	0.039491	-24.791342	115.161951	-91.374400
	0.039500	-25.163966	115.161951	-91.374400
	0.039510	-24.577157	115.161951	-91.434000
	0.039519	-23.542621	115.161951	-91.434000
	0.039529	-25.029538	115.161951	-91.434000
	0.039538	-24.162963	115.161951	-91.553200
	0.039548	-25.301966	115.161951	-91.612800
	0.039557	-24.196373	115.161951	-91.612800
	0.039566	-24.549108	115.161951	-91.612800
	0.039576	-23.952043	115.161951	-91.314800
	0.039585	-24.193782	115.161951	-91.076400
	0.039595	-23.443925	115.161951	-91.076400
	0.039604	-23.170336	115.161951	-91.076400
	0.039614	-24.145342	115.161951	-91.016800
	0.039623	-24.480393	115.161951	-91.016800
	0.039633	-23.665810	115.161951	-91.016800
	0.039642	-24.321514	115.161951	-91.076400
	0.039652	-23.900637	115.161951	-91.076400
	0.039661	-24.126151	115.161951	-91.016800
	0.039671	-23.962279	115.161951	-91.076400
	0.039680	-24.754695	115.161951	-91.136000
	0.039690	-25.041080	115.161951	-91.195600
	0.039699	-24.458828	115.161951	-91.195600
	0.039709	-24.576946	115.161951	-91.195600
	0.039718	-24.341934	115.161951	-91.255200
	0.039727	-23.781022	115.161951	-91.314800
	0.039737	-24.090736	115.161951	-91.314800
	0.039746	-24.088015	115.161951	-91.314800
	0.039756	-23.269896	115.161951	-91.314800
	0.039765	-24.728190	115.161951	-91.314800
	0.039775	-23.850499	115.161951	-91.314800
	0.039784	-24.617186	115.161951	-91.434000
	0.039794	-24.544305	115.161951	-91.434000
	0.039803	-24.782344	115.161951	-91.434000
	0.039813	-25.213187	115.161951	-91.434000
	0.039822	-24.396786	115.161951	-91.553200
	0.039832	-24.160615	115.161951	-91.553200
	0.039841	-25.382417	115.161951	-91.553200
	0.039851	-24.446797	115.161951	-91.612800
	0.039860	-24.216841	115.161951	-91.612800
	0.039869	-23.829686	115.161951	-91.672400
	0.039879	-24.410777	115.161951	-91.612800
	0.039888	-24.427456	115.161951	-91.732000
	0.039898	-24.483698	115.161951	-91.791600
	0.039907	-25.005016	115.161951	-91.851200
	0.039917	-24.733496	115.161951	-91.791600
	0.039926	-24.755268	115.161951	-91.791600
	0.039936	-24.093424	115.161951	-91.910800
	0.039945	-24.246114	115.161951	-91.970400
	0.039955	-24.294053	115.161951	-91.970400
	0.039964	-25.803321	115.161951	-91.970400
	0.039974	-24.242277	115.161951	-91.970400
	0.039983	-24.889894	115.161951	-91.910800
	0.039993	-25.153700	115.161951	-91.910800
	0.040002	-25.166195	115.161951	-91.970400
	0.040012	-24.321006	115.161951	-92.030000
	0.040021	-25.149106	115.161951	-91.970400
	0.040030	-24.769833	115.161951	-91.970400
	0.040040	-24.354416	115.161951	-92.030000
	0.040049	-24.419086	115.161951	-92.149200
	0.040059	-24.674929	115.161951	-92.149200
	0.040068	-24.538988	115.161951	-92.149200
	0.040078	-25.134915	115.161951	-92.208900
	0.040087	-25.083011	115.161951	-92.268500
	0.040097	-24.123383	115.161951	-92.328100
	0.040106	-25.335980	115.161951	-92.328100
	0.040116	-24.797801	115.161951	-92.328100
	0.040125	-24.815027	115.161951	-92.268500
	0.040135	-25.680021	115.161951	-92.328100
	0.040144	-25.316162	115.161951	-92.387700
	0.040154	-26.611156	115.161951	-92.328100
	0.040163	-25.907718	115.161951	-92.328100
	0.040172	-24.930025	115.161951	-92.387700
	0.040182	-25.048429	115.161951	-92.447300
	0.040191	-25.352077	115.161951	-92.506900
	0.040201	-25.310701	115.161951	-92.506900
	0.040210	-25.414443	115.161951	-92.506900
	0.040220	-25.364638	115.161951	-92.506900
	0.040229	-24.235818	115.161951	-92.506900
	0.040239	-24.648897	115.161951	-92.626100
	0.040248	-25.319448	115.161951	-92.626100
	0.040258	-24.185549	115.161951	-92.566500
	0.040267	-25.382525	115.161951	-92.566500
	0.040277	-24.502537	115.161951	-92.566500
	0.040286	-25.453740	115.161951	-92.506900
	0.040296	-27.017057	115.161951	-92.447300
	0.040305	-25.994471	115.161951	-92.566500
	0.040315	-26.484334	115.161951	-92.506900
	0.040324	-26.787513	115.161951	-92.447300
	0.040333	-26.238096	115.161951	-92.506900
	0.040343	-26.539335	115.161951	-92.566500
	0.040352	-26.635479	115.161951	-92.566500
	0.040362	-26.128551	115.161951	-92.566500
	0.040371	-26.890929	115.161951	-92.626100
	0.040381	-26.696002	115.161951	-92.685700
	0.040390	-26.665162	115.161951	-92.804900
	0.040400	-26.213489	115.161951	-92.804900
	0.040409	-26.401869	115.161951	-92.804900
	0.040419	-26.830651	115.161951	-92.864500
	0.040428	-27.842191	115.161951	-92.864500
	0.040438	-26.633228	115.161951	-92.447300
	0.040447	-28.201042	115.161951	-91.076400
	0.040457	-27.274512	115.161951	-90.659100
	0.040466	-27.703193	115.161951	-90.539900
	0.040475	-27.607826	115.161951	-90.539900
	0.040485	-26.710257	115.161951	-90.539900
	0.040494	-26.601150	115.161951	-90.599500
	0.040504	-28.268104	115.161951	-90.599500
	0.040513	-28.984487	115.161951	-90.718700
	0.040523	-27.313680	115.161951	-90.718700
	0.040532	-27.351668	115.161951	-90.599500
	0.040542	-29.342160	115.161951	-90.301500
	0.040551	-29.509628	115.161951	-90.182300
	0.040561	-28.561876	115.161951	-90.182300
	0.040570	-29.121474	115.161951	-90.182300
	0.040580	-28.410065	115.161951	-90.241900
	0.040589	-28.803566	115.161951	-90.301500
	0.040599	-29.335025	115.161951	-90.420700
	0.040608	-29.473947	115.161951	-90.480300
	0.040618	-29.241090	115.161951	-90.718700
	0.040627	-28.602301	115.161951	-90.718700
	0.040636	-28.481486	115.161951	-90.718700
	0.040646	-28.939507	115.161951	-90.778300
	0.040655	-27.728274	115.161951	-90.837900
	0.040665	-28.690047	115.161951	-90.837900
	0.040674	-28.789558	115.161951	-90.718700
	0.040684	-28.752487	115.161951	-90.778300
	0.040693	-27.942609	115.161951	-90.778300
	0.040703	-28.792727	115.161951	-90.837900
	0.040712	-29.307380	115.161951	-90.837900
	0.040722	-29.869722	115.161951	-90.837900
	0.040731	-28.101905	115.161951	-90.897500
	0.040741	-29.348676	115.161951	-90.957200
	0.040750	-30.287899	115.161951	-91.016800
	0.040760	-29.653699	115.161951	-91.136000
	0.040769	-29.527437	115.161951	-91.076400
	0.040778	-28.697864	115.161951	-91.076400
	0.040788	-28.284157	115.161951	-91.195600
	0.040797	-29.344096	115.161951	-91.195600
	0.040807	-28.468910	115.161951	-91.195600
	0.040816	-29.979476	115.161951	-91.255200
	0.040826	-28.979395	115.161951	-91.374400
	0.040835	-30.280027	115.161951	-91.374400
	0.040845	-31.235142	115.161951	-91.374400
	0.040854	-31.514226	115.161951	-91.374400
	0.040864	-31.662760	115.161951	-91.434000
	0.040873	-30.887979	115.161951	-91.493600
	0.040883	-31.489055	115.161951	-91.493600
	0.040892	-30.669857	115.161951	-91.553200
	0.040902	-31.440199	115.161951	-91.434000
	0.040911	-31.302940	115.161951	-91.374400
	0.040921	-31.151136	115.161951	-91.434000
	0.040930	-30.567420	115.161951	-91.434000
	0.040939	-31.395872	115.161951	-91.553200
	0.040949	-30.728214	115.161951	-91.553200
	0.040958	-31.711248	115.161951	-91.314800
	0.040968	-31.239416	115.161951	-90.003500
	0.040977	-32.189035	115.161951	-89.407400
	0.040987	-31.795067	115.161951	-89.288200
	0.040996	-30.749553	115.161951	-89.288200
	0.041006	-31.229349	115.161951	-89.288200
	0.041015	-30.946582	115.161951	-89.347800
	0.041025	-31.218084	115.161951	-89.407400
	0.041034	-31.878948	115.161951	-89.407400
	0.041044	-30.921230	115.161951	-89.407400
	0.041053	-31.492797	115.161951	-89.407400
	0.041063	-30.508251	115.161951	-89.467000
	0.041072	-32.619195	115.161951	-89.586200
	0.041081	-31.382714	115.161951	-89.586200
	0.041091	-32.239333	115.161951	-89.586200
	0.041100	-32.912914	115.161951	-89.645900
	0.041110	-32.516452	115.161951	-89.586200
	0.041119	-32.838121	115.161951	-89.586200
	0.041129	-31.979119	115.161951	-89.586200
	0.041138	-32.972105	115.161951	-89.645900
	0.041148	-32.373700	115.161951	-89.526600
	0.041157	-33.993807	115.161951	-89.347800
	0.041167	-33.749161	115.161951	-89.228600
	0.041176	-33.714908	115.161951	-89.228600
	0.041186	-34.509131	115.161951	-89.109400
	0.041195	-36.617385	115.161951	-89.049800
	0.041205	-35.200340	115.161951	-88.990200
	0.041214	-34.573707	115.161951	-88.990200
	0.041224	-35.099172	115.161951	-89.049800
	0.041233	-34.978210	115.161951	-89.049800
	0.041242	-35.913350	115.161951	-88.990200
	0.041252	-35.550102	115.161951	-88.692200
	0.041261	-36.422669	115.161951	-88.513400
	0.041271	-35.708861	115.161951	-88.513400
	0.041280	-36.075274	115.161951	-88.573000
	0.041290	-36.317071	115.161951	-88.632600
	0.041299	-36.723189	115.161951	-88.751800
	0.041309	-36.070545	115.161951	-88.751800
	0.041318	-35.947793	115.161951	-88.692200
	0.041328	-36.827402	115.161951	-88.632600
	0.041337	-35.895928	115.161951	-88.692200
	0.041347	-35.183757	115.161951	-88.751800
	0.041356	-36.171514	115.161951	-88.751800
	0.041366	-35.336205	115.161951	-88.751800
	0.041375	-35.897635	115.161951	-88.751800
	0.041384	-36.255199	115.161951	-88.811400
	0.041394	-35.150595	115.161951	-88.811400
	0.041403	-35.840704	115.161951	-88.811400
	0.041413	-35.528497	115.161951	-88.871000
	0.041422	-36.824707	115.161951	-88.871000
	0.041432	-36.310176	115.161951	-88.811400
	0.041441	-35.875338	115.161951	-88.871000
	0.041451	-35.582740	115.161951	-88.871000
	0.041460	-35.755251	115.161951	-88.930600
	0.041470	-35.868899	115.161951	-88.930600
	0.041479	-35.978023	115.161951	-88.990200
	0.041489	-36.254373	115.161951	-88.990200
	0.041498	-35.141988	115.161951	-89.049800
	0.041508	-37.124885	115.161951	-89.049800
	0.041517	-38.903278	115.161951	-88.930600
	0.041527	-38.505960	115.161951	-88.811400
	0.041536	-37.319009	115.161951	-88.811400
	0.041545	-38.875783	115.161951	-88.811400
	0.041555	-38.148096	115.161951	-88.811400
	0.041564	-37.796728	115.161951	-88.930600
	0.041574	-38.121388	115.161951	-88.930600
	0.041583	-37.658064	115.161951	-88.930600
	0.041593	-38.434662	115.161951	-88.930600
	0.041602	-38.717896	115.161951	-88.692200
	0.041612	-40.019997	115.161951	-88.036500
	0.041621	-39.662358	115.161951	-87.798100
	0.041631	-39.427046	115.161951	-87.798100
	0.041640	-39.002048	115.161951	-87.798100
	0.041650	-39.740018	115.161951	-87.798100
	0.041659	-39.689973	115.161951	-87.798100
	0.041669	-38.810252	115.161951	-87.857700
	0.041678	-40.395058	115.161951	-87.798100
	0.041687	-40.296895	115.161951	-87.798100
	0.041697	-39.609585	115.161951	-87.738500
	0.041706	-39.159165	115.161951	-87.738500
	0.041716	-39.209670	115.161951	-87.798100
	0.041725	-39.228614	115.161951	-87.798100
	0.041735	-39.600740	115.161951	-87.857700
	0.041744	-40.427152	115.161951	-87.798100
	0.041754	-40.171041	115.161951	-87.798100
	0.041763	-41.525462	115.161951	-87.738500
	0.041773	-40.726151	115.161951	-87.738500
	0.041782	-40.220269	115.161951	-87.798100
	0.041792	-39.895352	115.161951	-87.798100
	0.041801	-40.944304	115.161951	-87.857700
	0.041811	-39.375309	115.161951	-87.917300
	0.041820	-39.254587	115.161951	-87.857700
	0.041829	-39.583364	115.161951	-87.917300
	0.041839	-39.377690	115.161951	-87.917300
	0.041848	-39.808277	115.161951	-87.976900
	0.041858	-39.429189	115.161951	-87.917300
	0.041867	-39.079739	115.161951	-87.857700
	0.041877	-39.272993	115.161951	-87.917300
	0.041886	-40.398125	115.161951	-87.976900
	0.041896	-40.467813	115.161951	-87.976900
	0.041905	-39.862251	115.161951	-88.036500
	0.041915	-41.008269	115.161951	-88.096100
	0.041924	-40.471807	115.161951	-88.155700
	0.041934	-40.075264	115.161951	-88.215300
	0.041943	-39.469638	115.161951	-88.215300
	0.041953	-40.185572	115.161951	-88.155700
	0.041962	-40.344943	115.161951	-88.096100
	0.041972	-40.137811	115.161951	-88.155700
	0.041981	-40.045955	115.161951	-88.155700
	0.041990	-39.508855	115.161951	-88.215300
	0.042000	-40.450115	115.161951	-88.215300
	0.042009	-40.361981	115.161951	-88.215300
	0.042019	-39.486107	115.161951	-88.215300
	0.042028	-40.101471	115.161951	-88.215300
	0.042038	-40.065591	115.161951	-88.334500
	0.042047	-39.112400	115.161951	-88.334500
	0.042057	-40.148289	115.161951	-88.394200
	0.042066	-39.585409	115.161951	-88.453800
	0.042076	-40.627971	115.161951	-88.334500
	0.042085	-40.318043	115.161951	-88.334500
	0.042095	-40.282401	115.161951	-88.274900
	0.042104	-41.187129	115.161951	-88.155700
	0.042114	-40.982328	115.161951	-88.096100
	0.042123	-39.760302	115.161951	-88.096100
	0.042132	-40.362489	115.161951	-88.155700
	0.042142	-40.740130	115.161951	-88.215300
	0.042151	-41.601298	115.161951	-88.274900
	0.042161	-41.004877	115.161951	-88.274900
	0.042170	-41.408512	115.161951	-88.274900
	0.042180	-40.738354	115.161951	-88.274900
	0.042189	-41.267039	115.161951	-88.334500
	0.042199	-40.663813	115.161951	-88.334500
	0.042208	-41.069895	115.161951	-88.334500
	0.042218	-40.669281	115.161951	-88.394200
	0.042227	-40.377800	115.161951	-88.334500
	0.042237	-41.195099	115.161951	-88.453800
	0.042246	-41.182387	115.161951	-88.513400
	0.042256	-40.578977	115.161951	-88.453800
	0.042265	-40.765796	115.161951	-88.453800
	0.042275	-41.184571	115.161951	-88.453800
	0.042284	-42.360202	115.161951	-88.215300
	0.042293	-43.098886	115.161951	-87.917300
	0.042303	-43.466096	115.161951	-87.798100
	0.042312	-42.750719	115.161951	-87.738500
	0.042322	-42.263291	115.161951	-87.678900
	0.042331	-43.256455	115.161951	-87.678900
	0.042341	-42.538603	115.161951	-87.738500
	0.042350	-41.911547	115.161951	-87.798100
	0.042360	-40.911805	115.161951	-87.857700
	0.042369	-41.771561	115.161951	-87.857700
	0.042379	-42.472150	115.161951	-87.678900
	0.042388	-42.670176	115.161951	-87.619300
	0.042398	-42.149812	115.161951	-87.500100
	0.042407	-43.900154	115.161951	-87.380900
	0.042417	-44.176439	115.161951	-87.202100
	0.042426	-44.050984	115.161951	-87.082900
	0.042435	-42.783839	115.161951	-87.142500
	0.042445	-43.909038	115.161951	-87.142500
	0.042454	-42.956427	115.161951	-87.142500
	0.042464	-44.146573	115.161951	-87.142500
	0.042473	-44.682305	115.161951	-87.082900
	0.042483	-44.617364	115.161951	-87.082900
	0.042492	-45.492810	115.161951	-87.082900
	0.042502	-45.684449	115.161951	-87.082900
	0.042511	-44.986273	115.161951	-87.202100
	0.042521	-45.061402	115.161951	-87.261700
	0.042530	-45.479924	115.161951	-87.321300
	0.042540	-44.642366	115.161951	-87.321300
	0.042549	-45.812217	115.161951	-87.261700
	0.042559	-44.039232	115.161951	-87.261700
	0.042568	-44.556493	115.161951	-87.380900
	0.042578	-45.710697	115.161951	-87.380900
	0.042587	-46.297385	115.161951	-87.380900
	0.042596	-45.858834	115.161951	-87.440500
	0.042606	-46.113622	115.161951	-87.440500
	0.042615	-45.066900	115.161951	-87.500100
	0.042625	-45.205081	115.161951	-87.440500
	0.042634	-44.099619	115.161951	-87.500100
	0.042644	-44.913265	115.161951	-87.619300
	0.042653	-45.802768	115.161951	-87.619300
	0.042663	-45.113044	115.161951	-87.559700
	0.042672	-45.118816	115.161951	-87.619300
	0.042682	-45.276027	115.161951	-87.619300
	0.042691	-44.880492	115.161951	-87.678900
	0.042701	-45.918356	115.161951	-87.678900
	0.042710	-45.706927	115.161951	-87.678900
	0.042720	-46.361437	115.161951	-87.619300
	0.042729	-44.516828	115.161951	-87.619300
	0.042738	-45.514952	115.161951	-87.678900
	0.042748	-45.125960	115.161951	-87.738500
	0.042757	-45.847128	115.161951	-87.738500
	0.042767	-46.115062	115.161951	-87.798100
	0.042776	-45.212252	115.161951	-87.798100
	0.042786	-45.135009	115.161951	-87.857700
	0.042795	-45.657693	115.161951	-87.678900
	0.042805	-54.683146	115.161951	-85.056300
	0.042814	-54.085642	115.161951	-83.864200
	0.042824	-54.346772	115.161951	-83.625800
	0.042833	-53.868763	115.161951	-83.625800
	0.042843	-54.831123	115.161951	-83.685400
	0.042852	-54.010761	115.161951	-83.685400
	0.042862	-54.216299	115.161951	-83.685400
	0.042871	-54.287667	115.161951	-83.625800
	0.042881	-53.431189	115.161951	-83.685400
	0.042890	-53.978449	115.161951	-83.745000
	0.042899	-52.948295	115.161951	-83.745000
	0.042909	-54.011236	115.161951	-83.685400
	0.042918	-54.352285	115.161951	-83.685400
	0.042928	-54.533864	115.161951	-83.745000
	0.042937	-54.197281	115.161951	-83.745000
	0.042947	-53.747492	115.161951	-83.804600
	0.042956	-54.631015	115.161951	-83.804600
	0.042966	-54.661749	115.161951	-83.804600
	0.042975	-54.689927	115.161951	-83.745000
	0.042985	-54.837050	115.161951	-83.804600
	0.042994	-54.983253	115.161951	-83.864200
	0.043004	-55.041089	115.161951	-83.864200
	0.043013	-54.390114	115.161951	-83.864200
	0.043023	-55.987925	115.161951	-83.864200
	0.043032	-54.443474	115.161951	-83.864200
	0.043041	-55.571858	115.161951	-83.864200
	0.043051	-54.813359	115.161951	-83.864200
	0.043060	-56.016463	115.161951	-83.864200
	0.043070	-56.059778	115.161951	-83.864200
	0.043079	-55.440260	115.161951	-83.864200
	0.043089	-56.479927	115.161951	-83.983400
	0.043098	-55.759867	115.161951	-83.983400
	0.043108	-55.644315	115.161951	-83.983400
	0.043117	-55.301208	115.161951	-83.983400
	0.043127	-55.850991	115.161951	-83.864200
	0.043136	-55.804028	115.161951	-83.864200
	0.043146	-55.664035	115.161951	-83.923800
	0.043155	-55.427477	115.161951	-83.923800
	0.043165	-55.102862	115.161951	-83.923800
	0.043174	-55.098896	115.161951	-83.983400
	0.043184	-55.992584	115.161951	-83.923800
	0.043193	-56.352102	115.161951	-83.923800
	0.043202	-56.811348	115.161951	-83.983400
	0.043212	-55.682324	115.161951	-83.983400
	0.043221	-55.035087	115.161951	-84.043000
	0.043231	-55.814713	115.161951	-84.043000
	0.043240	-55.413220	115.161951	-84.102600
	0.043250	-55.971856	115.161951	-84.102600
	0.043259	-54.921941	115.161951	-84.162200
	0.043269	-55.580479	115.161951	-84.162200
	0.043278	-56.142893	115.161951	-83.983400
	0.043288	-57.689286	115.161951	-83.685400
	0.043297	-56.548778	115.161951	-83.566200
	0.043307	-57.507632	115.161951	-83.566200
	0.043316	-57.002926	115.161951	-83.506600
	0.043326	-57.800568	115.161951	-83.447000
	0.043335	-56.514489	115.161951	-83.387400
	0.043344	-59.262345	115.161951	-83.208500
	0.043354	-58.349108	115.161951	-83.089300
	0.043363	-58.571539	115.161951	-83.029700
	0.043373	-58.472880	115.161951	-83.029700
	0.043382	-61.422997	115.161951	-83.208500
	0.043392	-62.940122	115.161951	-83.685400
	0.043401	-61.599340	115.161951	-83.804600
	0.043411	-61.878803	115.161951	-83.804600
	0.043420	-63.654632	115.161951	-83.029700
	0.043430	-66.416061	115.161951	-81.599200
	0.043439	-65.563482	115.161951	-81.301200
	0.043449	-65.701896	115.161951	-81.301200
	0.043458	-66.099264	115.161951	-81.420400
	0.043468	-65.558570	115.161951	-81.420400
	0.043477	-65.132190	115.161951	-81.420400
	0.043487	-65.911301	115.161951	-81.420400
	0.043496	-67.754333	115.161951	-81.062800
	0.043505	-72.611688	115.161951	-80.347500
	0.043515	-73.237316	115.161951	-79.989900
	0.043524	-72.934691	115.161951	-79.870700
	0.043534	-73.685560	115.161951	-79.870700
	0.043543	-72.707110	115.161951	-79.870700
	0.043553	-73.753580	115.161951	-79.632300
	0.043562	-74.495529	115.161951	-79.453500
	0.043572	-73.893775	115.161951	-79.393900
	0.043581	-74.364808	115.161951	-79.334200
	0.043591	-73.851231	115.161951	-79.393900
	0.043600	-74.373975	115.161951	-79.513100
	0.043610	-74.830251	115.161951	-79.513100
	0.043619	-75.222882	115.161951	-79.453500
	0.043629	-74.873316	115.161951	-79.513100
	0.043638	-75.653225	115.161951	-79.453500
	0.043647	-74.851043	115.161951	-79.453500
	0.043657	-74.371018	115.161951	-79.513100
	0.043666	-74.705822	115.161951	-79.453500
	0.043676	-74.106963	115.161951	-79.513100
	0.043685	-76.029362	115.161951	-79.513100
	0.043695	-76.149395	115.161951	-79.513100
	0.043704	-75.626822	115.161951	-79.393900
	0.043714	-75.848248	115.161951	-79.393900
	0.043723	-75.663383	115.161951	-79.393900
	0.043733	-74.524568	115.161951	-79.453500
	0.043742	-74.919073	115.161951	-79.513100
	0.043752	-74.714209	115.161951	-79.513100
	0.043761	-76.061450	115.161951	-79.513100
	0.043771	-74.441694	115.161951	-79.513100
	0.043780	-75.114690	115.161951	-79.572700
	0.043790	-74.933928	115.161951	-79.632300
	0.043799	-74.736617	115.161951	-79.572700
	0.043808	-75.407556	115.161951	-79.453500
	0.043818	-76.101192	115.161951	-79.393900
	0.043827	-76.432621	115.161951	-79.334200
	0.043837	-76.246643	115.161951	-79.453500
	0.043846	-74.936498	115.161951	-79.513100
	0.043856	-75.141732	115.161951	-79.513100
	0.043865	-74.746478	115.161951	-79.453500
	0.043875	-76.362405	115.161951	-79.334200
	0.043884	-76.013924	115.161951	-79.274600
	0.043894	-75.315244	115.161951	-79.274600
	0.043903	-76.411522	115.161951	-79.274600
	0.043913	-74.762350	115.161951	-79.334200
	0.043922	-76.314891	115.161951	-79.274600
	0.043932	-76.252078	115.161951	-79.215000
	0.043941	-76.034114	115.161951	-79.215000
	0.043950	-76.431222	115.161951	-79.215000
	0.043960	-76.480913	115.161951	-79.215000
	0.043969	-75.695388	115.161951	-79.215000
	0.043979	-77.159834	115.161951	-79.215000
	0.043988	-75.047520	115.161951	-79.274600
	0.043998	-75.958369	115.161951	-79.274600
	0.044007	-75.930618	115.161951	-79.215000
	0.044017	-76.925254	115.161951	-79.215000
	0.044026	-77.256830	115.161951	-79.274600
	0.044036	-76.612781	115.161951	-79.274600
	0.044045	-77.856418	115.161951	-79.274600
	0.044055	-77.769544	115.161951	-79.215000
	0.044064	-76.292752	115.161951	-79.274600
	0.044074	-77.250720	115.161951	-79.334200
	0.044083	-77.909938	115.161951	-79.274600
	0.044093	-79.124856	115.161951	-79.155400
	0.044102	-81.892593	115.161951	-78.797800
	0.044111	-85.933754	115.161951	-78.321000
	0.044121	-86.355819	115.161951	-77.724900
	0.044130	-86.974571	115.161951	-77.665300
	0.044140	-86.682398	115.161951	-77.605700
	0.044149	-86.431588	115.161951	-77.605700
	0.044159	-86.732203	115.161951	-77.605700
	0.044168	-88.052618	115.161951	-77.605700
	0.044178	-88.690358	115.161951	-77.605700
	0.044187	-86.817588	115.161951	-77.605700
	0.044197	-88.106167	115.161951	-76.652000
	0.044206	-91.545622	115.161951	-74.446700
	0.044216	-91.817923	115.161951	-73.552600
	0.044225	-91.004994	115.161951	-73.314200
	0.044235	-90.055099	115.161951	-73.254600
	0.044244	-90.396567	115.161951	-73.135400
	0.044253	-90.268537	115.161951	-73.195000
	0.044263	-90.338920	115.161951	-73.135400
	0.044272	-91.009875	115.161951	-73.135400
	0.044282	-89.427422	115.161951	-73.195000
	0.044291	-90.276466	115.161951	-73.135400
	0.044301	-89.764978	115.161951	-73.135400
	0.044310	-90.344774	115.161951	-73.075800
	0.044320	-89.973664	115.161951	-73.135400
	0.044329	-89.740634	115.161951	-73.195000
	0.044339	-89.219434	115.161951	-73.254600
	0.044348	-90.141112	115.161951	-73.254600
	0.044358	-89.156505	115.161951	-73.254600
	0.044367	-89.936899	115.161951	-73.254600
	0.044377	-90.099221	115.161951	-73.254600
	0.044386	-89.348450	115.161951	-73.254600
	0.044396	-90.216631	115.161951	-73.254600
	0.044405	-89.843195	115.161951	-73.254600
	0.044414	-90.897963	115.161951	-73.135400
	0.044424	-89.994488	115.161951	-73.135400
	0.044433	-91.205275	115.161951	-73.135400
	0.044443	-90.484560	115.161951	-73.135400
	0.044452	-91.066527	115.161951	-73.135400
	0.044462	-91.218604	115.161951	-73.135400
	0.044471	-89.900024	115.161951	-73.135400
	0.044481	-90.972801	115.161951	-73.254600
	0.044490	-91.032260	115.161951	-73.254600
	0.044500	-91.447526	115.161951	-73.195000
	0.044509	-92.543471	115.161951	-73.135400
	0.044519	-92.554109	115.161951	-73.075800
	0.044528	-93.300651	115.161951	-73.016200
	0.044538	-91.494083	115.161951	-73.075800
	0.044547	-91.278948	115.161951	-73.075800
	0.044556	-90.741517	115.161951	-73.016200
	0.044566	-91.673343	115.161951	-73.016200
	0.044575	-91.388263	115.161951	-73.016200
	0.044585	-91.650963	115.161951	-73.075800
	0.044594	-91.013043	115.161951	-73.075800
	0.044604	-92.099612	115.161951	-73.016200
	0.044613	-92.754821	115.161951	-72.956600
	0.044623	-91.754093	115.161951	-73.016200
	0.044632	-92.456045	115.161951	-73.016200
	0.044642	-97.330514	115.161951	-71.704900
	0.044651	-108.262219	115.161951	-68.247800
	0.044661	-107.623277	115.161951	-66.996100
	0.044670	-106.942128	115.161951	-66.757700
	0.044680	-107.141467	115.161951	-66.698100
	0.044689	-108.905585	115.161951	-66.698100
	0.044699	-107.839947	115.161951	-66.578900
	0.044708	-108.671551	115.161951	-65.804000
	0.044717	-110.878468	115.161951	-64.850300
	0.044727	-110.703427	115.161951	-64.373500
	0.044736	-110.922854	115.161951	-64.313900
	0.044746	-111.961376	115.161951	-64.254300
	0.044755	-111.311771	115.161951	-64.194700
	0.044765	-110.034581	115.161951	-64.254300
	0.044774	-111.103914	115.161951	-64.254300
	0.044784	-111.005459	115.161951	-64.135100
	0.044793	-110.719191	115.161951	-64.194700
	0.044803	-110.793397	115.161951	-64.254300
	0.044812	-110.587751	115.161951	-64.254300
	0.044822	-110.675378	115.161951	-64.254300
	0.044831	-110.612082	115.161951	-64.254300
	0.044841	-110.391027	115.161951	-64.313900
	0.044850	-109.435636	115.161951	-64.313900
	0.044859	-108.961713	115.161951	-64.373500
	0.044869	-110.090073	115.161951	-64.313900
	0.044878	-109.931690	115.161951	-64.254300
	0.044888	-112.659018	115.161951	-63.181400
	0.044897	-114.689895	115.161951	-62.168100
	0.044907	-115.268753	115.161951	-61.989300
	0.044916	-116.279140	115.161951	-61.989300
	0.044926	-113.560484	115.161951	-62.048900
	0.044935	-115.000569	115.161951	-61.989300
	0.044945	-115.539067	115.161951	-61.929700
	0.044954	-115.811157	115.161951	-61.929700
	0.044964	-114.734509	115.161951	-61.870100
	0.044973	-115.160392	115.161951	-61.810500
	0.044983	-115.883317	115.161951	-61.810500
	0.044992	-115.062726	115.161951	-61.810500
	0.045002	-116.405895	115.161951	-61.870100
	0.045011	-115.043427	115.161951	-61.989300
	0.045020	-114.665758	115.161951	-62.048900
	0.045030	-114.907416	115.161951	-62.048900
	0.045039	-114.991643	115.161951	-62.108500
	0.045049	-116.024498	115.161951	-62.108500
	0.045058	-116.607311	115.161951	-62.108500
	0.045068	-116.331372	115.161951	-62.048900
	0.045077	-116.837409	115.161951	-62.048900
	0.045087	-116.054250	115.161951	-61.989300
	0.045096	-117.852846	115.161951	-61.572100
	0.045106	-122.792057	115.161951	-60.320100
	0.045115	-123.086180	115.161951	-59.485700
	0.045125	-123.893747	115.161951	-59.008800
	0.045134	-125.464175	115.161951	-58.591600
	0.045144	-125.317436	115.161951	-58.412800
	0.045153	-126.013089	115.161951	-58.412800
	0.045162	-125.756569	115.161951	-58.353200
	0.045172	-125.965654	115.161951	-58.353200
	0.045181	-125.975835	115.161951	-58.353200
	0.045191	-125.478770	115.161951	-58.293600
	0.045200	-125.906611	115.161951	-58.293600
	0.045210	-126.350678	115.161951	-58.293600
	0.045219	-126.903160	115.161951	-58.293600
	0.045229	-126.431124	115.161951	-58.293600
	0.045238	-126.382060	115.161951	-58.353200
	0.045248	-126.896293	115.161951	-58.353200
	0.045257	-126.367522	115.161951	-58.293600
	0.045267	-127.097981	115.161951	-58.293600
	0.045276	-127.021538	115.161951	-58.234000
	0.045286	-127.965511	115.161951	-58.234000
	0.045295	-127.618739	115.161951	-58.234000
	0.045305	-126.692526	115.161951	-58.174400
	0.045314	-127.399722	115.161951	-58.174400
	0.045323	-126.398348	115.161951	-58.174400
	0.045333	-126.593877	115.161951	-58.174400
	0.045342	-126.952855	115.161951	-58.174400
	0.045352	-127.943599	115.161951	-58.114800
	0.045361	-126.563608	115.161951	-58.114800
	0.045371	-126.865855	115.161951	-58.114800
	0.045380	-127.797897	115.161951	-58.055200
	0.045390	-126.919185	115.161951	-58.114800
	0.045399	-127.590615	115.161951	-57.816700
	0.045409	-129.315913	115.161951	-57.518700
	0.045418	-129.800441	115.161951	-57.339900
	0.045428	-129.672951	115.161951	-57.220700
	0.045437	-129.647759	115.161951	-57.101500
	0.045447	-130.456568	115.161951	-57.041900
	0.045456	-130.420126	115.161951	-57.041900
	0.045465	-130.055280	115.161951	-56.982300
	0.045475	-130.382029	115.161951	-56.982300
	0.045484	-129.159377	115.161951	-56.982300
	0.045494	-129.348823	115.161951	-56.982300
	0.045503	-130.065022	115.161951	-56.982300
	0.045513	-129.737687	115.161951	-57.041900
	0.045522	-129.416339	115.161951	-57.041900
	0.045532	-129.545498	115.161951	-57.041900
	0.045541	-130.280242	115.161951	-57.041900
	0.045551	-130.318639	115.161951	-56.982300
	0.045560	-129.635074	115.161951	-57.041900
	0.045570	-129.731731	115.161951	-57.220700
	0.045579	-130.036901	115.161951	-57.280300
	0.045589	-130.035660	115.161951	-57.220700
	0.045598	-130.192740	115.161951	-57.161100
	0.045608	-130.283385	115.161951	-57.161100
	0.045617	-130.877319	115.161951	-57.220700
	0.045626	-130.438101	115.161951	-57.280300
	0.045636	-130.525061	115.161951	-57.280300
	0.045645	-131.235688	115.161951	-57.220700
	0.045655	-130.626727	115.161951	-57.220700
	0.045664	-130.769568	115.161951	-57.280300
	0.045674	-131.095817	115.161951	-57.280300
	0.045683	-131.303318	115.161951	-57.280300
	0.045693	-131.327604	115.161951	-57.280300
	0.045702	-131.443578	115.161951	-57.101500
	0.045712	-131.732063	115.161951	-57.101500
	0.045721	-131.050149	115.161951	-57.041900
	0.045731	-131.123634	115.161951	-57.041900
	0.045740	-130.785941	115.161951	-57.041900
	0.045750	-131.794689	115.161951	-56.863100
	0.045759	-134.088144	115.161951	-56.207400
	0.045768	-135.002993	115.161951	-56.028600
	0.045778	-134.551132	115.161951	-55.969000
	0.045787	-133.896434	115.161951	-55.969000
	0.045797	-135.465640	115.161951	-55.969000
	0.045806	-135.009287	115.161951	-56.088200
	0.045816	-134.846316	115.161951	-56.088200
	0.045825	-134.186329	115.161951	-56.088200
	0.045835	-134.819008	115.161951	-56.088200
	0.045844	-135.267382	115.161951	-56.088200
	0.045854	-134.668177	115.161951	-56.088200
	0.045863	-134.401204	115.161951	-56.028600
	0.045873	-134.083009	115.161951	-56.028600
	0.045882	-134.457613	115.161951	-56.028600
	0.045892	-134.721555	115.161951	-56.088200
	0.045901	-134.895172	115.161951	-56.088200
	0.045910	-135.462527	115.161951	-56.147800
	0.045920	-133.805661	115.161951	-56.088200
	0.045929	-134.576802	115.161951	-55.969000
	0.045939	-137.249989	115.161951	-55.372900
	0.045948	-137.811652	115.161951	-55.134500
	0.045958	-137.229691	115.161951	-55.074900
	0.045967	-137.183913	115.161951	-55.074900
	0.045977	-137.382696	115.161951	-55.074900
	0.045986	-136.840032	115.161951	-55.074900
	0.045996	-137.767292	115.161951	-55.015300
	0.046005	-137.850403	115.161951	-55.015300
	0.046015	-137.716376	115.161951	-55.015300
	0.046024	-137.913052	115.161951	-55.015300
	0.046034	-136.805364	115.161951	-55.015300
	0.046043	-137.223398	115.161951	-55.074900
	0.046053	-138.159079	115.161951	-55.015300
	0.046062	-136.225939	115.161951	-55.015300
	0.046071	-137.057148	115.161951	-55.074900
	0.046081	-137.245231	115.161951	-55.134500
	0.046090	-139.042067	115.161951	-54.896100
	0.046100	-138.711270	115.161951	-54.717300
	0.046109	-138.545213	115.161951	-54.717300
	0.046119	-138.209061	115.161951	-54.717300
	0.046128	-138.477958	115.161951	-54.717300
	0.046138	-138.863795	115.161951	-54.717300
	0.046147	-139.759731	115.161951	-54.717300
	0.046157	-139.199174	115.161951	-54.717300
	0.046166	-139.559645	115.161951	-54.717300
	0.046176	-139.138699	115.161951	-54.717300
	0.046185	-139.471640	115.161951	-54.717300
	0.046195	-139.251007	115.161951	-54.776900
	0.046204	-139.035895	115.161951	-54.717300
	0.046213	-138.690237	115.161951	-54.657700
	0.046223	-138.865905	115.161951	-54.598100
	0.046232	-139.195877	115.161951	-54.598100
	0.046242	-139.172010	115.161951	-54.598100
	0.046251	-139.063287	115.161951	-54.598100
	0.046261	-138.414401	115.161951	-54.538500
	0.046270	-138.544196	115.161951	-54.598100
	0.046280	-139.442278	115.161951	-54.598100
	0.046289	-139.577665	115.161951	-54.598100
	0.046299	-139.128560	115.161951	-54.598100
	0.046308	-139.626693	115.161951	-54.538500
	0.046318	-139.820889	115.161951	-54.478900
	0.046327	-139.573652	115.161951	-54.419300
	0.046337	-140.376499	115.161951	-54.419300
	0.046346	-140.051341	115.161951	-54.478900
	0.046356	-140.394355	115.161951	-54.598100
	0.046365	-139.316070	115.161951	-54.717300
	0.046374	-140.919189	115.161951	-54.717300
	0.046384	-141.063439	115.161951	-54.717300
	0.046393	-140.240783	115.161951	-54.717300
	0.046403	-141.076089	115.161951	-54.657700
	0.046412	-141.554440	115.161951	-54.538500
	0.046422	-141.498294	115.161951	-54.478900
	0.046431	-140.621694	115.161951	-54.478900
	0.046441	-141.134730	115.161951	-54.478900
	0.046450	-140.477582	115.161951	-54.419300
	0.046460	-140.426467	115.161951	-54.419300
	0.046469	-141.351989	115.161951	-54.359700
	0.046479	-140.758184	115.161951	-54.419300
	0.046488	-140.307807	115.161951	-54.419300
	0.046498	-141.227944	115.161951	-54.419300
	0.046507	-141.813519	115.161951	-54.419300
	0.046516	-140.063749	115.161951	-54.419300
	0.046526	-141.057318	115.161951	-54.419300
	0.046535	-141.579183	115.161951	-54.419300
	0.046545	-140.555441	115.161951	-54.478900
	0.046554	-140.468683	115.161951	-54.538500
	0.046564	-140.637930	115.161951	-54.478900
	0.046573	-140.741962	115.161951	-54.121300
	0.046583	-143.018916	115.161951	-52.988800
	0.046592	-143.270697	115.161951	-52.333100
	0.046602	-143.932744	115.161951	-52.154300
	0.046611	-143.483904	115.161951	-52.213900
	0.046621	-143.929429	115.161951	-52.213900
	0.046630	-143.338427	115.161951	-52.154300
	0.046640	-144.156269	115.161951	-52.213900
	0.046649	-143.968409	115.161951	-52.154300
	0.046659	-144.831452	115.161951	-52.094700
	0.046668	-144.662567	115.161951	-51.737100
	0.046677	-146.442415	115.161951	-51.439000
	0.046687	-146.766744	115.161951	-51.319800
	0.046696	-146.772028	115.161951	-51.319800
	0.046706	-145.190145	115.161951	-51.319800
	0.046715	-147.190206	115.161951	-51.260200
	0.046725	-146.619418	115.161951	-51.260200
	0.046734	-146.242512	115.161951	-51.260200
	0.046744	-146.942848	115.161951	-51.200600
	0.046753	-147.594753	115.161951	-51.260200
	0.046763	-148.736325	115.161951	-51.260200
	0.046772	-147.771282	115.161951	-51.200600
	0.046782	-147.570409	115.161951	-51.260200
	0.046791	-147.041372	115.161951	-51.319800
	0.046801	-146.471233	115.161951	-51.379400
	0.046810	-146.919224	115.161951	-51.319800
	0.046819	-146.607963	115.161951	-51.319800
	0.046829	-145.492223	115.161951	-51.379400
	0.046838	-145.686758	115.161951	-51.319800
	0.046848	-145.720913	115.161951	-51.319800
	0.046857	-146.190034	115.161951	-51.319800
	0.046867	-146.628583	115.161951	-51.260200
	0.046876	-145.338400	115.161951	-51.260200
	0.046886	-146.284159	115.161951	-51.260200
	0.046895	-146.456369	115.161951	-51.200600
	0.046905	-146.501623	115.161951	-51.141000
	0.046914	-146.734560	115.161951	-51.141000
	0.046924	-147.878541	115.161951	-51.200600
	0.046933	-146.785014	115.161951	-51.200600
	0.046943	-148.481640	115.161951	-51.141000
	0.046952	-147.719747	115.161951	-51.081400
	0.046962	-147.825856	115.161951	-51.021800
	0.046971	-149.068363	115.161951	-50.902600
	0.046980	-147.340116	115.161951	-50.843000
	0.046990	-148.571652	115.161951	-50.902600
	0.046999	-148.544233	115.161951	-50.902600
	0.047009	-148.170893	115.161951	-50.843000
	0.047018	-147.506087	115.161951	-50.843000
	0.047028	-148.640773	115.161951	-50.783400
	0.047037	-150.724302	115.161951	-50.545000
	0.047047	-149.847067	115.161951	-50.306600
	0.047056	-149.725590	115.161951	-50.187300
	0.047066	-151.221151	115.161951	-50.187300
	0.047075	-149.693103	115.161951	-50.127700
	0.047085	-150.823568	115.161951	-50.068100
	0.047094	-149.401442	115.161951	-50.068100
	0.047104	-149.982680	115.161951	-50.008500
	0.047113	-150.392504	115.161951	-50.008500
	0.047122	-150.725817	115.161951	-50.008500
	0.047132	-149.986200	115.161951	-50.008500
	0.047141	-150.249635	115.161951	-49.948900
	0.047151	-150.645867	115.161951	-50.008500
	0.047160	-149.711709	115.161951	-50.068100
	0.047170	-150.454967	115.161951	-50.127700
	0.047179	-151.760101	115.161951	-50.187300
	0.047189	-151.306893	115.161951	-50.246900
	0.047198	-150.824166	115.161951	-50.246900
	0.047208	-150.291007	115.161951	-50.246900
	0.047217	-151.616685	115.161951	-50.246900
	0.047227	-150.411419	115.161951	-50.187300
	0.047236	-150.636879	115.161951	-50.068100
	0.047246	-151.148700	115.161951	-50.068100
	0.047255	-151.234366	115.161951	-50.068100
	0.047265	-151.327243	115.161951	-50.127700
	0.047274	-150.653153	115.161951	-50.068100
	0.047283	-149.817032	115.161951	-50.068100
	0.047293	-150.546494	115.161951	-50.068100
	0.047302	-150.215890	115.161951	-50.068100
	0.047312	-150.442410	115.161951	-49.948900
	0.047321	-149.673566	115.161951	-49.948900
	0.047331	-149.988432	115.161951	-49.948900
	0.047340	-149.570540	115.161951	-49.948900
	0.047350	-150.223623	115.161951	-49.948900
	0.047359	-150.959314	115.161951	-49.412500
	0.047369	-151.586882	115.161951	-48.697200
	0.047378	-152.565349	115.161951	-48.339600
	0.047388	-152.442166	115.161951	-48.041600
	0.047397	-153.105225	115.161951	-47.982000
	0.047407	-152.670914	115.161951	-48.041600
	0.047416	-153.458281	115.161951	-48.041600
	0.047425	-152.255054	115.161951	-47.982000
	0.047435	-152.285951	115.161951	-47.982000
	0.047444	-152.892089	115.161951	-47.922400
	0.047454	-153.177676	115.161951	-47.803200
	0.047463	-153.487685	115.161951	-47.803200
	0.047473	-153.542141	115.161951	-47.803200
	0.047482	-151.514521	115.161951	-47.683900
	0.047492	-156.578521	115.161951	-47.207100
	0.047501	-154.865732	115.161951	-46.730300
	0.047511	-161.173390	115.161951	-45.717000
	0.047520	-162.705157	115.161951	-45.001700
	0.047530	-161.731141	115.161951	-44.942100
	0.047539	-162.002482	115.161951	-44.942100
	0.047549	-162.083778	115.161951	-44.882500
	0.047558	-161.970373	115.161951	-44.882500
	0.047568	-162.680174	115.161951	-44.882500
	0.047577	-163.000788	115.161951	-44.942100
	0.047586	-162.615617	115.161951	-44.942100
	0.047596	-163.556332	115.161951	-44.763300
	0.047605	-164.455737	115.161951	-44.644100
	0.047615	-164.333856	115.161951	-44.644100
	0.047624	-164.629870	115.161951	-44.524900
	0.047634	-166.812877	115.161951	-43.690400
	0.047643	-166.782313	115.161951	-43.273200
	0.047653	-167.575814	115.161951	-43.094400
	0.047662	-168.942139	115.161951	-42.736800
	0.047672	-169.116468	115.161951	-42.557900
	0.047681	-168.529043	115.161951	-42.498300
	0.047691	-168.678553	115.161951	-42.498300
	0.047700	-168.449872	115.161951	-42.557900
	0.047710	-168.465042	115.161951	-42.557900
	0.047719	-168.844158	115.161951	-42.498300
	0.047728	-168.474344	115.161951	-42.498300
	0.047738	-169.004881	115.161951	-42.498300
	0.047747	-167.868834	115.161951	-42.557900
	0.047757	-167.826798	115.161951	-42.557900
	0.047766	-168.484075	115.161951	-42.498300
	0.047776	-167.910741	115.161951	-42.498300
	0.047785	-167.691610	115.161951	-42.438700
	0.047795	-168.139652	115.161951	-42.438700
	0.047804	-167.954220	115.161951	-42.438700
	0.047814	-166.874661	115.161951	-42.438700
	0.047823	-167.711627	115.161951	-42.498300
	0.047833	-168.049506	115.161951	-42.498300
	0.047842	-168.670742	115.161951	-42.498300
	0.047852	-168.459885	115.161951	-42.498300
	0.047861	-168.416811	115.161951	-42.498300
	0.047871	-167.655039	115.161951	-42.557900
	0.047880	-167.627351	115.161951	-42.498300
	0.047889	-168.040837	115.161951	-42.557900
	0.047899	-168.829982	115.161951	-42.617600
	0.047908	-170.191783	115.161951	-42.557900
	0.047918	-168.172762	115.161951	-42.617600
	0.047927	-168.834484	115.161951	-42.617600
	0.047937	-169.194208	115.161951	-42.617600
	0.047946	-170.231153	115.161951	-42.617600
	0.047956	-168.691621	115.161951	-42.617600
	0.047965	-167.829997	115.161951	-42.617600
	0.047975	-168.338944	115.161951	-42.557900
	0.047984	-168.407580	115.161951	-42.557900
	0.047994	-169.848458	115.161951	-42.617600
	0.048003	-168.713463	115.161951	-42.498300
	0.048013	-170.251828	115.161951	-42.498300
	0.048022	-169.730864	115.161951	-42.498300
	0.048031	-169.668401	115.161951	-42.438700
	0.048041	-169.844089	115.161951	-42.438700
	0.048050	-169.723798	115.161951	-42.498300
	0.048060	-169.027952	115.161951	-42.438700
	0.048069	-168.194033	115.161951	-42.498300
	0.048079	-169.384005	115.161951	-42.498300
	0.048088	-168.850685	115.161951	-42.498300
	0.048098	-168.160272	115.161951	-42.498300
	0.048107	-168.672993	115.161951	-42.498300
	0.048117	-168.095612	115.161951	-42.498300
	0.048126	-168.947390	115.161951	-42.498300
	0.048136	-167.794862	115.161951	-42.379100
	0.048145	-168.630361	115.161951	-42.200300
	0.048155	-174.094186	115.161951	-41.067800
	0.048164	-174.657110	115.161951	-40.531400
	0.048174	-174.105909	115.161951	-40.352600
	0.048183	-176.470297	115.161951	-40.173800
	0.048192	-175.140872	115.161951	-40.173800
	0.048202	-175.100011	115.161951	-40.233400
	0.048211	-175.228293	115.161951	-40.233400
	0.048221	-175.425957	115.161951	-40.233400
	0.048230	-175.084200	115.161951	-40.173800
	0.048240	-176.378777	115.161951	-40.114200
	0.048249	-176.595677	115.161951	-40.173800
	0.048259	-177.077012	115.161951	-40.173800
	0.048268	-176.285932	115.161951	-40.114200
	0.048278	-176.323612	115.161951	-40.114200
	0.048287	-175.667331	115.161951	-40.173800
	0.048297	-175.917623	115.161951	-40.173800
	0.048306	-176.036667	115.161951	-40.054600
	0.048316	-176.037093	115.161951	-40.054600
	0.048325	-175.728056	115.161951	-40.114200
	0.048334	-175.529638	115.161951	-40.114200
	0.048344	-176.265340	115.161951	-40.054600
	0.048353	-176.077990	115.161951	-40.054600
	0.048363	-175.759213	115.161951	-40.054600
	0.048372	-176.573981	115.161951	-40.054600
	0.048382	-176.531838	115.161951	-40.054600
	0.048391	-175.235307	115.161951	-39.935300
	0.048401	-175.631991	115.161951	-39.875700
	0.048410	-176.106773	115.161951	-39.875700
	0.048420	-176.468978	115.161951	-39.875700
	0.048429	-176.230028	115.161951	-39.875700
	0.048439	-177.370402	115.161951	-39.816100
	0.048448	-176.502234	115.161951	-39.816100
	0.048458	-176.662356	115.161951	-39.756500
	0.048467	-175.892030	115.161951	-39.816100
	0.048477	-178.345930	115.161951	-39.816100
	0.048486	-176.736989	115.161951	-39.756500
	0.048495	-177.135116	115.161951	-39.696900
	0.048505	-177.254363	115.161951	-39.756500
	0.048514	-176.999971	115.161951	-39.756500
	0.048524	-176.744326	115.161951	-39.637300
	0.048533	-176.844117	115.161951	-39.637300
	0.048543	-175.908497	115.161951	-39.637300
	0.048552	-177.442251	115.161951	-39.577700
	0.048562	-176.286276	115.161951	-39.577700
	0.048571	-176.832422	115.161951	-39.518100
	0.048581	-176.343969	115.161951	-39.518100
	0.048590	-176.878442	115.161951	-39.518100
	0.048600	-175.380635	115.161951	-39.518100
	0.048609	-177.437847	115.161951	-39.518100
	0.048619	-177.482387	115.161951	-39.518100
	0.048628	-176.630810	115.161951	-39.518100
	0.048637	-177.153187	115.161951	-39.518100
	0.048647	-176.973130	115.161951	-39.458500
	0.048656	-177.379926	115.161951	-39.398900
	0.048666	-176.454654	115.161951	-39.339300
	0.048675	-176.513552	115.161951	-39.339300
	0.048685	-176.994558	115.161951	-39.339300
	0.048694	-176.526614	115.161951	-39.339300
	0.048704	-176.431032	115.161951	-39.339300
	0.048713	-176.009217	115.161951	-39.279700
	0.048723	-176.167975	115.161951	-39.279700
	0.048732	-176.201515	115.161951	-39.339300
	0.048742	-175.867621	115.161951	-39.339300
	0.048751	-175.180502	115.161951	-39.339300
	0.048761	-175.937514	115.161951	-39.339300
	0.048770	-176.117897	115.161951	-39.339300
	0.048780	-175.875609	115.161951	-39.339300
	0.048789	-174.471662	115.161951	-39.339300
	0.048798	-176.287370	115.161951	-39.279700
	0.048808	-175.332933	115.161951	-39.220100
	0.048817	-176.330986	115.161951	-39.279700
	0.048827	-176.862745	115.161951	-39.279700
	0.048836	-176.168140	115.161951	-39.279700
	0.048846	-175.924907	115.161951	-39.220100
	0.048855	-175.169341	115.161951	-39.220100
	0.048865	-175.859231	115.161951	-39.279700
	0.048874	-176.575606	115.161951	-39.279700
	0.048884	-175.145533	115.161951	-39.279700
	0.048893	-175.362984	115.161951	-39.279700
	0.048903	-176.510855	115.161951	-39.279700
	0.048912	-175.571144	115.161951	-39.279700
	0.048922	-176.721103	115.161951	-39.279700
	0.048931	-176.145862	115.161951	-39.279700
	0.048940	-175.338330	115.161951	-39.220100
	0.048950	-175.480568	115.161951	-39.279700
	0.048959	-175.708982	115.161951	-39.279700
	0.048969	-176.862824	115.161951	-39.279700
	0.048978	-176.374426	115.161951	-39.279700
	0.048988	-175.860968	115.161951	-39.279700
	0.048997	-175.301327	115.161951	-39.279700
	0.049007	-176.435676	115.161951	-39.279700
	0.049016	-176.369447	115.161951	-39.220100
	0.049026	-176.337838	115.161951	-39.160500
	0.049035	-176.698750	115.161951	-39.041300
	0.049045	-175.866575	115.161951	-38.981700
	0.049054	-176.752175	115.161951	-38.922100
	0.049064	-177.369499	115.161951	-38.981700
	0.049073	-176.550304	115.161951	-38.981700
	0.049083	-177.422822	115.161951	-38.922100
	0.049092	-176.878268	115.161951	-38.862500
	0.049101	-177.092906	115.161951	-38.922100
	0.049111	-176.675298	115.161951	-38.922100
	0.049120	-176.717370	115.161951	-38.922100
	0.049130	-176.233472	115.161951	-38.862500
	0.049139	-176.042106	115.161951	-38.862500
	0.049149	-175.942021	115.161951	-38.802900
	0.049158	-176.783802	115.161951	-38.862500
	0.049168	-176.056250	115.161951	-38.922100
	0.049177	-177.856644	115.161951	-38.802900
	0.049187	-177.346573	115.161951	-38.743300
	0.049196	-177.098125	115.161951	-38.743300
	0.049206	-177.917948	115.161951	-38.802900
	0.049215	-175.815062	115.161951	-38.802900
	0.049225	-177.127337	115.161951	-38.743300
	0.049234	-177.073880	115.161951	-38.743300
	0.049243	-177.074663	115.161951	-38.743300
	0.049253	-176.863383	115.161951	-38.743300
	0.049262	-177.310511	115.161951	-38.743300
	0.049272	-176.682164	115.161951	-38.743300
	0.049281	-176.467527	115.161951	-38.802900
	0.049291	-176.893527	115.161951	-38.802900
	0.049300	-177.236686	115.161951	-38.743300
	0.049310	-176.313665	115.161951	-38.743300
	0.049319	-176.691748	115.161951	-38.743300
	0.049329	-176.684799	115.161951	-38.743300
	0.049338	-177.858034	115.161951	-38.802900
	0.049348	-178.142663	115.161951	-38.802900
	0.049357	-177.275117	115.161951	-38.802900
	0.049367	-178.228764	115.161951	-38.743300
	0.049376	-177.992328	115.161951	-38.743300
	0.049386	-177.442472	115.161951	-38.802900
	0.049395	-178.611607	115.161951	-38.445200
	0.049404	-178.870755	115.161951	-38.087600
	0.049414	-179.717873	115.161951	-37.968400
	0.049423	-179.727943	115.161951	-38.028000
	0.049433	-180.001983	115.161951	-38.087600
	0.049442	-179.226385	115.161951	-38.087600
	0.049452	-180.388323	115.161951	-37.968400
	0.049461	-179.509961	115.161951	-37.968400
	0.049471	-180.244199	115.161951	-37.908800
	0.049480	-179.884200	115.161951	-37.908800
	0.049490	-179.726623	115.161951	-37.908800
	0.049499	-181.310096	115.161951	-37.968400
	0.049509	-180.725335	115.161951	-37.968400
	0.049518	-179.707468	115.161951	-37.968400
	0.049528	-181.430165	115.161951	-37.908800
	0.049537	-179.665938	115.161951	-37.849200
	0.049546	-179.563358	115.161951	-37.849200
	0.049556	-179.337010	115.161951	-37.908800
	0.049565	-179.528718	115.161951	-37.908800
	0.049575	-179.879150	115.161951	-37.849200
	0.049584	-180.141737	115.161951	-37.908800
	0.049594	-180.157277	115.161951	-37.908800
	0.049603	-178.822343	115.161951	-37.908800
	0.049613	-178.927991	115.161951	-37.908800
	0.049622	-178.873031	115.161951	-37.908800
	0.049632	-178.451893	115.161951	-37.968400
	0.049641	-178.766383	115.161951	-37.908800
	0.049651	-179.115547	115.161951	-37.849200
	0.049660	-178.829078	115.161951	-37.908800
	0.049670	-179.305222	115.161951	-37.849200
	0.049679	-178.729447	115.161951	-37.849200
	0.049689	-180.762838	115.161951	-37.849200
	0.049698	-180.445692	115.161951	-37.849200
	0.049707	-180.370906	115.161951	-37.849200
	0.049717	-179.164216	115.161951	-37.849200
	0.049726	-179.719791	115.161951	-37.789600
	0.049736	-179.298538	115.161951	-37.789600
	0.049745	-179.795794	115.161951	-37.789600
	0.049755	-178.478176	115.161951	-37.789600
	0.049764	-180.003201	115.161951	-37.789600
	0.049774	-179.406819	115.161951	-37.789600
	0.049783	-178.996122	115.161951	-37.849200
	0.049793	-179.479866	115.161951	-37.849200
	0.049802	-179.502878	115.161951	-37.849200
	0.049812	-180.073356	115.161951	-37.908800
	0.049821	-179.085511	115.161951	-37.908800
	0.049831	-179.326651	115.161951	-37.908800
	0.049840	-180.437346	115.161951	-37.908800
	0.049849	-179.328056	115.161951	-37.908800
	0.049859	-180.111422	115.161951	-37.908800
	0.049868	-180.081214	115.161951	-37.908800
	0.049878	-179.989018	115.161951	-37.968400
	0.049887	-179.474871	115.161951	-37.908800
	0.049897	-179.618220	115.161951	-37.849200
	0.049906	-180.068866	115.161951	-37.908800
	0.049916	-179.686382	115.161951	-37.908800
	0.049925	-180.600186	115.161951	-37.968400
	0.049935	-179.367678	115.161951	-37.908800
	0.049944	-179.363556	115.161951	-37.908800
	0.049954	-180.572659	115.161951	-37.908800
	0.049963	-180.471795	115.161951	-37.908800
	0.049973	-180.702241	115.161951	-37.968400
	0.049982	-180.808536	115.161951	-37.968400
	0.049991	-180.191709	115.161951	-37.968400
	0.050001	-180.473785	115.161951	-38.028000
	0.050010	-181.485648	115.161951	-38.028000
	0.050020	-179.462623	115.161951	-37.968400
	0.050029	-180.141432	115.161951	-37.968400
	0.050039	-180.164240	115.161951	-38.028000
	0.050048	-179.694161	115.161951	-38.087600
	0.050058	-179.877492	115.161951	-38.087600
	0.050067	-179.581661	115.161951	-38.087600
	0.050077	-179.389046	115.161951	-38.087600
	0.050086	-180.200103	115.161951	-38.087600
	0.050096	-179.393666	115.161951	-38.087600
	0.050105	-180.081576	115.161951	-38.087600
	0.050115	-178.735697	115.161951	-38.087600
	0.050124	-180.092323	115.161951	-38.087600
	0.050134	-179.016240	115.161951	-38.087600
	0.050143	-180.502865	115.161951	-38.087600
	0.050152	-179.633530	115.161951	-38.087600
	0.050162	-179.797150	115.161951	-38.087600
	0.050171	-180.888856	115.161951	-38.147200
	0.050181	-179.426580	115.161951	-38.147200
	0.050190	-179.873786	115.161951	-38.147200
	0.050200	-179.103615	115.161951	-38.206800
	0.050209	-178.509882	115.161951	-38.206800
	0.050219	-179.185052	115.161951	-38.266400
	0.050228	-179.737454	115.161951	-38.266400
	0.050238	-178.765637	115.161951	-38.266400
	0.050247	-178.686244	115.161951	-38.206800
	0.050257	-179.324443	115.161951	-38.206800
	0.050266	-178.887780	115.161951	-38.206800
	0.050276	-179.193722	115.161951	-38.266400
	0.050285	-179.363766	115.161951	-38.266400
	0.050294	-180.784029	115.161951	-38.266400
	0.050304	-180.572336	115.161951	-38.266400
	0.050313	-181.152105	115.161951	-38.385600
	0.050323	-180.764449	115.161951	-38.385600
	0.050332	-180.474449	115.161951	-38.385600
	0.050342	-180.276187	115.161951	-38.326000
	0.050351	-180.122451	115.161951	-38.326000
	0.050361	-180.673127	115.161951	-38.266400
	0.050370	-179.775732	115.161951	-38.266400
	0.050380	-180.581948	115.161951	-38.206800
	0.050389	-180.163171	115.161951	-38.206800
	0.050399	-180.306106	115.161951	-38.206800
	0.050408	-179.799871	115.161951	-38.206800
	0.050418	-179.639924	115.161951	-38.206800
	0.050427	-180.852726	115.161951	-38.206800
	0.050437	-180.472285	115.161951	-38.206800
	0.050446	-179.842769	115.161951	-38.266400
	0.050455	-180.370851	115.161951	-38.326000
	0.050465	-180.845237	115.161951	-38.326000
	0.050474	-179.956328	115.161951	-38.326000
	0.050484	-180.122635	115.161951	-38.385600
