	-0.071022	-0.130484	115.161951	-15.318500
	-0.068270	-0.045817	115.161951	-15.378100
	-0.065518	-0.392636	115.161951	-15.437700
	-0.062767	-0.248614	115.161951	-15.616500
	-0.060015	0.388766	115.161951	-15.735700
	-0.057264	-0.509056	115.161951	-15.974200
	-0.054512	-0.677901	115.161951	-16.272200
	-0.051760	-1.404172	115.161951	-16.451000
	-0.049009	-0.157276	115.161951	-16.749000
	-0.046257	-2.024852	115.161951	-16.987400
	-0.043506	-0.715022	115.161951	-17.166300
	-0.040754	-0.099737	115.161951	-17.523900
	-0.038002	0.095147	115.161951	-17.821900
	-0.035251	-0.852570	115.161951	-18.119900
	-0.032499	0.277370	115.161951	-18.418000
	-0.029748	-0.100317	115.161951	-18.775600
	-0.026996	-0.803736	115.161951	-19.073600
	-0.024245	-0.042897	115.161951	-19.490800
	-0.021493	-1.701980	115.161951	-19.848500
	-0.018741	-0.914258	115.161951	-20.384900
	-0.015990	-2.802826	115.161951	-20.981000
	-0.013238	-2.901762	115.161951	-21.577000
	-0.010487	-2.860085	115.161951	-22.053800
	-0.007735	-1.639290	115.161951	-22.649900
	-0.004984	-3.076134	115.161951	-23.305500
	-0.002232	-4.172054	115.161951	-24.199600
	0.000520	-4.315430	115.161951	-24.974500
	0.003271	-3.790418	115.161951	-25.689700
	0.006023	-4.416895	115.161951	-26.583800
	0.008774	-4.801252	115.161951	-28.073900
	0.011526	-4.716189	115.161951	-29.266000
	0.014278	-5.284512	115.161951	-30.756200
	0.017029	-7.408307	115.161951	-32.306000
	0.019781	-8.237270	115.161951	-34.332500
	0.022532	-8.681632	115.161951	-37.133900
	0.025284	-10.559953	115.161951	-39.756500
	0.028036	-11.233921	115.161951	-42.617600
	0.030787	-14.111035	115.161951	-46.253400
	0.033539	-16.005548	115.161951	-51.856300
	0.036290	-16.046002	115.161951	-56.088200
	0.036290	-20.932612	115.161951	-61.631700
	0.036300	-21.436062	115.161951	-63.360200
	0.036309	-21.281588	115.161951	-63.837000
	0.036319	-20.887750	115.161951	-64.015900
	0.036328	-20.755531	115.161951	-64.015900
	0.036338	-20.896288	115.161951	-64.075500
	0.036347	-21.128623	115.161951	-64.075500
	0.036357	-20.695426	115.161951	-64.075500
	0.036366	-19.720488	115.161951	-64.075500
	0.036376	-19.593792	115.161951	-64.075500
	0.036385	-20.318546	115.161951	-64.135100
	0.036394	-20.473366	115.161951	-64.135100
	0.036404	-20.724936	115.161951	-64.254300
	0.036413	-20.518503	115.161951	-64.254300
	0.036423	-20.874763	115.161951	-64.135100
	0.036432	-19.434237	115.161951	-64.135100
	0.036442	-20.799061	115.161951	-64.254300
	0.036451	-20.389586	115.161951	-64.254300
	0.036461	-19.817859	115.161951	-64.313900
	0.036470	-20.925585	115.161951	-64.313900
	0.036480	-20.362490	115.161951	-64.313900
	0.036489	-20.209348	115.161951	-64.313900
	0.036499	-19.732541	115.161951	-64.313900
	0.036508	-21.447516	115.161951	-64.373500
	0.036518	-20.387261	115.161951	-64.433100
	0.036527	-19.823849	115.161951	-64.433100
	0.036537	-19.662729	115.161951	-64.433100
	0.036546	-19.743801	115.161951	-64.433100
	0.036555	-20.978741	115.161951	-64.433100
	0.036565	-19.907691	115.161951	-64.492700
	0.036574	-19.624490	115.161951	-64.552300
	0.036584	-19.557130	115.161951	-64.611900
	0.036593	-20.189851	115.161951	-64.611900
	0.036603	-20.092183	115.161951	-64.671500
	0.036612	-21.442347	115.161951	-64.671500
	0.036622	-20.529271	115.161951	-64.671500
	0.036631	-20.944056	115.161951	-64.671500
	0.036641	-21.279795	115.161951	-64.731100
	0.036650	-20.402231	115.161951	-64.790700
	0.036660	-22.497272	115.161951	-64.850300
	0.036669	-21.222964	115.161951	-64.850300
	0.036679	-20.261783	115.161951	-64.790700
	0.036688	-21.476098	115.161951	-64.850300
	0.036697	-20.121865	115.161951	-64.850300
	0.036707	-20.691077	115.161951	-64.969500
	0.036716	-20.474700	115.161951	-64.969500
	0.036726	-21.933573	115.161951	-64.909900
	0.036735	-20.579044	115.161951	-65.029100
	0.036745	-21.278713	115.161951	-65.148300
	0.036754	-21.091285	115.161951	-65.148300
	0.036764	-20.526933	115.161951	-65.148300
	0.036773	-20.899778	115.161951	-65.148300
	0.036783	-20.717729	115.161951	-65.148300
	0.036792	-21.235883	115.161951	-65.207900
	0.036802	-22.200270	115.161951	-65.148300
	0.036811	-21.316461	115.161951	-65.207900
	0.036821	-20.925233	115.161951	-65.267600
	0.036830	-21.358542	115.161951	-65.267600
	0.036840	-22.326924	115.161951	-65.267600
	0.036849	-21.366204	115.161951	-65.267600
	0.036858	-22.374478	115.161951	-65.327200
	0.036868	-22.302219	115.161951	-65.386800
	0.036877	-21.366001	115.161951	-65.446400
	0.036887	-21.534715	115.161951	-65.506000
	0.036896	-21.701158	115.161951	-65.506000
	0.036906	-21.448980	115.161951	-65.506000
	0.036915	-20.968239	115.161951	-65.506000
	0.036925	-21.777729	115.161951	-65.565600
	0.036934	-22.358525	115.161951	-65.625200
	0.036944	-21.872077	115.161951	-65.684800
	0.036953	-20.611631	115.161951	-65.744400
	0.036963	-19.794561	115.161951	-65.744400
	0.036972	-20.765030	115.161951	-65.804000
	0.036982	-20.932520	115.161951	-65.744400
	0.036991	-21.414819	115.161951	-65.744400
	0.037000	-21.860424	115.161951	-65.744400
	0.037010	-21.450794	115.161951	-65.804000
	0.037019	-21.268855	115.161951	-65.804000
	0.037029	-21.797142	115.161951	-65.804000
	0.037038	-21.842577	115.161951	-65.863600
	0.037048	-21.574698	115.161951	-65.863600
	0.037057	-21.573113	115.161951	-65.863600
	0.037067	-22.329577	115.161951	-65.863600
	0.037076	-21.255972	115.161951	-65.923200
	0.037086	-20.639520	115.161951	-65.982800
	0.037095	-21.584056	115.161951	-65.982800
	0.037105	-21.055644	115.161951	-65.982800
	0.037114	-22.137408	115.161951	-65.982800
	0.037124	-21.172328	115.161951	-65.982800
	0.037133	-21.747450	115.161951	-65.982800
	0.037143	-21.261776	115.161951	-66.042400
	0.037152	-21.283048	115.161951	-66.042400
	0.037161	-21.429893	115.161951	-66.042400
	0.037171	-20.720272	115.161951	-65.982800
	0.037180	-19.778524	115.161951	-66.042400
	0.037190	-21.270602	115.161951	-66.042400
	0.037199	-20.606139	115.161951	-66.042400
	0.037209	-21.279263	115.161951	-66.042400
	0.037218	-20.990962	115.161951	-66.042400
	0.037228	-20.190202	115.161951	-66.042400
	0.037237	-20.160504	115.161951	-66.102000
	0.037247	-19.803722	115.161951	-66.102000
	0.037256	-21.317910	115.161951	-66.102000
	0.037266	-21.190011	115.161951	-66.042400
	0.037275	-20.439937	115.161951	-66.042400
	0.037285	-20.927128	115.161951	-66.042400
	0.037294	-21.106987	115.161951	-66.102000
	0.037303	-20.434810	115.161951	-66.102000
	0.037313	-21.170045	115.161951	-66.102000
	0.037322	-20.904938	115.161951	-66.102000
	0.037332	-20.838140	115.161951	-66.102000
	0.037341	-20.956408	115.161951	-66.161600
	0.037351	-20.485163	115.161951	-66.161600
	0.037360	-21.252975	115.161951	-66.161600
	0.037370	-20.225049	115.161951	-66.161600
	0.037379	-20.455425	115.161951	-66.161600
	0.037389	-20.854597	115.161951	-66.161600
	0.037398	-20.963791	115.161951	-66.221200
	0.037408	-20.060935	115.161951	-66.221200
	0.037417	-20.728957	115.161951	-66.280800
	0.037427	-20.754247	115.161951	-66.280800
	0.037436	-20.058709	115.161951	-66.280800
	0.037446	-19.812414	115.161951	-66.280800
	0.037455	-19.743677	115.161951	-66.221200
	0.037464	-20.470014	115.161951	-66.280800
	0.037474	-21.081977	115.161951	-66.221200
	0.037483	-20.533142	115.161951	-66.280800
	0.037493	-20.618495	115.161951	-66.340400
	0.037502	-21.530009	115.161951	-66.340400
	0.037512	-21.585161	115.161951	-66.340400
	0.037521	-22.231279	115.161951	-66.340400
	0.037531	-20.823224	115.161951	-66.400000
	0.037540	-21.077543	115.161951	-66.400000
	0.037550	-21.641728	115.161951	-66.400000
	0.037559	-22.193069	115.161951	-66.400000
	0.037569	-22.332130	115.161951	-66.400000
	0.037578	-21.896651	115.161951	-66.400000
	0.037588	-21.870394	115.161951	-66.459600
	0.037597	-22.022885	115.161951	-66.400000
	0.037606	-21.966469	115.161951	-66.459600
	0.037616	-21.053255	115.161951	-66.400000
	0.037625	-21.432697	115.161951	-66.400000
	0.037635	-21.510248	115.161951	-66.400000
	0.037644	-21.843681	115.161951	-66.459600
	0.037654	-22.471482	115.161951	-66.459600
	0.037663	-21.627704	115.161951	-66.519200
	0.037673	-22.050012	115.161951	-66.519200
	0.037682	-21.455858	115.161951	-66.519200
	0.037692	-21.369843	115.161951	-66.519200
	0.037701	-21.305420	115.161951	-66.578900
	0.037711	-20.705510	115.161951	-66.578900
	0.037720	-21.191222	115.161951	-66.578900
	0.037730	-20.843867	115.161951	-66.638500
	0.037739	-21.534348	115.161951	-66.638500
	0.037748	-20.190498	115.161951	-66.578900
	0.037758	-22.270091	115.161951	-66.578900
	0.037767	-21.036784	115.161951	-66.578900
	0.037777	-21.635896	115.161951	-66.519200
	0.037786	-21.481953	115.161951	-66.578900
	0.037796	-20.950668	115.161951	-66.638500
	0.037805	-21.282134	115.161951	-66.638500
	0.037815	-21.058512	115.161951	-66.578900
	0.037824	-22.977298	115.161951	-66.638500
	0.037834	-21.708377	115.161951	-66.638500
	0.037843	-21.465913	115.161951	-66.698100
	0.037853	-20.678577	115.161951	-66.817300
	0.037862	-20.765611	115.161951	-66.817300
	0.037872	-20.712436	115.161951	-66.817300
	0.037881	-20.770797	115.161951	-66.817300
	0.037891	-21.889219	115.161951	-66.817300
	0.037900	-20.909491	115.161951	-66.817300
	0.037909	-21.939726	115.161951	-66.817300
	0.037919	-21.116304	115.161951	-66.876900
	0.037928	-20.990187	115.161951	-66.936500
	0.037938	-22.747787	115.161951	-66.936500
	0.037947	-23.104182	115.161951	-66.936500
	0.037957	-21.590676	115.161951	-66.936500
	0.037966	-22.247094	115.161951	-67.055700
	0.037976	-22.888109	115.161951	-67.055700
	0.037985	-22.004792	115.161951	-67.055700
	0.037995	-23.150359	115.161951	-67.055700
	0.038004	-22.328848	115.161951	-67.115300
	0.038014	-21.729640	115.161951	-67.174900
	0.038023	-21.147430	115.161951	-67.174900
	0.038033	-21.777681	115.161951	-67.115300
	0.038042	-22.567107	115.161951	-67.115300
	0.038051	-22.394550	115.161951	-67.234500
	0.038061	-22.183087	115.161951	-67.234500
	0.038070	-21.181926	115.161951	-67.294100
	0.038080	-22.088492	115.161951	-67.294100
	0.038089	-22.405180	115.161951	-67.353700
	0.038099	-21.721860	115.161951	-67.353700
	0.038108	-23.070208	115.161951	-67.413300
	0.038118	-21.336903	115.161951	-67.413300
	0.038127	-21.925277	115.161951	-67.472900
	0.038137	-21.396241	115.161951	-67.472900
	0.038146	-21.874261	115.161951	-67.532500
	0.038156	-22.839166	115.161951	-67.532500
	0.038165	-20.799191	115.161951	-67.651700
	0.038175	-22.519254	115.161951	-67.651700
	0.038184	-22.591197	115.161951	-67.651700
	0.038194	-21.612243	115.161951	-67.651700
	0.038203	-22.177124	115.161951	-67.711300
	0.038212	-21.628754	115.161951	-67.651700
	0.038222	-22.923174	115.161951	-67.711300
	0.038231	-21.728534	115.161951	-67.770900
	0.038241	-22.498172	115.161951	-67.830600
	0.038250	-20.877162	115.161951	-67.890200
	0.038260	-21.646303	115.161951	-67.890200
	0.038269	-22.074446	115.161951	-67.949800
	0.038279	-22.425482	115.161951	-68.009400
	0.038288	-23.495926	115.161951	-68.069000
	0.038298	-21.937790	115.161951	-68.128600
	0.038307	-22.096938	115.161951	-68.188200
	0.038317	-22.934460	115.161951	-68.188200
	0.038326	-22.659581	115.161951	-68.188200
	0.038336	-22.025384	115.161951	-68.247800
	0.038345	-21.990630	115.161951	-68.307400
	0.038354	-22.215883	115.161951	-68.307400
	0.038364	-22.308882	115.161951	-68.307400
	0.038373	-24.027899	115.161951	-68.307400
	0.038383	-23.409182	115.161951	-68.367000
	0.038392	-23.407186	115.161951	-68.367000
	0.038402	-23.737090	115.161951	-68.367000
	0.038411	-22.944508	115.161951	-68.486200
	0.038421	-22.311698	115.161951	-68.545800
	0.038430	-22.481454	115.161951	-68.605400
	0.038440	-22.316331	115.161951	-68.605400
	0.038449	-22.579395	115.161951	-68.605400
	0.038459	-22.672152	115.161951	-68.605400
	0.038468	-22.660376	115.161951	-68.665000
	0.038478	-21.777338	115.161951	-68.665000
	0.038487	-23.234464	115.161951	-68.784200
	0.038497	-22.354479	115.161951	-68.843800
	0.038506	-21.798828	115.161951	-68.903400
	0.038515	-21.991943	115.161951	-68.903400
	0.038525	-22.040827	115.161951	-68.963000
	0.038534	-22.083638	115.161951	-68.963000
	0.038544	-22.500899	115.161951	-69.022600
	0.038553	-21.958994	115.161951	-69.082200
	0.038563	-22.016067	115.161951	-69.022600
	0.038572	-22.877801	115.161951	-69.022600
	0.038582	-22.225845	115.161951	-69.082200
	0.038591	-23.538838	115.161951	-69.141900
	0.038601	-22.717114	115.161951	-69.141900
	0.038610	-23.585536	115.161951	-69.141900
	0.038620	-23.565155	115.161951	-69.141900
	0.038629	-21.905843	115.161951	-69.201500
	0.038639	-22.318927	115.161951	-69.201500
	0.038648	-21.955879	115.161951	-69.201500
	0.038657	-21.909912	115.161951	-69.201500
	0.038667	-21.713987	115.161951	-69.380300
	0.038676	-22.168633	115.161951	-69.380300
	0.038686	-22.158486	115.161951	-69.380300
	0.038695	-21.836338	115.161951	-69.499500
	0.038705	-22.886226	115.161951	-69.499500
	0.038714	-22.314394	115.161951	-69.499500
	0.038724	-20.758765	115.161951	-69.499500
	0.038733	-22.540398	115.161951	-69.499500
	0.038743	-21.328649	115.161951	-69.559100
	0.038752	-22.157305	115.161951	-69.618700
	0.038762	-21.592455	115.161951	-69.499500
	0.038771	-20.461258	115.161951	-69.678300
	0.038781	-20.898074	115.161951	-69.678300
	0.038790	-22.236509	115.161951	-69.737900
	0.038800	-21.579385	115.161951	-69.737900
	0.038809	-22.094839	115.161951	-69.797500
	0.038818	-22.097380	115.161951	-69.797500
	0.038828	-22.749447	115.161951	-69.797500
	0.038837	-23.143413	115.161951	-69.916700
	0.038847	-22.299425	115.161951	-69.916700
	0.038856	-22.332851	115.161951	-69.857100
	0.038866	-22.438372	115.161951	-69.916700
	0.038875	-22.871010	115.161951	-69.916700
	0.038885	-23.108636	115.161951	-70.035900
	0.038894	-22.547172	115.161951	-69.976300
	0.038904	-23.429479	115.161951	-69.976300
	0.038913	-22.599983	115.161951	-70.035900
	0.038923	-22.072136	115.161951	-70.095500
	0.038932	-22.238794	115.161951	-70.095500
	0.038942	-23.116620	115.161951	-70.095500
	0.038951	-23.725347	115.161951	-70.035900
	0.038960	-24.367367	115.161951	-70.095500
	0.038970	-23.236854	115.161951	-70.155100
	0.038979	-22.930328	115.161951	-70.155100
	0.038989	-22.864273	115.161951	-70.214700
	0.038998	-22.080469	115.161951	-70.274300
	0.039008	-22.029403	115.161951	-70.274300
	0.039017	-21.442806	115.161951	-70.155100
	0.039027	-22.672900	115.161951	-70.214700
	0.039036	-21.275180	115.161951	-70.333900
	0.039046	-21.613403	115.161951	-70.274300
	0.039055	-22.430018	115.161951	-70.333900
	0.039065	-22.475887	115.161951	-70.333900
	0.039074	-21.414512	115.161951	-70.274300
	0.039084	-23.934531	115.161951	-70.274300
	0.039093	-21.674163	115.161951	-70.333900
	0.039103	-22.569750	115.161951	-70.333900
	0.039112	-22.562951	115.161951	-70.274300
	0.039121	-23.162062	115.161951	-70.333900
	0.039131	-24.225002	115.161951	-70.333900
	0.039140	-24.438038	115.161951	-70.453200
	0.039150	-22.844375	115.161951	-70.393600
	0.039159	-23.358666	115.161951	-70.393600
	0.039169	-23.425880	115.161951	-70.393600
	0.039178	-23.037323	115.161951	-70.453200
	0.039188	-23.918052	115.161951	-70.512800
	0.039197	-24.099344	115.161951	-70.512800
	0.039207	-23.702408	115.161951	-70.453200
	0.039216	-24.378080	115.161951	-70.453200
	0.039226	-23.362984	115.161951	-70.453200
	0.039235	-22.886683	115.161951	-70.453200
	0.039245	-22.252252	115.161951	-70.512800
	0.039254	-23.245579	115.161951	-70.512800
	0.039263	-22.825161	115.161951	-70.453200
	0.039273	-22.370401	115.161951	-70.453200
	0.039282	-22.681183	115.161951	-70.453200
	0.039292	-22.051492	115.161951	-70.453200
	0.039301	-22.366318	115.161951	-70.512800
	0.039311	-21.983319	115.161951	-70.572400
	0.039320	-22.879888	115.161951	-70.572400
	0.039330	-22.707547	115.161951	-70.572400
	0.039339	-23.213889	115.161951	-70.632000
	0.039349	-23.777304	115.161951	-70.691600
	0.039358	-22.960367	115.161951	-70.691600
	0.039368	-23.256208	115.161951	-70.691600
	0.039377	-22.455894	115.161951	-70.751200
	0.039387	-22.935728	115.161951	-70.870400
	0.039396	-23.638210	115.161951	-70.870400
	0.039406	-23.235598	115.161951	-70.870400
	0.039415	-24.233872	115.161951	-70.870400
	0.039424	-23.382435	115.161951	-70.870400
	0.039434	-22.527234	115.161951	-70.870400
	0.039443	-23.220508	115.161951	-70.930000
	0.039453	-22.965937	115.161951	-70.930000
	0.039462	-24.161270	115.161951	-70.989600
	0.039472	-23.028162	115.161951	-71.049200
	0.039481	-22.260583	115.161951	-71.049200
	0.039491	-22.425195	115.161951	-71.108800
	0.039500	-22.886182	115.161951	-71.168400
	0.039510	-22.997727	115.161951	-71.168400
	0.039519	-22.820698	115.161951	-71.168400
	0.039529	-23.823617	115.161951	-71.287600
	0.039538	-23.472736	115.161951	-71.287600
	0.039548	-23.585511	115.161951	-71.347200
	0.039557	-23.792676	115.161951	-71.347200
	0.039566	-23.629935	115.161951	-71.347200
	0.039576	-23.595942	115.161951	-71.406800
	0.039585	-23.170267	115.161951	-71.526000
	0.039595	-23.245272	115.161951	-71.466400
	0.039604	-23.167680	115.161951	-71.585600
	0.039614	-23.570756	115.161951	-71.585600
	0.039623	-23.572659	115.161951	-71.526000
	0.039633	-23.200226	115.161951	-71.526000
	0.039642	-23.037061	115.161951	-71.585600
	0.039652	-23.602665	115.161951	-71.645200
	0.039661	-23.549386	115.161951	-71.645200
	0.039671	-23.210274	115.161951	-71.645200
	0.039680	-22.768338	115.161951	-71.645200
	0.039690	-22.518785	115.161951	-71.764500
	0.039699	-23.018849	115.161951	-71.764500
	0.039709	-23.564362	115.161951	-71.764500
	0.039718	-23.291871	115.161951	-71.764500
	0.039727	-24.084571	115.161951	-71.824100
	0.039737	-23.338580	115.161951	-71.883700
	0.039746	-23.545837	115.161951	-71.883700
	0.039756	-23.070740	115.161951	-71.943300
	0.039765	-23.939172	115.161951	-71.943300
	0.039775	-24.596239	115.161951	-71.943300
	0.039784	-23.349200	115.161951	-71.943300
	0.039794	-24.454157	115.161951	-72.002900
	0.039803	-23.946696	115.161951	-72.002900
	0.039813	-23.431108	115.161951	-71.943300
	0.039822	-24.315844	115.161951	-71.943300
	0.039832	-24.242667	115.161951	-72.002900
	0.039841	-24.876855	115.161951	-72.002900
	0.039851	-24.962810	115.161951	-72.002900
	0.039860	-24.062957	115.161951	-72.062500
	0.039869	-23.647599	115.161951	-72.122100
	0.039879	-24.921196	115.161951	-72.122100
	0.039888	-24.381444	115.161951	-72.181700
	0.039898	-24.090056	115.161951	-72.241300
	0.039907	-25.182463	115.161951	-72.241300
	0.039917	-24.851579	115.161951	-72.181700
	0.039926	-24.066847	115.161951	-72.241300
	0.039936	-23.897118	115.161951	-72.300900
	0.039945	-23.989346	115.161951	-72.300900
	0.039955	-23.995168	115.161951	-72.300900
	0.039964	-24.293652	115.161951	-72.300900
	0.039974	-23.680802	115.161951	-72.300900
	0.039983	-24.971332	115.161951	-72.300900
	0.039993	-24.948324	115.161951	-72.420100
	0.040002	-24.167888	115.161951	-72.420100
	0.040012	-24.705928	115.161951	-72.479700
	0.040021	-24.258201	115.161951	-72.479700
	0.040030	-24.491162	115.161951	-72.539300
	0.040040	-25.526325	115.161951	-72.598900
	0.040049	-24.021679	115.161951	-72.539300
	0.040059	-24.874222	115.161951	-72.479700
	0.040068	-25.620801	115.161951	-72.360500
	0.040078	-24.599037	115.161951	-72.360500
	0.040087	-24.888277	115.161951	-72.420100
	0.040097	-25.165373	115.161951	-72.420100
	0.040106	-25.705194	115.161951	-72.420100
	0.040116	-25.951653	115.161951	-72.420100
	0.040125	-25.523695	115.161951	-72.479700
	0.040135	-25.834583	115.161951	-72.539300
	0.040144	-25.635411	115.161951	-72.598900
	0.040154	-26.271269	115.161951	-72.598900
	0.040163	-26.827778	115.161951	-72.598900
	0.040172	-26.420807	115.161951	-72.658500
	0.040182	-26.474143	115.161951	-72.718100
	0.040191	-26.494402	115.161951	-72.777700
	0.040201	-25.199769	115.161951	-72.777700
	0.040210	-25.755234	115.161951	-72.777700
	0.040220	-24.635183	115.161951	-72.777700
	0.040229	-26.326780	115.161951	-72.777700
	0.040239	-25.110964	115.161951	-72.777700
	0.040248	-25.317248	115.161951	-72.718100
	0.040258	-24.962793	115.161951	-72.777700
	0.040267	-25.306596	115.161951	-72.837300
	0.040277	-24.818341	115.161951	-72.896900
	0.040286	-25.211072	115.161951	-72.896900
	0.040296	-24.774441	115.161951	-72.956600
	0.040305	-25.634923	115.161951	-72.896900
	0.040315	-25.109050	115.161951	-72.896900
	0.040324	-25.145245	115.161951	-72.837300
	0.040333	-26.304621	115.161951	-72.837300
	0.040343	-25.054675	115.161951	-72.896900
	0.040352	-25.368610	115.161951	-72.896900
	0.040362	-25.269220	115.161951	-72.896900
	0.040371	-25.336849	115.161951	-72.956600
	0.040381	-24.586100	115.161951	-73.016200
	0.040390	-23.872456	115.161951	-73.075800
	0.040400	-25.098881	115.161951	-73.135400
	0.040409	-24.849266	115.161951	-73.195000
	0.040419	-25.720841	115.161951	-73.314200
	0.040428	-24.998642	115.161951	-73.314200
	0.040438	-24.885700	115.161951	-73.373800
	0.040447	-25.028602	115.161951	-73.314200
	0.040457	-26.048560	115.161951	-73.254600
	0.040466	-25.902095	115.161951	-73.314200
	0.040475	-24.811728	115.161951	-73.373800
	0.040485	-24.702685	115.161951	-73.314200
	0.040494	-24.752610	115.161951	-73.373800
	0.040504	-25.082562	115.161951	-73.433400
	0.040513	-25.182264	115.161951	-73.373800
	0.040523	-25.147215	115.161951	-73.373800
	0.040532	-25.551486	115.161951	-73.373800
	0.040542	-26.411113	115.161951	-73.493000
	0.040551	-25.434431	115.161951	-73.493000
	0.040561	-24.513136	115.161951	-73.552600
	0.040570	-26.051766	115.161951	-73.612200
	0.040580	-25.835885	115.161951	-73.552600
	0.040589	-25.938384	115.161951	-73.671800
	0.040599	-25.777737	115.161951	-73.671800
	0.040608	-24.836234	115.161951	-73.731400
	0.040618	-25.243513	115.161951	-73.612200
	0.040627	-24.250251	115.161951	-73.433400
	0.040636	-25.535224	115.161951	-73.433400
	0.040646	-25.398140	115.161951	-73.433400
	0.040655	-26.209576	115.161951	-73.373800
	0.040665	-25.449918	115.161951	-73.373800
	0.040674	-26.376716	115.161951	-73.373800
	0.040684	-26.830652	115.161951	-73.433400
	0.040693	-26.414840	115.161951	-73.493000
	0.040703	-27.113534	115.161951	-73.493000
	0.040712	-27.150282	115.161951	-73.552600
	0.040722	-27.129634	115.161951	-73.552600
	0.040731	-26.501859	115.161951	-73.552600
	0.040741	-27.050363	115.161951	-73.552600
	0.040750	-26.924010	115.161951	-73.552600
	0.040760	-26.359704	115.161951	-73.612200
	0.040769	-26.397140	115.161951	-73.552600
	0.040778	-25.965204	115.161951	-73.552600
	0.040788	-27.117332	115.161951	-73.671800
	0.040797	-27.480149	115.161951	-73.731400
	0.040807	-26.409030	115.161951	-73.671800
	0.040816	-27.037377	115.161951	-73.671800
	0.040826	-27.032591	115.161951	-73.671800
	0.040835	-26.577665	115.161951	-73.671800
	0.040845	-26.811457	115.161951	-73.731400
	0.040854	-27.616851	115.161951	-73.671800
	0.040864	-27.393442	115.161951	-73.612200
	0.040873	-26.952878	115.161951	-73.671800
	0.040883	-26.868874	115.161951	-73.671800
	0.040892	-26.929202	115.161951	-73.731400
	0.040902	-25.996659	115.161951	-73.850600
	0.040911	-26.561638	115.161951	-73.850600
	0.040921	-25.971832	115.161951	-73.910200
	0.040930	-27.144358	115.161951	-73.910200
	0.040939	-26.861839	115.161951	-73.850600
	0.040949	-26.141557	115.161951	-73.791000
	0.040958	-27.469562	115.161951	-73.850600
	0.040968	-27.950292	115.161951	-73.850600
	0.040977	-26.660393	115.161951	-73.910200
	0.040987	-28.633225	115.161951	-73.910200
	0.040996	-27.919407	115.161951	-73.910200
	0.041006	-26.653400	115.161951	-73.910200
	0.041015	-26.784100	115.161951	-73.910200
	0.041025	-27.630729	115.161951	-73.910200
	0.041034	-26.889997	115.161951	-73.969800
	0.041044	-27.445772	115.161951	-73.969800
	0.041053	-28.180042	115.161951	-74.029400
	0.041063	-28.723653	115.161951	-74.029400
	0.041072	-28.092241	115.161951	-73.969800
	0.041081	-27.666632	115.161951	-73.910200
	0.041091	-26.861315	115.161951	-73.969800
	0.041100	-27.807332	115.161951	-74.148600
	0.041110	-29.782451	115.161951	-74.148600
	0.041119	-28.815144	115.161951	-74.148600
	0.041129	-28.838499	115.161951	-74.089000
	0.041138	-29.613580	115.161951	-74.148600
	0.041148	-29.971157	115.161951	-74.208200
	0.041157	-28.348793	115.161951	-74.208200
	0.041167	-29.581890	115.161951	-74.208200
	0.041176	-29.079635	115.161951	-74.148600
	0.041186	-29.702519	115.161951	-74.267900
	0.041195	-29.192322	115.161951	-74.327500
	0.041205	-29.551452	115.161951	-74.387100
	0.041214	-29.908291	115.161951	-74.387100
	0.041224	-30.042783	115.161951	-74.506300
	0.041233	-29.919989	115.161951	-74.506300
	0.041242	-29.408433	115.161951	-74.565900
	0.041252	-29.835505	115.161951	-74.565900
	0.041261	-28.739260	115.161951	-74.565900
	0.041271	-29.015642	115.161951	-74.565900
	0.041280	-28.689839	115.161951	-74.565900
	0.041290	-28.240129	115.161951	-74.685100
	0.041299	-29.059967	115.161951	-74.744700
	0.041309	-28.578602	115.161951	-74.804300
	0.041318	-28.392332	115.161951	-74.804300
	0.041328	-27.628869	115.161951	-74.863900
	0.041337	-28.961099	115.161951	-74.983100
	0.041347	-28.904938	115.161951	-74.923500
	0.041356	-29.724784	115.161951	-74.923500
	0.041366	-30.392238	115.161951	-74.983100
	0.041375	-30.208858	115.161951	-75.042700
	0.041384	-29.823862	115.161951	-75.161900
	0.041394	-29.576194	115.161951	-75.161900
	0.041403	-30.602185	115.161951	-75.221500
	0.041413	-29.828171	115.161951	-75.221500
	0.041422	-29.311058	115.161951	-75.281100
	0.041432	-28.720430	115.161951	-75.281100
	0.041441	-29.483815	115.161951	-75.340700
	0.041451	-29.759207	115.161951	-75.340700
	0.041460	-29.104765	115.161951	-75.281100
	0.041470	-28.802176	115.161951	-75.281100
	0.041479	-28.125937	115.161951	-75.340700
	0.041489	-28.452561	115.161951	-75.400300
	0.041498	-29.168770	115.161951	-75.459900
	0.041508	-28.734251	115.161951	-75.579200
	0.041517	-29.269280	115.161951	-75.579200
	0.041527	-29.985711	115.161951	-75.638800
	0.041536	-30.266718	115.161951	-75.758000
	0.041545	-30.274223	115.161951	-75.817600
	0.041555	-30.960522	115.161951	-75.817600
	0.041564	-30.572524	115.161951	-75.877200
	0.041574	-30.338533	115.161951	-75.996400
	0.041583	-30.787387	115.161951	-75.996400
	0.041593	-30.792010	115.161951	-75.996400
	0.041602	-28.957865	115.161951	-76.056000
	0.041612	-30.359275	115.161951	-76.115600
	0.041621	-30.437663	115.161951	-76.115600
	0.041631	-30.207458	115.161951	-76.115600
	0.041640	-30.347578	115.161951	-76.115600
	0.041650	-31.050568	115.161951	-76.115600
	0.041659	-29.997812	115.161951	-76.115600
	0.041669	-30.803761	115.161951	-76.175200
	0.041678	-30.610940	115.161951	-76.175200
	0.041687	-30.573168	115.161951	-76.175200
	0.041697	-30.677249	115.161951	-76.175200
	0.041706	-32.229181	115.161951	-76.115600
	0.041716	-32.171987	115.161951	-76.056000
	0.041725	-30.886918	115.161951	-76.115600
	0.041735	-29.756982	115.161951	-76.175200
	0.041744	-31.053660	115.161951	-76.175200
	0.041754	-31.487515	115.161951	-76.234800
	0.041763	-30.715202	115.161951	-76.234800
	0.041773	-30.951341	115.161951	-76.234800
	0.041782	-31.424774	115.161951	-76.234800
	0.041792	-31.607455	115.161951	-76.354000
	0.041801	-31.050027	115.161951	-76.354000
	0.041811	-31.786802	115.161951	-76.354000
	0.041820	-31.577853	115.161951	-76.354000
	0.041829	-31.628346	115.161951	-76.294400
	0.041839	-32.232587	115.161951	-76.294400
	0.041848	-32.136571	115.161951	-76.294400
	0.041858	-31.763747	115.161951	-76.234800
	0.041867	-30.943901	115.161951	-76.234800
	0.041877	-30.923524	115.161951	-76.294400
	0.041886	-32.752226	115.161951	-76.354000
	0.041896	-32.453383	115.161951	-76.354000
	0.041905	-31.842477	115.161951	-75.400300
	0.041915	-31.821816	115.161951	-74.446700
	0.041924	-31.469078	115.161951	-74.208200
	0.041934	-32.334561	115.161951	-74.148600
	0.041943	-32.270062	115.161951	-74.148600
	0.041953	-30.915946	115.161951	-74.148600
	0.041962	-30.669518	115.161951	-74.148600
	0.041972	-31.359084	115.161951	-74.148600
	0.041981	-31.895033	115.161951	-74.089000
	0.041990	-33.081313	115.161951	-73.969800
	0.042000	-31.733411	115.161951	-73.910200
	0.042009	-32.566850	115.161951	-73.910200
	0.042019	-31.088200	115.161951	-73.910200
	0.042028	-33.082726	115.161951	-74.029400
	0.042038	-31.734881	115.161951	-74.148600
	0.042047	-32.918139	115.161951	-74.089000
	0.042057	-32.959304	115.161951	-74.029400
	0.042066	-32.316733	115.161951	-74.029400
	0.042076	-31.925380	115.161951	-74.089000
	0.042085	-32.353981	115.161951	-74.208200
	0.042095	-32.408735	115.161951	-74.208200
	0.042104	-32.544178	115.161951	-74.208200
	0.042114	-32.472994	115.161951	-74.208200
	0.042123	-31.927139	115.161951	-74.148600
	0.042132	-32.645725	115.161951	-74.208200
	0.042142	-32.963766	115.161951	-74.208200
	0.042151	-32.682719	115.161951	-74.267900
	0.042161	-34.117641	115.161951	-74.267900
	0.042170	-33.858305	115.161951	-74.267900
	0.042180	-32.519609	115.161951	-74.267900
	0.042189	-33.358577	115.161951	-74.327500
	0.042199	-32.166062	115.161951	-74.327500
	0.042208	-34.018095	115.161951	-74.327500
	0.042218	-34.151001	115.161951	-74.387100
	0.042227	-33.652747	115.161951	-74.387100
	0.042237	-33.236923	115.161951	-74.387100
	0.042246	-34.745367	115.161951	-74.387100
	0.042256	-34.339369	115.161951	-74.327500
	0.042265	-33.493618	115.161951	-74.327500
	0.042275	-33.575674	115.161951	-74.387100
	0.042284	-33.100745	115.161951	-74.387100
	0.042293	-33.297099	115.161951	-74.446700
	0.042303	-33.325632	115.161951	-74.446700
	0.042312	-32.879268	115.161951	-74.446700
	0.042322	-33.302618	115.161951	-74.506300
	0.042331	-32.839178	115.161951	-74.565900
	0.042341	-34.722165	115.161951	-73.671800
	0.042350	-35.613661	115.161951	-72.837300
	0.042360	-34.722206	115.161951	-72.777700
	0.042369	-34.676199	115.161951	-72.718100
	0.042379	-35.614432	115.161951	-72.598900
	0.042388	-35.310264	115.161951	-72.598900
	0.042398	-35.583316	115.161951	-72.539300
	0.042407	-36.146385	115.161951	-72.479700
	0.042417	-35.689430	115.161951	-72.479700
	0.042426	-36.129459	115.161951	-72.479700
	0.042435	-36.524297	115.161951	-72.539300
	0.042445	-35.319673	115.161951	-72.539300
	0.042454	-35.204322	115.161951	-72.539300
	0.042464	-35.453581	115.161951	-72.420100
	0.042473	-35.198596	115.161951	-72.300900
	0.042483	-34.250608	115.161951	-72.300900
	0.042492	-35.766166	115.161951	-72.360500
	0.042502	-35.696697	115.161951	-72.420100
	0.042511	-36.006311	115.161951	-72.420100
	0.042521	-36.277513	115.161951	-72.420100
	0.042530	-35.734586	115.161951	-72.420100
	0.042540	-36.373669	115.161951	-72.479700
	0.042549	-37.609999	115.161951	-72.479700
	0.042559	-36.766322	115.161951	-72.539300
	0.042568	-37.166028	115.161951	-72.539300
	0.042578	-35.389557	115.161951	-72.539300
	0.042587	-36.425929	115.161951	-72.539300
	0.042596	-35.859337	115.161951	-72.598900
	0.042606	-36.377145	115.161951	-72.598900
	0.042615	-37.564825	115.161951	-72.598900
	0.042625	-37.363108	115.161951	-72.598900
	0.042634	-39.457445	115.161951	-71.943300
	0.042644	-39.555028	115.161951	-71.585600
	0.042653	-38.387210	115.161951	-71.585600
	0.042663	-39.831142	115.161951	-71.466400
	0.042672	-39.319405	115.161951	-71.347200
	0.042682	-39.377447	115.161951	-71.347200
	0.042691	-40.026534	115.161951	-71.406800
	0.042701	-38.306243	115.161951	-71.406800
	0.042710	-39.488785	115.161951	-71.466400
	0.042720	-39.757960	115.161951	-71.466400
	0.042729	-39.531753	115.161951	-71.466400
	0.042738	-39.962369	115.161951	-71.466400
	0.042748	-39.257417	115.161951	-71.526000
	0.042757	-39.460150	115.161951	-71.585600
	0.042767	-39.966921	115.161951	-71.585600
	0.042776	-38.555858	115.161951	-71.585600
	0.042786	-38.797180	115.161951	-71.585600
	0.042795	-39.583680	115.161951	-71.645200
	0.042805	-38.558481	115.161951	-71.645200
	0.042814	-38.700841	115.161951	-71.645200
	0.042824	-38.686042	115.161951	-71.645200
	0.042833	-38.373247	115.161951	-71.585600
	0.042843	-38.892007	115.161951	-71.645200
	0.042852	-38.808024	115.161951	-71.704900
	0.042862	-38.582451	115.161951	-71.883700
	0.042871	-39.014120	115.161951	-71.883700
	0.042881	-38.321074	115.161951	-71.943300
	0.042890	-39.354798	115.161951	-72.062500
	0.042899	-39.823250	115.161951	-72.181700
	0.042909	-39.087930	115.161951	-71.287600
	0.042918	-41.218053	115.161951	-69.261100
	0.042928	-41.926849	115.161951	-68.367000
	0.042937	-41.280552	115.161951	-68.426600
	0.042947	-41.060530	115.161951	-68.486200
	0.042956	-41.797327	115.161951	-68.426600
	0.042966	-41.934341	115.161951	-68.307400
	0.042975	-40.885695	115.161951	-68.307400
	0.042985	-41.132701	115.161951	-68.426600
	0.042994	-41.657843	115.161951	-68.486200
	0.043004	-41.578998	115.161951	-68.545800
	0.043013	-40.936375	115.161951	-68.486200
	0.043023	-41.638578	115.161951	-68.486200
	0.043032	-41.811960	115.161951	-68.545800
	0.043041	-41.132303	115.161951	-68.605400
	0.043051	-40.810965	115.161951	-68.605400
	0.043060	-41.992281	115.161951	-68.605400
	0.043070	-41.056246	115.161951	-68.605400
	0.043079	-43.310848	115.161951	-68.784200
	0.043089	-42.604080	115.161951	-68.784200
	0.043098	-42.357663	115.161951	-68.784200
	0.043108	-41.919519	115.161951	-68.784200
	0.043117	-42.860374	115.161951	-68.724600
	0.043127	-42.424991	115.161951	-68.724600
	0.043136	-42.050745	115.161951	-68.784200
	0.043146	-41.767538	115.161951	-68.784200
	0.043155	-43.991302	115.161951	-68.784200
	0.043165	-43.139748	115.161951	-68.784200
	0.043174	-43.306056	115.161951	-68.843800
	0.043184	-43.123858	115.161951	-68.843800
	0.043193	-43.575477	115.161951	-68.903400
	0.043202	-42.884132	115.161951	-68.903400
	0.043212	-42.844815	115.161951	-68.903400
	0.043221	-41.894463	115.161951	-68.963000
	0.043231	-43.540778	115.161951	-68.724600
	0.043240	-43.868089	115.161951	-68.545800
	0.043250	-44.368389	115.161951	-68.545800
	0.043259	-43.887528	115.161951	-68.545800
	0.043269	-44.470259	115.161951	-68.545800
	0.043278	-43.850895	115.161951	-68.486200
	0.043288	-45.416604	115.161951	-68.486200
	0.043297	-45.487483	115.161951	-68.426600
	0.043307	-45.406320	115.161951	-68.486200
	0.043316	-45.603701	115.161951	-68.426600
	0.043326	-46.141665	115.161951	-67.770900
	0.043335	-56.864972	115.161951	-64.433100
	0.043344	-57.018205	115.161951	-62.227700
	0.043354	-69.205648	115.161951	-59.306900
	0.043363	-68.716647	115.161951	-57.876300
	0.043373	-69.085873	115.161951	-57.399500
	0.043382	-68.741125	115.161951	-57.339900
	0.043392	-69.198119	115.161951	-57.220700
	0.043401	-69.649853	115.161951	-57.220700
	0.043411	-70.536330	115.161951	-57.220700
	0.043420	-69.009294	115.161951	-57.220700
	0.043430	-69.629105	115.161951	-57.220700
	0.043439	-70.736961	115.161951	-57.220700
	0.043449	-69.571597	115.161951	-57.220700
	0.043458	-73.615130	115.161951	-56.326600
	0.043468	-75.279567	115.161951	-55.492200
	0.043477	-76.571089	115.161951	-55.313300
	0.043487	-76.141832	115.161951	-55.313300
	0.043496	-76.175638	115.161951	-55.313300
	0.043505	-77.383273	115.161951	-55.253700
	0.043515	-77.288270	115.161951	-55.253700
	0.043524	-76.149772	115.161951	-55.253700
	0.043534	-77.340919	115.161951	-55.253700
	0.043543	-76.355509	115.161951	-55.313300
	0.043553	-76.222507	115.161951	-55.432600
	0.043562	-77.246594	115.161951	-55.492200
	0.043572	-77.209595	115.161951	-55.551800
	0.043581	-76.312205	115.161951	-55.492200
	0.043591	-78.102054	115.161951	-55.134500
	0.043600	-79.470321	115.161951	-54.955700
	0.043610	-78.700477	115.161951	-54.836500
	0.043619	-78.325568	115.161951	-54.776900
	0.043629	-78.536706	115.161951	-54.776900
	0.043638	-77.425392	115.161951	-54.836500
	0.043647	-78.135029	115.161951	-54.836500
	0.043657	-79.179165	115.161951	-54.896100
	0.043666	-80.894092	115.161951	-54.538500
	0.043676	-88.813010	115.161951	-52.571500
	0.043685	-88.428478	115.161951	-51.439000
	0.043695	-89.158025	115.161951	-50.366200
	0.043704	-89.577104	115.161951	-50.127700
	0.043714	-90.112290	115.161951	-50.008500
	0.043723	-90.668619	115.161951	-50.068100
	0.043733	-90.164729	115.161951	-50.068100
	0.043742	-90.834397	115.161951	-50.068100
	0.043752	-90.483454	115.161951	-50.127700
	0.043761	-90.605615	115.161951	-50.187300
	0.043771	-90.690530	115.161951	-50.187300
	0.043780	-89.915067	115.161951	-50.187300
	0.043790	-89.816894	115.161951	-50.187300
	0.043799	-91.039470	115.161951	-50.187300
	0.043808	-90.068474	115.161951	-50.187300
	0.043818	-90.471229	115.161951	-50.187300
	0.043827	-89.514072	115.161951	-50.187300
	0.043837	-91.172395	115.161951	-50.187300
	0.043846	-90.727229	115.161951	-50.246900
	0.043856	-90.047716	115.161951	-50.306600
	0.043865	-92.436069	115.161951	-49.591300
	0.043875	-94.396582	115.161951	-48.697200
	0.043884	-93.439257	115.161951	-48.518400
	0.043894	-94.797237	115.161951	-48.399200
	0.043903	-93.429788	115.161951	-48.399200
	0.043913	-93.618439	115.161951	-48.399200
	0.043922	-92.882481	115.161951	-48.399200
	0.043932	-93.506502	115.161951	-48.399200
	0.043941	-93.199929	115.161951	-48.399200
	0.043950	-93.547248	115.161951	-48.339600
	0.043960	-93.917065	115.161951	-48.339600
	0.043969	-93.146072	115.161951	-48.339600
	0.043979	-93.377585	115.161951	-48.399200
	0.043988	-93.639832	115.161951	-48.399200
	0.043998	-94.186594	115.161951	-48.399200
	0.044007	-93.735592	115.161951	-48.399200
	0.044017	-93.541614	115.161951	-48.458800
	0.044026	-92.968622	115.161951	-48.458800
	0.044036	-94.028752	115.161951	-48.518400
	0.044045	-94.686841	115.161951	-48.518400
	0.044055	-93.518954	115.161951	-48.637600
	0.044064	-93.606709	115.161951	-48.637600
	0.044074	-93.889028	115.161951	-48.637600
	0.044083	-93.395727	115.161951	-48.399200
	0.044093	-99.680320	115.161951	-46.849500
	0.044102	-100.554198	115.161951	-45.836200
	0.044111	-100.955539	115.161951	-45.538200
	0.044121	-102.094016	115.161951	-45.538200
	0.044130	-101.730919	115.161951	-45.538200
	0.044140	-102.293862	115.161951	-45.538200
	0.044149	-102.336147	115.161951	-45.538200
	0.044159	-102.392559	115.161951	-45.597800
	0.044168	-101.820704	115.161951	-45.597800
	0.044178	-101.454555	115.161951	-45.597800
	0.044187	-100.710530	115.161951	-45.538200
	0.044197	-101.532225	115.161951	-45.299800
	0.044206	-102.101537	115.161951	-45.299800
	0.044216	-101.712683	115.161951	-45.299800
	0.044225	-100.339742	115.161951	-45.419000
	0.044235	-101.563445	115.161951	-45.419000
	0.044244	-101.868451	115.161951	-45.478600
	0.044253	-100.308368	115.161951	-45.478600
	0.044263	-101.212794	115.161951	-45.478600
	0.044272	-101.210337	115.161951	-45.478600
	0.044282	-101.047557	115.161951	-45.419000
	0.044291	-102.771061	115.161951	-44.882500
	0.044301	-104.249496	115.161951	-44.405700
	0.044310	-104.493644	115.161951	-44.167300
	0.044320	-104.651032	115.161951	-44.107700
	0.044329	-104.531909	115.161951	-44.107700
	0.044339	-104.523121	115.161951	-43.988500
	0.044348	-105.242801	115.161951	-43.809600
	0.044358	-105.415361	115.161951	-43.809600
	0.044367	-105.017601	115.161951	-43.809600
	0.044377	-105.132018	115.161951	-43.809600
	0.044386	-105.043162	115.161951	-43.809600
	0.044396	-105.767697	115.161951	-43.750000
	0.044405	-105.667143	115.161951	-43.750000
	0.044414	-104.271796	115.161951	-43.750000
	0.044424	-105.631245	115.161951	-43.750000
	0.044433	-104.968533	115.161951	-43.750000
	0.044443	-105.757462	115.161951	-43.690400
	0.044452	-104.846962	115.161951	-43.750000
	0.044462	-105.818610	115.161951	-43.750000
	0.044471	-105.101877	115.161951	-43.750000
	0.044481	-105.513410	115.161951	-43.809600
	0.044490	-105.179795	115.161951	-43.809600
	0.044500	-105.399191	115.161951	-43.750000
	0.044509	-105.650151	115.161951	-43.750000
	0.044519	-105.068726	115.161951	-43.750000
	0.044528	-106.527523	115.161951	-43.809600
	0.044538	-105.328489	115.161951	-43.809600
	0.044547	-106.413204	115.161951	-43.809600
	0.044556	-106.753065	115.161951	-43.750000
	0.044566	-104.690938	115.161951	-43.809600
	0.044575	-105.388386	115.161951	-43.869300
	0.044585	-106.845629	115.161951	-43.809600
	0.044594	-106.139946	115.161951	-43.809600
	0.044604	-105.508478	115.161951	-43.869300
	0.044613	-105.696577	115.161951	-43.869300
	0.044623	-105.551052	115.161951	-43.809600
	0.044632	-104.590752	115.161951	-43.809600
	0.044642	-105.026078	115.161951	-43.809600
	0.044651	-105.019087	115.161951	-43.809600
	0.044661	-104.367214	115.161951	-43.809600
	0.044670	-105.334267	115.161951	-43.809600
	0.044680	-105.097559	115.161951	-43.809600
	0.044689	-105.239915	115.161951	-43.809600
	0.044699	-105.931924	115.161951	-43.928900
	0.044708	-105.509440	115.161951	-44.048100
	0.044717	-105.857284	115.161951	-44.048100
	0.044727	-105.164475	115.161951	-43.988500
	0.044736	-105.898997	115.161951	-43.988500
	0.044746	-106.126920	115.161951	-43.928900
	0.044755	-105.459381	115.161951	-43.988500
	0.044765	-106.205205	115.161951	-43.988500
	0.044774	-105.361013	115.161951	-43.988500
	0.044784	-105.538886	115.161951	-44.048100
	0.044793	-105.663121	115.161951	-44.048100
	0.044803	-105.446320	115.161951	-43.869300
	0.044812	-105.651462	115.161951	-43.630800
	0.044822	-105.522380	115.161951	-43.571200
	0.044831	-104.360653	115.161951	-43.571200
	0.044841	-105.658309	115.161951	-43.571200
	0.044850	-105.972758	115.161951	-43.630800
	0.044859	-105.798388	115.161951	-43.571200
	0.044869	-105.404327	115.161951	-43.571200
	0.044878	-106.077827	115.161951	-43.571200
	0.044888	-105.455381	115.161951	-43.571200
	0.044897	-106.048758	115.161951	-43.571200
	0.044907	-106.584292	115.161951	-43.571200
	0.044916	-107.793522	115.161951	-43.630800
	0.044926	-107.388908	115.161951	-43.630800
	0.044935	-106.603375	115.161951	-43.630800
	0.044945	-106.400573	115.161951	-43.571200
	0.044954	-106.678062	115.161951	-43.571200
	0.044964	-107.105159	115.161951	-43.630800
	0.044973	-107.035542	115.161951	-43.630800
	0.044983	-107.653422	115.161951	-43.511600
	0.044992	-107.382261	115.161951	-43.332800
	0.045002	-106.797271	115.161951	-43.332800
	0.045011	-107.198963	115.161951	-43.332800
	0.045020	-108.694194	115.161951	-43.273200
	0.045030	-108.550849	115.161951	-43.213600
	0.045039	-108.661201	115.161951	-43.273200
	0.045049	-108.740855	115.161951	-43.273200
	0.045058	-108.431617	115.161951	-43.213600
	0.045068	-109.155913	115.161951	-43.154000
	0.045077	-109.758980	115.161951	-43.034800
	0.045087	-109.959122	115.161951	-42.856000
	0.045096	-111.433108	115.161951	-42.438700
	0.045106	-110.139856	115.161951	-42.200300
	0.045115	-109.661441	115.161951	-42.200300
	0.045125	-111.320664	115.161951	-42.259900
	0.045134	-111.028366	115.161951	-42.259900
	0.045144	-111.005216	115.161951	-42.200300
	0.045153	-112.286149	115.161951	-42.140700
	0.045162	-111.303321	115.161951	-42.081100
	0.045172	-111.380000	115.161951	-42.081100
	0.045181	-112.308058	115.161951	-42.140700
	0.045191	-111.811475	115.161951	-42.200300
	0.045200	-112.003143	115.161951	-42.200300
	0.045210	-112.684062	115.161951	-42.200300
	0.045219	-111.794460	115.161951	-41.961900
	0.045229	-120.287431	115.161951	-40.173800
	0.045238	-120.402464	115.161951	-39.041300
	0.045248	-119.550393	115.161951	-38.802900
	0.045257	-120.224441	115.161951	-38.802900
	0.045267	-121.175863	115.161951	-38.802900
	0.045276	-120.308682	115.161951	-38.743300
	0.045286	-120.491405	115.161951	-38.802900
	0.045295	-120.287140	115.161951	-38.802900
	0.045305	-121.239884	115.161951	-38.802900
	0.045314	-120.341771	115.161951	-38.802900
	0.045323	-120.872645	115.161951	-38.862500
	0.045333	-120.451401	115.161951	-38.922100
	0.045342	-119.472822	115.161951	-38.981700
	0.045352	-120.371503	115.161951	-39.041300
	0.045361	-119.220399	115.161951	-39.100900
	0.045371	-120.431753	115.161951	-39.041300
	0.045380	-119.794540	115.161951	-39.041300
	0.045390	-119.827965	115.161951	-39.100900
	0.045399	-120.236630	115.161951	-39.100900
	0.045409	-120.657005	115.161951	-39.041300
	0.045418	-118.710991	115.161951	-39.041300
	0.045428	-118.882681	115.161951	-39.041300
	0.045437	-119.331959	115.161951	-39.041300
	0.045447	-119.513300	115.161951	-39.041300
	0.045456	-120.120148	115.161951	-39.041300
	0.045465	-120.239370	115.161951	-39.041300
	0.045475	-119.973178	115.161951	-38.981700
	0.045484	-120.573898	115.161951	-38.922100
	0.045494	-120.520993	115.161951	-38.862500
	0.045503	-120.867225	115.161951	-38.922100
	0.045513	-120.187844	115.161951	-38.981700
	0.045522	-120.463182	115.161951	-38.862500
	0.045532	-121.081388	115.161951	-38.862500
	0.045541	-120.294038	115.161951	-38.922100
	0.045551	-121.413161	115.161951	-38.922100
	0.045560	-121.069985	115.161951	-38.802900
	0.045570	-121.027662	115.161951	-38.802900
	0.045579	-121.938572	115.161951	-38.802900
	0.045589	-121.812546	115.161951	-38.862500
	0.045598	-120.853651	115.161951	-38.862500
	0.045608	-121.982540	115.161951	-38.802900
	0.045617	-120.446251	115.161951	-38.802900
	0.045626	-122.597875	115.161951	-38.504800
	0.045636	-123.374393	115.161951	-37.968400
	0.045645	-123.567365	115.161951	-37.372300
	0.045655	-123.550913	115.161951	-37.133900
	0.045664	-123.745854	115.161951	-37.133900
	0.045674	-124.050437	115.161951	-37.133900
	0.045683	-126.717037	115.161951	-36.657100
	0.045693	-130.099347	115.161951	-35.882200
	0.045702	-129.365182	115.161951	-35.584200
	0.045712	-130.622325	115.161951	-35.465000
	0.045721	-130.907950	115.161951	-35.465000
	0.045731	-129.886950	115.161951	-35.524600
	0.045740	-131.597557	115.161951	-35.584200
	0.045750	-131.872323	115.161951	-35.584200
	0.045759	-132.206682	115.161951	-35.584200
	0.045768	-131.650352	115.161951	-35.643800
	0.045778	-132.561564	115.161951	-35.584200
	0.045787	-131.788782	115.161951	-35.584200
	0.045797	-131.717151	115.161951	-35.643800
	0.045806	-130.798356	115.161951	-35.584200
	0.045816	-131.025374	115.161951	-35.584200
	0.045825	-131.221309	115.161951	-35.643800
	0.045835	-131.904788	115.161951	-35.643800
	0.045844	-131.230699	115.161951	-35.643800
	0.045854	-131.273311	115.161951	-35.703400
	0.045863	-131.268992	115.161951	-35.703400
	0.045873	-130.396175	115.161951	-35.643800
	0.045882	-130.842582	115.161951	-35.643800
	0.045892	-130.801951	115.161951	-35.703400
	0.045901	-131.362002	115.161951	-35.703400
	0.045910	-130.028530	115.161951	-35.703400
	0.045920	-129.870680	115.161951	-35.703400
	0.045929	-129.920069	115.161951	-35.703400
	0.045939	-130.036863	115.161951	-35.703400
	0.045948	-130.808665	115.161951	-35.763000
	0.045958	-131.293826	115.161951	-35.703400
	0.045967	-130.235414	115.161951	-35.703400
	0.045977	-130.720470	115.161951	-35.703400
	0.045986	-130.707685	115.161951	-35.703400
	0.045996	-130.791566	115.161951	-35.643800
	0.046005	-130.059550	115.161951	-35.643800
	0.046015	-130.692738	115.161951	-35.643800
	0.046024	-131.542105	115.161951	-35.703400
	0.046034	-132.088035	115.161951	-35.703400
	0.046043	-131.578394	115.161951	-35.703400
	0.046053	-130.922525	115.161951	-35.763000
	0.046062	-131.215675	115.161951	-35.763000
	0.046071	-130.946498	115.161951	-35.703400
	0.046081	-131.040541	115.161951	-35.703400
	0.046090	-129.059493	115.161951	-35.643800
	0.046100	-130.051150	115.161951	-35.703400
	0.046109	-130.920839	115.161951	-35.822600
	0.046119	-130.821988	115.161951	-35.822600
	0.046128	-131.369334	115.161951	-35.763000
	0.046138	-130.004081	115.161951	-35.763000
	0.046147	-131.476500	115.161951	-35.703400
	0.046157	-131.462442	115.161951	-35.703400
	0.046166	-132.656452	115.161951	-35.465000
	0.046176	-132.383110	115.161951	-35.047800
	0.046185	-132.962552	115.161951	-34.928600
	0.046195	-133.288533	115.161951	-34.869000
	0.046204	-132.855121	115.161951	-34.869000
	0.046213	-132.551884	115.161951	-34.928600
	0.046223	-133.511540	115.161951	-34.928600
	0.046232	-133.669504	115.161951	-34.869000
	0.046242	-133.939904	115.161951	-34.988200
	0.046251	-132.559337	115.161951	-34.869000
	0.046261	-132.668422	115.161951	-34.809300
	0.046270	-132.419374	115.161951	-34.809300
	0.046280	-133.406032	115.161951	-34.690100
	0.046289	-134.128113	115.161951	-34.570900
	0.046299	-134.439238	115.161951	-34.690100
	0.046308	-134.261643	115.161951	-34.570900
	0.046318	-134.548738	115.161951	-34.570900
	0.046327	-133.667512	115.161951	-34.570900
	0.046337	-133.223327	115.161951	-34.511300
	0.046346	-133.182400	115.161951	-34.511300
	0.046356	-133.704776	115.161951	-34.451700
	0.046365	-133.959938	115.161951	-34.451700
	0.046374	-134.683976	115.161951	-34.451700
	0.046384	-134.316181	115.161951	-34.451700
	0.046393	-133.604437	115.161951	-34.451700
	0.046403	-133.867027	115.161951	-34.451700
	0.046412	-133.630775	115.161951	-34.451700
	0.046422	-133.838263	115.161951	-34.451700
	0.046431	-132.932385	115.161951	-34.451700
	0.046441	-133.448467	115.161951	-34.511300
	0.046450	-133.801038	115.161951	-34.570900
	0.046460	-133.617018	115.161951	-34.511300
	0.046469	-133.993876	115.161951	-34.511300
	0.046479	-133.370077	115.161951	-34.511300
	0.046488	-133.732759	115.161951	-34.451700
	0.046498	-133.135223	115.161951	-34.511300
	0.046507	-133.863005	115.161951	-34.570900
	0.046516	-132.663637	115.161951	-34.570900
	0.046526	-133.620214	115.161951	-34.451700
	0.046535	-138.676153	115.161951	-33.855700
	0.046545	-141.375495	115.161951	-33.438400
	0.046554	-143.593562	115.161951	-32.842400
	0.046564	-143.484940	115.161951	-32.723200
	0.046573	-143.771798	115.161951	-32.604000
	0.046583	-143.261185	115.161951	-32.663600
	0.046592	-143.088797	115.161951	-32.604000
	0.046602	-143.098335	115.161951	-32.604000
	0.046611	-142.635162	115.161951	-32.544400
	0.046621	-143.816482	115.161951	-32.544400
	0.046630	-143.292760	115.161951	-32.484800
	0.046640	-143.612929	115.161951	-32.544400
	0.046649	-142.770083	115.161951	-32.544400
	0.046659	-144.005078	115.161951	-32.544400
	0.046668	-144.853204	115.161951	-32.484800
	0.046677	-144.174233	115.161951	-32.484800
	0.046687	-143.908722	115.161951	-32.544400
	0.046696	-143.239011	115.161951	-32.544400
	0.046706	-142.748916	115.161951	-32.604000
	0.046715	-143.878941	115.161951	-32.604000
	0.046725	-145.083066	115.161951	-32.067500
	0.046734	-145.985906	115.161951	-31.769500
	0.046744	-145.630876	115.161951	-31.709900
	0.046753	-145.974803	115.161951	-31.650300
	0.046763	-145.456070	115.161951	-31.590700
	0.046772	-145.796485	115.161951	-31.590700
	0.046782	-145.628457	115.161951	-31.590700
	0.046791	-146.350783	115.161951	-31.531100
	0.046801	-145.645973	115.161951	-31.471500
	0.046810	-145.941028	115.161951	-31.471500
	0.046819	-146.125451	115.161951	-31.471500
	0.046829	-146.601842	115.161951	-31.590700
	0.046838	-146.326638	115.161951	-31.531100
	0.046848	-147.013908	115.161951	-31.471500
	0.046857	-146.908421	115.161951	-31.471500
	0.046867	-145.984340	115.161951	-31.471500
	0.046876	-146.982763	115.161951	-31.411900
	0.046886	-145.764131	115.161951	-31.471500
	0.046895	-147.597876	115.161951	-31.471500
	0.046905	-146.419259	115.161951	-31.411900
	0.046914	-146.995574	115.161951	-31.352300
	0.046924	-147.157881	115.161951	-31.292700
	0.046933	-146.525122	115.161951	-31.352300
	0.046943	-146.538723	115.161951	-31.352300
	0.046952	-145.922173	115.161951	-31.352300
	0.046962	-146.413490	115.161951	-31.411900
	0.046971	-147.597732	115.161951	-31.471500
	0.046980	-146.425780	115.161951	-31.471500
	0.046990	-146.400184	115.161951	-31.471500
	0.046999	-147.129189	115.161951	-31.471500
	0.047009	-147.717083	115.161951	-31.411900
	0.047018	-147.216565	115.161951	-31.411900
	0.047028	-146.963702	115.161951	-31.471500
	0.047037	-146.729224	115.161951	-31.531100
	0.047047	-147.856094	115.161951	-31.531100
	0.047056	-146.815279	115.161951	-31.590700
	0.047066	-147.431617	115.161951	-31.590700
	0.047075	-147.244094	115.161951	-31.590700
	0.047085	-147.862652	115.161951	-30.756200
	0.047094	-148.176337	115.161951	-30.338900
	0.047104	-146.896009	115.161951	-30.279300
	0.047113	-147.986900	115.161951	-30.219700
	0.047122	-148.289735	115.161951	-30.219700
	0.047132	-148.770512	115.161951	-30.219700
	0.047141	-149.422582	115.161951	-30.219700
	0.047151	-148.604913	115.161951	-30.219700
	0.047160	-149.248699	115.161951	-30.219700
	0.047170	-149.528023	115.161951	-30.160100
	0.047179	-148.647638	115.161951	-30.219700
	0.047189	-148.527171	115.161951	-30.160100
	0.047198	-148.134348	115.161951	-30.160100
	0.047208	-149.445003	115.161951	-30.100500
	0.047217	-149.397199	115.161951	-30.100500
	0.047227	-149.118222	115.161951	-30.100500
	0.047236	-150.298527	115.161951	-30.100500
	0.047246	-149.463213	115.161951	-30.100500
	0.047255	-147.896658	115.161951	-30.040900
	0.047265	-148.711827	115.161951	-30.040900
	0.047274	-149.608372	115.161951	-30.040900
	0.047283	-149.165018	115.161951	-29.981300
	0.047293	-149.399650	115.161951	-29.981300
	0.047302	-150.240174	115.161951	-29.921600
	0.047312	-150.680164	115.161951	-29.921600
	0.047321	-150.244284	115.161951	-29.802400
	0.047331	-148.620533	115.161951	-29.802400
	0.047340	-149.934608	115.161951	-29.802400
	0.047350	-150.545452	115.161951	-29.802400
	0.047359	-149.381460	115.161951	-29.921600
	0.047369	-149.964514	115.161951	-29.921600
	0.047378	-149.428796	115.161951	-29.921600
	0.047388	-148.764590	115.161951	-29.981300
	0.047397	-150.580777	115.161951	-29.981300
	0.047407	-150.019489	115.161951	-29.921600
	0.047416	-150.169408	115.161951	-29.862000
	0.047425	-150.311141	115.161951	-29.862000
	0.047435	-150.297450	115.161951	-29.802400
	0.047444	-165.908093	115.161951	-26.226200
	0.047454	-166.564795	115.161951	-25.153300
	0.047463	-165.948480	115.161951	-24.974500
	0.047473	-165.913752	115.161951	-24.914900
	0.047482	-165.751955	115.161951	-24.914900
	0.047492	-165.069573	115.161951	-24.914900
	0.047501	-165.718409	115.161951	-24.914900
	0.047511	-166.308848	115.161951	-24.914900
	0.047520	-165.685907	115.161951	-24.855300
	0.047530	-166.984681	115.161951	-24.914900
	0.047539	-166.175304	115.161951	-24.914900
	0.047549	-165.981085	115.161951	-24.855300
	0.047558	-165.064701	115.161951	-24.855300
	0.047568	-166.615560	115.161951	-24.914900
	0.047577	-166.141003	115.161951	-24.914900
	0.047586	-166.063497	115.161951	-24.855300
	0.047596	-166.677619	115.161951	-24.855300
	0.047605	-165.846220	115.161951	-24.914900
	0.047615	-166.293357	115.161951	-24.914900
	0.047624	-165.865889	115.161951	-24.914900
	0.047634	-164.221615	115.161951	-24.855300
	0.047643	-164.821622	115.161951	-24.795600
	0.047653	-165.863111	115.161951	-24.795600
	0.047662	-166.173597	115.161951	-24.855300
	0.047672	-165.513827	115.161951	-24.497600
	0.047681	-166.034902	115.161951	-23.842000
	0.047691	-166.196648	115.161951	-23.722800
	0.047700	-165.766137	115.161951	-23.603600
	0.047710	-165.873641	115.161951	-23.603600
	0.047719	-166.105221	115.161951	-23.544000
	0.047728	-166.310820	115.161951	-23.544000
	0.047738	-166.677251	115.161951	-23.544000
	0.047747	-166.412458	115.161951	-23.484300
	0.047757	-166.493800	115.161951	-23.424700
	0.047766	-166.494499	115.161951	-23.365100
	0.047776	-166.872027	115.161951	-23.365100
	0.047785	-166.290995	115.161951	-23.365100
	0.047795	-166.050152	115.161951	-23.424700
	0.047804	-167.043373	115.161951	-23.424700
	0.047814	-167.080427	115.161951	-23.424700
	0.047823	-167.043956	115.161951	-23.365100
	0.047833	-167.323347	115.161951	-23.365100
	0.047842	-166.498431	115.161951	-23.245900
	0.047852	-166.833740	115.161951	-23.186300
	0.047861	-166.500338	115.161951	-23.186300
	0.047871	-166.495807	115.161951	-23.245900
	0.047880	-166.821600	115.161951	-23.245900
	0.047889	-167.053588	115.161951	-23.186300
	0.047899	-167.015342	115.161951	-23.126700
	0.047908	-167.241485	115.161951	-23.067100
	0.047918	-167.411284	115.161951	-23.007500
	0.047927	-167.570082	115.161951	-23.007500
	0.047937	-167.829428	115.161951	-23.067100
	0.047946	-167.874255	115.161951	-23.067100
	0.047956	-166.776107	115.161951	-23.007500
	0.047965	-167.402797	115.161951	-23.007500
	0.047975	-167.548692	115.161951	-23.007500
	0.047984	-168.029301	115.161951	-22.947900
	0.047994	-167.762255	115.161951	-22.947900
	0.048003	-166.420105	115.161951	-22.947900
	0.048013	-166.944606	115.161951	-22.947900
	0.048022	-166.313201	115.161951	-22.888300
	0.048031	-167.450150	115.161951	-22.888300
	0.048041	-167.448073	115.161951	-22.888300
	0.048050	-168.218073	115.161951	-22.888300
	0.048060	-167.691711	115.161951	-22.947900
	0.048069	-167.092325	115.161951	-22.888300
	0.048079	-166.805229	115.161951	-22.888300
	0.048088	-167.005826	115.161951	-22.828700
	0.048098	-166.911516	115.161951	-22.828700
	0.048107	-166.403589	115.161951	-22.828700
	0.048117	-166.688006	115.161951	-22.828700
	0.048126	-166.734288	115.161951	-22.828700
	0.048136	-166.405008	115.161951	-22.947900
	0.048145	-166.434846	115.161951	-22.947900
	0.048155	-167.179501	115.161951	-23.007500
	0.048164	-166.645745	115.161951	-23.007500
	0.048174	-165.880156	115.161951	-23.007500
	0.048183	-167.744064	115.161951	-22.947900
	0.048192	-166.264416	115.161951	-23.007500
	0.048202	-166.883911	115.161951	-23.007500
	0.048211	-167.389751	115.161951	-23.007500
	0.048221	-168.456246	115.161951	-23.067100
	0.048230	-167.383654	115.161951	-23.067100
	0.048240	-167.351356	115.161951	-23.067100
	0.048249	-167.221507	115.161951	-23.126700
	0.048259	-167.610821	115.161951	-23.126700
	0.048268	-167.153243	115.161951	-23.186300
	0.048278	-167.673829	115.161951	-23.186300
	0.048287	-167.108087	115.161951	-23.126700
	0.048297	-166.929654	115.161951	-23.186300
	0.048306	-167.068257	115.161951	-23.067100
	0.048316	-167.647256	115.161951	-23.007500
	0.048325	-166.770298	115.161951	-23.067100
	0.048334	-166.796167	115.161951	-23.067100
	0.048344	-166.589196	115.161951	-23.126700
	0.048353	-167.658469	115.161951	-23.126700
	0.048363	-173.928372	115.161951	-22.113400
	0.048372	-173.865996	115.161951	-21.457800
	0.048382	-174.060389	115.161951	-21.219400
	0.048391	-173.175467	115.161951	-21.219400
	0.048401	-173.090358	115.161951	-21.159800
	0.048410	-174.295626	115.161951	-21.159800
	0.048420	-173.869796	115.161951	-21.100200
	0.048429	-174.722357	115.161951	-21.040600
	0.048439	-173.215855	115.161951	-20.981000
	0.048448	-173.556889	115.161951	-20.981000
	0.048458	-173.784299	115.161951	-20.981000
	0.048467	-174.353299	115.161951	-20.981000
	0.048477	-174.216216	115.161951	-20.981000
	0.048486	-173.296355	115.161951	-20.981000
	0.048495	-173.458832	115.161951	-20.981000
	0.048505	-173.260068	115.161951	-20.921300
	0.048514	-173.073376	115.161951	-20.981000
	0.048524	-173.470244	115.161951	-21.040600
	0.048533	-174.147597	115.161951	-20.981000
	0.048543	-173.704540	115.161951	-20.981000
	0.048552	-173.818845	115.161951	-20.981000
	0.048562	-173.290406	115.161951	-20.981000
	0.048571	-173.033525	115.161951	-21.040600
	0.048581	-172.922661	115.161951	-20.981000
	0.048590	-173.778064	115.161951	-20.981000
	0.048600	-173.615711	115.161951	-20.742500
	0.048609	-173.711304	115.161951	-20.146500
	0.048619	-174.215009	115.161951	-19.729300
	0.048628	-173.725639	115.161951	-19.490800
	0.048637	-174.788844	115.161951	-19.490800
	0.048647	-174.729298	115.161951	-19.490800
	0.048656	-174.036242	115.161951	-19.490800
	0.048666	-174.830757	115.161951	-19.490800
	0.048675	-174.238241	115.161951	-19.490800
	0.048685	-174.739083	115.161951	-19.550400
	0.048694	-173.759191	115.161951	-19.550400
	0.048704	-174.316094	115.161951	-19.490800
	0.048713	-174.998148	115.161951	-19.490800
	0.048723	-174.890481	115.161951	-19.550400
	0.048732	-174.728375	115.161951	-19.550400
	0.048742	-174.875434	115.161951	-19.610000
	0.048751	-175.222504	115.161951	-19.550400
	0.048761	-175.142718	115.161951	-19.490800
	0.048770	-175.712291	115.161951	-19.490800
	0.048780	-175.127932	115.161951	-19.550400
	0.048789	-175.708834	115.161951	-19.550400
	0.048798	-176.613748	115.161951	-19.490800
	0.048808	-176.223021	115.161951	-19.610000
	0.048817	-175.621067	115.161951	-19.669600
	0.048827	-174.247998	115.161951	-19.669600
	0.048836	-175.782871	115.161951	-19.610000
	0.048846	-175.152562	115.161951	-19.610000
	0.048855	-175.020221	115.161951	-19.610000
	0.048865	-174.893380	115.161951	-19.610000
	0.048874	-174.644500	115.161951	-19.669600
	0.048884	-175.102757	115.161951	-19.669600
	0.048893	-174.475628	115.161951	-19.669600
	0.048903	-176.203938	115.161951	-19.669600
	0.048912	-174.945418	115.161951	-19.788900
	0.048922	-174.886589	115.161951	-19.788900
	0.048931	-175.518798	115.161951	-19.788900
	0.048940	-175.278051	115.161951	-19.848500
	0.048950	-175.648676	115.161951	-19.788900
	0.048959	-174.786827	115.161951	-19.610000
	0.048969	-174.720624	115.161951	-19.550400
	0.048978	-175.752669	115.161951	-19.550400
	0.048988	-175.941090	115.161951	-19.431200
	0.048997	-176.012978	115.161951	-19.431200
	0.049007	-176.012423	115.161951	-19.490800
	0.049016	-175.802859	115.161951	-19.431200
	0.049026	-175.589805	115.161951	-19.431200
	0.049035	-175.790279	115.161951	-19.431200
	0.049045	-175.292063	115.161951	-19.431200
	0.049054	-176.079171	115.161951	-19.312000
	0.049064	-175.872909	115.161951	-19.252400
	0.049073	-176.985886	115.161951	-19.192800
	0.049083	-177.042867	115.161951	-19.192800
	0.049092	-176.912665	115.161951	-19.252400
	0.049101	-177.234174	115.161951	-19.312000
	0.049111	-176.632728	115.161951	-19.252400
	0.049120	-176.538915	115.161951	-19.252400
	0.049130	-176.746796	115.161951	-19.252400
	0.049139	-175.518612	115.161951	-19.252400
	0.049149	-176.247907	115.161951	-19.252400
	0.049158	-176.909349	115.161951	-19.252400
	0.049168	-176.524052	115.161951	-19.312000
	0.049177	-174.722781	115.161951	-19.312000
	0.049187	-178.917007	115.161951	-18.656400
	0.049196	-178.541435	115.161951	-18.358300
	0.049206	-179.008566	115.161951	-18.358300
	0.049215	-178.545066	115.161951	-18.358300
	0.049225	-179.348124	115.161951	-18.298700
	0.049234	-179.365473	115.161951	-18.239100
	0.049243	-179.881185	115.161951	-18.239100
	0.049253	-179.071690	115.161951	-18.298700
	0.049262	-178.238490	115.161951	-18.298700
	0.049272	-178.887935	115.161951	-18.298700
	0.049281	-178.031732	115.161951	-18.358300
	0.049291	-179.322775	115.161951	-18.298700
	0.049300	-179.304073	115.161951	-18.239100
	0.049310	-179.389614	115.161951	-18.179500
	0.049319	-179.261055	115.161951	-18.239100
	0.049329	-179.164806	115.161951	-18.239100
	0.049338	-178.968927	115.161951	-18.298700
	0.049348	-180.309980	115.161951	-18.298700
	0.049357	-179.226174	115.161951	-18.239100
	0.049367	-180.279816	115.161951	-18.239100
	0.049376	-180.360957	115.161951	-18.239100
	0.049386	-179.846642	115.161951	-18.239100
	0.049395	-180.455119	115.161951	-18.239100
	0.049404	-179.804450	115.161951	-18.179500
	0.049414	-179.656514	115.161951	-18.179500
	0.049423	-180.393968	115.161951	-18.239100
	0.049433	-179.544159	115.161951	-18.239100
	0.049442	-179.873180	115.161951	-18.239100
	0.049452	-179.831919	115.161951	-18.239100
	0.049461	-179.629288	115.161951	-18.239100
	0.049471	-180.160937	115.161951	-18.179500
	0.049480	-179.391632	115.161951	-18.239100
	0.049490	-180.186184	115.161951	-18.298700
	0.049499	-180.194593	115.161951	-18.239100
	0.049509	-179.842550	115.161951	-18.119900
	0.049518	-179.975029	115.161951	-18.119900
	0.049528	-179.798728	115.161951	-18.179500
	0.049537	-180.118155	115.161951	-18.119900
	0.049546	-181.143325	115.161951	-18.119900
	0.049556	-180.716595	115.161951	-18.119900
	0.049565	-181.034153	115.161951	-18.119900
	0.049575	-180.788599	115.161951	-18.179500
	0.049584	-180.744356	115.161951	-18.179500
	0.049594	-180.526647	115.161951	-18.179500
	0.049603	-180.559258	115.161951	-18.179500
	0.049613	-180.950408	115.161951	-18.179500
	0.049622	-180.446815	115.161951	-18.179500
	0.049632	-180.984010	115.161951	-18.119900
	0.049641	-181.492217	115.161951	-18.179500
	0.049651	-180.703112	115.161951	-18.179500
	0.049660	-181.790006	115.161951	-18.179500
	0.049670	-181.632211	115.161951	-18.179500
	0.049679	-181.998458	115.161951	-18.239100
	0.049689	-181.017946	115.161951	-18.239100
	0.049698	-180.176567	115.161951	-18.179500
	0.049707	-180.263923	115.161951	-18.239100
	0.049717	-179.959835	115.161951	-18.239100
	0.049726	-179.882414	115.161951	-18.358300
	0.049736	-179.599552	115.161951	-18.298700
	0.049745	-180.733195	115.161951	-18.358300
	0.049755	-181.325996	115.161951	-18.358300
	0.049764	-179.607157	115.161951	-18.358300
	0.049774	-180.879570	115.161951	-18.418000
	0.049783	-179.876536	115.161951	-18.418000
	0.049793	-180.997902	115.161951	-18.477600
	0.049802	-180.761240	115.161951	-18.418000
	0.049812	-179.532399	115.161951	-18.418000
	0.049821	-180.136509	115.161951	-18.418000
	0.049831	-181.259204	115.161951	-18.477600
	0.049840	-181.452746	115.161951	-18.537200
	0.049849	-180.600495	115.161951	-18.477600
	0.049859	-180.289665	115.161951	-18.477600
	0.049868	-180.212646	115.161951	-18.477600
	0.049878	-180.389064	115.161951	-18.418000
	0.049887	-180.722591	115.161951	-18.418000
	0.049897	-180.417822	115.161951	-18.477600
	0.049906	-180.162471	115.161951	-18.537200
	0.049916	-180.016519	115.161951	-18.537200
	0.049925	-181.090816	115.161951	-18.477600
	0.049935	-180.724380	115.161951	-18.477600
	0.049944	-180.135362	115.161951	-18.477600
	0.049954	-178.256337	115.161951	-18.537200
	0.049963	-180.200336	115.161951	-18.537200
	0.049973	-179.587906	115.161951	-18.537200
	0.049982	-181.163153	115.161951	-18.596800
	0.049991	-181.280448	115.161951	-18.537200
	0.050001	-180.357292	115.161951	-18.537200
	0.050010	-181.132819	115.161951	-18.537200
	0.050020	-181.011964	115.161951	-18.596800
	0.050029	-180.746174	115.161951	-18.537200
	0.050039	-181.721619	115.161951	-18.537200
	0.050048	-180.293526	115.161951	-18.537200
	0.050058	-181.034665	115.161951	-18.537200
	0.050067	-181.088762	115.161951	-18.596800
	0.050077	-180.857312	115.161951	-18.537200
	0.050086	-180.698004	115.161951	-18.537200
	0.050096	-179.961472	115.161951	-18.537200
	0.050105	-180.952184	115.161951	-18.477600
	0.050115	-180.903475	115.161951	-18.477600
	0.050124	-180.468817	115.161951	-18.477600
	0.050134	-180.365238	115.161951	-18.477600
	0.050143	-180.534841	115.161951	-18.418000
	0.050152	-180.084271	115.161951	-18.477600
	0.050162	-181.326595	115.161951	-18.418000
	0.050171	-179.707725	115.161951	-18.418000
	0.050181	-179.961101	115.161951	-18.418000
	0.050190	-178.971954	115.161951	-18.418000
	0.050200	-180.517342	115.161951	-18.418000
	0.050209	-182.012543	115.161951	-18.418000
	0.050219	-180.648142	115.161951	-18.418000
	0.050228	-181.776146	115.161951	-18.358300
	0.050238	-181.707480	115.161951	-18.418000
	0.050247	-181.614600	115.161951	-18.477600
	0.050257	-181.271734	115.161951	-18.418000
	0.050266	-181.127528	115.161951	-18.418000
	0.050276	-180.667562	115.161951	-18.418000
	0.050285	-180.795629	115.161951	-18.418000
	0.050294	-180.206930	115.161951	-18.418000
	0.050304	-180.806934	115.161951	-18.418000
	0.050313	-180.687610	115.161951	-18.358300
	0.050323	-181.019233	115.161951	-18.358300
	0.050332	-180.889558	115.161951	-18.358300
	0.050342	-180.668902	115.161951	-18.358300
	0.050351	-180.113238	115.161951	-18.358300
	0.050361	-180.403709	115.161951	-18.358300
	0.050370	-179.516273	115.161951	-18.358300
	0.050380	-179.682174	115.161951	-18.418000
	0.050389	-179.927036	115.161951	-18.418000
	0.050399	-180.536012	115.161951	-18.358300
	0.050408	-179.594357	115.161951	-18.358300
	0.050418	-181.453330	115.161951	-18.298700
	0.050427	-180.233888	115.161951	-18.239100
	0.050437	-178.673564	115.161951	-18.239100
	0.050446	-179.140058	115.161951	-18.298700
	0.050455	-179.162843	115.161951	-18.298700
	0.050465	-179.325905	115.161951	-18.358300
	0.050474	-179.942649	115.161951	-18.358300
	0.050484	-179.807067	115.161951	-18.358300
