	-0.071022	-0.288069	115.161951	-26.881800
	-0.068270	1.041000	115.161951	-26.941400
	-0.065518	0.683493	115.161951	-27.060600
	-0.062767	0.354603	115.161951	-27.239400
	-0.060015	-0.520362	115.161951	-27.418300
	-0.057264	0.022528	115.161951	-27.656700
	-0.054512	-0.320707	115.161951	-27.835500
	-0.051760	-0.050183	115.161951	-28.073900
	-0.049009	0.818901	115.161951	-28.312300
	-0.046257	-0.020151	115.161951	-28.670000
	-0.043506	-1.239672	115.161951	-28.908400
	-0.040754	0.316291	115.161951	-29.266000
	-0.038002	-0.670929	115.161951	-29.623600
	-0.035251	-1.654170	115.161951	-29.921600
	-0.032499	-1.259220	115.161951	-30.100500
	-0.029748	-1.928787	115.161951	-30.577400
	-0.026996	-2.297524	115.161951	-31.054300
	-0.024245	-1.517743	115.161951	-31.471500
	-0.021493	-3.486206	115.161951	-31.888700
	-0.018741	-3.889110	115.161951	-32.365600
	-0.015990	-2.879159	115.161951	-32.842400
	-0.013238	-2.533493	115.161951	-33.557600
	-0.010487	-3.736793	115.161951	-34.153700
	-0.007735	-3.890430	115.161951	-34.809300
	-0.004984	-4.173495	115.161951	-35.465000
	-0.002232	-5.343360	115.161951	-36.180300
	0.000520	-4.117097	115.161951	-36.835900
	0.003271	-6.049068	115.161951	-37.849200
	0.006023	-6.063359	115.161951	-38.981700
	0.008774	-7.038969	115.161951	-39.935300
	0.011526	-6.408634	115.161951	-41.127400
	0.014278	-8.027867	115.161951	-43.213600
	0.017029	-6.741732	115.161951	-44.703700
	0.019781	-8.701437	115.161951	-45.717000
	0.022532	-9.941619	115.161951	-48.339600
	0.025284	-10.039342	115.161951	-51.677500
	0.028036	-11.290577	115.161951	-54.896100
	0.030787	-13.563424	115.161951	-58.353200
	0.033539	-15.454495	115.161951	-62.883400
	0.036290	-17.795712	115.161951	-68.486200
	0.036290	-20.596935	115.161951	-73.135400
	0.036300	-19.366864	115.161951	-75.519600
	0.036309	-20.008725	115.161951	-76.056000
	0.036319	-21.588351	115.161951	-76.115600
	0.036328	-22.230321	115.161951	-76.115600
	0.036338	-20.194054	115.161951	-76.175200
	0.036347	-20.802901	115.161951	-76.234800
	0.036357	-20.829068	115.161951	-76.234800
	0.036366	-21.478115	115.161951	-76.234800
	0.036376	-21.526436	115.161951	-76.354000
	0.036385	-21.011097	115.161951	-76.473200
	0.036394	-21.447634	115.161951	-76.473200
	0.036404	-20.536611	115.161951	-76.473200
	0.036413	-21.069930	115.161951	-76.473200
	0.036423	-21.487467	115.161951	-76.532800
	0.036432	-20.937775	115.161951	-76.532800
	0.036442	-21.417714	115.161951	-76.532800
	0.036451	-20.122617	115.161951	-76.532800
	0.036461	-21.352625	115.161951	-76.532800
	0.036470	-20.675606	115.161951	-76.532800
	0.036480	-20.534228	115.161951	-76.532800
	0.036489	-21.100173	115.161951	-76.652000
	0.036499	-20.720840	115.161951	-76.652000
	0.036508	-21.217278	115.161951	-76.711600
	0.036518	-19.949165	115.161951	-76.652000
	0.036527	-20.536956	115.161951	-76.652000
	0.036537	-22.198326	115.161951	-76.652000
	0.036546	-20.890475	115.161951	-76.711600
	0.036555	-21.675963	115.161951	-76.711600
	0.036565	-22.162773	115.161951	-76.711600
	0.036574	-20.572653	115.161951	-76.711600
	0.036584	-21.572986	115.161951	-76.771200
	0.036593	-21.917557	115.161951	-76.771200
	0.036603	-21.677159	115.161951	-76.771200
	0.036612	-20.996857	115.161951	-76.830900
	0.036622	-21.740432	115.161951	-76.830900
	0.036631	-21.056152	115.161951	-76.830900
	0.036641	-22.188062	115.161951	-76.890500
	0.036650	-21.481251	115.161951	-76.950100
	0.036660	-21.288565	115.161951	-76.950100
	0.036669	-22.432979	115.161951	-76.950100
	0.036679	-21.212767	115.161951	-77.009700
	0.036688	-21.807770	115.161951	-77.069300
	0.036697	-21.538090	115.161951	-77.069300
	0.036707	-20.855016	115.161951	-77.009700
	0.036716	-20.557921	115.161951	-77.069300
	0.036726	-20.775221	115.161951	-77.009700
	0.036735	-20.048264	115.161951	-77.069300
	0.036745	-20.504027	115.161951	-77.128900
	0.036754	-20.517331	115.161951	-77.128900
	0.036764	-20.850160	115.161951	-77.128900
	0.036773	-20.317324	115.161951	-77.128900
	0.036783	-20.791712	115.161951	-77.128900
	0.036792	-20.081379	115.161951	-77.188500
	0.036802	-21.429321	115.161951	-77.128900
	0.036811	-21.517763	115.161951	-77.128900
	0.036821	-21.097327	115.161951	-77.128900
	0.036830	-21.100257	115.161951	-77.069300
	0.036840	-20.360918	115.161951	-77.069300
	0.036849	-21.004576	115.161951	-77.069300
	0.036858	-20.368243	115.161951	-77.069300
	0.036868	-20.929848	115.161951	-77.069300
	0.036877	-19.964954	115.161951	-77.128900
	0.036887	-20.861868	115.161951	-77.188500
	0.036896	-20.523094	115.161951	-77.248100
	0.036906	-20.773772	115.161951	-77.248100
	0.036915	-20.268426	115.161951	-77.188500
	0.036925	-20.217062	115.161951	-77.128900
	0.036934	-19.101234	115.161951	-77.128900
	0.036944	-20.214289	115.161951	-77.128900
	0.036953	-20.410014	115.161951	-77.188500
	0.036963	-20.639139	115.161951	-77.248100
	0.036972	-19.778863	115.161951	-77.248100
	0.036982	-19.376360	115.161951	-77.307700
	0.036991	-20.063735	115.161951	-77.307700
	0.037000	-20.556704	115.161951	-77.307700
	0.037010	-19.929880	115.161951	-77.367300
	0.037019	-20.663362	115.161951	-77.367300
	0.037029	-20.711557	115.161951	-77.307700
	0.037038	-20.142924	115.161951	-77.307700
	0.037048	-22.298016	115.161951	-77.307700
	0.037057	-21.487823	115.161951	-77.307700
	0.037067	-21.501322	115.161951	-77.367300
	0.037076	-22.344296	115.161951	-77.307700
	0.037086	-21.076153	115.161951	-77.367300
	0.037095	-20.859187	115.161951	-77.367300
	0.037105	-21.765053	115.161951	-77.367300
	0.037114	-20.450077	115.161951	-77.426900
	0.037124	-20.662296	115.161951	-77.367300
	0.037133	-21.140465	115.161951	-77.426900
	0.037143	-21.267513	115.161951	-77.486500
	0.037152	-20.684721	115.161951	-77.486500
	0.037161	-21.185240	115.161951	-77.546100
	0.037171	-20.707784	115.161951	-77.486500
	0.037180	-20.257887	115.161951	-77.546100
	0.037190	-20.277862	115.161951	-77.605700
	0.037199	-20.671957	115.161951	-77.546100
	0.037209	-20.574950	115.161951	-77.605700
	0.037218	-21.743327	115.161951	-77.665300
	0.037228	-21.301523	115.161951	-77.605700
	0.037237	-21.159991	115.161951	-77.665300
	0.037247	-20.146264	115.161951	-77.665300
	0.037256	-20.147862	115.161951	-77.665300
	0.037266	-21.328103	115.161951	-77.665300
	0.037275	-21.413715	115.161951	-77.784500
	0.037285	-19.751969	115.161951	-77.784500
	0.037294	-22.239962	115.161951	-77.784500
	0.037303	-20.319132	115.161951	-77.784500
	0.037313	-20.292301	115.161951	-77.784500
	0.037322	-20.410531	115.161951	-77.784500
	0.037332	-20.397033	115.161951	-77.784500
	0.037341	-19.091713	115.161951	-77.844100
	0.037351	-20.686713	115.161951	-77.844100
	0.037360	-20.357946	115.161951	-77.844100
	0.037370	-19.146840	115.161951	-77.844100
	0.037379	-20.880987	115.161951	-77.903700
	0.037389	-20.698390	115.161951	-77.903700
	0.037398	-19.970331	115.161951	-77.903700
	0.037408	-21.818629	115.161951	-77.903700
	0.037417	-20.758310	115.161951	-77.903700
	0.037427	-20.966888	115.161951	-77.963300
	0.037436	-20.488820	115.161951	-78.022900
	0.037446	-20.819769	115.161951	-77.963300
	0.037455	-19.936158	115.161951	-78.022900
	0.037464	-21.346130	115.161951	-78.142200
	0.037474	-20.537224	115.161951	-78.082600
	0.037483	-20.581803	115.161951	-78.082600
	0.037493	-21.839830	115.161951	-78.082600
	0.037502	-21.194925	115.161951	-78.082600
	0.037512	-21.095153	115.161951	-78.082600
	0.037521	-21.326826	115.161951	-78.142200
	0.037531	-21.188347	115.161951	-78.142200
	0.037540	-21.011234	115.161951	-78.142200
	0.037550	-21.549526	115.161951	-78.201800
	0.037559	-20.984921	115.161951	-78.201800
	0.037569	-20.203652	115.161951	-78.321000
	0.037578	-20.372329	115.161951	-78.321000
	0.037588	-20.903934	115.161951	-78.321000
	0.037597	-20.385502	115.161951	-78.321000
	0.037606	-20.632469	115.161951	-78.261400
	0.037616	-20.285431	115.161951	-78.261400
	0.037625	-22.084588	115.161951	-78.321000
	0.037635	-21.671530	115.161951	-78.321000
	0.037644	-22.130646	115.161951	-78.380600
	0.037654	-21.271700	115.161951	-78.380600
	0.037663	-21.328028	115.161951	-78.380600
	0.037673	-21.522154	115.161951	-78.380600
	0.037682	-21.355872	115.161951	-78.380600
	0.037692	-22.238149	115.161951	-78.440200
	0.037701	-21.849040	115.161951	-78.499800
	0.037711	-21.294316	115.161951	-78.499800
	0.037720	-20.913100	115.161951	-78.440200
	0.037730	-21.373124	115.161951	-78.499800
	0.037739	-21.467678	115.161951	-78.559400
	0.037748	-21.519807	115.161951	-78.619000
	0.037758	-21.077916	115.161951	-78.619000
	0.037767	-21.792298	115.161951	-78.678600
	0.037777	-21.716826	115.161951	-78.678600
	0.037786	-21.034225	115.161951	-78.857400
	0.037796	-20.449428	115.161951	-78.976600
	0.037805	-21.452848	115.161951	-79.036200
	0.037815	-21.397332	115.161951	-79.036200
	0.037824	-20.193624	115.161951	-79.036200
	0.037834	-21.584643	115.161951	-79.095800
	0.037843	-20.823233	115.161951	-79.095800
	0.037853	-21.371028	115.161951	-79.215000
	0.037862	-21.375419	115.161951	-79.274600
	0.037872	-22.027834	115.161951	-79.334200
	0.037881	-20.687867	115.161951	-79.274600
	0.037891	-20.595960	115.161951	-79.334200
	0.037900	-20.301159	115.161951	-79.334200
	0.037909	-21.158445	115.161951	-79.334200
	0.037919	-21.363034	115.161951	-79.393900
	0.037928	-21.107232	115.161951	-79.513100
	0.037938	-20.859219	115.161951	-79.572700
	0.037947	-21.169254	115.161951	-79.632300
	0.037957	-21.529239	115.161951	-79.572700
	0.037966	-22.314428	115.161951	-79.513100
	0.037976	-22.266158	115.161951	-79.513100
	0.037985	-22.628610	115.161951	-79.572700
	0.037995	-21.856542	115.161951	-79.572700
	0.038004	-22.404272	115.161951	-79.572700
	0.038014	-21.214898	115.161951	-79.572700
	0.038023	-21.246807	115.161951	-79.572700
	0.038033	-21.284578	115.161951	-79.572700
	0.038042	-21.845306	115.161951	-79.572700
	0.038051	-22.072766	115.161951	-79.632300
	0.038061	-21.685173	115.161951	-79.632300
	0.038070	-21.681352	115.161951	-79.632300
	0.038080	-21.660115	115.161951	-79.632300
	0.038089	-20.202432	115.161951	-79.632300
	0.038099	-21.014009	115.161951	-79.691900
	0.038108	-21.755653	115.161951	-79.751500
	0.038118	-21.898159	115.161951	-79.751500
	0.038127	-20.619196	115.161951	-79.751500
	0.038137	-21.953365	115.161951	-79.811100
	0.038146	-20.438717	115.161951	-79.811100
	0.038156	-20.392805	115.161951	-79.870700
	0.038165	-21.609977	115.161951	-79.870700
	0.038175	-21.757819	115.161951	-79.930300
	0.038184	-20.301872	115.161951	-80.049500
	0.038194	-21.653182	115.161951	-80.049500
	0.038203	-21.391495	115.161951	-80.049500
	0.038212	-23.242103	115.161951	-80.049500
	0.038222	-22.169914	115.161951	-80.049500
	0.038231	-23.255750	115.161951	-80.109100
	0.038241	-21.844674	115.161951	-80.109100
	0.038250	-20.720722	115.161951	-80.109100
	0.038260	-22.082620	115.161951	-80.109100
	0.038269	-21.725664	115.161951	-80.049500
	0.038279	-21.965941	115.161951	-80.049500
	0.038288	-22.302742	115.161951	-80.109100
	0.038298	-21.794201	115.161951	-80.168700
	0.038307	-22.192447	115.161951	-80.168700
	0.038317	-21.394262	115.161951	-80.168700
	0.038326	-22.201207	115.161951	-80.228300
	0.038336	-20.794023	115.161951	-80.228300
	0.038345	-22.003455	115.161951	-80.228300
	0.038354	-21.047317	115.161951	-80.287900
	0.038364	-21.653827	115.161951	-80.228300
	0.038373	-22.437932	115.161951	-80.287900
	0.038383	-22.301986	115.161951	-80.347500
	0.038392	-21.399590	115.161951	-80.347500
	0.038402	-22.728021	115.161951	-80.347500
	0.038411	-22.534105	115.161951	-80.466700
	0.038421	-21.889426	115.161951	-80.466700
	0.038430	-21.917597	115.161951	-80.526300
	0.038440	-21.088955	115.161951	-80.585900
	0.038449	-21.793404	115.161951	-80.526300
	0.038459	-21.523833	115.161951	-80.585900
	0.038468	-21.567307	115.161951	-80.585900
	0.038478	-22.067035	115.161951	-80.645600
	0.038487	-22.194548	115.161951	-80.585900
	0.038497	-21.437429	115.161951	-80.585900
	0.038506	-21.829965	115.161951	-80.585900
	0.038515	-22.052732	115.161951	-80.585900
	0.038525	-21.602575	115.161951	-80.585900
	0.038534	-22.079217	115.161951	-80.585900
	0.038544	-22.456994	115.161951	-80.585900
	0.038553	-22.081555	115.161951	-80.645600
	0.038563	-22.154023	115.161951	-80.645600
	0.038572	-21.797890	115.161951	-80.585900
	0.038582	-21.455656	115.161951	-80.645600
	0.038591	-21.447922	115.161951	-80.764800
	0.038601	-22.045560	115.161951	-80.824400
	0.038610	-21.808043	115.161951	-80.824400
	0.038620	-19.747091	115.161951	-80.764800
	0.038629	-22.570523	115.161951	-80.824400
	0.038639	-21.387147	115.161951	-80.824400
	0.038648	-23.778279	115.161951	-80.884000
	0.038657	-22.421160	115.161951	-80.943600
	0.038667	-22.221089	115.161951	-80.884000
	0.038676	-23.385385	115.161951	-80.943600
	0.038686	-21.582082	115.161951	-81.003200
	0.038695	-22.070458	115.161951	-81.062800
	0.038705	-23.340159	115.161951	-81.003200
	0.038714	-21.710297	115.161951	-81.003200
	0.038724	-23.029863	115.161951	-81.003200
	0.038733	-22.391106	115.161951	-81.062800
	0.038743	-22.159690	115.161951	-81.182000
	0.038752	-21.557090	115.161951	-81.241600
	0.038762	-23.531151	115.161951	-81.241600
	0.038771	-21.043251	115.161951	-81.241600
	0.038781	-21.593575	115.161951	-81.241600
	0.038790	-22.537398	115.161951	-81.301200
	0.038800	-21.847180	115.161951	-81.360800
	0.038809	-22.891893	115.161951	-81.420400
	0.038818	-22.749383	115.161951	-81.420400
	0.038828	-22.577809	115.161951	-81.420400
	0.038837	-22.526961	115.161951	-81.420400
	0.038847	-22.432226	115.161951	-81.480000
	0.038856	-22.796752	115.161951	-81.480000
	0.038866	-22.245063	115.161951	-81.480000
	0.038875	-21.301242	115.161951	-81.420400
	0.038885	-21.804969	115.161951	-81.480000
	0.038894	-21.041562	115.161951	-81.599200
	0.038904	-21.692471	115.161951	-81.599200
	0.038913	-22.134028	115.161951	-81.539600
	0.038923	-22.465827	115.161951	-81.539600
	0.038932	-21.714991	115.161951	-81.539600
	0.038942	-22.515763	115.161951	-81.599200
	0.038951	-23.665141	115.161951	-81.599200
	0.038960	-21.045963	115.161951	-81.658800
	0.038970	-22.394339	115.161951	-81.718400
	0.038979	-22.438031	115.161951	-81.718400
	0.038989	-23.282040	115.161951	-81.718400
	0.038998	-21.751197	115.161951	-81.837600
	0.039008	-22.571042	115.161951	-81.837600
	0.039017	-22.859914	115.161951	-81.897200
	0.039027	-21.718987	115.161951	-81.897200
	0.039036	-22.061721	115.161951	-82.016500
	0.039046	-22.785199	115.161951	-82.076100
	0.039055	-22.180397	115.161951	-82.076100
	0.039065	-22.601619	115.161951	-82.076100
	0.039074	-22.595971	115.161951	-82.076100
	0.039084	-22.588536	115.161951	-82.076100
	0.039093	-22.584242	115.161951	-82.076100
	0.039103	-23.106343	115.161951	-82.195300
	0.039112	-23.035638	115.161951	-82.135700
	0.039121	-24.619435	115.161951	-82.195300
	0.039131	-23.704279	115.161951	-82.314500
	0.039140	-23.846864	115.161951	-82.314500
	0.039150	-23.420129	115.161951	-82.314500
	0.039159	-24.117449	115.161951	-82.254900
	0.039169	-24.350792	115.161951	-82.195300
	0.039178	-24.506928	115.161951	-82.195300
	0.039188	-23.549498	115.161951	-82.314500
	0.039197	-24.457481	115.161951	-82.195300
	0.039207	-23.437360	115.161951	-82.016500
	0.039216	-23.999977	115.161951	-82.076100
	0.039226	-23.302590	115.161951	-82.076100
	0.039235	-24.718464	115.161951	-82.135700
	0.039245	-23.784725	115.161951	-82.135700
	0.039254	-22.832032	115.161951	-82.076100
	0.039263	-23.867839	115.161951	-82.076100
	0.039273	-23.377503	115.161951	-82.076100
	0.039282	-22.733557	115.161951	-82.076100
	0.039292	-23.090570	115.161951	-82.135700
	0.039301	-22.577640	115.161951	-82.135700
	0.039311	-23.432899	115.161951	-82.135700
	0.039320	-23.568618	115.161951	-82.195300
	0.039330	-23.334230	115.161951	-82.195300
	0.039339	-23.494688	115.161951	-82.254900
	0.039349	-23.047052	115.161951	-82.254900
	0.039358	-23.842684	115.161951	-82.314500
	0.039368	-22.866816	115.161951	-82.314500
	0.039377	-23.276338	115.161951	-82.374100
	0.039387	-22.009134	115.161951	-82.374100
	0.039396	-23.533565	115.161951	-82.433700
	0.039406	-22.732452	115.161951	-82.433700
	0.039415	-23.952056	115.161951	-82.433700
	0.039424	-23.667119	115.161951	-82.493300
	0.039434	-23.852075	115.161951	-82.493300
	0.039443	-23.355450	115.161951	-82.254900
	0.039453	-23.187777	115.161951	-82.195300
	0.039462	-23.734257	115.161951	-82.195300
	0.039472	-23.776051	115.161951	-82.195300
	0.039481	-23.500359	115.161951	-82.254900
	0.039491	-23.329778	115.161951	-82.374100
	0.039500	-23.398317	115.161951	-82.374100
	0.039510	-24.372220	115.161951	-82.433700
	0.039519	-23.861555	115.161951	-82.493300
	0.039529	-23.847628	115.161951	-82.493300
	0.039538	-24.216664	115.161951	-82.612500
	0.039548	-24.452849	115.161951	-82.672100
	0.039557	-25.148329	115.161951	-82.672100
	0.039566	-24.384645	115.161951	-82.672100
	0.039576	-23.652634	115.161951	-82.791300
	0.039585	-23.038015	115.161951	-82.910500
	0.039595	-23.737139	115.161951	-82.910500
	0.039604	-23.366915	115.161951	-82.910500
	0.039614	-23.652209	115.161951	-82.910500
	0.039623	-23.318799	115.161951	-82.910500
	0.039633	-22.919485	115.161951	-82.910500
	0.039642	-23.075091	115.161951	-82.970100
	0.039652	-23.870044	115.161951	-82.970100
	0.039661	-22.986413	115.161951	-83.089300
	0.039671	-23.310404	115.161951	-83.089300
	0.039680	-23.443841	115.161951	-83.089300
	0.039690	-24.449484	115.161951	-83.089300
	0.039699	-24.608071	115.161951	-83.148900
	0.039709	-23.554972	115.161951	-83.148900
	0.039718	-23.705969	115.161951	-83.208500
	0.039727	-23.536051	115.161951	-83.148900
	0.039737	-24.297065	115.161951	-83.208500
	0.039746	-23.885658	115.161951	-83.148900
	0.039756	-24.174506	115.161951	-83.208500
	0.039765	-24.140256	115.161951	-83.208500
	0.039775	-23.794843	115.161951	-83.208500
	0.039784	-23.867756	115.161951	-83.268200
	0.039794	-23.807155	115.161951	-83.268200
	0.039803	-24.412875	115.161951	-83.208500
	0.039813	-23.480526	115.161951	-83.148900
	0.039822	-23.266345	115.161951	-83.148900
	0.039832	-23.941144	115.161951	-83.208500
	0.039841	-23.820058	115.161951	-83.208500
	0.039851	-23.928281	115.161951	-83.268200
	0.039860	-22.212183	115.161951	-83.268200
	0.039869	-23.444313	115.161951	-83.327800
	0.039879	-23.560674	115.161951	-83.387400
	0.039888	-23.820094	115.161951	-83.447000
	0.039898	-24.281073	115.161951	-83.447000
	0.039907	-23.013064	115.161951	-83.506600
	0.039917	-23.243263	115.161951	-83.447000
	0.039926	-23.196492	115.161951	-83.447000
	0.039936	-24.329224	115.161951	-83.566200
	0.039945	-24.273084	115.161951	-83.625800
	0.039955	-23.705893	115.161951	-83.685400
	0.039964	-23.880835	115.161951	-83.685400
	0.039974	-23.920119	115.161951	-83.685400
	0.039983	-23.014035	115.161951	-83.685400
	0.039993	-23.914388	115.161951	-83.745000
	0.040002	-23.541993	115.161951	-83.745000
	0.040012	-23.630506	115.161951	-83.745000
	0.040021	-23.852674	115.161951	-83.804600
	0.040030	-23.844888	115.161951	-83.804600
	0.040040	-24.567781	115.161951	-83.864200
	0.040049	-24.242009	115.161951	-83.923800
	0.040059	-24.460384	115.161951	-84.043000
	0.040068	-24.740174	115.161951	-84.102600
	0.040078	-25.767358	115.161951	-84.162200
	0.040087	-25.117512	115.161951	-84.162200
	0.040097	-24.582105	115.161951	-84.102600
	0.040106	-25.696964	115.161951	-84.102600
	0.040116	-25.073201	115.161951	-84.043000
	0.040125	-25.424945	115.161951	-84.102600
	0.040135	-25.304699	115.161951	-84.162200
	0.040144	-24.818153	115.161951	-84.221800
	0.040154	-25.120416	115.161951	-84.221800
	0.040163	-25.043050	115.161951	-84.221800
	0.040172	-26.747320	115.161951	-84.221800
	0.040182	-25.115851	115.161951	-84.221800
	0.040191	-25.872157	115.161951	-84.341000
	0.040201	-24.540543	115.161951	-84.341000
	0.040210	-25.252092	115.161951	-84.341000
	0.040220	-26.092141	115.161951	-84.281400
	0.040229	-25.149638	115.161951	-84.341000
	0.040239	-26.547709	115.161951	-84.341000
	0.040248	-26.023679	115.161951	-84.341000
	0.040258	-25.782581	115.161951	-84.400600
	0.040267	-25.320009	115.161951	-84.341000
	0.040277	-26.169125	115.161951	-84.341000
	0.040286	-25.743525	115.161951	-84.400600
	0.040296	-25.979693	115.161951	-84.400600
	0.040305	-26.516616	115.161951	-84.460200
	0.040315	-25.897024	115.161951	-84.519900
	0.040324	-25.783475	115.161951	-84.519900
	0.040333	-26.607789	115.161951	-84.519900
	0.040343	-25.487900	115.161951	-84.579500
	0.040352	-26.149160	115.161951	-84.639100
	0.040362	-25.730167	115.161951	-84.639100
	0.040371	-25.935138	115.161951	-84.639100
	0.040381	-25.206446	115.161951	-84.639100
	0.040390	-25.267674	115.161951	-84.698700
	0.040400	-25.793649	115.161951	-84.698700
	0.040409	-25.175093	115.161951	-84.698700
	0.040419	-24.008307	115.161951	-84.698700
	0.040428	-25.013286	115.161951	-84.758300
	0.040438	-25.584257	115.161951	-84.758300
	0.040447	-24.864008	115.161951	-84.817900
	0.040457	-25.168244	115.161951	-84.817900
	0.040466	-25.864590	115.161951	-84.877500
	0.040475	-24.684748	115.161951	-84.877500
	0.040485	-24.477906	115.161951	-84.877500
	0.040494	-23.902642	115.161951	-84.877500
	0.040504	-24.587636	115.161951	-84.877500
	0.040513	-24.227784	115.161951	-84.937100
	0.040523	-24.713723	115.161951	-84.877500
	0.040532	-24.347328	115.161951	-84.877500
	0.040542	-26.048095	115.161951	-84.937100
	0.040551	-24.419497	115.161951	-84.996700
	0.040561	-25.292092	115.161951	-85.056300
	0.040570	-25.120261	115.161951	-85.056300
	0.040580	-25.178428	115.161951	-85.115900
	0.040589	-24.380124	115.161951	-85.115900
	0.040599	-24.199699	115.161951	-84.996700
	0.040608	-25.164736	115.161951	-85.056300
	0.040618	-26.337197	115.161951	-85.115900
	0.040627	-25.945791	115.161951	-85.115900
	0.040636	-25.294562	115.161951	-85.056300
	0.040646	-25.683725	115.161951	-85.056300
	0.040655	-26.000305	115.161951	-85.115900
	0.040665	-24.660802	115.161951	-85.056300
	0.040674	-25.797182	115.161951	-85.056300
	0.040684	-25.816834	115.161951	-85.056300
	0.040693	-25.612449	115.161951	-85.115900
	0.040703	-24.914188	115.161951	-85.115900
	0.040712	-25.328130	115.161951	-85.175500
	0.040722	-26.143427	115.161951	-85.235100
	0.040731	-24.720724	115.161951	-85.294700
	0.040741	-25.483981	115.161951	-85.354300
	0.040750	-24.989435	115.161951	-85.294700
	0.040760	-23.930371	115.161951	-85.235100
	0.040769	-24.759397	115.161951	-85.354300
	0.040778	-26.024750	115.161951	-85.354300
	0.040788	-25.330724	115.161951	-85.413900
	0.040797	-25.136950	115.161951	-85.473500
	0.040807	-25.160206	115.161951	-85.592700
	0.040816	-25.361574	115.161951	-85.592700
	0.040826	-24.281439	115.161951	-85.592700
	0.040835	-25.779197	115.161951	-85.652300
	0.040845	-26.515870	115.161951	-85.711900
	0.040854	-26.356248	115.161951	-85.771500
	0.040864	-26.163257	115.161951	-85.831200
	0.040873	-25.886182	115.161951	-85.831200
	0.040883	-26.122837	115.161951	-85.771500
	0.040892	-26.137429	115.161951	-85.771500
	0.040902	-25.347223	115.161951	-85.771500
	0.040911	-25.244467	115.161951	-85.771500
	0.040921	-25.810218	115.161951	-85.771500
	0.040930	-25.267814	115.161951	-85.771500
	0.040939	-24.172289	115.161951	-85.831200
	0.040949	-24.891418	115.161951	-85.890800
	0.040958	-24.840391	115.161951	-85.890800
	0.040968	-25.317002	115.161951	-85.890800
	0.040977	-25.697469	115.161951	-85.950400
	0.040987	-25.904047	115.161951	-86.010000
	0.040996	-26.611240	115.161951	-86.010000
	0.041006	-26.694305	115.161951	-86.010000
	0.041015	-25.169672	115.161951	-86.010000
	0.041025	-26.241090	115.161951	-86.010000
	0.041034	-26.133195	115.161951	-86.069600
	0.041044	-27.332507	115.161951	-86.129200
	0.041053	-27.721917	115.161951	-86.248400
	0.041063	-26.157699	115.161951	-86.129200
	0.041072	-25.289259	115.161951	-86.248400
	0.041081	-26.806827	115.161951	-86.308000
	0.041091	-27.058932	115.161951	-86.367600
	0.041100	-27.022418	115.161951	-86.367600
	0.041110	-26.533390	115.161951	-86.486800
	0.041119	-26.212266	115.161951	-86.486800
	0.041129	-25.623766	115.161951	-86.486800
	0.041138	-25.660440	115.161951	-86.546400
	0.041148	-24.624005	115.161951	-86.546400
	0.041157	-26.616181	115.161951	-86.486800
	0.041167	-25.967356	115.161951	-86.486800
	0.041176	-26.752293	115.161951	-86.486800
	0.041186	-26.196669	115.161951	-86.546400
	0.041195	-26.323149	115.161951	-86.546400
	0.041205	-26.729055	115.161951	-86.606000
	0.041214	-26.546464	115.161951	-86.606000
	0.041224	-26.000437	115.161951	-86.546400
	0.041233	-26.252824	115.161951	-86.606000
	0.041242	-26.879072	115.161951	-86.665600
	0.041252	-26.660349	115.161951	-86.606000
	0.041261	-27.065267	115.161951	-86.606000
	0.041271	-25.614863	115.161951	-86.665600
	0.041280	-26.888279	115.161951	-86.606000
	0.041290	-26.160234	115.161951	-86.725200
	0.041299	-26.249149	115.161951	-86.784800
	0.041309	-26.225996	115.161951	-86.784800
	0.041318	-27.227944	115.161951	-86.784800
	0.041328	-26.570275	115.161951	-86.784800
	0.041337	-26.006116	115.161951	-86.844400
	0.041347	-27.041322	115.161951	-86.844400
	0.041356	-26.454604	115.161951	-86.844400
	0.041366	-27.078949	115.161951	-86.784800
	0.041375	-27.117239	115.161951	-86.844400
	0.041384	-27.399332	115.161951	-86.904000
	0.041394	-27.443292	115.161951	-86.904000
	0.041403	-26.822263	115.161951	-86.963600
	0.041413	-27.152495	115.161951	-86.904000
	0.041422	-26.993698	115.161951	-86.665600
	0.041432	-28.142585	115.161951	-86.606000
	0.041441	-27.151096	115.161951	-86.606000
	0.041451	-27.121431	115.161951	-86.606000
	0.041460	-27.735546	115.161951	-86.606000
	0.041470	-27.145462	115.161951	-86.606000
	0.041479	-27.366087	115.161951	-86.546400
	0.041489	-28.095337	115.161951	-86.606000
	0.041498	-28.667857	115.161951	-86.606000
	0.041508	-28.515174	115.161951	-86.665600
	0.041517	-28.564974	115.161951	-86.665600
	0.041527	-28.714025	115.161951	-86.546400
	0.041536	-28.566049	115.161951	-85.354300
	0.041545	-29.627650	115.161951	-84.460200
	0.041555	-29.248866	115.161951	-84.341000
	0.041564	-28.128820	115.161951	-84.341000
	0.041574	-29.717172	115.161951	-84.281400
	0.041583	-28.572819	115.161951	-84.281400
	0.041593	-30.117670	115.161951	-84.341000
	0.041602	-29.912645	115.161951	-84.281400
	0.041612	-30.153356	115.161951	-84.281400
	0.041621	-30.163920	115.161951	-84.341000
	0.041631	-30.502667	115.161951	-84.341000
	0.041640	-30.094702	115.161951	-84.341000
	0.041650	-30.496055	115.161951	-84.281400
	0.041659	-29.111933	115.161951	-84.281400
	0.041669	-29.664394	115.161951	-84.281400
	0.041678	-29.640552	115.161951	-84.281400
	0.041687	-31.787261	115.161951	-83.804600
	0.041697	-32.772921	115.161951	-83.447000
	0.041706	-33.098955	115.161951	-83.387400
	0.041716	-34.234094	115.161951	-83.327800
	0.041725	-32.814119	115.161951	-83.327800
	0.041735	-33.776999	115.161951	-83.387400
	0.041744	-33.925964	115.161951	-83.387400
	0.041754	-34.285979	115.161951	-83.447000
	0.041763	-33.792931	115.161951	-83.447000
	0.041773	-33.540402	115.161951	-83.506600
	0.041782	-32.563569	115.161951	-83.506600
	0.041792	-33.094197	115.161951	-83.506600
	0.041801	-32.276573	115.161951	-83.566200
	0.041811	-33.433078	115.161951	-83.566200
	0.041820	-33.568172	115.161951	-83.625800
	0.041829	-33.828145	115.161951	-83.566200
	0.041839	-32.884958	115.161951	-83.566200
	0.041848	-34.352580	115.161951	-83.625800
	0.041858	-33.478395	115.161951	-83.685400
	0.041867	-34.066400	115.161951	-83.625800
	0.041877	-34.633465	115.161951	-83.566200
	0.041886	-34.198261	115.161951	-83.625800
	0.041896	-33.922275	115.161951	-83.685400
	0.041905	-33.725631	115.161951	-83.685400
	0.041915	-33.731357	115.161951	-83.745000
	0.041924	-33.624791	115.161951	-83.804600
	0.041934	-34.189214	115.161951	-83.745000
	0.041943	-33.738806	115.161951	-83.804600
	0.041953	-34.734030	115.161951	-83.864200
	0.041962	-34.327102	115.161951	-83.864200
	0.041972	-35.031039	115.161951	-83.864200
	0.041981	-35.450531	115.161951	-83.804600
	0.041990	-34.177831	115.161951	-83.864200
	0.042000	-34.795247	115.161951	-83.864200
	0.042009	-34.691693	115.161951	-83.864200
	0.042019	-34.705962	115.161951	-83.983400
	0.042028	-34.892604	115.161951	-83.923800
	0.042038	-33.950197	115.161951	-83.983400
	0.042047	-34.830248	115.161951	-84.043000
	0.042057	-35.114982	115.161951	-84.043000
	0.042066	-35.270257	115.161951	-83.983400
	0.042076	-34.803137	115.161951	-83.983400
	0.042085	-35.147105	115.161951	-84.043000
	0.042095	-35.009393	115.161951	-83.864200
	0.042104	-38.501085	115.161951	-82.850900
	0.042114	-39.540925	115.161951	-82.493300
	0.042123	-37.938887	115.161951	-82.433700
	0.042132	-39.427771	115.161951	-82.433700
	0.042142	-38.290955	115.161951	-82.493300
	0.042151	-38.290576	115.161951	-82.552900
	0.042161	-38.062830	115.161951	-82.552900
	0.042170	-37.520996	115.161951	-82.552900
	0.042180	-37.948078	115.161951	-82.612500
	0.042189	-37.869754	115.161951	-82.672100
	0.042199	-38.381814	115.161951	-82.672100
	0.042208	-39.419699	115.161951	-82.672100
	0.042218	-37.934419	115.161951	-82.612500
	0.042227	-37.819663	115.161951	-82.612500
	0.042237	-37.879276	115.161951	-82.672100
	0.042246	-39.073441	115.161951	-82.672100
	0.042256	-38.605904	115.161951	-82.672100
	0.042265	-38.220762	115.161951	-82.612500
	0.042275	-39.177673	115.161951	-82.672100
	0.042284	-39.161432	115.161951	-82.731700
	0.042293	-38.036155	115.161951	-82.731700
	0.042303	-38.872716	115.161951	-82.731700
	0.042312	-38.470444	115.161951	-82.731700
	0.042322	-37.650540	115.161951	-82.731700
	0.042331	-37.915841	115.161951	-82.791300
	0.042341	-36.734514	115.161951	-82.850900
	0.042350	-40.644595	115.161951	-82.731700
	0.042360	-42.622211	115.161951	-82.254900
	0.042369	-42.024498	115.161951	-82.135700
	0.042379	-42.050819	115.161951	-82.135700
	0.042388	-42.295020	115.161951	-82.135700
	0.042398	-43.327949	115.161951	-82.135700
	0.042407	-44.012388	115.161951	-82.195300
	0.042417	-43.451340	115.161951	-82.195300
	0.042426	-43.570036	115.161951	-82.254900
	0.042435	-41.425540	115.161951	-82.314500
	0.042445	-41.777525	115.161951	-82.254900
	0.042454	-41.738568	115.161951	-82.195300
	0.042464	-41.427807	115.161951	-82.195300
	0.042473	-41.395850	115.161951	-82.254900
	0.042483	-42.408239	115.161951	-82.254900
	0.042492	-42.927455	115.161951	-82.314500
	0.042502	-42.806808	115.161951	-82.314500
	0.042511	-41.098070	115.161951	-82.314500
	0.042521	-42.313691	115.161951	-82.314500
	0.042530	-41.225577	115.161951	-82.374100
	0.042540	-42.900140	115.161951	-82.374100
	0.042549	-44.689708	115.161951	-82.195300
	0.042559	-43.976271	115.161951	-82.135700
	0.042568	-44.214299	115.161951	-82.135700
	0.042578	-44.667126	115.161951	-82.135700
	0.042587	-45.095624	115.161951	-82.135700
	0.042596	-44.360448	115.161951	-82.135700
	0.042606	-45.565659	115.161951	-82.135700
	0.042615	-45.367221	115.161951	-81.480000
	0.042625	-46.202611	115.161951	-80.824400
	0.042634	-46.244763	115.161951	-80.645600
	0.042644	-47.080735	115.161951	-80.585900
	0.042653	-47.081008	115.161951	-80.764800
	0.042663	-47.845697	115.161951	-81.241600
	0.042672	-47.595050	115.161951	-81.539600
	0.042682	-47.952085	115.161951	-81.539600
	0.042691	-47.142482	115.161951	-81.539600
	0.042701	-48.314348	115.161951	-81.122400
	0.042710	-48.536494	115.161951	-80.884000
	0.042720	-49.521527	115.161951	-80.705200
	0.042729	-47.776109	115.161951	-80.645600
	0.042738	-48.736205	115.161951	-80.645600
	0.042748	-48.393532	115.161951	-80.705200
	0.042757	-49.007226	115.161951	-80.705200
	0.042767	-48.274316	115.161951	-80.705200
	0.042776	-47.315419	115.161951	-80.705200
	0.042786	-47.963097	115.161951	-80.764800
	0.042795	-47.732911	115.161951	-80.824400
	0.042805	-48.885923	115.161951	-80.824400
	0.042814	-49.177529	115.161951	-80.824400
	0.042824	-47.679548	115.161951	-80.824400
	0.042833	-48.730033	115.161951	-80.884000
	0.042843	-49.137631	115.161951	-80.347500
	0.042852	-49.409107	115.161951	-79.572700
	0.042862	-50.730709	115.161951	-79.274600
	0.042871	-49.919434	115.161951	-79.274600
	0.042881	-50.030425	115.161951	-79.215000
	0.042890	-50.224219	115.161951	-79.274600
	0.042899	-50.770121	115.161951	-79.811100
	0.042909	-50.411567	115.161951	-80.049500
	0.042918	-50.520595	115.161951	-80.168700
	0.042928	-49.804363	115.161951	-80.168700
	0.042937	-49.952373	115.161951	-80.168700
	0.042947	-50.391684	115.161951	-80.168700
	0.042956	-49.373771	115.161951	-80.228300
	0.042966	-50.086838	115.161951	-80.228300
	0.042975	-50.467296	115.161951	-80.168700
	0.042985	-50.967928	115.161951	-80.168700
	0.042994	-49.441945	115.161951	-80.168700
	0.043004	-49.222749	115.161951	-80.168700
	0.043013	-50.547912	115.161951	-80.287900
	0.043023	-49.902027	115.161951	-80.287900
	0.043032	-50.712144	115.161951	-80.287900
	0.043041	-51.021116	115.161951	-80.287900
	0.043051	-50.709582	115.161951	-80.347500
	0.043060	-51.324757	115.161951	-80.347500
	0.043070	-50.224757	115.161951	-80.407100
	0.043079	-51.120245	115.161951	-80.466700
	0.043089	-50.359454	115.161951	-80.466700
	0.043098	-50.024296	115.161951	-80.585900
	0.043108	-50.780023	115.161951	-80.585900
	0.043117	-51.279812	115.161951	-80.585900
	0.043127	-49.846737	115.161951	-80.645600
	0.043136	-49.717431	115.161951	-80.645600
	0.043146	-50.658298	115.161951	-80.764800
	0.043155	-50.403055	115.161951	-80.884000
	0.043165	-51.215758	115.161951	-80.884000
	0.043174	-51.182562	115.161951	-80.943600
	0.043184	-51.513138	115.161951	-80.943600
	0.043193	-51.562564	115.161951	-81.062800
	0.043202	-51.465160	115.161951	-81.241600
	0.043212	-50.618622	115.161951	-81.241600
	0.043221	-51.615368	115.161951	-81.241600
	0.043231	-52.002919	115.161951	-81.241600
	0.043240	-51.607460	115.161951	-81.182000
	0.043250	-52.459471	115.161951	-81.182000
	0.043259	-52.403727	115.161951	-81.182000
	0.043269	-52.285368	115.161951	-81.062800
	0.043278	-51.945673	115.161951	-81.003200
	0.043288	-51.772527	115.161951	-81.062800
	0.043297	-53.531116	115.161951	-80.287900
	0.043307	-55.732997	115.161951	-79.453500
	0.043316	-56.348181	115.161951	-79.095800
	0.043326	-55.989759	115.161951	-79.095800
	0.043335	-57.169989	115.161951	-79.095800
	0.043344	-58.328218	115.161951	-79.215000
	0.043354	-57.743749	115.161951	-79.215000
	0.043363	-58.563669	115.161951	-79.274600
	0.043373	-60.075533	115.161951	-79.215000
	0.043382	-57.968588	115.161951	-79.274600
	0.043392	-58.211655	115.161951	-79.334200
	0.043401	-58.722657	115.161951	-79.215000
	0.043411	-59.021897	115.161951	-78.082600
	0.043420	-58.343759	115.161951	-77.546100
	0.043430	-59.330112	115.161951	-77.367300
	0.043439	-59.949930	115.161951	-77.426900
	0.043449	-60.172684	115.161951	-77.486500
	0.043458	-60.390393	115.161951	-77.486500
	0.043468	-59.869767	115.161951	-77.486500
	0.043477	-60.836219	115.161951	-77.486500
	0.043487	-59.772418	115.161951	-77.486500
	0.043496	-60.256707	115.161951	-77.546100
	0.043505	-59.764653	115.161951	-77.367300
	0.043515	-59.425495	115.161951	-77.307700
	0.043524	-59.700946	115.161951	-77.307700
	0.043534	-60.385630	115.161951	-76.592400
	0.043543	-62.528680	115.161951	-74.625500
	0.043553	-63.296909	115.161951	-73.433400
	0.043562	-63.552443	115.161951	-73.075800
	0.043572	-63.929493	115.161951	-72.956600
	0.043581	-64.304018	115.161951	-72.956600
	0.043591	-63.323523	115.161951	-73.075800
	0.043600	-63.505854	115.161951	-73.075800
	0.043610	-62.833432	115.161951	-73.075800
	0.043619	-62.689464	115.161951	-73.075800
	0.043629	-63.147645	115.161951	-73.075800
	0.043638	-62.520206	115.161951	-73.075800
	0.043647	-63.416447	115.161951	-73.075800
	0.043657	-62.395734	115.161951	-73.135400
	0.043666	-62.593694	115.161951	-73.135400
	0.043676	-62.654373	115.161951	-73.135400
	0.043685	-63.485100	115.161951	-73.195000
	0.043695	-62.301582	115.161951	-73.254600
	0.043704	-63.266472	115.161951	-73.254600
	0.043714	-63.260041	115.161951	-73.254600
	0.043723	-63.170575	115.161951	-73.254600
	0.043733	-62.920486	115.161951	-73.016200
	0.043742	-68.341402	115.161951	-72.002900
	0.043752	-68.531853	115.161951	-71.287600
	0.043761	-69.349781	115.161951	-70.512800
	0.043771	-69.259698	115.161951	-69.976300
	0.043780	-68.625396	115.161951	-69.976300
	0.043790	-69.129849	115.161951	-69.976300
	0.043799	-69.597517	115.161951	-70.035900
	0.043808	-69.038127	115.161951	-70.035900
	0.043818	-68.594285	115.161951	-70.035900
	0.043827	-68.932709	115.161951	-70.035900
	0.043837	-70.252985	115.161951	-69.797500
	0.043846	-69.151316	115.161951	-69.678300
	0.043856	-71.903295	115.161951	-69.082200
	0.043865	-74.038254	115.161951	-68.247800
	0.043875	-72.631807	115.161951	-68.128600
	0.043884	-74.110216	115.161951	-68.009400
	0.043894	-75.169104	115.161951	-67.830600
	0.043903	-74.884593	115.161951	-67.830600
	0.043913	-74.768217	115.161951	-67.770900
	0.043922	-74.113142	115.161951	-67.830600
	0.043932	-74.777914	115.161951	-67.830600
	0.043941	-74.703051	115.161951	-67.830600
	0.043950	-74.780025	115.161951	-67.830600
	0.043960	-74.432862	115.161951	-67.770900
	0.043969	-73.813881	115.161951	-67.770900
	0.043979	-74.130943	115.161951	-67.830600
	0.043988	-74.795502	115.161951	-67.830600
	0.043998	-74.555611	115.161951	-67.830600
	0.044007	-74.217917	115.161951	-67.830600
	0.044017	-73.840859	115.161951	-67.890200
	0.044026	-74.609560	115.161951	-67.890200
	0.044036	-73.771368	115.161951	-67.890200
	0.044045	-74.134586	115.161951	-67.949800
	0.044055	-74.327739	115.161951	-67.949800
	0.044064	-74.665571	115.161951	-67.890200
	0.044074	-74.927768	115.161951	-67.830600
	0.044083	-74.621127	115.161951	-67.830600
	0.044093	-73.894445	115.161951	-67.830600
	0.044102	-74.059926	115.161951	-67.830600
	0.044111	-73.839844	115.161951	-67.830600
	0.044121	-73.757621	115.161951	-67.830600
	0.044130	-73.741179	115.161951	-67.770900
	0.044140	-74.638947	115.161951	-67.830600
	0.044149	-74.608611	115.161951	-67.830600
	0.044159	-73.005715	115.161951	-67.770900
	0.044168	-74.233186	115.161951	-67.711300
	0.044178	-73.326917	115.161951	-67.711300
	0.044187	-73.646151	115.161951	-67.711300
	0.044197	-73.850449	115.161951	-67.711300
	0.044206	-73.386062	115.161951	-67.711300
	0.044216	-74.040331	115.161951	-67.651700
	0.044225	-74.853565	115.161951	-67.592100
	0.044235	-73.966307	115.161951	-67.532500
	0.044244	-74.850906	115.161951	-67.592100
	0.044253	-74.254047	115.161951	-67.592100
	0.044263	-74.826218	115.161951	-67.592100
	0.044272	-73.539659	115.161951	-67.592100
	0.044282	-74.665286	115.161951	-67.651700
	0.044291	-74.331433	115.161951	-67.651700
	0.044301	-76.171430	115.161951	-67.592100
	0.044310	-74.898570	115.161951	-67.532500
	0.044320	-75.214564	115.161951	-67.532500
	0.044329	-74.213210	115.161951	-67.472900
	0.044339	-74.513824	115.161951	-67.532500
	0.044348	-75.548918	115.161951	-67.353700
	0.044358	-79.861451	115.161951	-66.459600
	0.044367	-80.397322	115.161951	-66.042400
	0.044377	-78.727183	115.161951	-65.982800
	0.044386	-80.319461	115.161951	-65.982800
	0.044396	-79.075253	115.161951	-65.982800
	0.044405	-79.652449	115.161951	-65.804000
	0.044414	-80.093921	115.161951	-65.625200
	0.044424	-80.576634	115.161951	-65.506000
	0.044433	-79.192624	115.161951	-65.565600
	0.044443	-80.514187	115.161951	-65.565600
	0.044452	-80.398000	115.161951	-65.625200
	0.044462	-80.573439	115.161951	-65.506000
	0.044471	-82.306433	115.161951	-64.909900
	0.044481	-81.500363	115.161951	-64.611900
	0.044490	-81.048180	115.161951	-64.373500
	0.044500	-87.623846	115.161951	-62.704600
	0.044509	-87.811967	115.161951	-61.750900
	0.044519	-88.375491	115.161951	-61.631700
	0.044528	-88.013178	115.161951	-61.631700
	0.044538	-87.297334	115.161951	-61.691300
	0.044547	-88.326422	115.161951	-61.631700
	0.044556	-88.474368	115.161951	-61.572100
	0.044566	-87.306438	115.161951	-61.512500
	0.044575	-87.385211	115.161951	-61.512500
	0.044585	-87.706431	115.161951	-61.572100
	0.044594	-88.151318	115.161951	-61.631700
	0.044604	-87.365000	115.161951	-61.572100
	0.044613	-88.445048	115.161951	-61.572100
	0.044623	-87.306543	115.161951	-61.631700
	0.044632	-87.454470	115.161951	-61.750900
	0.044642	-87.302564	115.161951	-61.750900
	0.044651	-87.491380	115.161951	-61.750900
	0.044661	-87.347043	115.161951	-61.750900
	0.044670	-87.204576	115.161951	-61.750900
	0.044680	-87.257438	115.161951	-61.810500
	0.044689	-89.692093	115.161951	-60.797000
	0.044699	-99.161631	115.161951	-57.518700
	0.044708	-101.141935	115.161951	-56.147800
	0.044717	-101.915410	115.161951	-55.134500
	0.044727	-102.558328	115.161951	-54.717300
	0.044736	-102.615689	115.161951	-54.538500
	0.044746	-102.602608	115.161951	-54.538500
	0.044755	-102.767717	115.161951	-54.538500
	0.044765	-102.333852	115.161951	-54.538500
	0.044774	-102.097211	115.161951	-54.478900
	0.044784	-103.222772	115.161951	-54.359700
	0.044793	-110.696646	115.161951	-53.048400
	0.044803	-112.283662	115.161951	-51.915900
	0.044812	-113.012160	115.161951	-51.498600
	0.044822	-114.047790	115.161951	-51.498600
	0.044831	-113.625722	115.161951	-51.498600
	0.044841	-114.077806	115.161951	-51.498600
	0.044850	-113.489667	115.161951	-51.498600
	0.044859	-113.096384	115.161951	-51.439000
	0.044869	-113.643050	115.161951	-51.379400
	0.044878	-113.779809	115.161951	-51.379400
	0.044888	-116.517005	115.161951	-50.783400
	0.044897	-116.726184	115.161951	-50.366200
	0.044907	-117.804562	115.161951	-50.246900
	0.044916	-117.045235	115.161951	-50.187300
	0.044926	-118.655458	115.161951	-50.068100
	0.044935	-117.155408	115.161951	-50.008500
	0.044945	-117.004080	115.161951	-49.948900
	0.044954	-116.981606	115.161951	-49.948900
	0.044964	-117.751640	115.161951	-50.008500
	0.044973	-118.640515	115.161951	-49.948900
	0.044983	-119.299572	115.161951	-49.829700
	0.044992	-119.114149	115.161951	-49.889300
	0.045002	-118.787426	115.161951	-49.889300
	0.045011	-118.543251	115.161951	-49.770100
	0.045020	-119.376921	115.161951	-49.770100
	0.045030	-118.464281	115.161951	-49.770100
	0.045039	-119.781775	115.161951	-49.770100
	0.045049	-118.889111	115.161951	-49.710500
	0.045058	-118.979502	115.161951	-49.770100
	0.045068	-117.662350	115.161951	-49.770100
	0.045077	-119.002431	115.161951	-49.710500
	0.045087	-118.563627	115.161951	-49.531700
	0.045096	-118.818727	115.161951	-49.472100
	0.045106	-118.250197	115.161951	-49.472100
	0.045115	-119.172211	115.161951	-49.472100
	0.045125	-118.550363	115.161951	-49.412500
	0.045134	-118.173643	115.161951	-49.472100
	0.045144	-118.231165	115.161951	-49.472100
	0.045153	-118.598223	115.161951	-49.472100
	0.045162	-119.249087	115.161951	-49.472100
	0.045172	-119.246389	115.161951	-49.472100
	0.045181	-119.538647	115.161951	-49.472100
	0.045191	-119.816673	115.161951	-49.472100
	0.045200	-119.765215	115.161951	-49.472100
	0.045210	-120.074816	115.161951	-49.472100
	0.045219	-119.532035	115.161951	-49.472100
	0.045229	-119.387551	115.161951	-49.472100
	0.045238	-119.325812	115.161951	-49.472100
	0.045248	-120.701944	115.161951	-49.352900
	0.045257	-120.299027	115.161951	-49.233700
	0.045267	-121.672334	115.161951	-49.114500
	0.045276	-122.267833	115.161951	-48.756800
	0.045286	-121.238777	115.161951	-48.697200
	0.045295	-120.291595	115.161951	-48.637600
	0.045305	-122.357376	115.161951	-48.637600
	0.045314	-122.603033	115.161951	-48.637600
	0.045323	-121.809236	115.161951	-48.518400
	0.045333	-121.480315	115.161951	-48.399200
	0.045342	-122.784941	115.161951	-48.280000
	0.045352	-123.004438	115.161951	-48.220400
	0.045361	-122.042827	115.161951	-48.220400
	0.045371	-122.586943	115.161951	-48.280000
	0.045380	-123.379532	115.161951	-48.339600
	0.045390	-123.660927	115.161951	-48.339600
	0.045399	-123.126203	115.161951	-48.339600
	0.045409	-122.753342	115.161951	-48.339600
	0.045418	-123.817837	115.161951	-48.280000
	0.045428	-125.238341	115.161951	-47.505100
	0.045437	-124.918237	115.161951	-47.087900
	0.045447	-125.803547	115.161951	-46.968700
	0.045456	-126.320326	115.161951	-47.028300
	0.045465	-124.638136	115.161951	-47.028300
	0.045475	-124.255237	115.161951	-47.087900
	0.045484	-125.136249	115.161951	-47.147500
	0.045494	-125.761829	115.161951	-47.087900
	0.045503	-125.440588	115.161951	-46.909100
	0.045513	-125.355373	115.161951	-46.968700
	0.045522	-123.858811	115.161951	-46.968700
	0.045532	-124.781662	115.161951	-47.028300
	0.045541	-126.158443	115.161951	-46.849500
	0.045551	-127.701706	115.161951	-46.670700
	0.045560	-126.926676	115.161951	-46.670700
	0.045570	-127.872706	115.161951	-46.670700
	0.045579	-127.418375	115.161951	-46.670700
	0.045589	-126.610712	115.161951	-46.670700
	0.045598	-127.218646	115.161951	-46.670700
	0.045608	-127.749426	115.161951	-46.551500
	0.045617	-127.759500	115.161951	-46.372600
	0.045626	-127.891488	115.161951	-46.372600
	0.045636	-127.211326	115.161951	-46.372600
	0.045645	-129.057721	115.161951	-46.432300
	0.045655	-127.893890	115.161951	-46.432300
	0.045664	-127.805265	115.161951	-46.432300
	0.045674	-127.747473	115.161951	-46.491900
	0.045683	-127.609773	115.161951	-46.491900
	0.045693	-128.837835	115.161951	-46.491900
	0.045702	-128.817119	115.161951	-46.432300
	0.045712	-128.975740	115.161951	-46.551500
	0.045721	-128.706239	115.161951	-46.551500
	0.045731	-129.089706	115.161951	-46.551500
	0.045740	-132.039023	115.161951	-45.955400
	0.045750	-134.164520	115.161951	-45.001700
	0.045759	-135.100579	115.161951	-44.703700
	0.045768	-134.265598	115.161951	-44.584500
	0.045778	-134.896442	115.161951	-44.644100
	0.045787	-134.012908	115.161951	-44.644100
	0.045797	-134.622346	115.161951	-44.703700
	0.045806	-135.103821	115.161951	-44.644100
	0.045816	-135.060646	115.161951	-44.584500
	0.045825	-135.827083	115.161951	-44.524900
	0.045835	-134.772216	115.161951	-44.524900
	0.045844	-143.219193	115.161951	-42.319500
	0.045854	-145.605042	115.161951	-40.412200
	0.045863	-146.279753	115.161951	-39.994900
	0.045873	-147.144206	115.161951	-39.875700
	0.045882	-146.991513	115.161951	-39.816100
	0.045892	-147.532480	115.161951	-39.816100
	0.045901	-146.835036	115.161951	-39.696900
	0.045910	-147.025020	115.161951	-39.696900
	0.045920	-146.096633	115.161951	-39.696900
	0.045929	-147.243913	115.161951	-39.696900
	0.045939	-146.636722	115.161951	-39.696900
	0.045948	-147.578907	115.161951	-39.756500
	0.045958	-147.156635	115.161951	-39.756500
	0.045967	-147.326967	115.161951	-39.756500
	0.045977	-148.234177	115.161951	-39.816100
	0.045986	-147.993128	115.161951	-39.756500
	0.045996	-147.363332	115.161951	-39.816100
	0.046005	-147.240663	115.161951	-39.756500
	0.046015	-147.486754	115.161951	-39.756500
	0.046024	-147.005587	115.161951	-39.816100
	0.046034	-146.601061	115.161951	-39.816100
	0.046043	-147.733050	115.161951	-39.816100
	0.046053	-147.018513	115.161951	-39.875700
	0.046062	-146.876972	115.161951	-39.875700
	0.046071	-146.197884	115.161951	-39.816100
	0.046081	-146.868618	115.161951	-39.816100
	0.046090	-146.807370	115.161951	-39.816100
	0.046100	-146.525684	115.161951	-39.816100
	0.046109	-146.247922	115.161951	-39.816100
	0.046119	-147.209462	115.161951	-39.816100
	0.046128	-146.249220	115.161951	-39.756500
	0.046138	-145.978077	115.161951	-39.756500
	0.046147	-146.848317	115.161951	-39.756500
	0.046157	-146.848190	115.161951	-39.696900
	0.046166	-146.728177	115.161951	-39.756500
	0.046176	-146.173744	115.161951	-39.756500
	0.046185	-147.381110	115.161951	-39.756500
	0.046195	-147.332585	115.161951	-39.756500
	0.046204	-147.326548	115.161951	-39.816100
	0.046213	-146.834212	115.161951	-39.756500
	0.046223	-146.460502	115.161951	-39.756500
	0.046232	-147.032281	115.161951	-39.756500
	0.046242	-146.677606	115.161951	-39.756500
	0.046251	-146.190454	115.161951	-39.756500
	0.046261	-148.078563	115.161951	-39.637300
	0.046270	-147.331313	115.161951	-39.756500
	0.046280	-147.594386	115.161951	-39.816100
	0.046289	-147.160177	115.161951	-39.756500
	0.046299	-146.848393	115.161951	-39.756500
	0.046308	-148.151034	115.161951	-39.458500
	0.046318	-149.617498	115.161951	-39.041300
	0.046327	-149.266770	115.161951	-38.922100
	0.046337	-148.468356	115.161951	-38.862500
	0.046346	-148.577244	115.161951	-38.922100
	0.046356	-149.173191	115.161951	-38.922100
	0.046365	-149.668110	115.161951	-38.981700
	0.046374	-150.132682	115.161951	-38.981700
	0.046384	-149.634707	115.161951	-38.922100
	0.046393	-149.459224	115.161951	-38.862500
	0.046403	-150.353664	115.161951	-38.743300
	0.046412	-151.375285	115.161951	-38.683600
	0.046422	-150.530913	115.161951	-38.743300
	0.046431	-149.956977	115.161951	-38.683600
	0.046441	-150.387304	115.161951	-38.624000
	0.046450	-149.901605	115.161951	-38.683600
	0.046460	-149.905849	115.161951	-38.683600
	0.046469	-149.828104	115.161951	-38.683600
	0.046479	-150.097521	115.161951	-38.683600
	0.046488	-150.051533	115.161951	-38.624000
	0.046498	-150.152206	115.161951	-38.564400
	0.046507	-150.233272	115.161951	-38.564400
	0.046516	-149.398753	115.161951	-38.624000
	0.046526	-149.308122	115.161951	-38.624000
	0.046535	-150.291099	115.161951	-38.564400
	0.046545	-150.121553	115.161951	-38.504800
	0.046554	-149.017733	115.161951	-38.504800
	0.046564	-149.526541	115.161951	-38.445200
	0.046573	-150.569525	115.161951	-38.504800
	0.046583	-149.681386	115.161951	-38.504800
	0.046592	-150.022706	115.161951	-38.564400
	0.046602	-149.637117	115.161951	-38.445200
	0.046611	-153.034277	115.161951	-38.206800
	0.046621	-151.986474	115.161951	-38.028000
	0.046630	-152.752201	115.161951	-37.968400
	0.046640	-152.765711	115.161951	-37.908800
	0.046649	-152.180953	115.161951	-37.908800
	0.046659	-153.009115	115.161951	-37.968400
	0.046668	-152.346605	115.161951	-37.968400
	0.046677	-152.619521	115.161951	-37.968400
	0.046687	-151.379817	115.161951	-37.968400
	0.046696	-152.354248	115.161951	-37.849200
	0.046706	-152.294773	115.161951	-37.730000
	0.046715	-152.448475	115.161951	-37.670400
	0.046725	-152.005828	115.161951	-37.670400
	0.046734	-152.201135	115.161951	-37.610800
	0.046744	-153.110615	115.161951	-37.610800
	0.046753	-153.289436	115.161951	-37.610800
	0.046763	-153.599184	115.161951	-37.610800
	0.046772	-152.363519	115.161951	-37.610800
	0.046782	-153.609901	115.161951	-37.610800
	0.046791	-152.594871	115.161951	-37.610800
	0.046801	-153.582822	115.161951	-37.551200
	0.046810	-153.645323	115.161951	-37.610800
	0.046819	-152.532976	115.161951	-37.610800
	0.046829	-152.757993	115.161951	-37.610800
	0.046838	-153.490579	115.161951	-37.610800
	0.046848	-153.194330	115.161951	-37.610800
	0.046857	-155.218961	115.161951	-37.551200
	0.046867	-154.555882	115.161951	-37.551200
	0.046876	-154.586524	115.161951	-37.551200
	0.046886	-153.835512	115.161951	-37.551200
	0.046895	-152.817280	115.161951	-37.551200
	0.046905	-153.272033	115.161951	-37.610800
	0.046914	-152.729375	115.161951	-37.551200
	0.046924	-153.356583	115.161951	-37.491600
	0.046933	-152.592387	115.161951	-37.431900
	0.046943	-153.516616	115.161951	-37.431900
	0.046952	-153.589117	115.161951	-37.431900
	0.046962	-154.509309	115.161951	-37.372300
	0.046971	-154.348803	115.161951	-37.431900
	0.046980	-154.346030	115.161951	-37.431900
	0.046990	-154.665509	115.161951	-37.551200
	0.046999	-153.858355	115.161951	-37.431900
	0.047009	-154.034242	115.161951	-37.372300
	0.047018	-154.319085	115.161951	-37.312700
	0.047028	-154.787010	115.161951	-37.253100
	0.047037	-154.672138	115.161951	-37.193500
	0.047047	-154.396313	115.161951	-37.133900
	0.047056	-155.625160	115.161951	-37.133900
	0.047066	-154.712240	115.161951	-37.133900
	0.047075	-154.605366	115.161951	-37.074300
	0.047085	-155.079376	115.161951	-37.014700
	0.047094	-155.801649	115.161951	-36.955100
	0.047104	-155.843237	115.161951	-36.955100
	0.047113	-156.322574	115.161951	-37.014700
	0.047122	-155.988524	115.161951	-37.014700
	0.047132	-154.830927	115.161951	-37.074300
	0.047141	-155.318303	115.161951	-37.074300
	0.047151	-155.356642	115.161951	-37.074300
	0.047160	-154.968683	115.161951	-37.074300
	0.047170	-156.041087	115.161951	-37.014700
	0.047179	-155.960324	115.161951	-37.074300
	0.047189	-154.720852	115.161951	-37.074300
	0.047198	-155.721456	115.161951	-37.014700
	0.047208	-154.418159	115.161951	-36.955100
	0.047217	-154.812144	115.161951	-37.014700
	0.047227	-155.734361	115.161951	-37.014700
	0.047236	-155.871452	115.161951	-36.955100
	0.047246	-155.416571	115.161951	-36.955100
	0.047255	-156.374444	115.161951	-36.657100
	0.047265	-161.882330	115.161951	-35.405400
	0.047274	-162.284098	115.161951	-34.869000
	0.047283	-162.591321	115.161951	-34.749700
	0.047293	-162.590946	115.161951	-34.690100
	0.047302	-163.325313	115.161951	-34.690100
	0.047312	-163.493970	115.161951	-34.690100
	0.047321	-162.774712	115.161951	-34.630500
	0.047331	-162.913884	115.161951	-34.690100
	0.047340	-163.414101	115.161951	-34.570900
	0.047350	-162.239167	115.161951	-34.570900
	0.047359	-163.170406	115.161951	-34.630500
	0.047369	-163.202069	115.161951	-34.630500
	0.047378	-163.922532	115.161951	-34.570900
	0.047388	-163.541499	115.161951	-34.570900
	0.047397	-163.392116	115.161951	-34.630500
	0.047407	-164.108468	115.161951	-34.690100
	0.047416	-164.228845	115.161951	-34.630500
	0.047425	-163.475499	115.161951	-34.690100
	0.047435	-164.602795	115.161951	-34.690100
	0.047444	-164.965512	115.161951	-34.570900
	0.047454	-169.449650	115.161951	-33.796100
	0.047463	-170.547699	115.161951	-33.021200
	0.047473	-170.294110	115.161951	-32.723200
	0.047482	-170.487438	115.161951	-32.663600
	0.047492	-170.578793	115.161951	-32.604000
	0.047501	-171.222599	115.161951	-32.604000
	0.047511	-171.581708	115.161951	-32.604000
	0.047520	-170.943686	115.161951	-32.723200
	0.047530	-171.186210	115.161951	-32.902000
	0.047539	-172.295123	115.161951	-33.021200
	0.047549	-170.697376	115.161951	-32.902000
	0.047558	-170.830869	115.161951	-32.902000
	0.047568	-171.992320	115.161951	-32.961600
	0.047577	-171.980581	115.161951	-32.902000
	0.047586	-171.103583	115.161951	-32.902000
	0.047596	-171.662863	115.161951	-32.902000
	0.047605	-171.460712	115.161951	-33.021200
	0.047615	-171.696531	115.161951	-33.021200
	0.047624	-171.175010	115.161951	-32.961600
	0.047634	-170.557165	115.161951	-32.961600
	0.047643	-169.900828	115.161951	-32.902000
	0.047653	-171.080014	115.161951	-32.842400
	0.047662	-169.979842	115.161951	-32.842400
	0.047672	-170.208538	115.161951	-32.902000
	0.047681	-169.937016	115.161951	-32.961600
	0.047691	-170.762018	115.161951	-32.902000
	0.047700	-171.489911	115.161951	-32.902000
	0.047710	-170.776854	115.161951	-32.842400
	0.047719	-171.108842	115.161951	-32.842400
	0.047728	-171.595626	115.161951	-32.842400
	0.047738	-170.498830	115.161951	-32.842400
	0.047747	-172.225997	115.161951	-32.782800
	0.047757	-171.399207	115.161951	-32.782800
	0.047766	-171.098776	115.161951	-32.723200
	0.047776	-170.494821	115.161951	-32.544400
	0.047785	-173.332454	115.161951	-32.007900
	0.047795	-172.613014	115.161951	-31.769500
	0.047804	-172.850151	115.161951	-31.709900
	0.047814	-172.729004	115.161951	-31.709900
	0.047823	-172.972639	115.161951	-31.709900
	0.047833	-172.445776	115.161951	-31.709900
	0.047842	-172.562915	115.161951	-31.650300
	0.047852	-171.850605	115.161951	-31.650300
	0.047861	-172.500822	115.161951	-31.650300
	0.047871	-172.254383	115.161951	-31.650300
	0.047880	-172.013321	115.161951	-31.590700
	0.047889	-172.337492	115.161951	-31.411900
	0.047899	-172.501535	115.161951	-31.233100
	0.047908	-174.176070	115.161951	-31.233100
	0.047918	-173.072231	115.161951	-31.233100
	0.047927	-173.135580	115.161951	-31.233100
	0.047937	-172.865784	115.161951	-31.352300
	0.047946	-172.542001	115.161951	-31.352300
	0.047956	-172.945384	115.161951	-31.292700
	0.047965	-173.251715	115.161951	-31.352300
	0.047975	-172.840266	115.161951	-31.292700
	0.047984	-172.313791	115.161951	-31.233100
	0.047994	-172.451469	115.161951	-31.173500
	0.048003	-172.774252	115.161951	-31.173500
	0.048013	-172.461386	115.161951	-31.173500
	0.048022	-172.235803	115.161951	-31.173500
	0.048031	-172.874170	115.161951	-31.113900
	0.048041	-173.898560	115.161951	-31.113900
	0.048050	-173.664361	115.161951	-31.113900
	0.048060	-173.598913	115.161951	-31.173500
	0.048069	-173.988360	115.161951	-31.173500
	0.048079	-173.362682	115.161951	-31.233100
	0.048088	-173.182673	115.161951	-31.173500
	0.048098	-174.307488	115.161951	-31.173500
	0.048107	-173.309145	115.161951	-31.173500
	0.048117	-174.127231	115.161951	-31.233100
	0.048126	-173.558521	115.161951	-31.233100
	0.048136	-173.472980	115.161951	-31.173500
	0.048145	-174.618079	115.161951	-31.113900
	0.048155	-173.550154	115.161951	-31.173500
	0.048164	-173.825561	115.161951	-31.173500
	0.048174	-174.145507	115.161951	-31.173500
	0.048183	-173.234466	115.161951	-31.173500
	0.048192	-172.746348	115.161951	-31.173500
	0.048202	-172.996454	115.161951	-31.173500
	0.048211	-173.887395	115.161951	-31.173500
	0.048221	-173.443784	115.161951	-31.113900
	0.048230	-173.593149	115.161951	-31.113900
	0.048240	-173.410403	115.161951	-31.113900
	0.048249	-174.495083	115.161951	-31.173500
	0.048259	-173.404504	115.161951	-31.173500
	0.048268	-173.126640	115.161951	-31.113900
	0.048278	-174.322251	115.161951	-31.113900
	0.048287	-173.315290	115.161951	-31.054300
	0.048297	-173.651506	115.161951	-31.113900
	0.048306	-174.715519	115.161951	-31.054300
	0.048316	-173.694437	115.161951	-31.054300
	0.048325	-172.465347	115.161951	-31.054300
	0.048334	-172.829013	115.161951	-31.113900
	0.048344	-174.154683	115.161951	-31.113900
	0.048353	-174.085410	115.161951	-31.113900
	0.048363	-173.668603	115.161951	-31.173500
	0.048372	-173.696547	115.161951	-31.233100
	0.048382	-173.189961	115.161951	-31.233100
	0.048391	-172.645075	115.161951	-31.173500
	0.048401	-172.766027	115.161951	-31.113900
	0.048410	-172.586761	115.161951	-31.173500
	0.048420	-172.400344	115.161951	-31.173500
	0.048429	-172.667048	115.161951	-31.113900
	0.048439	-172.908284	115.161951	-31.113900
	0.048448	-173.098695	115.161951	-31.113900
	0.048458	-172.770626	115.161951	-31.113900
	0.048467	-173.699342	115.161951	-31.113900
	0.048477	-172.334551	115.161951	-31.054300
	0.048486	-172.683062	115.161951	-31.113900
	0.048495	-172.836901	115.161951	-31.054300
	0.048505	-172.199285	115.161951	-31.054300
	0.048514	-171.767019	115.161951	-31.113900
	0.048524	-173.121749	115.161951	-31.113900
	0.048533	-172.295014	115.161951	-31.054300
	0.048543	-174.389017	115.161951	-30.517800
	0.048552	-177.400706	115.161951	-29.981300
	0.048562	-176.755516	115.161951	-29.742800
	0.048571	-175.914387	115.161951	-29.683200
	0.048581	-176.865637	115.161951	-29.623600
	0.048590	-176.381823	115.161951	-29.683200
	0.048600	-176.229169	115.161951	-29.683200
	0.048609	-176.481639	115.161951	-29.683200
	0.048619	-176.542082	115.161951	-29.742800
	0.048628	-176.037681	115.161951	-29.683200
	0.048637	-176.350567	115.161951	-29.683200
	0.048647	-177.548760	115.161951	-29.683200
	0.048656	-176.182746	115.161951	-29.623600
	0.048666	-177.011734	115.161951	-29.623600
	0.048675	-176.976819	115.161951	-29.564000
	0.048685	-177.786184	115.161951	-29.564000
	0.048694	-178.642319	115.161951	-29.266000
	0.048704	-179.021918	115.161951	-29.146800
	0.048713	-178.980725	115.161951	-29.087200
	0.048723	-178.849443	115.161951	-29.027600
	0.048732	-179.203598	115.161951	-28.968000
	0.048742	-179.408773	115.161951	-29.027600
	0.048751	-179.620255	115.161951	-29.027600
	0.048761	-178.252600	115.161951	-29.087200
	0.048770	-178.968074	115.161951	-28.968000
	0.048780	-178.628832	115.161951	-28.908400
	0.048789	-179.278806	115.161951	-28.908400
	0.048798	-178.676515	115.161951	-28.968000
	0.048808	-179.008470	115.161951	-28.908400
	0.048817	-179.816231	115.161951	-28.908400
	0.048827	-178.467792	115.161951	-28.848800
	0.048836	-179.394211	115.161951	-28.848800
	0.048846	-178.984898	115.161951	-28.789200
	0.048855	-179.802968	115.161951	-28.789200
	0.048865	-180.301796	115.161951	-28.789200
	0.048874	-180.595985	115.161951	-28.789200
	0.048884	-180.091168	115.161951	-28.789200
	0.048893	-179.485792	115.161951	-28.789200
	0.048903	-179.018203	115.161951	-28.848800
	0.048912	-178.836100	115.161951	-28.848800
	0.048922	-178.716298	115.161951	-28.848800
	0.048931	-179.080704	115.161951	-28.848800
	0.048940	-178.657182	115.161951	-28.848800
	0.048950	-180.014835	115.161951	-28.848800
	0.048959	-178.456654	115.161951	-28.789200
	0.048969	-178.829245	115.161951	-28.670000
	0.048978	-178.793577	115.161951	-28.610300
	0.048988	-179.876418	115.161951	-28.670000
	0.048997	-179.254625	115.161951	-28.670000
	0.049007	-179.791010	115.161951	-28.670000
	0.049016	-179.586329	115.161951	-28.670000
	0.049026	-180.203032	115.161951	-28.670000
	0.049035	-178.544281	115.161951	-28.670000
	0.049045	-180.084109	115.161951	-28.610300
	0.049054	-178.899345	115.161951	-28.610300
	0.049064	-178.508123	115.161951	-28.610300
	0.049073	-178.437988	115.161951	-28.610300
	0.049083	-178.192029	115.161951	-28.670000
	0.049092	-179.270352	115.161951	-28.789200
	0.049101	-178.469342	115.161951	-28.729600
	0.049111	-179.498977	115.161951	-28.670000
	0.049120	-178.090966	115.161951	-28.670000
	0.049130	-177.822466	115.161951	-28.729600
	0.049139	-177.600113	115.161951	-28.670000
	0.049149	-176.730312	115.161951	-28.670000
	0.049158	-177.108982	115.161951	-28.610300
	0.049168	-177.986746	115.161951	-28.610300
	0.049177	-178.345665	115.161951	-28.610300
	0.049187	-177.895062	115.161951	-28.610300
	0.049196	-178.061318	115.161951	-28.550700
	0.049206	-178.299218	115.161951	-28.550700
	0.049215	-178.951045	115.161951	-28.610300
	0.049225	-178.631526	115.161951	-28.550700
	0.049234	-177.556032	115.161951	-28.491100
	0.049243	-178.555552	115.161951	-28.491100
	0.049253	-177.341408	115.161951	-28.491100
	0.049262	-178.107082	115.161951	-28.491100
	0.049272	-177.732025	115.161951	-28.491100
	0.049281	-178.042975	115.161951	-28.491100
	0.049291	-178.479675	115.161951	-28.491100
	0.049300	-179.217341	115.161951	-28.491100
	0.049310	-178.773831	115.161951	-28.491100
	0.049319	-177.958972	115.161951	-28.491100
	0.049329	-177.843164	115.161951	-28.550700
	0.049338	-179.521461	115.161951	-28.491100
	0.049348	-177.598952	115.161951	-28.491100
	0.049357	-179.058733	115.161951	-28.491100
	0.049367	-179.178628	115.161951	-28.491100
	0.049376	-179.016826	115.161951	-28.491100
	0.049386	-177.758813	115.161951	-28.491100
	0.049395	-178.282090	115.161951	-28.371900
	0.049404	-178.430712	115.161951	-28.491100
	0.049414	-178.832483	115.161951	-28.491100
	0.049423	-179.194800	115.161951	-28.491100
	0.049433	-178.816374	115.161951	-28.491100
	0.049442	-177.074999	115.161951	-28.491100
	0.049452	-179.370767	115.161951	-28.491100
	0.049461	-178.795842	115.161951	-28.491100
	0.049471	-178.188448	115.161951	-28.491100
	0.049480	-179.360836	115.161951	-28.491100
	0.049490	-178.116254	115.161951	-28.491100
	0.049499	-178.959143	115.161951	-28.491100
	0.049509	-178.308836	115.161951	-28.491100
	0.049518	-178.940102	115.161951	-28.491100
	0.049528	-179.534948	115.161951	-28.431500
	0.049537	-179.424405	115.161951	-28.431500
	0.049546	-179.144890	115.161951	-28.491100
	0.049556	-178.772066	115.161951	-28.550700
	0.049565	-180.003311	115.161951	-28.550700
	0.049575	-179.711590	115.161951	-28.550700
	0.049584	-180.504412	115.161951	-28.610300
	0.049594	-179.969264	115.161951	-28.610300
	0.049603	-179.121372	115.161951	-28.550700
	0.049613	-178.548108	115.161951	-28.550700
	0.049622	-178.559290	115.161951	-28.550700
	0.049632	-178.923205	115.161951	-28.550700
	0.049641	-179.113662	115.161951	-28.610300
	0.049651	-178.446754	115.161951	-28.550700
	0.049660	-178.972939	115.161951	-28.610300
	0.049670	-178.385736	115.161951	-28.610300
	0.049679	-177.568658	115.161951	-28.610300
	0.049689	-178.656472	115.161951	-28.610300
	0.049698	-177.657283	115.161951	-28.670000
	0.049707	-178.540111	115.161951	-28.670000
	0.049717	-178.485335	115.161951	-28.670000
	0.049726	-179.233468	115.161951	-28.670000
	0.049736	-178.553252	115.161951	-28.670000
	0.049745	-178.378780	115.161951	-28.670000
	0.049755	-178.311888	115.161951	-28.610300
	0.049764	-178.796653	115.161951	-28.670000
	0.049774	-178.635719	115.161951	-28.729600
	0.049783	-178.378108	115.161951	-28.670000
	0.049793	-177.016887	115.161951	-28.610300
	0.049802	-177.485995	115.161951	-28.610300
	0.049812	-177.702070	115.161951	-28.610300
	0.049821	-178.187301	115.161951	-28.670000
	0.049831	-179.247510	115.161951	-28.610300
	0.049840	-178.483318	115.161951	-28.670000
	0.049849	-177.053572	115.161951	-28.610300
	0.049859	-178.051171	115.161951	-28.550700
	0.049868	-178.173341	115.161951	-28.610300
	0.049878	-177.851890	115.161951	-28.610300
	0.049887	-178.087993	115.161951	-28.670000
	0.049897	-178.169905	115.161951	-28.610300
	0.049906	-177.394812	115.161951	-28.610300
	0.049916	-177.294767	115.161951	-28.670000
	0.049925	-177.630024	115.161951	-28.670000
	0.049935	-178.099931	115.161951	-28.670000
	0.049944	-177.709933	115.161951	-28.610300
	0.049954	-177.576861	115.161951	-28.610300
	0.049963	-176.998068	115.161951	-28.610300
	0.049973	-177.959890	115.161951	-28.550700
	0.049982	-178.030330	115.161951	-28.550700
	0.049991	-177.838047	115.161951	-28.550700
	0.050001	-178.113500	115.161951	-28.610300
	0.050010	-178.546306	115.161951	-28.550700
	0.050020	-179.005372	115.161951	-28.550700
	0.050029	-177.793777	115.161951	-28.550700
	0.050039	-178.799328	115.161951	-28.550700
	0.050048	-178.840684	115.161951	-28.550700
	0.050058	-178.145836	115.161951	-28.550700
	0.050067	-177.659877	115.161951	-28.491100
	0.050077	-178.321436	115.161951	-28.550700
	0.050086	-179.346649	115.161951	-28.550700
	0.050096	-178.895470	115.161951	-28.550700
	0.050105	-178.462668	115.161951	-28.491100
	0.050115	-178.519406	115.161951	-28.550700
	0.050124	-179.076938	115.161951	-28.610300
	0.050134	-178.121439	115.161951	-28.550700
	0.050143	-178.876040	115.161951	-28.550700
	0.050152	-179.161027	115.161951	-28.550700
	0.050162	-179.222263	115.161951	-28.491100
	0.050171	-177.963854	115.161951	-28.491100
	0.050181	-179.830066	115.161951	-28.550700
	0.050190	-179.780958	115.161951	-28.491100
	0.050200	-179.076609	115.161951	-28.491100
	0.050209	-178.711971	115.161951	-28.550700
	0.050219	-179.290410	115.161951	-28.550700
	0.050228	-177.511613	115.161951	-28.550700
	0.050238	-178.673900	115.161951	-28.491100
	0.050247	-178.779061	115.161951	-28.431500
	0.050257	-179.027061	115.161951	-28.431500
	0.050266	-178.698013	115.161951	-28.431500
	0.050276	-178.531371	115.161951	-28.371900
	0.050285	-178.663538	115.161951	-28.491100
	0.050294	-178.575978	115.161951	-28.491100
	0.050304	-178.802262	115.161951	-28.431500
	0.050313	-179.283112	115.161951	-28.431500
	0.050323	-179.439566	115.161951	-28.491100
	0.050332	-178.513072	115.161951	-28.491100
	0.050342	-179.440381	115.161951	-28.550700
	0.050351	-179.066350	115.161951	-28.491100
	0.050361	-179.762770	115.161951	-28.491100
	0.050370	-179.184629	115.161951	-28.491100
	0.050380	-178.262892	115.161951	-28.491100
	0.050389	-179.858670	115.161951	-28.550700
	0.050399	-179.675249	115.161951	-28.550700
	0.050408	-178.908473	115.161951	-28.550700
	0.050418	-180.271056	115.161951	-28.550700
	0.050427	-179.751637	115.161951	-28.550700
	0.050437	-179.790807	115.161951	-28.550700
	0.050446	-179.153911	115.161951	-28.491100
	0.050455	-178.972125	115.161951	-28.491100
	0.050465	-179.160578	115.161951	-28.491100
	0.050474	-179.928033	115.161951	-28.491100
	0.050484	-179.576615	115.161951	-28.550700
