	-0.071022	0.097715	115.161951	-24.438000
	-0.068270	0.306950	115.161951	-24.378400
	-0.065518	0.122473	115.161951	-24.557200
	-0.062767	0.924652	115.161951	-24.736000
	-0.060015	0.500772	115.161951	-24.914900
	-0.057264	0.837109	115.161951	-25.212900
	-0.054512	0.824654	115.161951	-25.391700
	-0.051760	0.280527	115.161951	-25.689700
	-0.049009	-0.000555	115.161951	-25.808900
	-0.046257	-0.176103	115.161951	-26.047300
	-0.043506	1.194669	115.161951	-26.405000
	-0.040754	-0.029003	115.161951	-26.703000
	-0.038002	0.133545	115.161951	-27.001000
	-0.035251	-0.363131	115.161951	-27.299000
	-0.032499	-0.740975	115.161951	-27.716300
	-0.029748	-0.314122	115.161951	-28.133500
	-0.026996	-0.753599	115.161951	-28.550700
	-0.024245	-2.165718	115.161951	-29.087200
	-0.021493	-1.061898	115.161951	-29.504400
	-0.018741	-2.550995	115.161951	-29.921600
	-0.015990	-1.627054	115.161951	-30.338900
	-0.013238	-1.899777	115.161951	-30.815800
	-0.010487	-3.786653	115.161951	-31.709900
	-0.007735	-3.577573	115.161951	-32.306000
	-0.004984	-4.198459	115.161951	-33.021200
	-0.002232	-4.383515	115.161951	-33.736500
	0.000520	-3.689166	115.161951	-34.809300
	0.003271	-4.491744	115.161951	-35.643800
	0.006023	-3.167388	115.161951	-36.776300
	0.008774	-4.286924	115.161951	-37.551200
	0.011526	-5.203840	115.161951	-39.100900
	0.014278	-5.320704	115.161951	-40.471800
	0.017029	-6.999661	115.161951	-42.081100
	0.019781	-7.150354	115.161951	-43.332800
	0.022532	-9.551187	115.161951	-46.193800
	0.025284	-9.848058	115.161951	-49.054900
	0.028036	-9.658576	115.161951	-51.856300
	0.030787	-13.341076	115.161951	-55.253700
	0.033539	-13.642077	115.161951	-60.737400
	0.036290	-17.327046	115.161951	-67.174900
	0.036290	-19.174671	115.161951	-70.930000
	0.036300	-18.672829	115.161951	-71.347200
	0.036309	-18.527762	115.161951	-71.347200
	0.036319	-19.616335	115.161951	-71.347200
	0.036328	-19.798595	115.161951	-71.347200
	0.036338	-20.061973	115.161951	-71.347200
	0.036347	-18.973571	115.161951	-71.406800
	0.036357	-19.211613	115.161951	-71.466400
	0.036366	-19.257220	115.161951	-71.406800
	0.036376	-17.433984	115.161951	-71.347200
	0.036385	-19.489632	115.161951	-71.406800
	0.036394	-18.525494	115.161951	-71.466400
	0.036404	-18.743138	115.161951	-71.406800
	0.036413	-19.011372	115.161951	-71.406800
	0.036423	-18.577485	115.161951	-71.466400
	0.036432	-18.486929	115.161951	-71.466400
	0.036442	-18.631880	115.161951	-71.466400
	0.036451	-19.349323	115.161951	-71.466400
	0.036461	-20.061327	115.161951	-71.406800
	0.036470	-19.004017	115.161951	-71.406800
	0.036480	-18.753906	115.161951	-71.466400
	0.036489	-20.300313	115.161951	-71.526000
	0.036499	-20.194285	115.161951	-71.466400
	0.036508	-20.543656	115.161951	-71.466400
	0.036518	-19.258466	115.161951	-71.466400
	0.036527	-19.254886	115.161951	-71.526000
	0.036537	-20.912030	115.161951	-71.585600
	0.036546	-21.475167	115.161951	-71.645200
	0.036555	-20.152125	115.161951	-71.704900
	0.036565	-20.379870	115.161951	-71.704900
	0.036574	-18.341660	115.161951	-71.645200
	0.036584	-19.843357	115.161951	-71.704900
	0.036593	-17.405960	115.161951	-71.704900
	0.036603	-19.282537	115.161951	-71.704900
	0.036612	-19.608256	115.161951	-71.645200
	0.036622	-18.330470	115.161951	-71.704900
	0.036631	-19.502414	115.161951	-71.764500
	0.036641	-18.009526	115.161951	-71.764500
	0.036650	-17.952113	115.161951	-71.764500
	0.036660	-19.453509	115.161951	-71.764500
	0.036669	-18.322803	115.161951	-71.764500
	0.036679	-19.833416	115.161951	-71.824100
	0.036688	-19.243815	115.161951	-71.883700
	0.036697	-18.372160	115.161951	-71.883700
	0.036707	-19.010391	115.161951	-71.883700
	0.036716	-19.831114	115.161951	-71.883700
	0.036726	-18.794668	115.161951	-71.943300
	0.036735	-19.262184	115.161951	-72.002900
	0.036745	-20.181314	115.161951	-72.062500
	0.036754	-20.152703	115.161951	-72.062500
	0.036764	-19.295806	115.161951	-72.062500
	0.036773	-19.705721	115.161951	-72.062500
	0.036783	-18.795271	115.161951	-72.062500
	0.036792	-19.064736	115.161951	-72.062500
	0.036802	-19.040999	115.161951	-72.122100
	0.036811	-19.878774	115.161951	-72.181700
	0.036821	-19.294084	115.161951	-72.241300
	0.036830	-18.928775	115.161951	-72.241300
	0.036840	-20.836623	115.161951	-72.241300
	0.036849	-20.117706	115.161951	-72.300900
	0.036858	-20.320951	115.161951	-72.360500
	0.036868	-19.858185	115.161951	-72.300900
	0.036877	-19.372756	115.161951	-72.300900
	0.036887	-19.887727	115.161951	-72.420100
	0.036896	-20.789281	115.161951	-72.360500
	0.036906	-20.619441	115.161951	-72.300900
	0.036915	-20.254396	115.161951	-72.360500
	0.036925	-20.029892	115.161951	-72.420100
	0.036934	-20.125662	115.161951	-72.420100
	0.036944	-19.603744	115.161951	-72.420100
	0.036953	-19.550726	115.161951	-72.360500
	0.036963	-19.371689	115.161951	-72.300900
	0.036972	-19.354478	115.161951	-72.360500
	0.036982	-19.070437	115.161951	-72.420100
	0.036991	-21.775793	115.161951	-72.479700
	0.037000	-19.308810	115.161951	-72.479700
	0.037010	-19.897675	115.161951	-72.479700
	0.037019	-20.848987	115.161951	-72.479700
	0.037029	-20.305684	115.161951	-72.479700
	0.037038	-19.437780	115.161951	-72.539300
	0.037048	-19.693439	115.161951	-72.539300
	0.037057	-20.179952	115.161951	-72.479700
	0.037067	-20.710469	115.161951	-72.539300
	0.037076	-20.255494	115.161951	-72.539300
	0.037086	-19.028958	115.161951	-72.598900
	0.037095	-19.523471	115.161951	-72.718100
	0.037105	-18.990225	115.161951	-72.718100
	0.037114	-19.328577	115.161951	-72.598900
	0.037124	-18.456646	115.161951	-72.598900
	0.037133	-19.726086	115.161951	-72.598900
	0.037143	-20.395707	115.161951	-72.598900
	0.037152	-20.046082	115.161951	-72.718100
	0.037161	-20.260812	115.161951	-72.718100
	0.037171	-19.211175	115.161951	-72.718100
	0.037180	-19.859047	115.161951	-72.718100
	0.037190	-20.698482	115.161951	-72.777700
	0.037199	-20.754230	115.161951	-72.777700
	0.037209	-19.828279	115.161951	-72.777700
	0.037218	-19.800871	115.161951	-72.777700
	0.037228	-19.811450	115.161951	-72.837300
	0.037237	-19.834772	115.161951	-72.837300
	0.037247	-20.268437	115.161951	-72.837300
	0.037256	-19.648015	115.161951	-72.896900
	0.037266	-19.377950	115.161951	-72.896900
	0.037275	-18.413429	115.161951	-72.896900
	0.037285	-19.550737	115.161951	-72.896900
	0.037294	-19.166057	115.161951	-72.896900
	0.037303	-18.820882	115.161951	-72.896900
	0.037313	-18.907681	115.161951	-72.896900
	0.037322	-20.267138	115.161951	-72.896900
	0.037332	-18.900764	115.161951	-73.016200
	0.037341	-19.497674	115.161951	-73.075800
	0.037351	-19.142228	115.161951	-73.075800
	0.037360	-20.562657	115.161951	-73.075800
	0.037370	-18.232169	115.161951	-73.195000
	0.037379	-20.179679	115.161951	-73.254600
	0.037389	-19.366834	115.161951	-73.254600
	0.037398	-20.486535	115.161951	-73.254600
	0.037408	-20.064923	115.161951	-73.254600
	0.037417	-19.800641	115.161951	-73.314200
	0.037427	-20.545039	115.161951	-73.314200
	0.037436	-19.359526	115.161951	-73.373800
	0.037446	-20.176092	115.161951	-73.373800
	0.037455	-18.699806	115.161951	-73.373800
	0.037464	-20.401864	115.161951	-73.433400
	0.037474	-19.405539	115.161951	-73.373800
	0.037483	-19.051039	115.161951	-73.433400
	0.037493	-18.573892	115.161951	-73.552600
	0.037502	-19.396571	115.161951	-73.552600
	0.037512	-19.869782	115.161951	-73.493000
	0.037521	-18.374363	115.161951	-73.493000
	0.037531	-19.077252	115.161951	-73.552600
	0.037540	-19.734867	115.161951	-73.612200
	0.037550	-20.192902	115.161951	-73.612200
	0.037559	-20.727710	115.161951	-73.612200
	0.037569	-20.490313	115.161951	-73.612200
	0.037578	-20.589728	115.161951	-73.671800
	0.037588	-19.799477	115.161951	-73.731400
	0.037597	-19.667921	115.161951	-73.731400
	0.037606	-19.109031	115.161951	-73.791000
	0.037616	-19.737420	115.161951	-73.671800
	0.037625	-19.338081	115.161951	-73.612200
	0.037635	-20.169132	115.161951	-73.612200
	0.037644	-19.625990	115.161951	-73.671800
	0.037654	-19.601890	115.161951	-73.671800
	0.037663	-20.268288	115.161951	-73.612200
	0.037673	-19.897539	115.161951	-73.612200
	0.037682	-19.294031	115.161951	-73.612200
	0.037692	-20.574342	115.161951	-73.671800
	0.037701	-19.351459	115.161951	-73.671800
	0.037711	-20.284834	115.161951	-73.731400
	0.037720	-19.383072	115.161951	-73.671800
	0.037730	-19.823049	115.161951	-73.671800
	0.037739	-19.518863	115.161951	-73.731400
	0.037748	-19.909516	115.161951	-73.731400
	0.037758	-20.313853	115.161951	-73.731400
	0.037767	-19.185991	115.161951	-73.731400
	0.037777	-20.522970	115.161951	-73.850600
	0.037786	-20.163362	115.161951	-73.850600
	0.037796	-20.634589	115.161951	-73.850600
	0.037805	-20.353869	115.161951	-73.850600
	0.037815	-19.827266	115.161951	-73.850600
	0.037824	-20.978165	115.161951	-73.850600
	0.037834	-20.647355	115.161951	-73.850600
	0.037843	-20.226096	115.161951	-73.969800
	0.037853	-19.863238	115.161951	-73.969800
	0.037862	-19.860823	115.161951	-73.969800
	0.037872	-19.542566	115.161951	-73.969800
	0.037881	-19.744808	115.161951	-74.029400
	0.037891	-19.896504	115.161951	-74.148600
	0.037900	-20.809659	115.161951	-74.148600
	0.037909	-20.992263	115.161951	-74.148600
	0.037919	-21.415125	115.161951	-74.148600
	0.037928	-21.576556	115.161951	-74.208200
	0.037938	-20.590625	115.161951	-74.387100
	0.037947	-21.043796	115.161951	-74.387100
	0.037957	-20.865702	115.161951	-74.387100
	0.037966	-21.279250	115.161951	-74.387100
	0.037976	-19.660374	115.161951	-74.446700
	0.037985	-19.762424	115.161951	-74.506300
	0.037995	-20.699315	115.161951	-74.446700
	0.038004	-20.708370	115.161951	-74.565900
	0.038014	-20.640596	115.161951	-74.565900
	0.038023	-21.011365	115.161951	-74.565900
	0.038033	-20.923047	115.161951	-74.506300
	0.038042	-20.791041	115.161951	-74.565900
	0.038051	-19.539768	115.161951	-74.685100
	0.038061	-21.707822	115.161951	-74.744700
	0.038070	-20.125264	115.161951	-74.804300
	0.038080	-20.883338	115.161951	-74.863900
	0.038089	-20.391331	115.161951	-74.863900
	0.038099	-20.399848	115.161951	-74.804300
	0.038108	-21.127871	115.161951	-74.923500
	0.038118	-21.077944	115.161951	-74.923500
	0.038127	-20.122528	115.161951	-74.983100
	0.038137	-20.439928	115.161951	-74.983100
	0.038146	-20.624495	115.161951	-74.983100
	0.038156	-19.702659	115.161951	-75.042700
	0.038165	-20.433619	115.161951	-75.042700
	0.038175	-20.845257	115.161951	-75.102300
	0.038184	-19.144132	115.161951	-75.102300
	0.038194	-20.475237	115.161951	-75.102300
	0.038203	-20.578956	115.161951	-75.042700
	0.038212	-19.896602	115.161951	-75.102300
	0.038222	-20.951330	115.161951	-75.161900
	0.038231	-20.461185	115.161951	-75.221500
	0.038241	-20.889349	115.161951	-75.281100
	0.038250	-20.508539	115.161951	-75.281100
	0.038260	-21.389763	115.161951	-75.281100
	0.038269	-20.675151	115.161951	-75.340700
	0.038279	-20.467595	115.161951	-75.400300
	0.038288	-20.983617	115.161951	-75.459900
	0.038298	-20.585986	115.161951	-75.400300
	0.038307	-20.469863	115.161951	-75.459900
	0.038317	-20.260279	115.161951	-75.459900
	0.038326	-21.628502	115.161951	-75.579200
	0.038336	-21.669773	115.161951	-75.638800
	0.038345	-20.322863	115.161951	-75.638800
	0.038354	-20.008986	115.161951	-75.579200
	0.038364	-20.944091	115.161951	-75.579200
	0.038373	-21.721693	115.161951	-75.579200
	0.038383	-22.189840	115.161951	-75.579200
	0.038392	-20.830468	115.161951	-75.638800
	0.038402	-21.765114	115.161951	-75.698400
	0.038411	-22.569277	115.161951	-75.638800
	0.038421	-22.330518	115.161951	-75.579200
	0.038430	-21.541216	115.161951	-75.579200
	0.038440	-23.420950	115.161951	-75.579200
	0.038449	-21.695099	115.161951	-75.638800
	0.038459	-22.090759	115.161951	-75.698400
	0.038468	-22.117854	115.161951	-75.758000
	0.038478	-21.684798	115.161951	-75.817600
	0.038487	-21.959742	115.161951	-75.877200
	0.038497	-21.762652	115.161951	-75.817600
	0.038506	-21.407027	115.161951	-75.936800
	0.038515	-21.240560	115.161951	-75.996400
	0.038525	-21.147172	115.161951	-75.996400
	0.038534	-22.202311	115.161951	-75.996400
	0.038544	-20.857686	115.161951	-76.115600
	0.038553	-21.459737	115.161951	-76.056000
	0.038563	-22.099112	115.161951	-76.115600
	0.038572	-21.568695	115.161951	-76.056000
	0.038582	-21.424646	115.161951	-76.115600
	0.038591	-22.779648	115.161951	-76.234800
	0.038601	-21.385828	115.161951	-76.294400
	0.038610	-20.402747	115.161951	-76.234800
	0.038620	-20.380607	115.161951	-76.234800
	0.038629	-20.185802	115.161951	-76.354000
	0.038639	-20.551620	115.161951	-76.354000
	0.038648	-21.845089	115.161951	-76.354000
	0.038657	-21.799909	115.161951	-76.294400
	0.038667	-20.731342	115.161951	-76.294400
	0.038676	-21.564870	115.161951	-76.354000
	0.038686	-21.365998	115.161951	-76.413600
	0.038695	-21.146763	115.161951	-76.473200
	0.038705	-22.115809	115.161951	-76.532800
	0.038714	-21.746596	115.161951	-76.532800
	0.038724	-21.727810	115.161951	-76.592400
	0.038733	-21.611486	115.161951	-76.652000
	0.038743	-22.281238	115.161951	-76.711600
	0.038752	-22.059297	115.161951	-76.711600
	0.038762	-22.305947	115.161951	-76.652000
	0.038771	-21.625819	115.161951	-76.711600
	0.038781	-22.150928	115.161951	-76.830900
	0.038790	-22.340214	115.161951	-76.890500
	0.038800	-22.525605	115.161951	-76.890500
	0.038809	-23.216343	115.161951	-76.890500
	0.038818	-22.982057	115.161951	-76.890500
	0.038828	-22.231475	115.161951	-76.771200
	0.038837	-21.956055	115.161951	-76.830900
	0.038847	-22.693709	115.161951	-76.950100
	0.038856	-23.022345	115.161951	-76.950100
	0.038866	-23.053894	115.161951	-76.950100
	0.038875	-21.946501	115.161951	-76.950100
	0.038885	-22.525012	115.161951	-77.128900
	0.038894	-22.231053	115.161951	-77.069300
	0.038904	-22.914958	115.161951	-77.069300
	0.038913	-21.398260	115.161951	-77.128900
	0.038923	-21.530859	115.161951	-77.128900
	0.038932	-23.051784	115.161951	-77.188500
	0.038942	-20.955398	115.161951	-77.248100
	0.038951	-21.803851	115.161951	-77.307700
	0.038960	-21.147217	115.161951	-77.248100
	0.038970	-21.453528	115.161951	-77.307700
	0.038979	-21.712811	115.161951	-77.367300
	0.038989	-21.125498	115.161951	-77.367300
	0.038998	-20.978199	115.161951	-77.367300
	0.039008	-21.907005	115.161951	-77.426900
	0.039017	-20.718522	115.161951	-77.546100
	0.039027	-21.381310	115.161951	-77.605700
	0.039036	-21.499412	115.161951	-77.605700
	0.039046	-21.338023	115.161951	-77.605700
	0.039055	-21.037334	115.161951	-77.605700
	0.039065	-22.159696	115.161951	-77.665300
	0.039074	-22.954305	115.161951	-77.665300
	0.039084	-22.016636	115.161951	-77.724900
	0.039093	-22.823302	115.161951	-77.844100
	0.039103	-21.994208	115.161951	-77.844100
	0.039112	-22.397030	115.161951	-77.963300
	0.039121	-21.607126	115.161951	-77.963300
	0.039131	-23.591640	115.161951	-77.903700
	0.039140	-22.771311	115.161951	-77.963300
	0.039150	-22.736914	115.161951	-77.963300
	0.039159	-22.291867	115.161951	-78.022900
	0.039169	-23.231029	115.161951	-78.082600
	0.039178	-22.642828	115.161951	-78.082600
	0.039188	-22.721489	115.161951	-78.142200
	0.039197	-23.873982	115.161951	-78.142200
	0.039207	-23.641796	115.161951	-78.142200
	0.039216	-23.651425	115.161951	-78.142200
	0.039226	-24.369316	115.161951	-78.142200
	0.039235	-22.729268	115.161951	-78.201800
	0.039245	-24.502542	115.161951	-78.142200
	0.039254	-22.957910	115.161951	-78.201800
	0.039263	-23.204449	115.161951	-78.201800
	0.039273	-22.795584	115.161951	-78.201800
	0.039282	-23.126993	115.161951	-78.201800
	0.039292	-23.533311	115.161951	-78.261400
	0.039301	-23.706177	115.161951	-78.201800
	0.039311	-24.476054	115.161951	-78.321000
	0.039320	-23.322161	115.161951	-78.321000
	0.039330	-23.070640	115.161951	-78.321000
	0.039339	-21.038980	115.161951	-78.321000
	0.039349	-22.415458	115.161951	-78.321000
	0.039358	-22.937878	115.161951	-78.380600
	0.039368	-24.029538	115.161951	-78.380600
	0.039377	-22.715772	115.161951	-78.321000
	0.039387	-22.707942	115.161951	-78.261400
	0.039396	-23.208198	115.161951	-78.321000
	0.039406	-22.179544	115.161951	-78.321000
	0.039415	-22.514751	115.161951	-78.321000
	0.039424	-22.580875	115.161951	-78.380600
	0.039434	-24.416756	115.161951	-78.380600
	0.039443	-23.225018	115.161951	-78.380600
	0.039453	-23.774294	115.161951	-78.380600
	0.039462	-23.335111	115.161951	-78.440200
	0.039472	-23.392650	115.161951	-78.499800
	0.039481	-23.773555	115.161951	-78.499800
	0.039491	-23.127767	115.161951	-78.619000
	0.039500	-23.166900	115.161951	-78.678600
	0.039510	-22.649519	115.161951	-78.678600
	0.039519	-23.703639	115.161951	-78.619000
	0.039529	-22.888307	115.161951	-78.619000
	0.039538	-23.737572	115.161951	-78.678600
	0.039548	-24.448563	115.161951	-78.678600
	0.039557	-24.346275	115.161951	-78.678600
	0.039566	-23.217711	115.161951	-78.738200
	0.039576	-24.712665	115.161951	-78.678600
	0.039585	-22.023027	115.161951	-78.738200
	0.039595	-24.040436	115.161951	-78.857400
	0.039604	-23.977591	115.161951	-78.857400
	0.039614	-23.196569	115.161951	-78.857400
	0.039623	-24.377308	115.161951	-78.797800
	0.039633	-24.396295	115.161951	-78.917000
	0.039642	-24.145526	115.161951	-78.976600
	0.039652	-24.000023	115.161951	-79.036200
	0.039661	-23.075446	115.161951	-79.036200
	0.039671	-23.833497	115.161951	-79.036200
	0.039680	-22.909283	115.161951	-79.036200
	0.039690	-23.215444	115.161951	-78.976600
	0.039699	-24.008695	115.161951	-78.976600
	0.039709	-23.205175	115.161951	-79.036200
	0.039718	-24.494674	115.161951	-79.155400
	0.039727	-23.635676	115.161951	-79.215000
	0.039737	-24.186245	115.161951	-79.334200
	0.039746	-23.870151	115.161951	-79.215000
	0.039756	-24.618585	115.161951	-78.917000
	0.039765	-24.238193	115.161951	-78.797800
	0.039775	-23.566947	115.161951	-78.797800
	0.039784	-23.424380	115.161951	-78.857400
	0.039794	-24.741304	115.161951	-78.917000
	0.039803	-23.899074	115.161951	-78.917000
	0.039813	-23.448444	115.161951	-78.917000
	0.039822	-23.324725	115.161951	-78.917000
	0.039832	-22.443547	115.161951	-79.036200
	0.039841	-24.210820	115.161951	-79.036200
	0.039851	-24.090856	115.161951	-79.155400
	0.039860	-24.867967	115.161951	-79.095800
	0.039869	-25.089640	115.161951	-79.215000
	0.039879	-24.860258	115.161951	-79.215000
	0.039888	-23.801083	115.161951	-79.274600
	0.039898	-22.822916	115.161951	-79.334200
	0.039907	-23.718573	115.161951	-79.334200
	0.039917	-24.087165	115.161951	-79.334200
	0.039926	-23.326675	115.161951	-79.334200
	0.039936	-23.342302	115.161951	-79.393900
	0.039945	-23.691922	115.161951	-79.453500
	0.039955	-23.574551	115.161951	-79.453500
	0.039964	-23.945997	115.161951	-79.393900
	0.039974	-23.863340	115.161951	-79.453500
	0.039983	-24.080164	115.161951	-79.334200
	0.039993	-23.049607	115.161951	-79.393900
	0.040002	-22.329925	115.161951	-79.513100
	0.040012	-23.102228	115.161951	-79.513100
	0.040021	-23.937101	115.161951	-79.513100
	0.040030	-23.110345	115.161951	-79.572700
	0.040040	-23.600172	115.161951	-79.691900
	0.040049	-24.580297	115.161951	-79.751500
	0.040059	-23.690556	115.161951	-79.691900
	0.040068	-23.609661	115.161951	-79.632300
	0.040078	-24.007193	115.161951	-79.751500
	0.040087	-24.590179	115.161951	-79.870700
	0.040097	-25.050637	115.161951	-79.930300
	0.040106	-24.470176	115.161951	-79.989900
	0.040116	-25.297905	115.161951	-79.989900
	0.040125	-24.048542	115.161951	-80.049500
	0.040135	-25.191150	115.161951	-80.049500
	0.040144	-25.343704	115.161951	-80.049500
	0.040154	-23.479222	115.161951	-79.989900
	0.040163	-24.834778	115.161951	-80.049500
	0.040172	-23.711791	115.161951	-80.109100
	0.040182	-24.813632	115.161951	-80.109100
	0.040191	-24.810210	115.161951	-80.168700
	0.040201	-24.426707	115.161951	-80.168700
	0.040210	-24.212625	115.161951	-80.168700
	0.040220	-23.913511	115.161951	-80.287900
	0.040229	-23.617275	115.161951	-80.287900
	0.040239	-23.826672	115.161951	-80.287900
	0.040248	-24.673348	115.161951	-80.347500
	0.040258	-23.442119	115.161951	-80.347500
	0.040267	-24.456699	115.161951	-80.287900
	0.040277	-24.712218	115.161951	-80.347500
	0.040286	-25.452839	115.161951	-80.407100
	0.040296	-24.481286	115.161951	-80.407100
	0.040305	-24.883202	115.161951	-80.466700
	0.040315	-25.038957	115.161951	-80.466700
	0.040324	-25.775744	115.161951	-80.585900
	0.040333	-24.945821	115.161951	-80.645600
	0.040343	-23.747249	115.161951	-80.705200
	0.040352	-24.911245	115.161951	-80.764800
	0.040362	-24.646879	115.161951	-80.585900
	0.040371	-24.407260	115.161951	-80.526300
	0.040381	-25.071397	115.161951	-80.645600
	0.040390	-24.633492	115.161951	-80.705200
	0.040400	-24.691872	115.161951	-80.764800
	0.040409	-25.431157	115.161951	-80.764800
	0.040419	-24.848652	115.161951	-80.764800
	0.040428	-25.056728	115.161951	-80.824400
	0.040438	-23.504995	115.161951	-80.884000
	0.040447	-24.340449	115.161951	-80.943600
	0.040457	-25.035442	115.161951	-80.943600
	0.040466	-24.581086	115.161951	-81.003200
	0.040475	-24.653846	115.161951	-81.003200
	0.040485	-25.505227	115.161951	-81.062800
	0.040494	-25.263879	115.161951	-81.062800
	0.040504	-25.371286	115.161951	-81.062800
	0.040513	-25.221335	115.161951	-81.062800
	0.040523	-25.761330	115.161951	-81.062800
	0.040532	-24.886153	115.161951	-81.062800
	0.040542	-25.404222	115.161951	-81.122400
	0.040551	-25.791079	115.161951	-81.241600
	0.040561	-27.063518	115.161951	-81.241600
	0.040570	-27.339108	115.161951	-81.241600
	0.040580	-26.289401	115.161951	-81.301200
	0.040589	-26.129891	115.161951	-81.301200
	0.040599	-25.649299	115.161951	-81.420400
	0.040608	-26.175668	115.161951	-81.420400
	0.040618	-26.362869	115.161951	-81.480000
	0.040627	-27.390197	115.161951	-81.480000
	0.040636	-25.050081	115.161951	-81.480000
	0.040646	-25.334866	115.161951	-81.539600
	0.040655	-26.546660	115.161951	-81.539600
	0.040665	-26.883672	115.161951	-81.420400
	0.040674	-26.191048	115.161951	-81.420400
	0.040684	-27.686090	115.161951	-81.480000
	0.040693	-26.727067	115.161951	-81.480000
	0.040703	-26.392614	115.161951	-81.599200
	0.040712	-26.740234	115.161951	-81.658800
	0.040722	-26.303873	115.161951	-81.718400
	0.040731	-25.069201	115.161951	-81.718400
	0.040741	-25.945886	115.161951	-81.718400
	0.040750	-25.603998	115.161951	-81.718400
	0.040760	-25.056497	115.161951	-81.718400
	0.040769	-25.340552	115.161951	-81.718400
	0.040778	-25.830197	115.161951	-81.837600
	0.040788	-26.047366	115.161951	-81.658800
	0.040797	-26.975439	115.161951	-81.599200
	0.040807	-26.614540	115.161951	-81.599200
	0.040816	-27.458313	115.161951	-81.599200
	0.040826	-27.271782	115.161951	-81.539600
	0.040835	-26.984532	115.161951	-81.539600
	0.040845	-27.106819	115.161951	-81.599200
	0.040854	-26.413211	115.161951	-81.599200
	0.040864	-26.961823	115.161951	-81.599200
	0.040873	-26.946885	115.161951	-81.599200
	0.040883	-26.805346	115.161951	-81.539600
	0.040892	-27.237896	115.161951	-81.658800
	0.040902	-27.544870	115.161951	-81.778000
	0.040911	-28.138520	115.161951	-81.718400
	0.040921	-26.883154	115.161951	-81.718400
	0.040930	-27.349040	115.161951	-81.778000
	0.040939	-27.433403	115.161951	-81.778000
	0.040949	-27.228375	115.161951	-81.897200
	0.040958	-27.493409	115.161951	-81.837600
	0.040968	-28.694171	115.161951	-81.837600
	0.040977	-27.974736	115.161951	-81.837600
	0.040987	-27.582691	115.161951	-82.016500
	0.040996	-27.323623	115.161951	-82.016500
	0.041006	-27.091635	115.161951	-82.076100
	0.041015	-27.508604	115.161951	-82.135700
	0.041025	-28.485061	115.161951	-82.076100
	0.041034	-27.279920	115.161951	-82.135700
	0.041044	-27.748612	115.161951	-82.135700
	0.041053	-27.313343	115.161951	-82.135700
	0.041063	-28.086301	115.161951	-82.135700
	0.041072	-27.801659	115.161951	-82.135700
	0.041081	-27.582767	115.161951	-82.076100
	0.041091	-27.522127	115.161951	-82.195300
	0.041100	-27.817559	115.161951	-82.135700
	0.041110	-27.865319	115.161951	-82.135700
	0.041119	-26.882475	115.161951	-82.195300
	0.041129	-26.070737	115.161951	-82.195300
	0.041138	-27.600022	115.161951	-82.254900
	0.041148	-27.128948	115.161951	-82.314500
	0.041157	-26.694509	115.161951	-82.374100
	0.041167	-26.859765	115.161951	-82.374100
	0.041176	-27.208649	115.161951	-82.314500
	0.041186	-28.294758	115.161951	-82.374100
	0.041195	-26.465534	115.161951	-82.433700
	0.041205	-27.309984	115.161951	-82.552900
	0.041214	-27.791973	115.161951	-82.552900
	0.041224	-27.306485	115.161951	-82.552900
	0.041233	-27.765569	115.161951	-82.612500
	0.041242	-27.615382	115.161951	-82.612500
	0.041252	-28.282687	115.161951	-82.612500
	0.041261	-27.783178	115.161951	-82.612500
	0.041271	-26.484601	115.161951	-82.552900
	0.041280	-26.762643	115.161951	-82.612500
	0.041290	-25.823882	115.161951	-82.672100
	0.041299	-27.355532	115.161951	-82.016500
	0.041309	-27.208818	115.161951	-81.003200
	0.041318	-26.517543	115.161951	-80.943600
	0.041328	-27.455419	115.161951	-80.943600
	0.041337	-27.740550	115.161951	-81.003200
	0.041347	-27.789614	115.161951	-81.003200
	0.041356	-27.688717	115.161951	-81.062800
	0.041366	-27.906271	115.161951	-81.301200
	0.041375	-27.759162	115.161951	-81.360800
	0.041384	-28.349632	115.161951	-81.420400
	0.041394	-27.609881	115.161951	-81.480000
	0.041403	-27.719114	115.161951	-81.539600
	0.041413	-28.501364	115.161951	-81.539600
	0.041422	-28.196150	115.161951	-81.599200
	0.041432	-27.979609	115.161951	-81.658800
	0.041441	-27.348484	115.161951	-81.599200
	0.041451	-28.002525	115.161951	-81.658800
	0.041460	-27.625449	115.161951	-81.658800
	0.041470	-26.989814	115.161951	-81.599200
	0.041479	-27.525459	115.161951	-81.539600
	0.041489	-27.891014	115.161951	-81.420400
	0.041498	-28.919389	115.161951	-80.943600
	0.041508	-28.988288	115.161951	-79.989900
	0.041517	-29.165932	115.161951	-79.870700
	0.041527	-29.297692	115.161951	-79.930300
	0.041536	-29.535632	115.161951	-79.989900
	0.041545	-30.134701	115.161951	-80.049500
	0.041555	-30.712140	115.161951	-80.049500
	0.041564	-30.061724	115.161951	-79.989900
	0.041574	-30.108609	115.161951	-79.930300
	0.041583	-30.270463	115.161951	-80.109100
	0.041593	-29.735275	115.161951	-80.168700
	0.041602	-30.112803	115.161951	-79.989900
	0.041612	-31.765095	115.161951	-79.870700
	0.041621	-31.722714	115.161951	-79.870700
	0.041631	-31.095460	115.161951	-79.930300
	0.041640	-32.288859	115.161951	-79.989900
	0.041650	-31.193940	115.161951	-80.109100
	0.041659	-31.050783	115.161951	-80.109100
	0.041669	-30.747455	115.161951	-80.109100
	0.041678	-31.121243	115.161951	-80.109100
	0.041687	-30.857267	115.161951	-80.168700
	0.041697	-32.063688	115.161951	-80.347500
	0.041706	-31.765800	115.161951	-80.347500
	0.041716	-31.386056	115.161951	-80.347500
	0.041725	-32.652347	115.161951	-80.347500
	0.041735	-31.513713	115.161951	-80.347500
	0.041744	-32.669249	115.161951	-80.407100
	0.041754	-31.981254	115.161951	-80.407100
	0.041763	-31.783444	115.161951	-80.466700
	0.041773	-31.831934	115.161951	-79.036200
	0.041782	-31.696095	115.161951	-78.678600
	0.041792	-32.464019	115.161951	-78.678600
	0.041801	-32.760772	115.161951	-78.678600
	0.041811	-31.837905	115.161951	-78.619000
	0.041820	-32.542029	115.161951	-78.619000
	0.041829	-32.989022	115.161951	-78.738200
	0.041839	-34.119127	115.161951	-78.797800
	0.041848	-33.307498	115.161951	-78.857400
	0.041858	-33.505373	115.161951	-78.917000
	0.041867	-33.344271	115.161951	-78.857400
	0.041877	-34.179119	115.161951	-78.917000
	0.041886	-34.182550	115.161951	-78.917000
	0.041896	-33.434877	115.161951	-78.917000
	0.041905	-33.941452	115.161951	-78.917000
	0.041915	-34.853933	115.161951	-78.917000
	0.041924	-35.712391	115.161951	-78.857400
	0.041934	-35.161877	115.161951	-78.917000
	0.041943	-34.496929	115.161951	-78.917000
	0.041953	-35.068776	115.161951	-78.738200
	0.041962	-34.982081	115.161951	-78.738200
	0.041972	-33.817835	115.161951	-78.797800
	0.041981	-35.506666	115.161951	-78.797800
	0.041990	-34.840237	115.161951	-78.440200
	0.042000	-34.731382	115.161951	-78.380600
	0.042009	-35.309496	115.161951	-78.440200
	0.042019	-34.068302	115.161951	-78.440200
	0.042028	-33.285263	115.161951	-78.499800
	0.042038	-32.879691	115.161951	-78.559400
	0.042047	-34.438684	115.161951	-78.619000
	0.042057	-34.183743	115.161951	-78.619000
	0.042066	-36.200846	115.161951	-78.440200
	0.042076	-35.762881	115.161951	-78.440200
	0.042085	-35.817786	115.161951	-78.499800
	0.042095	-35.298894	115.161951	-78.499800
	0.042104	-35.280183	115.161951	-78.440200
	0.042114	-34.577298	115.161951	-78.559400
	0.042123	-34.898091	115.161951	-78.499800
	0.042132	-35.290442	115.161951	-78.559400
	0.042142	-35.241628	115.161951	-78.559400
	0.042151	-35.361184	115.161951	-78.619000
	0.042161	-35.000097	115.161951	-78.619000
	0.042170	-35.164042	115.161951	-78.678600
	0.042180	-34.468911	115.161951	-78.559400
	0.042189	-35.025622	115.161951	-78.619000
	0.042199	-35.513101	115.161951	-78.499800
	0.042208	-35.075682	115.161951	-78.440200
	0.042218	-35.638755	115.161951	-78.499800
	0.042227	-36.439616	115.161951	-78.440200
	0.042237	-35.136246	115.161951	-78.499800
	0.042246	-36.221740	115.161951	-78.499800
	0.042256	-35.165029	115.161951	-78.678600
	0.042265	-36.408854	115.161951	-78.678600
	0.042275	-35.668158	115.161951	-78.619000
	0.042284	-36.113452	115.161951	-78.619000
	0.042293	-35.984027	115.161951	-78.261400
	0.042303	-37.466203	115.161951	-78.142200
	0.042312	-35.983756	115.161951	-78.142200
	0.042322	-35.547577	115.161951	-78.201800
	0.042331	-37.954804	115.161951	-78.201800
	0.042341	-35.353628	115.161951	-78.261400
	0.042350	-37.466579	115.161951	-78.201800
	0.042360	-37.306464	115.161951	-78.201800
	0.042369	-36.570710	115.161951	-78.142200
	0.042379	-36.662506	115.161951	-78.261400
	0.042388	-37.138150	115.161951	-78.201800
	0.042398	-37.804975	115.161951	-78.201800
	0.042407	-37.525080	115.161951	-78.321000
	0.042417	-37.043822	115.161951	-78.321000
	0.042426	-37.154426	115.161951	-78.201800
	0.042435	-37.361517	115.161951	-78.261400
	0.042445	-37.848983	115.161951	-78.321000
	0.042454	-36.524615	115.161951	-78.321000
	0.042464	-37.438342	115.161951	-78.201800
	0.042473	-36.108229	115.161951	-78.142200
	0.042483	-38.432679	115.161951	-77.546100
	0.042492	-39.036745	115.161951	-76.890500
	0.042502	-40.862571	115.161951	-76.830900
	0.042511	-40.714958	115.161951	-76.830900
	0.042521	-39.916543	115.161951	-76.950100
	0.042530	-40.078203	115.161951	-76.950100
	0.042540	-41.147797	115.161951	-77.069300
	0.042549	-41.080155	115.161951	-77.069300
	0.042559	-40.439710	115.161951	-77.069300
	0.042568	-40.510958	115.161951	-77.307700
	0.042578	-41.710265	115.161951	-77.248100
	0.042587	-43.436240	115.161951	-76.950100
	0.042596	-43.299470	115.161951	-76.950100
	0.042606	-43.132220	115.161951	-76.950100
	0.042615	-41.415504	115.161951	-76.950100
	0.042625	-41.843243	115.161951	-77.069300
	0.042634	-43.351352	115.161951	-77.069300
	0.042644	-43.421986	115.161951	-77.128900
	0.042653	-44.104641	115.161951	-77.128900
	0.042663	-43.266098	115.161951	-77.248100
	0.042672	-43.487894	115.161951	-77.367300
	0.042682	-43.407058	115.161951	-77.546100
	0.042691	-44.824038	115.161951	-76.890500
	0.042701	-44.938770	115.161951	-76.234800
	0.042710	-45.316969	115.161951	-76.175200
	0.042720	-46.091303	115.161951	-76.175200
	0.042729	-46.014667	115.161951	-76.234800
	0.042738	-46.522613	115.161951	-76.413600
	0.042748	-45.543291	115.161951	-76.532800
	0.042757	-45.564298	115.161951	-76.592400
	0.042767	-44.748663	115.161951	-76.652000
	0.042776	-45.209709	115.161951	-76.532800
	0.042786	-45.482207	115.161951	-76.711600
	0.042795	-46.836793	115.161951	-77.307700
	0.042805	-46.398988	115.161951	-77.248100
	0.042814	-47.894777	115.161951	-77.188500
	0.042824	-46.878905	115.161951	-77.128900
	0.042833	-46.079535	115.161951	-77.069300
	0.042843	-48.163217	115.161951	-77.128900
	0.042852	-48.202401	115.161951	-77.128900
	0.042862	-47.700856	115.161951	-77.009700
	0.042871	-47.244757	115.161951	-77.009700
	0.042881	-48.481249	115.161951	-77.009700
	0.042890	-46.958102	115.161951	-77.069300
	0.042899	-48.688265	115.161951	-77.128900
	0.042909	-47.185735	115.161951	-77.069300
	0.042918	-46.949701	115.161951	-77.009700
	0.042928	-48.363258	115.161951	-77.069300
	0.042937	-49.817060	115.161951	-77.128900
	0.042947	-48.774865	115.161951	-77.069300
	0.042956	-48.236132	115.161951	-77.128900
	0.042966	-48.944438	115.161951	-77.069300
	0.042975	-49.063809	115.161951	-77.009700
	0.042985	-49.018678	115.161951	-77.009700
	0.042994	-48.121255	115.161951	-76.950100
	0.043004	-48.823111	115.161951	-76.830900
	0.043013	-48.583278	115.161951	-76.830900
	0.043023	-48.213875	115.161951	-76.771200
	0.043032	-49.088007	115.161951	-76.830900
	0.043041	-48.558481	115.161951	-76.830900
	0.043051	-48.375790	115.161951	-76.771200
	0.043060	-48.712335	115.161951	-76.830900
	0.043070	-48.530078	115.161951	-76.830900
	0.043079	-49.067994	115.161951	-76.830900
	0.043089	-47.735728	115.161951	-76.830900
	0.043098	-48.442593	115.161951	-76.890500
	0.043108	-48.302309	115.161951	-76.950100
	0.043117	-47.871730	115.161951	-76.890500
	0.043127	-48.962494	115.161951	-76.830900
	0.043136	-48.437518	115.161951	-76.950100
	0.043146	-49.160955	115.161951	-76.950100
	0.043155	-47.608495	115.161951	-77.009700
	0.043165	-47.784396	115.161951	-76.950100
	0.043174	-48.315263	115.161951	-77.009700
	0.043184	-47.777730	115.161951	-77.009700
	0.043193	-48.488149	115.161951	-76.890500
	0.043202	-48.364976	115.161951	-76.830900
	0.043212	-48.507253	115.161951	-76.830900
	0.043221	-48.636590	115.161951	-76.890500
	0.043231	-49.297814	115.161951	-76.890500
	0.043240	-49.226484	115.161951	-76.890500
	0.043250	-48.579714	115.161951	-76.830900
	0.043259	-49.051764	115.161951	-76.890500
	0.043269	-48.729012	115.161951	-76.950100
	0.043278	-49.028231	115.161951	-76.950100
	0.043288	-49.779956	115.161951	-76.950100
	0.043297	-49.158362	115.161951	-76.950100
	0.043307	-49.504966	115.161951	-77.009700
	0.043316	-50.353037	115.161951	-77.009700
	0.043326	-49.839389	115.161951	-77.009700
	0.043335	-49.753182	115.161951	-77.069300
	0.043344	-49.984491	115.161951	-77.069300
	0.043354	-49.927822	115.161951	-77.069300
	0.043363	-48.392943	115.161951	-77.009700
	0.043373	-51.072197	115.161951	-75.877200
	0.043382	-50.055458	115.161951	-75.161900
	0.043392	-51.586856	115.161951	-74.506300
	0.043401	-51.947787	115.161951	-74.208200
	0.043411	-51.457691	115.161951	-74.148600
	0.043420	-52.494159	115.161951	-74.148600
	0.043430	-52.462373	115.161951	-73.969800
	0.043439	-57.261472	115.161951	-70.274300
	0.043449	-63.627707	115.161951	-69.022600
	0.043458	-62.988428	115.161951	-68.963000
	0.043468	-63.142421	115.161951	-69.082200
	0.043477	-63.105275	115.161951	-69.141900
	0.043487	-62.934816	115.161951	-68.903400
	0.043496	-62.986652	115.161951	-68.605400
	0.043505	-63.537739	115.161951	-68.605400
	0.043515	-63.171271	115.161951	-68.605400
	0.043524	-64.241292	115.161951	-68.605400
	0.043534	-63.820931	115.161951	-68.665000
	0.043543	-64.266910	115.161951	-68.605400
	0.043553	-64.040048	115.161951	-68.545800
	0.043562	-65.151109	115.161951	-68.605400
	0.043572	-64.302176	115.161951	-68.605400
	0.043581	-64.016813	115.161951	-68.605400
	0.043591	-63.223001	115.161951	-68.605400
	0.043600	-64.111220	115.161951	-68.426600
	0.043610	-63.996761	115.161951	-68.367000
	0.043619	-64.746934	115.161951	-68.307400
	0.043629	-63.650826	115.161951	-68.307400
	0.043638	-63.949205	115.161951	-68.367000
	0.043647	-64.815553	115.161951	-68.188200
	0.043657	-68.992203	115.161951	-67.115300
	0.043666	-69.805256	115.161951	-66.996100
	0.043676	-69.804350	115.161951	-66.996100
	0.043685	-68.589014	115.161951	-66.936500
	0.043695	-68.444027	115.161951	-67.055700
	0.043704	-68.616379	115.161951	-67.115300
	0.043714	-69.422031	115.161951	-67.055700
	0.043723	-69.858230	115.161951	-67.115300
	0.043733	-69.839793	115.161951	-67.115300
	0.043742	-67.332992	115.161951	-67.055700
	0.043752	-68.419635	115.161951	-67.115300
	0.043761	-69.188645	115.161951	-67.174900
	0.043771	-68.603676	115.161951	-67.174900
	0.043780	-69.073107	115.161951	-67.234500
	0.043790	-67.966686	115.161951	-67.294100
	0.043799	-70.990373	115.161951	-67.055700
	0.043808	-76.317399	115.161951	-65.982800
	0.043818	-76.794592	115.161951	-65.923200
	0.043827	-76.288961	115.161951	-65.982800
	0.043837	-76.516955	115.161951	-65.982800
	0.043846	-76.597319	115.161951	-65.923200
	0.043856	-77.966655	115.161951	-65.863600
	0.043865	-77.027194	115.161951	-65.863600
	0.043875	-77.280301	115.161951	-65.863600
	0.043884	-77.271180	115.161951	-65.863600
	0.043894	-77.084663	115.161951	-65.804000
	0.043903	-77.178564	115.161951	-65.804000
	0.043913	-76.615468	115.161951	-65.804000
	0.043922	-77.887334	115.161951	-65.804000
	0.043932	-76.169244	115.161951	-65.804000
	0.043941	-77.123844	115.161951	-65.804000
	0.043950	-77.579620	115.161951	-65.863600
	0.043960	-78.005246	115.161951	-65.804000
	0.043969	-78.356931	115.161951	-65.684800
	0.043979	-77.944282	115.161951	-65.625200
	0.043988	-78.945225	115.161951	-65.684800
	0.043998	-78.420047	115.161951	-65.744400
	0.044007	-77.844757	115.161951	-65.744400
	0.044017	-78.509711	115.161951	-65.804000
	0.044026	-77.618613	115.161951	-65.804000
	0.044036	-77.480164	115.161951	-65.804000
	0.044045	-77.483292	115.161951	-65.804000
	0.044055	-78.413982	115.161951	-65.804000
	0.044064	-77.041036	115.161951	-65.804000
	0.044074	-77.930852	115.161951	-65.863600
	0.044083	-77.431088	115.161951	-65.863600
	0.044093	-77.374789	115.161951	-65.982800
	0.044102	-77.346417	115.161951	-65.982800
	0.044111	-78.090109	115.161951	-65.863600
	0.044121	-77.762370	115.161951	-65.863600
	0.044130	-76.612082	115.161951	-65.982800
	0.044140	-78.592527	115.161951	-65.923200
	0.044149	-76.974385	115.161951	-65.804000
	0.044159	-78.094892	115.161951	-65.744400
	0.044168	-77.887768	115.161951	-65.744400
	0.044178	-77.906134	115.161951	-65.744400
	0.044187	-77.763092	115.161951	-65.744400
	0.044197	-78.919964	115.161951	-65.804000
	0.044206	-78.184192	115.161951	-65.804000
	0.044216	-78.517084	115.161951	-65.863600
	0.044225	-78.832512	115.161951	-65.863600
	0.044235	-78.017793	115.161951	-65.804000
	0.044244	-78.685631	115.161951	-65.863600
	0.044253	-77.961129	115.161951	-65.804000
	0.044263	-78.270827	115.161951	-65.804000
	0.044272	-77.474487	115.161951	-65.804000
	0.044282	-77.960491	115.161951	-65.982800
	0.044291	-77.980505	115.161951	-65.923200
	0.044301	-78.440186	115.161951	-65.982800
	0.044310	-79.986680	115.161951	-65.863600
	0.044320	-79.829847	115.161951	-65.625200
	0.044329	-79.405069	115.161951	-65.386800
	0.044339	-86.935933	115.161951	-63.479400
	0.044348	-87.143895	115.161951	-62.585300
	0.044358	-88.047619	115.161951	-62.585300
	0.044367	-87.035062	115.161951	-62.525700
	0.044377	-86.981942	115.161951	-62.644900
	0.044386	-86.496780	115.161951	-62.704600
	0.044396	-87.008498	115.161951	-62.585300
	0.044405	-88.077415	115.161951	-62.644900
	0.044414	-86.702203	115.161951	-62.644900
	0.044424	-86.253141	115.161951	-62.585300
	0.044433	-87.268295	115.161951	-62.644900
	0.044443	-87.776820	115.161951	-62.704600
	0.044452	-86.569327	115.161951	-62.644900
	0.044462	-86.711027	115.161951	-62.704600
	0.044471	-87.526171	115.161951	-62.644900
	0.044481	-87.965996	115.161951	-62.585300
	0.044490	-88.452472	115.161951	-62.644900
	0.044500	-87.393957	115.161951	-62.585300
	0.044509	-87.539134	115.161951	-62.585300
	0.044519	-89.767320	115.161951	-62.048900
	0.044528	-89.012271	115.161951	-61.691300
	0.044538	-91.334528	115.161951	-61.214400
	0.044547	-91.091296	115.161951	-61.214400
	0.044556	-91.727227	115.161951	-60.797000
	0.044566	-91.984813	115.161951	-60.558600
	0.044575	-91.555338	115.161951	-60.618200
	0.044585	-91.306564	115.161951	-60.618200
	0.044594	-91.214306	115.161951	-60.677800
	0.044604	-91.996203	115.161951	-60.618200
	0.044613	-92.106784	115.161951	-60.618200
	0.044623	-91.237067	115.161951	-60.558600
	0.044632	-92.746814	115.161951	-60.320100
	0.044642	-92.070224	115.161951	-60.200900
	0.044651	-93.112462	115.161951	-59.843300
	0.044661	-92.915985	115.161951	-59.843300
	0.044670	-92.677936	115.161951	-59.783700
	0.044680	-91.872140	115.161951	-59.783700
	0.044689	-93.535029	115.161951	-59.843300
	0.044699	-93.760016	115.161951	-59.783700
	0.044708	-93.435417	115.161951	-59.783700
	0.044717	-93.658708	115.161951	-59.783700
	0.044727	-94.475068	115.161951	-59.783700
	0.044736	-93.128990	115.161951	-59.783700
	0.044746	-92.969837	115.161951	-59.724100
	0.044755	-93.130972	115.161951	-59.545300
	0.044765	-92.769719	115.161951	-59.366500
	0.044774	-93.468498	115.161951	-59.366500
	0.044784	-93.196558	115.161951	-59.366500
	0.044793	-94.176798	115.161951	-59.366500
	0.044803	-93.367391	115.161951	-59.366500
	0.044812	-93.848149	115.161951	-59.306900
	0.044822	-94.760050	115.161951	-59.187600
	0.044831	-93.959565	115.161951	-59.247200
	0.044841	-94.324638	115.161951	-59.247200
	0.044850	-99.571441	115.161951	-58.234000
	0.044859	-100.049523	115.161951	-57.935900
	0.044869	-102.690299	115.161951	-56.088200
	0.044878	-106.343988	115.161951	-55.671000
	0.044888	-105.434976	115.161951	-55.611400
	0.044897	-105.859415	115.161951	-55.671000
	0.044907	-106.002606	115.161951	-55.671000
	0.044916	-105.846265	115.161951	-55.671000
	0.044926	-105.678229	115.161951	-55.611400
	0.044935	-105.883832	115.161951	-55.611400
	0.044945	-106.088713	115.161951	-55.671000
	0.044954	-105.896400	115.161951	-55.730600
	0.044964	-106.795679	115.161951	-55.194100
	0.044973	-107.849530	115.161951	-55.015300
	0.044983	-107.226344	115.161951	-55.015300
	0.044992	-108.298622	115.161951	-55.015300
	0.045002	-108.300106	115.161951	-55.015300
	0.045011	-107.188562	115.161951	-55.015300
	0.045020	-107.843224	115.161951	-55.015300
	0.045030	-108.116751	115.161951	-55.015300
	0.045039	-107.644365	115.161951	-54.955700
	0.045049	-108.083451	115.161951	-54.955700
	0.045058	-109.445182	115.161951	-55.015300
	0.045068	-109.603066	115.161951	-54.955700
	0.045077	-107.669314	115.161951	-54.896100
	0.045087	-107.122549	115.161951	-54.955700
	0.045096	-107.284727	115.161951	-55.015300
	0.045106	-108.091798	115.161951	-55.015300
	0.045115	-107.484453	115.161951	-54.955700
	0.045125	-107.705777	115.161951	-54.896100
	0.045134	-108.610170	115.161951	-54.955700
	0.045144	-107.190805	115.161951	-54.955700
	0.045153	-111.689065	115.161951	-53.704000
	0.045162	-111.668101	115.161951	-53.525200
	0.045172	-112.000980	115.161951	-53.584800
	0.045181	-110.972817	115.161951	-53.525200
	0.045191	-111.583815	115.161951	-53.465600
	0.045200	-114.390802	115.161951	-53.346400
	0.045210	-114.256604	115.161951	-53.406000
	0.045219	-114.771032	115.161951	-53.167600
	0.045229	-114.322125	115.161951	-53.286800
	0.045238	-115.636321	115.161951	-53.346400
	0.045248	-114.304547	115.161951	-53.346400
	0.045257	-114.314551	115.161951	-53.346400
	0.045267	-114.640309	115.161951	-53.286800
	0.045276	-114.780623	115.161951	-53.286800
	0.045286	-113.713782	115.161951	-53.286800
	0.045295	-114.132767	115.161951	-53.346400
	0.045305	-114.043095	115.161951	-53.346400
	0.045314	-114.546400	115.161951	-53.465600
	0.045323	-113.522120	115.161951	-53.465600
	0.045333	-115.192190	115.161951	-53.465600
	0.045342	-115.058483	115.161951	-53.584800
	0.045352	-114.569471	115.161951	-53.584800
	0.045361	-115.226058	115.161951	-53.644400
	0.045371	-115.098203	115.161951	-53.406000
	0.045380	-114.591360	115.161951	-53.406000
	0.045390	-114.684359	115.161951	-53.584800
	0.045399	-115.215786	115.161951	-53.525200
	0.045409	-114.559925	115.161951	-53.584800
	0.045418	-115.152066	115.161951	-53.584800
	0.045428	-116.612564	115.161951	-52.452300
	0.045437	-119.626012	115.161951	-52.154300
	0.045447	-119.973536	115.161951	-52.213900
	0.045456	-119.648829	115.161951	-52.213900
	0.045465	-119.080816	115.161951	-52.154300
	0.045475	-117.843702	115.161951	-52.094700
	0.045484	-119.165540	115.161951	-52.154300
	0.045494	-118.872710	115.161951	-52.035100
	0.045503	-120.455375	115.161951	-52.035100
	0.045513	-120.104377	115.161951	-52.035100
	0.045522	-120.044478	115.161951	-51.975500
	0.045532	-120.051799	115.161951	-52.035100
	0.045541	-119.084576	115.161951	-52.035100
	0.045551	-118.460217	115.161951	-52.035100
	0.045560	-119.113844	115.161951	-51.975500
	0.045570	-119.229446	115.161951	-52.035100
	0.045579	-120.763432	115.161951	-52.094700
	0.045589	-120.235399	115.161951	-52.035100
	0.045598	-125.337434	115.161951	-49.889300
	0.045608	-124.906871	115.161951	-49.233700
	0.045617	-125.001375	115.161951	-49.233700
	0.045626	-124.886825	115.161951	-49.233700
	0.045636	-125.504201	115.161951	-49.233700
	0.045645	-124.845519	115.161951	-49.233700
	0.045655	-125.137678	115.161951	-49.233700
	0.045664	-125.888777	115.161951	-49.233700
	0.045674	-126.117140	115.161951	-49.293300
	0.045683	-125.601795	115.161951	-49.233700
	0.045693	-126.926748	115.161951	-49.233700
	0.045702	-125.397140	115.161951	-49.233700
	0.045712	-125.782072	115.161951	-49.174100
	0.045721	-127.482416	115.161951	-49.174100
	0.045731	-125.096418	115.161951	-49.174100
	0.045740	-126.158182	115.161951	-49.174100
	0.045750	-124.889451	115.161951	-49.114500
	0.045759	-127.836598	115.161951	-45.955400
	0.045768	-128.547122	115.161951	-45.657400
	0.045778	-128.342877	115.161951	-45.657400
	0.045787	-129.342960	115.161951	-45.597800
	0.045797	-128.768638	115.161951	-45.597800
	0.045806	-129.504118	115.161951	-45.538200
	0.045816	-129.475788	115.161951	-45.538200
	0.045825	-129.609208	115.161951	-45.538200
	0.045835	-129.787250	115.161951	-45.538200
	0.045844	-130.306132	115.161951	-45.478600
	0.045854	-130.704546	115.161951	-45.478600
	0.045863	-128.543144	115.161951	-45.478600
	0.045873	-128.533345	115.161951	-45.538200
	0.045882	-129.924417	115.161951	-45.478600
	0.045892	-129.327275	115.161951	-45.478600
	0.045901	-128.891619	115.161951	-45.478600
	0.045910	-128.705499	115.161951	-45.478600
	0.045920	-130.201009	115.161951	-45.538200
	0.045929	-129.683340	115.161951	-45.538200
	0.045939	-128.288547	115.161951	-45.538200
	0.045948	-131.402653	115.161951	-44.465300
	0.045958	-133.120495	115.161951	-44.048100
	0.045967	-133.533569	115.161951	-43.988500
	0.045977	-135.071531	115.161951	-43.988500
	0.045986	-133.569136	115.161951	-43.988500
	0.045996	-134.396919	115.161951	-43.928900
	0.046005	-134.863847	115.161951	-43.869300
	0.046015	-135.232129	115.161951	-43.869300
	0.046024	-138.010460	115.161951	-43.094400
	0.046034	-139.849814	115.161951	-42.081100
	0.046043	-140.963134	115.161951	-42.081100
	0.046053	-139.787497	115.161951	-42.021500
	0.046062	-140.417318	115.161951	-42.081100
	0.046071	-139.999193	115.161951	-42.081100
	0.046081	-139.994487	115.161951	-42.021500
	0.046090	-141.781410	115.161951	-41.783100
	0.046100	-140.834369	115.161951	-41.842700
	0.046109	-141.298366	115.161951	-41.842700
	0.046119	-140.038462	115.161951	-41.902300
	0.046128	-141.438173	115.161951	-42.021500
	0.046138	-140.369823	115.161951	-41.842700
	0.046147	-140.115082	115.161951	-41.783100
	0.046157	-139.848897	115.161951	-41.783100
	0.046166	-140.426320	115.161951	-41.842700
	0.046176	-140.787700	115.161951	-41.902300
	0.046185	-140.761427	115.161951	-41.842700
	0.046195	-139.356769	115.161951	-41.902300
	0.046204	-140.294648	115.161951	-41.783100
	0.046213	-140.313239	115.161951	-41.783100
	0.046223	-140.571654	115.161951	-41.842700
	0.046232	-141.154793	115.161951	-41.783100
	0.046242	-140.342967	115.161951	-41.723500
	0.046251	-140.459667	115.161951	-41.723500
	0.046261	-140.384880	115.161951	-41.783100
	0.046270	-140.154538	115.161951	-41.723500
	0.046280	-140.503283	115.161951	-41.723500
	0.046289	-139.388597	115.161951	-41.783100
	0.046299	-140.597736	115.161951	-41.842700
	0.046308	-140.445656	115.161951	-41.783100
	0.046318	-141.032542	115.161951	-41.723500
	0.046327	-140.708782	115.161951	-41.783100
	0.046337	-141.864398	115.161951	-41.783100
	0.046346	-141.752238	115.161951	-41.783100
	0.046356	-141.262424	115.161951	-41.783100
	0.046365	-141.243412	115.161951	-41.723500
	0.046374	-141.071459	115.161951	-41.604300
	0.046384	-141.495734	115.161951	-41.723500
	0.046393	-141.346290	115.161951	-41.604300
	0.046403	-140.933356	115.161951	-41.306300
	0.046412	-141.542428	115.161951	-40.769800
	0.046422	-142.290606	115.161951	-40.769800
	0.046431	-141.807802	115.161951	-40.829400
	0.046441	-141.391356	115.161951	-40.948600
	0.046450	-142.754739	115.161951	-40.948600
	0.046460	-143.107627	115.161951	-40.948600
	0.046469	-142.961729	115.161951	-40.889000
	0.046479	-141.970146	115.161951	-40.889000
	0.046488	-142.305708	115.161951	-40.829400
	0.046498	-142.952518	115.161951	-40.829400
	0.046507	-143.288759	115.161951	-40.829400
	0.046516	-142.488310	115.161951	-40.889000
	0.046526	-143.366302	115.161951	-40.948600
	0.046535	-141.884080	115.161951	-40.889000
	0.046545	-142.701238	115.161951	-40.769800
	0.046554	-142.673746	115.161951	-40.769800
	0.046564	-142.904676	115.161951	-40.650600
	0.046573	-143.859644	115.161951	-40.591000
	0.046583	-144.082524	115.161951	-40.710200
	0.046592	-143.206849	115.161951	-40.471800
	0.046602	-144.408116	115.161951	-40.471800
	0.046611	-143.755147	115.161951	-40.471800
	0.046621	-143.984777	115.161951	-40.471800
	0.046630	-145.656850	115.161951	-40.412200
	0.046640	-145.342052	115.161951	-40.352600
	0.046649	-145.625827	115.161951	-40.352600
	0.046659	-144.523842	115.161951	-40.293000
	0.046668	-144.363484	115.161951	-40.233400
	0.046677	-144.131223	115.161951	-40.233400
	0.046687	-144.476465	115.161951	-40.233400
	0.046696	-143.699166	115.161951	-40.293000
	0.046706	-144.475763	115.161951	-40.352600
	0.046715	-144.651605	115.161951	-40.352600
	0.046725	-143.812240	115.161951	-40.352600
	0.046734	-143.987868	115.161951	-40.471800
	0.046744	-144.365213	115.161951	-40.412200
	0.046753	-142.875702	115.161951	-40.412200
	0.046763	-143.928775	115.161951	-40.412200
	0.046772	-143.938073	115.161951	-40.412200
	0.046782	-143.312363	115.161951	-40.412200
	0.046791	-144.574875	115.161951	-40.352600
	0.046801	-144.307866	115.161951	-40.352600
	0.046810	-144.141971	115.161951	-40.293000
	0.046819	-144.350462	115.161951	-40.233400
	0.046829	-144.194391	115.161951	-40.412200
	0.046838	-145.250833	115.161951	-40.352600
	0.046848	-145.957304	115.161951	-40.352600
	0.046857	-145.671982	115.161951	-40.412200
	0.046867	-144.876041	115.161951	-40.412200
	0.046876	-145.027239	115.161951	-40.412200
	0.046886	-144.903974	115.161951	-40.412200
	0.046895	-145.616529	115.161951	-40.412200
	0.046905	-144.989825	115.161951	-40.352600
	0.046914	-145.372632	115.161951	-40.352600
	0.046924	-144.618772	115.161951	-40.233400
	0.046933	-146.098645	115.161951	-40.233400
	0.046943	-144.492741	115.161951	-40.233400
	0.046952	-145.724095	115.161951	-40.233400
	0.046962	-145.058942	115.161951	-40.173800
	0.046971	-144.700534	115.161951	-40.173800
	0.046980	-145.336243	115.161951	-40.293000
	0.046990	-144.507843	115.161951	-40.233400
	0.046999	-143.875408	115.161951	-40.233400
	0.047009	-144.449982	115.161951	-40.054600
	0.047018	-144.155170	115.161951	-39.994900
	0.047028	-144.448530	115.161951	-39.935300
	0.047037	-146.009046	115.161951	-39.935300
	0.047047	-145.990828	115.161951	-40.114200
	0.047056	-145.827461	115.161951	-40.054600
	0.047066	-146.457206	115.161951	-39.577700
	0.047075	-146.957961	115.161951	-39.577700
	0.047085	-147.669490	115.161951	-39.458500
	0.047094	-147.444223	115.161951	-39.339300
	0.047104	-147.012460	115.161951	-39.339300
	0.047113	-147.238178	115.161951	-39.398900
	0.047122	-147.387162	115.161951	-39.339300
	0.047132	-147.947481	115.161951	-39.518100
	0.047141	-148.937477	115.161951	-39.339300
	0.047151	-149.184721	115.161951	-39.279700
	0.047160	-148.598992	115.161951	-39.220100
	0.047170	-148.118971	115.161951	-39.220100
	0.047179	-147.767695	115.161951	-39.220100
	0.047189	-147.426129	115.161951	-39.398900
	0.047198	-147.027911	115.161951	-39.398900
	0.047208	-147.417982	115.161951	-39.398900
	0.047217	-147.685184	115.161951	-39.339300
	0.047227	-149.127948	115.161951	-39.041300
	0.047236	-151.355129	115.161951	-38.564400
	0.047246	-153.264299	115.161951	-37.730000
	0.047255	-153.755401	115.161951	-37.789600
	0.047265	-154.569505	115.161951	-37.849200
	0.047274	-154.505177	115.161951	-37.789600
	0.047283	-154.520480	115.161951	-37.789600
	0.047293	-152.719457	115.161951	-37.789600
	0.047302	-153.046338	115.161951	-37.849200
	0.047312	-153.367274	115.161951	-36.955100
	0.047321	-157.041452	115.161951	-35.703400
	0.047331	-157.722072	115.161951	-35.584200
	0.047340	-157.689188	115.161951	-35.643800
	0.047350	-159.680791	115.161951	-35.584200
	0.047359	-158.051553	115.161951	-35.584200
	0.047369	-158.193027	115.161951	-35.643800
	0.047378	-158.203521	115.161951	-35.643800
	0.047388	-158.272456	115.161951	-35.584200
	0.047397	-157.373430	115.161951	-35.643800
	0.047407	-158.291267	115.161951	-35.643800
	0.047416	-156.268384	115.161951	-35.584200
	0.047425	-158.308080	115.161951	-35.584200
	0.047435	-157.656777	115.161951	-35.584200
	0.047444	-158.091679	115.161951	-35.584200
	0.047454	-158.251766	115.161951	-35.643800
	0.047463	-158.529784	115.161951	-35.584200
	0.047473	-157.795266	115.161951	-35.584200
	0.047482	-158.275692	115.161951	-35.643800
	0.047492	-158.073370	115.161951	-35.584200
	0.047501	-158.602160	115.161951	-35.584200
	0.047511	-158.486157	115.161951	-35.584200
	0.047520	-157.640948	115.161951	-35.584200
	0.047530	-158.419310	115.161951	-35.465000
	0.047539	-157.486727	115.161951	-35.465000
	0.047549	-158.718860	115.161951	-35.465000
	0.047558	-158.557481	115.161951	-35.465000
	0.047568	-158.142284	115.161951	-35.345800
	0.047577	-159.188273	115.161951	-35.345800
	0.047586	-158.208514	115.161951	-35.405400
	0.047596	-159.310044	115.161951	-35.465000
	0.047605	-159.140280	115.161951	-35.405400
	0.047615	-158.433038	115.161951	-35.345800
	0.047624	-159.832722	115.161951	-35.405400
	0.047634	-159.439233	115.161951	-35.226600
	0.047643	-160.319855	115.161951	-35.107400
	0.047653	-159.966333	115.161951	-35.107400
	0.047662	-159.166218	115.161951	-35.167000
	0.047672	-159.791935	115.161951	-35.167000
	0.047681	-159.304032	115.161951	-35.167000
	0.047691	-160.602413	115.161951	-35.167000
	0.047700	-159.222507	115.161951	-35.167000
	0.047710	-159.755952	115.161951	-35.107400
	0.047719	-158.733314	115.161951	-35.107400
	0.047728	-159.603768	115.161951	-35.107400
	0.047738	-162.250392	115.161951	-34.690100
	0.047747	-162.386838	115.161951	-34.511300
	0.047757	-161.530690	115.161951	-34.451700
	0.047766	-162.423841	115.161951	-34.392100
	0.047776	-162.200352	115.161951	-34.451700
	0.047785	-162.202292	115.161951	-34.451700
	0.047795	-162.194481	115.161951	-34.451700
	0.047804	-161.528657	115.161951	-34.392100
	0.047814	-162.942473	115.161951	-34.332500
	0.047823	-162.066561	115.161951	-34.392100
	0.047833	-163.068245	115.161951	-34.392100
	0.047842	-162.908511	115.161951	-34.332500
	0.047852	-162.101950	115.161951	-34.213300
	0.047861	-163.402085	115.161951	-34.272900
	0.047871	-162.967205	115.161951	-34.272900
	0.047880	-163.470150	115.161951	-34.332500
	0.047889	-163.212549	115.161951	-34.332500
	0.047899	-163.903286	115.161951	-33.974900
	0.047908	-164.691908	115.161951	-33.915300
	0.047918	-163.289497	115.161951	-33.974900
	0.047927	-164.702646	115.161951	-33.855700
	0.047937	-164.477714	115.161951	-33.855700
	0.047946	-163.711469	115.161951	-33.855700
	0.047956	-164.561702	115.161951	-33.855700
	0.047965	-164.171554	115.161951	-33.796100
	0.047975	-164.183064	115.161951	-33.736500
	0.047984	-164.206787	115.161951	-33.736500
	0.047994	-165.051336	115.161951	-33.676900
	0.048003	-164.621739	115.161951	-33.676900
	0.048013	-166.009465	115.161951	-32.842400
	0.048022	-168.249971	115.161951	-32.186700
	0.048031	-169.525772	115.161951	-32.186700
	0.048041	-169.569865	115.161951	-32.246300
	0.048050	-168.255390	115.161951	-32.186700
	0.048060	-168.702875	115.161951	-32.186700
	0.048069	-169.356274	115.161951	-32.127100
	0.048079	-168.957943	115.161951	-32.186700
	0.048088	-168.499173	115.161951	-32.127100
	0.048098	-167.925282	115.161951	-32.127100
	0.048107	-168.145813	115.161951	-32.186700
	0.048117	-167.528045	115.161951	-32.127100
	0.048126	-167.474967	115.161951	-32.067500
	0.048136	-168.288855	115.161951	-32.007900
	0.048145	-169.554009	115.161951	-32.067500
	0.048155	-168.968162	115.161951	-32.067500
	0.048164	-167.721689	115.161951	-32.067500
	0.048174	-167.170092	115.161951	-32.127100
	0.048183	-168.504438	115.161951	-32.067500
	0.048192	-167.943065	115.161951	-31.948300
	0.048202	-168.092535	115.161951	-32.067500
	0.048211	-167.976753	115.161951	-32.127100
	0.048221	-167.732584	115.161951	-32.127100
	0.048230	-169.142439	115.161951	-32.067500
	0.048240	-167.927191	115.161951	-32.007900
	0.048249	-169.315158	115.161951	-31.471500
	0.048259	-169.685970	115.161951	-31.411900
	0.048268	-170.401444	115.161951	-31.411900
	0.048278	-169.907048	115.161951	-31.352300
	0.048287	-170.840102	115.161951	-31.352300
	0.048297	-170.615433	115.161951	-31.292700
	0.048306	-171.385211	115.161951	-31.233100
	0.048316	-171.396555	115.161951	-31.173500
	0.048325	-171.013474	115.161951	-31.233100
	0.048334	-170.078347	115.161951	-31.233100
	0.048344	-175.581003	115.161951	-30.040900
	0.048353	-175.469146	115.161951	-29.921600
	0.048363	-174.587026	115.161951	-29.981300
	0.048372	-175.444657	115.161951	-29.981300
	0.048382	-175.737542	115.161951	-29.981300
	0.048391	-175.373606	115.161951	-29.921600
	0.048401	-175.356244	115.161951	-29.862000
	0.048410	-175.283321	115.161951	-29.862000
	0.048420	-175.675301	115.161951	-29.802400
	0.048429	-176.293331	115.161951	-29.862000
	0.048439	-175.856087	115.161951	-29.742800
	0.048448	-175.909772	115.161951	-29.802400
	0.048458	-175.547956	115.161951	-29.802400
	0.048467	-175.852842	115.161951	-29.921600
	0.048477	-175.648451	115.161951	-29.742800
	0.048486	-176.806761	115.161951	-29.862000
	0.048495	-175.915282	115.161951	-29.802400
	0.048505	-176.389494	115.161951	-29.802400
	0.048514	-176.296610	115.161951	-29.802400
	0.048524	-175.263111	115.161951	-29.802400
	0.048533	-176.014074	115.161951	-29.921600
	0.048543	-176.706826	115.161951	-29.921600
	0.048552	-175.624921	115.161951	-29.921600
	0.048562	-175.743531	115.161951	-29.862000
	0.048571	-176.088385	115.161951	-29.802400
	0.048581	-174.248329	115.161951	-29.742800
	0.048590	-174.957037	115.161951	-29.802400
	0.048600	-174.608455	115.161951	-29.802400
	0.048609	-175.263580	115.161951	-29.802400
	0.048619	-175.360943	115.161951	-29.742800
	0.048628	-174.901232	115.161951	-29.802400
	0.048637	-175.198616	115.161951	-29.742800
	0.048647	-174.772854	115.161951	-29.742800
	0.048656	-175.298576	115.161951	-29.742800
	0.048666	-175.141922	115.161951	-29.742800
	0.048675	-175.122381	115.161951	-29.742800
	0.048685	-175.586431	115.161951	-29.802400
	0.048694	-174.499344	115.161951	-29.802400
	0.048704	-175.152370	115.161951	-29.742800
	0.048713	-175.367893	115.161951	-29.683200
	0.048723	-174.564730	115.161951	-29.623600
	0.048732	-174.672370	115.161951	-29.742800
	0.048742	-175.035644	115.161951	-29.683200
	0.048751	-173.866136	115.161951	-29.623600
	0.048761	-175.869754	115.161951	-29.683200
	0.048770	-174.227701	115.161951	-29.683200
	0.048780	-175.646844	115.161951	-29.742800
	0.048789	-176.542531	115.161951	-29.623600
	0.048798	-176.087177	115.161951	-29.623600
	0.048808	-175.009644	115.161951	-29.623600
	0.048817	-175.621034	115.161951	-29.623600
	0.048827	-175.871892	115.161951	-29.564000
	0.048836	-175.945797	115.161951	-29.564000
	0.048846	-176.099987	115.161951	-29.564000
	0.048855	-175.292891	115.161951	-29.564000
	0.048865	-175.169378	115.161951	-29.504400
	0.048874	-175.839886	115.161951	-29.504400
	0.048884	-174.896456	115.161951	-29.564000
	0.048893	-175.493245	115.161951	-29.683200
	0.048903	-175.946174	115.161951	-29.683200
	0.048912	-174.061004	115.161951	-29.623600
	0.048922	-174.108146	115.161951	-29.623600
	0.048931	-175.689959	115.161951	-29.623600
	0.048940	-176.425692	115.161951	-29.683200
	0.048950	-175.054407	115.161951	-29.623600
	0.048959	-174.412580	115.161951	-29.623600
	0.048969	-174.008640	115.161951	-29.683200
	0.048978	-174.821213	115.161951	-29.623600
	0.048988	-174.599947	115.161951	-29.623600
	0.048997	-174.464412	115.161951	-29.623600
	0.049007	-174.776287	115.161951	-29.623600
	0.049016	-176.256532	115.161951	-29.623600
	0.049026	-176.260196	115.161951	-29.742800
	0.049035	-175.727442	115.161951	-29.623600
	0.049045	-175.539365	115.161951	-29.683200
	0.049054	-175.990597	115.161951	-29.742800
	0.049064	-176.274806	115.161951	-29.802400
	0.049073	-176.494367	115.161951	-29.623600
	0.049083	-174.564390	115.161951	-29.742800
	0.049092	-175.750733	115.161951	-29.802400
	0.049101	-175.411033	115.161951	-29.862000
	0.049111	-176.285778	115.161951	-29.802400
	0.049120	-175.188703	115.161951	-29.802400
	0.049130	-175.428443	115.161951	-29.802400
	0.049139	-175.583245	115.161951	-29.742800
	0.049149	-174.798319	115.161951	-29.742800
	0.049158	-175.579956	115.161951	-29.802400
	0.049168	-175.228515	115.161951	-29.742800
	0.049177	-175.823519	115.161951	-29.802400
	0.049187	-176.099226	115.161951	-29.862000
	0.049196	-175.501751	115.161951	-29.802400
	0.049206	-175.180052	115.161951	-29.742800
	0.049215	-175.307629	115.161951	-29.742800
	0.049225	-175.649552	115.161951	-29.802400
	0.049234	-174.546556	115.161951	-29.802400
	0.049243	-176.108663	115.161951	-29.802400
	0.049253	-174.729770	115.161951	-29.802400
	0.049262	-175.714879	115.161951	-29.802400
	0.049272	-175.739841	115.161951	-29.862000
	0.049281	-175.556344	115.161951	-29.981300
	0.049291	-175.675114	115.161951	-29.862000
	0.049300	-177.084929	115.161951	-29.802400
	0.049310	-176.717567	115.161951	-29.802400
	0.049319	-176.951360	115.161951	-29.742800
	0.049329	-176.453436	115.161951	-29.742800
	0.049338	-176.370905	115.161951	-29.742800
	0.049348	-175.379590	115.161951	-29.742800
	0.049357	-175.910111	115.161951	-29.802400
	0.049367	-175.125973	115.161951	-29.802400
	0.049376	-176.320334	115.161951	-28.908400
	0.049386	-176.704456	115.161951	-28.848800
	0.049395	-176.289539	115.161951	-28.789200
	0.049404	-176.572460	115.161951	-28.789200
	0.049414	-177.213729	115.161951	-28.848800
	0.049423	-176.624376	115.161951	-28.789200
	0.049433	-177.249498	115.161951	-28.848800
	0.049442	-176.299054	115.161951	-28.789200
	0.049452	-176.669309	115.161951	-28.848800
	0.049461	-176.165444	115.161951	-28.848800
	0.049471	-176.738664	115.161951	-28.848800
	0.049480	-176.231438	115.161951	-28.848800
	0.049490	-177.133737	115.161951	-28.848800
	0.049499	-176.087495	115.161951	-28.848800
	0.049509	-176.613427	115.161951	-28.789200
	0.049518	-177.332025	115.161951	-28.670000
	0.049528	-176.601808	115.161951	-28.789200
	0.049537	-176.432873	115.161951	-28.789200
	0.049546	-177.839267	115.161951	-28.670000
	0.049556	-177.393528	115.161951	-28.729600
	0.049565	-178.557394	115.161951	-28.789200
	0.049575	-177.051556	115.161951	-28.670000
	0.049584	-177.459209	115.161951	-28.729600
	0.049594	-177.204303	115.161951	-28.789200
	0.049603	-177.495210	115.161951	-28.789200
	0.049613	-177.381825	115.161951	-28.848800
	0.049622	-177.483332	115.161951	-28.848800
	0.049632	-177.894251	115.161951	-28.729600
	0.049641	-177.886868	115.161951	-28.789200
	0.049651	-176.373371	115.161951	-28.670000
	0.049660	-177.680324	115.161951	-28.610300
	0.049670	-177.401716	115.161951	-28.670000
	0.049679	-176.822860	115.161951	-28.610300
	0.049689	-176.759735	115.161951	-28.550700
	0.049698	-176.152947	115.161951	-28.670000
	0.049707	-176.592523	115.161951	-28.670000
	0.049717	-176.637923	115.161951	-28.610300
	0.049726	-177.900199	115.161951	-28.550700
	0.049736	-176.862728	115.161951	-28.491100
	0.049745	-176.637476	115.161951	-28.371900
	0.049755	-176.357822	115.161951	-28.431500
	0.049764	-177.507447	115.161951	-28.491100
	0.049774	-176.999463	115.161951	-28.371900
	0.049783	-177.018437	115.161951	-28.312300
	0.049793	-176.894134	115.161951	-28.312300
	0.049802	-176.600516	115.161951	-28.371900
	0.049812	-176.431512	115.161951	-28.312300
	0.049821	-177.542546	115.161951	-28.312300
	0.049831	-177.153697	115.161951	-28.312300
	0.049840	-177.607032	115.161951	-28.371900
	0.049849	-177.665609	115.161951	-28.371900
	0.049859	-176.672798	115.161951	-28.371900
	0.049868	-176.535669	115.161951	-28.371900
	0.049878	-176.102240	115.161951	-28.371900
	0.049887	-176.880562	115.161951	-28.371900
	0.049897	-177.201794	115.161951	-28.371900
	0.049906	-176.271508	115.161951	-28.371900
	0.049916	-177.968861	115.161951	-28.312300
	0.049925	-177.077300	115.161951	-28.312300
	0.049935	-177.638830	115.161951	-28.312300
	0.049944	-178.578233	115.161951	-28.312300
	0.049954	-178.605852	115.161951	-28.312300
	0.049963	-177.732046	115.161951	-28.371900
	0.049973	-178.179223	115.161951	-28.252700
	0.049982	-178.486864	115.161951	-28.252700
	0.049991	-178.006911	115.161951	-28.252700
	0.050001	-177.392674	115.161951	-28.073900
	0.050010	-177.738246	115.161951	-27.954700
	0.050020	-177.864116	115.161951	-28.014300
	0.050029	-179.178719	115.161951	-28.014300
	0.050039	-179.217189	115.161951	-27.954700
	0.050048	-178.500647	115.161951	-28.014300
	0.050058	-178.826925	115.161951	-28.073900
	0.050067	-178.594271	115.161951	-27.954700
	0.050077	-179.197662	115.161951	-28.014300
	0.050086	-178.382085	115.161951	-28.014300
	0.050096	-179.025944	115.161951	-28.014300
	0.050105	-178.965095	115.161951	-27.954700
	0.050115	-177.775031	115.161951	-28.014300
	0.050124	-179.099408	115.161951	-27.954700
	0.050134	-178.059889	115.161951	-27.954700
	0.050143	-177.659047	115.161951	-27.954700
	0.050152	-177.119020	115.161951	-28.014300
	0.050162	-178.681707	115.161951	-27.954700
	0.050171	-178.447507	115.161951	-27.895100
	0.050181	-177.295688	115.161951	-27.954700
	0.050190	-178.136074	115.161951	-27.835500
	0.050200	-179.193941	115.161951	-27.775900
	0.050209	-178.710425	115.161951	-27.895100
	0.050219	-177.265277	115.161951	-27.954700
	0.050228	-178.542343	115.161951	-27.954700
	0.050238	-177.283335	115.161951	-27.954700
	0.050247	-178.176219	115.161951	-27.954700
	0.050257	-178.866776	115.161951	-28.014300
	0.050266	-178.491310	115.161951	-27.954700
	0.050276	-178.537513	115.161951	-27.954700
	0.050285	-178.921968	115.161951	-27.895100
	0.050294	-179.270669	115.161951	-27.835500
	0.050304	-178.607199	115.161951	-27.954700
	0.050313	-178.510183	115.161951	-27.954700
	0.050323	-178.128289	115.161951	-27.954700
	0.050332	-177.814512	115.161951	-27.895100
	0.050342	-178.013554	115.161951	-27.835500
	0.050351	-178.830253	115.161951	-27.954700
	0.050361	-179.498730	115.161951	-28.014300
	0.050370	-178.714574	115.161951	-28.133500
	0.050380	-177.396535	115.161951	-28.073900
	0.050389	-178.000800	115.161951	-28.014300
	0.050399	-177.885833	115.161951	-28.133500
	0.050408	-177.730650	115.161951	-28.073900
	0.050418	-178.453810	115.161951	-28.014300
	0.050427	-178.411570	115.161951	-28.014300
	0.050437	-177.704141	115.161951	-28.133500
	0.050446	-178.331005	115.161951	-28.073900
	0.050455	-177.694298	115.161951	-28.073900
	0.050465	-176.647257	115.161951	-28.133500
	0.050474	-176.898327	115.161951	-28.133500
	0.050484	-176.765403	115.161951	-28.133500
