	-0.071022	0.852114	115.161951	-20.027300
	-0.068270	0.287108	115.161951	-20.086900
	-0.065518	0.551855	115.161951	-20.206100
	-0.062767	0.506166	115.161951	-20.384900
	-0.060015	-0.406643	115.161951	-20.563700
	-0.057264	0.979724	115.161951	-20.682900
	-0.054512	0.169648	115.161951	-20.921300
	-0.051760	0.881781	115.161951	-21.219400
	-0.049009	0.694356	115.161951	-21.517400
	-0.046257	0.841441	115.161951	-21.636600
	-0.043506	0.268129	115.161951	-21.934600
	-0.040754	-0.362133	115.161951	-22.173000
	-0.038002	-0.848901	115.161951	-22.530700
	-0.035251	-0.477000	115.161951	-22.769100
	-0.032499	-1.283194	115.161951	-23.245900
	-0.029748	-0.185173	115.161951	-23.544000
	-0.026996	-0.199915	115.161951	-23.842000
	-0.024245	0.023811	115.161951	-24.318800
	-0.021493	-0.787173	115.161951	-24.676400
	-0.018741	-1.801661	115.161951	-25.034100
	-0.015990	-1.955451	115.161951	-25.570500
	-0.013238	-2.631779	115.161951	-26.166600
	-0.010487	-1.706718	115.161951	-26.822200
	-0.007735	-2.240407	115.161951	-27.418300
	-0.004984	-1.336398	115.161951	-28.133500
	-0.002232	-3.262981	115.161951	-29.087200
	0.000520	-3.766992	115.161951	-29.802400
	0.003271	-3.828153	115.161951	-30.577400
	0.006023	-3.905218	115.161951	-31.590700
	0.008774	-4.964435	115.161951	-32.842400
	0.011526	-6.172856	115.161951	-33.796100
	0.014278	-7.038015	115.161951	-35.405400
	0.017029	-8.119179	115.161951	-37.670400
	0.019781	-8.441232	115.161951	-39.518100
	0.022532	-8.609909	115.161951	-41.425500
	0.025284	-9.223374	115.161951	-43.869300
	0.028036	-11.573440	115.161951	-47.266700
	0.030787	-12.990245	115.161951	-51.141000
	0.033539	-15.550880	115.161951	-56.147800
	0.036290	-17.551070	115.161951	-60.916200
	0.036290	-19.640086	115.161951	-66.876900
	0.036300	-19.824346	115.161951	-68.724600
	0.036309	-20.246760	115.161951	-69.082200
	0.036319	-19.040284	115.161951	-69.082200
	0.036328	-20.524861	115.161951	-69.141900
	0.036338	-19.158286	115.161951	-69.141900
	0.036347	-20.158405	115.161951	-69.201500
	0.036357	-20.473801	115.161951	-69.201500
	0.036366	-20.570478	115.161951	-69.320700
	0.036376	-20.137090	115.161951	-69.320700
	0.036385	-19.396949	115.161951	-69.320700
	0.036394	-20.050265	115.161951	-69.320700
	0.036404	-19.624551	115.161951	-69.380300
	0.036413	-19.889883	115.161951	-69.320700
	0.036423	-19.950331	115.161951	-69.380300
	0.036432	-19.604016	115.161951	-69.380300
	0.036442	-20.547502	115.161951	-69.439900
	0.036451	-18.663354	115.161951	-69.439900
	0.036461	-19.301833	115.161951	-69.439900
	0.036470	-19.192757	115.161951	-69.439900
	0.036480	-19.947035	115.161951	-69.439900
	0.036489	-20.234339	115.161951	-69.499500
	0.036499	-18.182626	115.161951	-69.618700
	0.036508	-19.988872	115.161951	-69.618700
	0.036518	-19.578501	115.161951	-69.737900
	0.036527	-19.536939	115.161951	-69.737900
	0.036537	-19.900619	115.161951	-69.797500
	0.036546	-20.029802	115.161951	-69.797500
	0.036555	-19.596828	115.161951	-69.857100
	0.036565	-19.090667	115.161951	-69.797500
	0.036574	-19.997360	115.161951	-69.857100
	0.036584	-19.424278	115.161951	-69.976300
	0.036593	-20.835073	115.161951	-69.976300
	0.036603	-19.966646	115.161951	-69.976300
	0.036612	-19.459682	115.161951	-70.035900
	0.036622	-19.949758	115.161951	-70.095500
	0.036631	-19.261393	115.161951	-70.155100
	0.036641	-20.739488	115.161951	-70.155100
	0.036650	-20.670399	115.161951	-70.214700
	0.036660	-20.371749	115.161951	-70.333900
	0.036669	-20.270024	115.161951	-70.333900
	0.036679	-21.038663	115.161951	-70.333900
	0.036688	-20.904511	115.161951	-70.453200
	0.036697	-20.396671	115.161951	-70.453200
	0.036707	-19.574164	115.161951	-70.512800
	0.036716	-20.230303	115.161951	-70.512800
	0.036726	-20.575063	115.161951	-70.512800
	0.036735	-20.980972	115.161951	-70.512800
	0.036745	-19.888104	115.161951	-70.512800
	0.036754	-20.887438	115.161951	-70.572400
	0.036764	-19.040484	115.161951	-70.572400
	0.036773	-19.216411	115.161951	-70.572400
	0.036783	-19.931295	115.161951	-70.572400
	0.036792	-20.674318	115.161951	-70.572400
	0.036802	-21.681343	115.161951	-70.512800
	0.036811	-21.385358	115.161951	-70.572400
	0.036821	-20.454320	115.161951	-70.572400
	0.036830	-21.094190	115.161951	-70.572400
	0.036840	-20.106031	115.161951	-70.572400
	0.036849	-20.053313	115.161951	-70.572400
	0.036858	-20.057032	115.161951	-70.572400
	0.036868	-18.996449	115.161951	-70.632000
	0.036877	-20.765886	115.161951	-70.632000
	0.036887	-19.859837	115.161951	-70.751200
	0.036896	-19.875070	115.161951	-70.751200
	0.036906	-20.781880	115.161951	-70.691600
	0.036915	-20.238973	115.161951	-70.632000
	0.036925	-19.789648	115.161951	-70.632000
	0.036934	-20.143434	115.161951	-70.751200
	0.036944	-20.910183	115.161951	-70.810800
	0.036953	-21.359753	115.161951	-70.870400
	0.036963	-20.362361	115.161951	-70.870400
	0.036972	-20.726717	115.161951	-70.870400
	0.036982	-20.860584	115.161951	-70.810800
	0.036991	-19.508442	115.161951	-70.810800
	0.037000	-21.328842	115.161951	-70.810800
	0.037010	-20.660975	115.161951	-70.870400
	0.037019	-21.559111	115.161951	-70.870400
	0.037029	-21.235156	115.161951	-70.930000
	0.037038	-20.715801	115.161951	-70.930000
	0.037048	-20.891780	115.161951	-70.870400
	0.037057	-21.201942	115.161951	-70.870400
	0.037067	-21.531488	115.161951	-70.870400
	0.037076	-20.367260	115.161951	-70.810800
	0.037086	-20.244930	115.161951	-70.870400
	0.037095	-21.990529	115.161951	-70.930000
	0.037105	-20.464280	115.161951	-70.930000
	0.037114	-20.715970	115.161951	-70.870400
	0.037124	-20.543898	115.161951	-70.870400
	0.037133	-21.313668	115.161951	-70.870400
	0.037143	-21.023018	115.161951	-70.930000
	0.037152	-20.944861	115.161951	-71.049200
	0.037161	-20.347049	115.161951	-71.108800
	0.037171	-19.984867	115.161951	-71.108800
	0.037180	-20.202949	115.161951	-71.108800
	0.037190	-19.472056	115.161951	-71.168400
	0.037199	-20.955974	115.161951	-71.228000
	0.037209	-21.529403	115.161951	-71.287600
	0.037218	-20.576439	115.161951	-71.287600
	0.037228	-21.206216	115.161951	-71.287600
	0.037237	-21.263671	115.161951	-71.347200
	0.037247	-20.696507	115.161951	-71.347200
	0.037256	-21.571211	115.161951	-71.406800
	0.037266	-22.098333	115.161951	-71.347200
	0.037275	-21.194560	115.161951	-71.347200
	0.037285	-21.333777	115.161951	-71.406800
	0.037294	-21.594345	115.161951	-71.466400
	0.037303	-20.624460	115.161951	-71.466400
	0.037313	-20.999980	115.161951	-71.466400
	0.037322	-20.552893	115.161951	-71.466400
	0.037332	-21.062851	115.161951	-71.466400
	0.037341	-20.766828	115.161951	-71.585600
	0.037351	-21.777643	115.161951	-71.645200
	0.037360	-21.087085	115.161951	-71.704900
	0.037370	-20.575439	115.161951	-71.704900
	0.037379	-20.807917	115.161951	-71.645200
	0.037389	-21.622485	115.161951	-71.645200
	0.037398	-22.034685	115.161951	-71.704900
	0.037408	-21.141992	115.161951	-71.824100
	0.037417	-20.848491	115.161951	-71.824100
	0.037427	-21.605625	115.161951	-71.824100
	0.037436	-21.444553	115.161951	-71.943300
	0.037446	-21.340768	115.161951	-71.943300
	0.037455	-21.091195	115.161951	-71.943300
	0.037464	-20.610049	115.161951	-71.883700
	0.037474	-21.438842	115.161951	-71.883700
	0.037483	-21.234892	115.161951	-71.883700
	0.037493	-20.778847	115.161951	-71.943300
	0.037502	-20.318867	115.161951	-71.943300
	0.037512	-20.848565	115.161951	-71.943300
	0.037521	-21.454744	115.161951	-71.943300
	0.037531	-21.888268	115.161951	-71.883700
	0.037540	-21.418346	115.161951	-71.883700
	0.037550	-21.809498	115.161951	-71.943300
	0.037559	-21.819121	115.161951	-71.943300
	0.037569	-21.641935	115.161951	-71.883700
	0.037578	-21.523256	115.161951	-71.883700
	0.037588	-20.830079	115.161951	-71.883700
	0.037597	-22.033228	115.161951	-71.943300
	0.037606	-21.513326	115.161951	-71.883700
	0.037616	-21.227752	115.161951	-71.883700
	0.037625	-21.772865	115.161951	-71.883700
	0.037635	-23.010318	115.161951	-71.824100
	0.037644	-21.899474	115.161951	-71.824100
	0.037654	-21.633942	115.161951	-71.883700
	0.037663	-22.518869	115.161951	-71.764500
	0.037673	-22.385952	115.161951	-71.704900
	0.037682	-21.628930	115.161951	-71.704900
	0.037692	-23.032498	115.161951	-71.645200
	0.037701	-21.619755	115.161951	-71.466400
	0.037711	-21.337635	115.161951	-71.406800
	0.037720	-21.813627	115.161951	-71.347200
	0.037730	-22.242461	115.161951	-71.347200
	0.037739	-21.719569	115.161951	-71.287600
	0.037748	-20.334317	115.161951	-71.228000
	0.037758	-21.969387	115.161951	-71.168400
	0.037767	-22.574903	115.161951	-71.108800
	0.037777	-21.679116	115.161951	-71.049200
	0.037786	-21.222075	115.161951	-71.049200
	0.037796	-22.218914	115.161951	-71.049200
	0.037805	-21.568070	115.161951	-70.870400
	0.037815	-22.418625	115.161951	-70.870400
	0.037824	-22.484010	115.161951	-70.870400
	0.037834	-21.580617	115.161951	-70.751200
	0.037843	-23.405592	115.161951	-70.751200
	0.037853	-22.171031	115.161951	-70.691600
	0.037862	-22.871868	115.161951	-70.572400
	0.037872	-21.999144	115.161951	-70.572400
	0.037881	-20.930947	115.161951	-70.572400
	0.037891	-22.138801	115.161951	-70.512800
	0.037900	-21.084834	115.161951	-70.453200
	0.037909	-22.153843	115.161951	-70.453200
	0.037919	-21.970939	115.161951	-70.453200
	0.037928	-20.615327	115.161951	-70.333900
	0.037938	-21.850567	115.161951	-70.333900
	0.037947	-21.331307	115.161951	-70.393600
	0.037957	-22.225866	115.161951	-70.333900
	0.037966	-21.714774	115.161951	-70.274300
	0.037976	-22.146804	115.161951	-70.333900
	0.037985	-21.306708	115.161951	-70.393600
	0.037995	-21.620131	115.161951	-70.453200
	0.038004	-20.484245	115.161951	-70.393600
	0.038014	-20.865512	115.161951	-70.393600
	0.038023	-21.946974	115.161951	-70.453200
	0.038033	-21.265809	115.161951	-70.453200
	0.038042	-21.701038	115.161951	-70.453200
	0.038051	-21.391011	115.161951	-70.453200
	0.038061	-21.800652	115.161951	-70.333900
	0.038070	-21.958486	115.161951	-70.333900
	0.038080	-21.390786	115.161951	-70.333900
	0.038089	-20.921830	115.161951	-70.333900
	0.038099	-19.973515	115.161951	-70.453200
	0.038108	-20.036785	115.161951	-70.512800
	0.038118	-20.014761	115.161951	-70.512800
	0.038127	-19.833137	115.161951	-70.572400
	0.038137	-20.155579	115.161951	-70.572400
	0.038146	-20.309879	115.161951	-70.632000
	0.038156	-20.591480	115.161951	-70.632000
	0.038165	-19.823500	115.161951	-70.691600
	0.038175	-20.337485	115.161951	-70.691600
	0.038184	-20.938391	115.161951	-70.751200
	0.038194	-20.961783	115.161951	-70.751200
	0.038203	-21.348927	115.161951	-70.751200
	0.038212	-21.423326	115.161951	-70.751200
	0.038222	-22.083718	115.161951	-70.810800
	0.038231	-21.321928	115.161951	-70.810800
	0.038241	-20.962271	115.161951	-70.870400
	0.038250	-20.526821	115.161951	-70.870400
	0.038260	-21.644945	115.161951	-70.870400
	0.038269	-20.452297	115.161951	-70.930000
	0.038279	-19.486988	115.161951	-70.989600
	0.038288	-20.736450	115.161951	-71.049200
	0.038298	-21.287590	115.161951	-71.108800
	0.038307	-20.024570	115.161951	-71.108800
	0.038317	-20.145868	115.161951	-71.108800
	0.038326	-21.043114	115.161951	-71.168400
	0.038336	-20.646982	115.161951	-71.228000
	0.038345	-19.546970	115.161951	-71.168400
	0.038354	-21.438112	115.161951	-71.168400
	0.038364	-19.395278	115.161951	-71.168400
	0.038373	-20.242316	115.161951	-71.168400
	0.038383	-20.521883	115.161951	-71.168400
	0.038392	-20.226086	115.161951	-71.287600
	0.038402	-20.484484	115.161951	-71.347200
	0.038411	-21.773775	115.161951	-71.287600
	0.038421	-21.443981	115.161951	-71.347200
	0.038430	-21.316325	115.161951	-71.347200
	0.038440	-21.098482	115.161951	-71.406800
	0.038449	-21.544122	115.161951	-71.466400
	0.038459	-22.105323	115.161951	-71.466400
	0.038468	-21.795955	115.161951	-71.406800
	0.038478	-22.296159	115.161951	-71.406800
	0.038487	-22.744597	115.161951	-71.466400
	0.038497	-21.792964	115.161951	-71.526000
	0.038506	-22.021770	115.161951	-71.585600
	0.038515	-21.060833	115.161951	-71.645200
	0.038525	-21.329664	115.161951	-71.585600
	0.038534	-21.160377	115.161951	-71.585600
	0.038544	-23.174746	115.161951	-71.585600
	0.038553	-21.855557	115.161951	-71.585600
	0.038563	-21.091653	115.161951	-71.645200
	0.038572	-21.573009	115.161951	-71.704900
	0.038582	-21.069819	115.161951	-71.764500
	0.038591	-21.111725	115.161951	-71.943300
	0.038601	-21.918310	115.161951	-72.002900
	0.038610	-20.730477	115.161951	-72.002900
	0.038620	-22.379112	115.161951	-72.062500
	0.038629	-21.790088	115.161951	-72.062500
	0.038639	-21.951388	115.161951	-72.181700
	0.038648	-21.940745	115.161951	-72.300900
	0.038657	-22.444147	115.161951	-72.360500
	0.038667	-23.030657	115.161951	-72.479700
	0.038676	-21.472398	115.161951	-72.479700
	0.038686	-22.242559	115.161951	-72.479700
	0.038695	-22.912450	115.161951	-72.479700
	0.038705	-22.480022	115.161951	-72.479700
	0.038714	-21.476708	115.161951	-72.420100
	0.038724	-22.502681	115.161951	-72.420100
	0.038733	-22.340987	115.161951	-72.420100
	0.038743	-21.804945	115.161951	-72.420100
	0.038752	-21.380813	115.161951	-72.420100
	0.038762	-20.630050	115.161951	-72.420100
	0.038771	-21.752563	115.161951	-72.420100
	0.038781	-22.433153	115.161951	-72.300900
	0.038790	-21.371917	115.161951	-72.300900
	0.038800	-21.367317	115.161951	-72.300900
	0.038809	-21.870372	115.161951	-72.300900
	0.038818	-22.075999	115.161951	-72.300900
	0.038828	-22.539602	115.161951	-72.300900
	0.038837	-21.456398	115.161951	-72.300900
	0.038847	-21.789959	115.161951	-72.300900
	0.038856	-22.343487	115.161951	-72.241300
	0.038866	-21.881656	115.161951	-72.241300
	0.038875	-22.274997	115.161951	-72.300900
	0.038885	-22.500629	115.161951	-72.420100
	0.038894	-22.557515	115.161951	-72.420100
	0.038904	-23.969857	115.161951	-72.420100
	0.038913	-23.989348	115.161951	-72.420100
	0.038923	-23.560562	115.161951	-72.360500
	0.038932	-23.395729	115.161951	-72.360500
	0.038942	-23.243108	115.161951	-72.420100
	0.038951	-22.770843	115.161951	-72.420100
	0.038960	-23.333388	115.161951	-72.420100
	0.038970	-22.427118	115.161951	-72.420100
	0.038979	-22.510971	115.161951	-72.479700
	0.038989	-22.472291	115.161951	-72.539300
	0.038998	-22.921412	115.161951	-72.598900
	0.039008	-22.166106	115.161951	-72.598900
	0.039017	-22.338977	115.161951	-72.598900
	0.039027	-22.092374	115.161951	-72.718100
	0.039036	-21.567667	115.161951	-72.718100
	0.039046	-21.772487	115.161951	-72.837300
	0.039055	-21.161089	115.161951	-72.837300
	0.039065	-21.271634	115.161951	-72.896900
	0.039074	-21.721586	115.161951	-72.896900
	0.039084	-21.962356	115.161951	-73.016200
	0.039093	-23.328698	115.161951	-73.075800
	0.039103	-23.904028	115.161951	-73.135400
	0.039112	-22.246801	115.161951	-73.075800
	0.039121	-21.869262	115.161951	-73.075800
	0.039131	-23.175766	115.161951	-73.135400
	0.039140	-23.793751	115.161951	-73.314200
	0.039150	-22.701792	115.161951	-73.433400
	0.039159	-21.982124	115.161951	-73.493000
	0.039169	-22.324103	115.161951	-73.552600
	0.039178	-21.823168	115.161951	-73.552600
	0.039188	-22.499933	115.161951	-73.612200
	0.039197	-22.794307	115.161951	-73.671800
	0.039207	-23.851873	115.161951	-73.612200
	0.039216	-22.588167	115.161951	-73.671800
	0.039226	-21.246031	115.161951	-73.791000
	0.039235	-22.682123	115.161951	-73.910200
	0.039245	-23.176213	115.161951	-73.969800
	0.039254	-21.862081	115.161951	-74.089000
	0.039263	-23.258655	115.161951	-74.148600
	0.039273	-22.747910	115.161951	-74.208200
	0.039282	-23.103886	115.161951	-74.267900
	0.039292	-22.876576	115.161951	-74.387100
	0.039301	-22.542690	115.161951	-74.446700
	0.039311	-23.155388	115.161951	-74.506300
	0.039320	-22.628540	115.161951	-74.565900
	0.039330	-22.722983	115.161951	-74.685100
	0.039339	-22.300076	115.161951	-74.685100
	0.039349	-23.506477	115.161951	-74.685100
	0.039358	-22.590593	115.161951	-74.625500
	0.039368	-23.918729	115.161951	-74.744700
	0.039377	-21.889915	115.161951	-74.744700
	0.039387	-22.521165	115.161951	-74.923500
	0.039396	-22.490193	115.161951	-74.983100
	0.039406	-22.869975	115.161951	-75.042700
	0.039415	-22.739456	115.161951	-75.042700
	0.039424	-22.176877	115.161951	-75.102300
	0.039434	-22.911265	115.161951	-75.221500
	0.039443	-23.886186	115.161951	-75.281100
	0.039453	-24.113140	115.161951	-75.281100
	0.039462	-23.735800	115.161951	-75.281100
	0.039472	-24.847152	115.161951	-75.340700
	0.039481	-24.522721	115.161951	-75.281100
	0.039491	-24.819773	115.161951	-75.340700
	0.039500	-25.294717	115.161951	-75.340700
	0.039510	-23.547769	115.161951	-75.281100
	0.039519	-23.700788	115.161951	-75.340700
	0.039529	-24.590673	115.161951	-75.400300
	0.039538	-24.458590	115.161951	-75.459900
	0.039548	-24.641291	115.161951	-75.519600
	0.039557	-23.444485	115.161951	-75.579200
	0.039566	-24.131755	115.161951	-75.579200
	0.039576	-23.593716	115.161951	-75.579200
	0.039585	-22.893799	115.161951	-75.638800
	0.039595	-24.517927	115.161951	-75.698400
	0.039604	-23.224811	115.161951	-75.698400
	0.039614	-22.757493	115.161951	-75.638800
	0.039623	-23.294474	115.161951	-75.638800
	0.039633	-23.355054	115.161951	-75.638800
	0.039642	-23.528619	115.161951	-75.698400
	0.039652	-22.226397	115.161951	-75.698400
	0.039661	-23.623690	115.161951	-75.698400
	0.039671	-24.671407	115.161951	-75.758000
	0.039680	-23.281015	115.161951	-75.817600
	0.039690	-24.251044	115.161951	-75.877200
	0.039699	-23.712176	115.161951	-75.877200
	0.039709	-25.006624	115.161951	-75.936800
	0.039718	-24.520062	115.161951	-75.936800
	0.039727	-24.335781	115.161951	-75.936800
	0.039737	-24.105009	115.161951	-75.936800
	0.039746	-22.307878	115.161951	-75.996400
	0.039756	-23.339265	115.161951	-75.996400
	0.039765	-24.290275	115.161951	-75.996400
	0.039775	-22.820973	115.161951	-76.115600
	0.039784	-23.345685	115.161951	-76.115600
	0.039794	-24.009393	115.161951	-76.115600
	0.039803	-22.592637	115.161951	-76.175200
	0.039813	-23.003815	115.161951	-76.234800
	0.039822	-23.919027	115.161951	-76.234800
	0.039832	-24.267456	115.161951	-76.234800
	0.039841	-22.710692	115.161951	-76.354000
	0.039851	-24.889986	115.161951	-76.413600
	0.039860	-23.819400	115.161951	-76.413600
	0.039869	-23.470831	115.161951	-76.413600
	0.039879	-22.228011	115.161951	-76.473200
	0.039888	-24.696016	115.161951	-76.592400
	0.039898	-24.023057	115.161951	-76.652000
	0.039907	-23.831278	115.161951	-76.711600
	0.039917	-23.990185	115.161951	-76.652000
	0.039926	-24.543793	115.161951	-76.711600
	0.039936	-23.548601	115.161951	-76.830900
	0.039945	-24.996259	115.161951	-76.830900
	0.039955	-24.209505	115.161951	-76.830900
	0.039964	-23.882510	115.161951	-76.830900
	0.039974	-25.198220	115.161951	-76.890500
	0.039983	-24.437679	115.161951	-77.009700
	0.039993	-24.240829	115.161951	-77.069300
	0.040002	-24.580531	115.161951	-77.069300
	0.040012	-24.593669	115.161951	-77.128900
	0.040021	-25.824394	115.161951	-77.069300
	0.040030	-24.757826	115.161951	-77.188500
	0.040040	-24.340884	115.161951	-77.307700
	0.040049	-24.431239	115.161951	-77.307700
	0.040059	-24.569008	115.161951	-77.367300
	0.040068	-24.247672	115.161951	-77.426900
	0.040078	-24.619902	115.161951	-77.486500
	0.040087	-24.741970	115.161951	-77.605700
	0.040097	-25.030333	115.161951	-77.605700
	0.040106	-25.075608	115.161951	-77.665300
	0.040116	-24.255316	115.161951	-77.665300
	0.040125	-24.898752	115.161951	-77.605700
	0.040135	-23.950115	115.161951	-77.665300
	0.040144	-24.867210	115.161951	-77.784500
	0.040154	-24.131175	115.161951	-77.784500
	0.040163	-24.373418	115.161951	-77.844100
	0.040172	-24.011515	115.161951	-77.844100
	0.040182	-24.882780	115.161951	-77.784500
	0.040191	-25.673934	115.161951	-77.724900
	0.040201	-25.233774	115.161951	-77.724900
	0.040210	-26.464976	115.161951	-77.724900
	0.040220	-26.293946	115.161951	-77.665300
	0.040229	-24.836723	115.161951	-77.724900
	0.040239	-25.610887	115.161951	-77.784500
	0.040248	-25.126398	115.161951	-77.844100
	0.040258	-25.152821	115.161951	-77.844100
	0.040267	-25.521915	115.161951	-77.903700
	0.040277	-25.463726	115.161951	-77.844100
	0.040286	-25.218239	115.161951	-77.844100
	0.040296	-25.160489	115.161951	-77.903700
	0.040305	-25.405396	115.161951	-77.963300
	0.040315	-25.392359	115.161951	-77.963300
	0.040324	-25.275690	115.161951	-77.903700
	0.040333	-25.406593	115.161951	-77.963300
	0.040343	-25.237333	115.161951	-78.082600
	0.040352	-24.771227	115.161951	-78.201800
	0.040362	-24.752417	115.161951	-78.201800
	0.040371	-25.394381	115.161951	-78.142200
	0.040381	-24.298341	115.161951	-78.082600
	0.040390	-25.368356	115.161951	-78.082600
	0.040400	-25.466402	115.161951	-78.142200
	0.040409	-24.488044	115.161951	-78.142200
	0.040419	-25.921077	115.161951	-78.082600
	0.040428	-25.454447	115.161951	-78.082600
	0.040438	-25.689674	115.161951	-78.082600
	0.040447	-24.545044	115.161951	-78.082600
	0.040457	-25.774242	115.161951	-78.142200
	0.040466	-25.076553	115.161951	-78.142200
	0.040475	-24.957287	115.161951	-78.142200
	0.040485	-25.167065	115.161951	-78.321000
	0.040494	-26.128155	115.161951	-78.738200
	0.040504	-25.876371	115.161951	-78.917000
	0.040513	-25.945461	115.161951	-78.976600
	0.040523	-26.322595	115.161951	-78.917000
	0.040532	-24.824693	115.161951	-78.976600
	0.040542	-25.806303	115.161951	-79.036200
	0.040551	-25.192380	115.161951	-78.976600
	0.040561	-25.893778	115.161951	-78.917000
	0.040570	-26.705273	115.161951	-78.917000
	0.040580	-25.693637	115.161951	-78.917000
	0.040589	-25.672427	115.161951	-78.917000
	0.040599	-26.245743	115.161951	-78.976600
	0.040608	-24.965773	115.161951	-78.976600
	0.040618	-26.537782	115.161951	-78.976600
	0.040627	-25.824240	115.161951	-78.976600
	0.040636	-25.162422	115.161951	-78.976600
	0.040646	-24.504277	115.161951	-79.036200
	0.040655	-25.708085	115.161951	-79.036200
	0.040665	-25.458201	115.161951	-78.976600
	0.040674	-25.075796	115.161951	-78.976600
	0.040684	-25.292937	115.161951	-78.976600
	0.040693	-25.568878	115.161951	-78.976600
	0.040703	-26.488861	115.161951	-79.036200
	0.040712	-24.912780	115.161951	-79.095800
	0.040722	-25.207948	115.161951	-79.155400
	0.040731	-26.020972	115.161951	-79.215000
	0.040741	-25.114872	115.161951	-79.274600
	0.040750	-25.060128	115.161951	-79.274600
	0.040760	-26.123189	115.161951	-79.274600
	0.040769	-26.098359	115.161951	-79.334200
	0.040778	-25.294611	115.161951	-79.393900
	0.040788	-25.213768	115.161951	-79.453500
	0.040797	-25.695619	115.161951	-79.513100
	0.040807	-26.566609	115.161951	-79.513100
	0.040816	-26.569383	115.161951	-79.513100
	0.040826	-24.890903	115.161951	-79.572700
	0.040835	-25.116870	115.161951	-79.632300
	0.040845	-24.699189	115.161951	-79.632300
	0.040854	-25.109438	115.161951	-79.632300
	0.040864	-26.426512	115.161951	-79.632300
	0.040873	-25.870544	115.161951	-79.751500
	0.040883	-26.386907	115.161951	-79.751500
	0.040892	-26.470994	115.161951	-79.751500
	0.040902	-26.692521	115.161951	-79.751500
	0.040911	-26.527849	115.161951	-79.811100
	0.040921	-25.368326	115.161951	-79.811100
	0.040930	-25.984501	115.161951	-79.811100
	0.040939	-25.736823	115.161951	-79.870700
	0.040949	-26.628675	115.161951	-79.870700
	0.040958	-26.813851	115.161951	-79.930300
	0.040968	-26.434410	115.161951	-79.930300
	0.040977	-25.731173	115.161951	-80.049500
	0.040987	-27.739683	115.161951	-80.109100
	0.040996	-26.423144	115.161951	-80.109100
	0.041006	-27.393614	115.161951	-80.109100
	0.041015	-27.038057	115.161951	-79.870700
	0.041025	-27.865791	115.161951	-79.632300
	0.041034	-27.602793	115.161951	-79.751500
	0.041044	-26.617470	115.161951	-79.751500
	0.041053	-26.319931	115.161951	-79.751500
	0.041063	-27.140824	115.161951	-79.751500
	0.041072	-26.680638	115.161951	-79.751500
	0.041081	-27.487676	115.161951	-79.751500
	0.041091	-27.147179	115.161951	-79.811100
	0.041100	-28.439901	115.161951	-79.870700
	0.041110	-27.178649	115.161951	-79.811100
	0.041119	-29.065399	115.161951	-79.870700
	0.041129	-27.778646	115.161951	-79.930300
	0.041138	-27.882600	115.161951	-80.049500
	0.041148	-27.943693	115.161951	-79.930300
	0.041157	-28.908462	115.161951	-79.930300
	0.041167	-27.128737	115.161951	-79.989900
	0.041176	-28.814351	115.161951	-79.989900
	0.041186	-27.559452	115.161951	-80.049500
	0.041195	-27.706029	115.161951	-79.930300
	0.041205	-27.631968	115.161951	-80.049500
	0.041214	-27.143960	115.161951	-80.049500
	0.041224	-28.534643	115.161951	-79.989900
	0.041233	-27.072997	115.161951	-80.049500
	0.041242	-27.478023	115.161951	-80.109100
	0.041252	-27.620742	115.161951	-80.109100
	0.041261	-27.182676	115.161951	-80.109100
	0.041271	-28.168919	115.161951	-79.691900
	0.041280	-28.025899	115.161951	-79.155400
	0.041290	-29.248611	115.161951	-78.917000
	0.041299	-28.414911	115.161951	-78.857400
	0.041309	-27.926927	115.161951	-78.857400
	0.041318	-28.749812	115.161951	-78.917000
	0.041328	-27.940334	115.161951	-78.917000
	0.041337	-29.315562	115.161951	-78.857400
	0.041347	-29.241376	115.161951	-78.917000
	0.041356	-29.668522	115.161951	-78.976600
	0.041366	-29.109461	115.161951	-78.917000
	0.041375	-29.593275	115.161951	-78.976600
	0.041384	-28.105348	115.161951	-78.976600
	0.041394	-28.181488	115.161951	-78.976600
	0.041403	-28.344785	115.161951	-78.976600
	0.041413	-27.984907	115.161951	-78.976600
	0.041422	-28.089009	115.161951	-78.976600
	0.041432	-27.913544	115.161951	-79.036200
	0.041441	-28.956850	115.161951	-79.036200
	0.041451	-28.084139	115.161951	-79.036200
	0.041460	-28.363722	115.161951	-79.036200
	0.041470	-27.522407	115.161951	-79.036200
	0.041479	-27.990216	115.161951	-78.976600
	0.041489	-27.207367	115.161951	-78.797800
	0.041498	-27.480209	115.161951	-78.797800
	0.041508	-28.053630	115.161951	-78.797800
	0.041517	-27.046948	115.161951	-78.797800
	0.041527	-27.529427	115.161951	-78.917000
	0.041536	-27.333351	115.161951	-79.036200
	0.041545	-29.079906	115.161951	-79.036200
	0.041555	-27.644367	115.161951	-79.036200
	0.041564	-28.372078	115.161951	-79.155400
	0.041574	-27.826350	115.161951	-79.274600
	0.041583	-28.281793	115.161951	-79.453500
	0.041593	-28.263261	115.161951	-79.572700
	0.041602	-28.064958	115.161951	-79.572700
	0.041612	-30.342979	115.161951	-79.572700
	0.041621	-28.896046	115.161951	-79.572700
	0.041631	-28.987226	115.161951	-79.632300
	0.041640	-29.386654	115.161951	-79.811100
	0.041650	-30.304287	115.161951	-79.751500
	0.041659	-29.604750	115.161951	-79.870700
	0.041669	-30.544262	115.161951	-79.870700
	0.041678	-29.522106	115.161951	-79.811100
	0.041687	-31.184691	115.161951	-79.453500
	0.041697	-32.045707	115.161951	-79.274600
	0.041706	-31.545310	115.161951	-79.274600
	0.041716	-30.831237	115.161951	-79.274600
	0.041725	-32.669119	115.161951	-79.274600
	0.041735	-29.352822	115.161951	-79.513100
	0.041744	-30.477489	115.161951	-79.513100
	0.041754	-30.717890	115.161951	-79.513100
	0.041763	-30.661355	115.161951	-79.513100
	0.041773	-30.373961	115.161951	-79.453500
	0.041782	-30.012389	115.161951	-79.513100
	0.041792	-30.237534	115.161951	-79.632300
	0.041801	-29.600014	115.161951	-79.632300
	0.041811	-29.536327	115.161951	-79.632300
	0.041820	-30.034556	115.161951	-79.751500
	0.041829	-30.135594	115.161951	-79.751500
	0.041839	-30.254132	115.161951	-79.751500
	0.041848	-31.563120	115.161951	-79.811100
	0.041858	-30.378789	115.161951	-79.811100
	0.041867	-29.337106	115.161951	-79.811100
	0.041877	-29.353573	115.161951	-79.811100
	0.041886	-30.202115	115.161951	-79.989900
	0.041896	-30.180316	115.161951	-80.049500
	0.041905	-30.146274	115.161951	-80.109100
	0.041915	-31.012180	115.161951	-80.049500
	0.041924	-30.772820	115.161951	-80.049500
	0.041934	-29.771408	115.161951	-80.049500
	0.041943	-30.443960	115.161951	-80.109100
	0.041953	-29.659048	115.161951	-80.228300
	0.041962	-30.555661	115.161951	-80.168700
	0.041972	-29.908912	115.161951	-80.109100
	0.041981	-29.209297	115.161951	-80.109100
	0.041990	-30.764999	115.161951	-80.109100
	0.042000	-30.389666	115.161951	-80.109100
	0.042009	-29.966395	115.161951	-80.168700
	0.042019	-30.113358	115.161951	-80.168700
	0.042028	-30.686952	115.161951	-80.168700
	0.042038	-31.050234	115.161951	-80.228300
	0.042047	-30.675657	115.161951	-80.287900
	0.042057	-30.515845	115.161951	-80.347500
	0.042066	-31.087850	115.161951	-80.347500
	0.042076	-31.868181	115.161951	-80.347500
	0.042085	-31.260355	115.161951	-80.407100
	0.042095	-31.368037	115.161951	-80.526300
	0.042104	-30.630677	115.161951	-80.585900
	0.042114	-31.614008	115.161951	-80.585900
	0.042123	-31.416996	115.161951	-80.645600
	0.042132	-30.544591	115.161951	-80.585900
	0.042142	-31.798125	115.161951	-80.705200
	0.042151	-31.661940	115.161951	-80.705200
	0.042161	-31.397430	115.161951	-80.705200
	0.042170	-30.962736	115.161951	-80.764800
	0.042180	-31.182526	115.161951	-80.764800
	0.042189	-31.858261	115.161951	-80.049500
	0.042199	-31.608901	115.161951	-79.393900
	0.042208	-32.863525	115.161951	-79.215000
	0.042218	-32.295880	115.161951	-79.215000
	0.042227	-31.423744	115.161951	-79.274600
	0.042237	-31.358962	115.161951	-79.274600
	0.042246	-31.047092	115.161951	-79.334200
	0.042256	-30.938691	115.161951	-79.334200
	0.042265	-31.049162	115.161951	-79.453500
	0.042275	-31.937181	115.161951	-79.453500
	0.042284	-31.615738	115.161951	-79.453500
	0.042293	-32.094235	115.161951	-79.453500
	0.042303	-30.532499	115.161951	-79.513100
	0.042312	-32.627462	115.161951	-79.513100
	0.042322	-33.001976	115.161951	-79.453500
	0.042331	-33.346510	115.161951	-79.274600
	0.042341	-32.597932	115.161951	-79.215000
	0.042350	-33.099420	115.161951	-79.215000
	0.042360	-32.198698	115.161951	-79.215000
	0.042369	-32.366455	115.161951	-79.274600
	0.042379	-32.311573	115.161951	-79.334200
	0.042388	-31.876989	115.161951	-79.393900
	0.042398	-32.752768	115.161951	-79.453500
	0.042407	-32.450118	115.161951	-79.453500
	0.042417	-32.094497	115.161951	-79.334200
	0.042426	-32.643253	115.161951	-79.453500
	0.042435	-32.258086	115.161951	-79.572700
	0.042445	-31.234755	115.161951	-79.632300
	0.042454	-32.397616	115.161951	-79.632300
	0.042464	-33.949363	115.161951	-79.572700
	0.042473	-33.617765	115.161951	-79.513100
	0.042483	-33.938187	115.161951	-79.572700
	0.042492	-32.956658	115.161951	-79.632300
	0.042502	-33.000194	115.161951	-79.691900
	0.042511	-33.574619	115.161951	-79.691900
	0.042521	-33.684611	115.161951	-79.751500
	0.042530	-34.037756	115.161951	-79.811100
	0.042540	-34.161260	115.161951	-79.870700
	0.042549	-33.617489	115.161951	-79.930300
	0.042559	-33.919182	115.161951	-79.930300
	0.042568	-32.656782	115.161951	-79.870700
	0.042578	-32.898446	115.161951	-79.930300
	0.042587	-33.900809	115.161951	-79.572700
	0.042596	-32.446980	115.161951	-79.095800
	0.042606	-32.876649	115.161951	-78.917000
	0.042615	-33.390447	115.161951	-78.917000
	0.042625	-33.040706	115.161951	-78.857400
	0.042634	-33.539836	115.161951	-78.738200
	0.042644	-33.953374	115.161951	-78.738200
	0.042653	-34.085928	115.161951	-78.797800
	0.042663	-33.983993	115.161951	-78.738200
	0.042672	-35.417717	115.161951	-77.784500
	0.042682	-35.387564	115.161951	-76.652000
	0.042691	-36.324916	115.161951	-76.056000
	0.042701	-36.276394	115.161951	-75.936800
	0.042710	-36.461666	115.161951	-75.877200
	0.042720	-36.542181	115.161951	-75.936800
	0.042729	-36.670777	115.161951	-75.698400
	0.042738	-38.983498	115.161951	-74.744700
	0.042748	-39.827140	115.161951	-74.327500
	0.042757	-38.675746	115.161951	-74.208200
	0.042767	-39.508590	115.161951	-74.089000
	0.042776	-38.299987	115.161951	-74.089000
	0.042786	-39.161206	115.161951	-74.148600
	0.042795	-39.220005	115.161951	-74.148600
	0.042805	-39.310472	115.161951	-74.148600
	0.042814	-39.208350	115.161951	-74.148600
	0.042824	-39.605206	115.161951	-74.148600
	0.042833	-40.704030	115.161951	-73.433400
	0.042843	-44.438484	115.161951	-72.062500
	0.042852	-43.337381	115.161951	-71.585600
	0.042862	-44.033639	115.161951	-71.406800
	0.042871	-44.639337	115.161951	-71.347200
	0.042881	-43.630510	115.161951	-71.347200
	0.042890	-44.114471	115.161951	-71.347200
	0.042899	-43.583542	115.161951	-71.406800
	0.042909	-43.440241	115.161951	-71.406800
	0.042918	-44.688550	115.161951	-71.347200
	0.042928	-44.438314	115.161951	-71.347200
	0.042937	-45.188081	115.161951	-71.168400
	0.042947	-47.010604	115.161951	-70.751200
	0.042956	-46.810942	115.161951	-70.333900
	0.042966	-46.227839	115.161951	-70.214700
	0.042975	-46.732170	115.161951	-70.155100
	0.042985	-47.728987	115.161951	-69.976300
	0.042994	-48.557777	115.161951	-69.976300
	0.043004	-47.291183	115.161951	-70.035900
	0.043013	-48.680794	115.161951	-70.155100
	0.043023	-48.316818	115.161951	-70.095500
	0.043032	-49.105417	115.161951	-70.035900
	0.043041	-48.932826	115.161951	-69.976300
	0.043051	-49.211401	115.161951	-69.976300
	0.043060	-49.634798	115.161951	-69.976300
	0.043070	-49.468000	115.161951	-69.976300
	0.043079	-50.032139	115.161951	-70.035900
	0.043089	-49.462287	115.161951	-69.976300
	0.043098	-49.071503	115.161951	-70.035900
	0.043108	-50.318800	115.161951	-70.095500
	0.043117	-49.817721	115.161951	-70.035900
	0.043127	-48.715532	115.161951	-70.095500
	0.043136	-48.074849	115.161951	-70.095500
	0.043146	-50.010743	115.161951	-70.095500
	0.043155	-49.052144	115.161951	-70.035900
	0.043165	-48.121262	115.161951	-70.095500
	0.043174	-49.066841	115.161951	-70.214700
	0.043184	-48.399289	115.161951	-70.035900
	0.043193	-52.676887	115.161951	-69.141900
	0.043202	-52.657947	115.161951	-68.665000
	0.043212	-52.786424	115.161951	-68.486200
	0.043221	-51.553543	115.161951	-68.486200
	0.043231	-52.011936	115.161951	-68.486200
	0.043240	-52.778077	115.161951	-68.545800
	0.043250	-52.167130	115.161951	-68.605400
	0.043259	-52.033272	115.161951	-68.665000
	0.043269	-53.007604	115.161951	-68.665000
	0.043278	-52.645005	115.161951	-68.784200
	0.043288	-51.398672	115.161951	-68.724600
	0.043297	-52.607123	115.161951	-68.784200
	0.043307	-52.279506	115.161951	-68.843800
	0.043316	-52.926633	115.161951	-68.843800
	0.043326	-53.433481	115.161951	-68.784200
	0.043335	-63.619817	115.161951	-67.174900
	0.043344	-64.452492	115.161951	-65.625200
	0.043354	-64.356697	115.161951	-65.267600
	0.043363	-65.311372	115.161951	-65.207900
	0.043373	-64.057087	115.161951	-65.207900
	0.043382	-65.244875	115.161951	-65.267600
	0.043392	-65.138084	115.161951	-65.267600
	0.043401	-65.435129	115.161951	-65.386800
	0.043411	-64.868342	115.161951	-65.446400
	0.043420	-65.670958	115.161951	-65.386800
	0.043430	-65.849460	115.161951	-65.446400
	0.043439	-64.954628	115.161951	-65.506000
	0.043449	-65.800643	115.161951	-65.506000
	0.043458	-65.936314	115.161951	-65.446400
	0.043468	-65.087113	115.161951	-65.506000
	0.043477	-65.513419	115.161951	-65.565600
	0.043487	-65.918114	115.161951	-65.506000
	0.043496	-66.183388	115.161951	-65.446400
	0.043505	-65.802686	115.161951	-65.506000
	0.043515	-66.377396	115.161951	-65.565600
	0.043524	-66.150519	115.161951	-65.684800
	0.043534	-66.630918	115.161951	-65.684800
	0.043543	-65.996033	115.161951	-65.744400
	0.043553	-66.774751	115.161951	-65.565600
	0.043562	-67.043410	115.161951	-65.386800
	0.043572	-67.425031	115.161951	-65.267600
	0.043581	-65.268298	115.161951	-65.267600
	0.043591	-66.222366	115.161951	-65.207900
	0.043600	-65.215249	115.161951	-65.267600
	0.043610	-65.777219	115.161951	-65.327200
	0.043619	-66.753578	115.161951	-65.267600
	0.043629	-67.059640	115.161951	-65.267600
	0.043638	-66.849055	115.161951	-64.671500
	0.043647	-69.357146	115.161951	-63.479400
	0.043657	-69.835841	115.161951	-63.002600
	0.043666	-69.734632	115.161951	-62.883400
	0.043676	-70.360939	115.161951	-62.943000
	0.043685	-70.317960	115.161951	-63.002600
	0.043695	-70.806954	115.161951	-62.883400
	0.043704	-70.922217	115.161951	-62.764200
	0.043714	-69.551138	115.161951	-62.704600
	0.043723	-70.864753	115.161951	-62.764200
	0.043733	-70.770105	115.161951	-62.764200
	0.043742	-68.953862	115.161951	-62.704600
	0.043752	-70.632115	115.161951	-62.585300
	0.043761	-70.352826	115.161951	-62.466100
	0.043771	-70.474244	115.161951	-62.466100
	0.043780	-71.235940	115.161951	-62.585300
	0.043790	-70.416230	115.161951	-62.585300
	0.043799	-70.141160	115.161951	-62.585300
	0.043808	-70.394572	115.161951	-62.466100
	0.043818	-69.296721	115.161951	-62.466100
	0.043827	-69.721838	115.161951	-62.466100
	0.043837	-70.971183	115.161951	-62.525700
	0.043846	-70.386627	115.161951	-62.466100
	0.043856	-70.538864	115.161951	-62.525700
	0.043865	-70.124656	115.161951	-62.585300
	0.043875	-70.445176	115.161951	-62.585300
	0.043884	-70.939749	115.161951	-62.525700
	0.043894	-71.676830	115.161951	-62.525700
	0.043903	-71.107157	115.161951	-62.525700
	0.043913	-70.220399	115.161951	-62.585300
	0.043922	-72.379726	115.161951	-62.644900
	0.043932	-71.171641	115.161951	-62.644900
	0.043941	-71.498223	115.161951	-62.704600
	0.043950	-72.015619	115.161951	-62.704600
	0.043960	-71.747760	115.161951	-62.644900
	0.043969	-71.609937	115.161951	-62.644900
	0.043979	-72.087977	115.161951	-62.644900
	0.043988	-71.573062	115.161951	-62.704600
	0.043998	-78.774102	115.161951	-61.810500
	0.044007	-80.731391	115.161951	-60.439300
	0.044017	-80.495716	115.161951	-60.022100
	0.044026	-81.285728	115.161951	-60.081700
	0.044036	-81.223361	115.161951	-60.081700
	0.044045	-79.902421	115.161951	-60.081700
	0.044055	-80.465883	115.161951	-60.022100
	0.044064	-81.303837	115.161951	-59.902900
	0.044074	-80.605014	115.161951	-59.843300
	0.044083	-80.050670	115.161951	-59.783700
	0.044093	-81.937317	115.161951	-59.724100
	0.044102	-81.881380	115.161951	-59.664500
	0.044111	-81.816217	115.161951	-59.664500
	0.044121	-82.653144	115.161951	-59.604900
	0.044130	-83.241923	115.161951	-59.485700
	0.044140	-83.040292	115.161951	-59.485700
	0.044149	-81.939196	115.161951	-59.426100
	0.044159	-81.899414	115.161951	-59.426100
	0.044168	-82.699773	115.161951	-59.306900
	0.044178	-82.662071	115.161951	-58.472400
	0.044187	-83.065539	115.161951	-57.637900
	0.044197	-83.353351	115.161951	-57.339900
	0.044206	-82.874165	115.161951	-57.041900
	0.044216	-84.344735	115.161951	-56.982300
	0.044225	-83.766644	115.161951	-56.982300
	0.044235	-83.394919	115.161951	-56.863100
	0.044244	-84.461093	115.161951	-56.803500
	0.044253	-84.631781	115.161951	-56.743900
	0.044263	-84.364473	115.161951	-56.743900
	0.044272	-84.239581	115.161951	-56.803500
	0.044282	-84.673761	115.161951	-56.743900
	0.044291	-84.709167	115.161951	-56.803500
	0.044301	-84.174504	115.161951	-56.803500
	0.044310	-83.531864	115.161951	-56.803500
	0.044320	-84.315311	115.161951	-56.803500
	0.044329	-84.604246	115.161951	-56.803500
	0.044339	-85.491637	115.161951	-56.803500
	0.044348	-85.571914	115.161951	-56.863100
	0.044358	-85.186277	115.161951	-56.863100
	0.044367	-84.436608	115.161951	-56.863100
	0.044377	-83.808386	115.161951	-56.863100
	0.044386	-84.986249	115.161951	-56.803500
	0.044396	-84.670920	115.161951	-56.803500
	0.044405	-84.295137	115.161951	-56.803500
	0.044414	-84.560737	115.161951	-56.803500
	0.044424	-84.723535	115.161951	-56.803500
	0.044433	-84.886217	115.161951	-56.445800
	0.044443	-87.533711	115.161951	-54.836500
	0.044452	-90.281594	115.161951	-53.704000
	0.044462	-90.263575	115.161951	-53.525200
	0.044471	-90.355963	115.161951	-53.525200
	0.044481	-90.797302	115.161951	-53.406000
	0.044490	-95.190137	115.161951	-51.915900
	0.044500	-97.568102	115.161951	-50.366200
	0.044509	-98.542464	115.161951	-49.710500
	0.044519	-98.276734	115.161951	-49.412500
	0.044528	-98.739300	115.161951	-49.412500
	0.044538	-98.444859	115.161951	-49.412500
	0.044547	-98.600882	115.161951	-49.412500
	0.044556	-98.836146	115.161951	-49.472100
	0.044566	-98.826029	115.161951	-49.412500
	0.044575	-98.492024	115.161951	-49.472100
	0.044585	-97.624765	115.161951	-49.472100
	0.044594	-98.930464	115.161951	-49.591300
	0.044604	-98.618476	115.161951	-49.710500
	0.044613	-98.214577	115.161951	-49.948900
	0.044623	-99.112652	115.161951	-50.008500
	0.044632	-100.075771	115.161951	-50.008500
	0.044642	-98.928284	115.161951	-50.068100
	0.044651	-99.424607	115.161951	-50.127700
	0.044661	-99.168512	115.161951	-50.068100
	0.044670	-99.569515	115.161951	-50.008500
	0.044680	-99.484791	115.161951	-50.008500
	0.044689	-98.346457	115.161951	-50.008500
	0.044699	-98.307894	115.161951	-49.948900
	0.044708	-98.428977	115.161951	-50.008500
	0.044717	-98.809986	115.161951	-50.008500
	0.044727	-99.371301	115.161951	-50.068100
	0.044736	-99.387489	115.161951	-50.008500
	0.044746	-98.370749	115.161951	-50.008500
	0.044755	-99.179067	115.161951	-50.068100
	0.044765	-99.433673	115.161951	-50.127700
	0.044774	-99.198979	115.161951	-50.127700
	0.044784	-99.269549	115.161951	-50.008500
	0.044793	-99.681914	115.161951	-49.948900
	0.044803	-99.063870	115.161951	-49.889300
	0.044812	-99.036001	115.161951	-49.948900
	0.044822	-100.531056	115.161951	-49.948900
	0.044831	-99.774865	115.161951	-49.770100
	0.044841	-102.279267	115.161951	-49.352900
	0.044850	-102.693069	115.161951	-49.174100
	0.044859	-102.473843	115.161951	-49.114500
	0.044869	-102.184258	115.161951	-49.114500
	0.044878	-102.736113	115.161951	-49.114500
	0.044888	-102.892959	115.161951	-49.114500
	0.044897	-102.890455	115.161951	-49.114500
	0.044907	-103.134954	115.161951	-49.114500
	0.044916	-102.609945	115.161951	-49.114500
	0.044926	-102.637096	115.161951	-48.816400
	0.044935	-116.992119	115.161951	-46.015000
	0.044945	-116.143658	115.161951	-44.107700
	0.044954	-115.765433	115.161951	-43.630800
	0.044964	-115.693366	115.161951	-43.571200
	0.044973	-116.722796	115.161951	-43.511600
	0.044983	-116.777641	115.161951	-43.511600
	0.044992	-116.194874	115.161951	-43.511600
	0.045002	-116.496636	115.161951	-43.511600
	0.045011	-116.676134	115.161951	-43.511600
	0.045020	-116.846174	115.161951	-43.511600
	0.045030	-115.735273	115.161951	-43.452000
	0.045039	-116.499536	115.161951	-43.154000
	0.045049	-117.080883	115.161951	-42.975200
	0.045058	-115.865434	115.161951	-42.975200
	0.045068	-117.668680	115.161951	-42.975200
	0.045077	-116.620076	115.161951	-42.975200
	0.045087	-118.253135	115.161951	-42.856000
	0.045096	-119.632157	115.161951	-42.319500
	0.045106	-118.212886	115.161951	-42.081100
	0.045115	-118.662497	115.161951	-42.021500
	0.045125	-118.788119	115.161951	-41.961900
	0.045134	-124.398813	115.161951	-40.889000
	0.045144	-124.959955	115.161951	-40.054600
	0.045153	-125.150665	115.161951	-39.816100
	0.045162	-124.851225	115.161951	-39.816100
	0.045172	-125.212996	115.161951	-39.696900
	0.045181	-125.593600	115.161951	-39.696900
	0.045191	-124.406233	115.161951	-39.756500
	0.045200	-125.194853	115.161951	-39.756500
	0.045210	-125.189944	115.161951	-39.756500
	0.045219	-124.654144	115.161951	-39.756500
	0.045229	-125.750914	115.161951	-39.756500
	0.045238	-126.363123	115.161951	-39.637300
	0.045248	-126.208886	115.161951	-39.577700
	0.045257	-126.465207	115.161951	-39.577700
	0.045267	-126.828236	115.161951	-39.577700
	0.045276	-126.030524	115.161951	-39.518100
	0.045286	-126.923031	115.161951	-39.518100
	0.045295	-125.946052	115.161951	-39.458500
	0.045305	-125.679260	115.161951	-39.458500
	0.045314	-126.464286	115.161951	-39.458500
	0.045323	-126.243204	115.161951	-39.518100
	0.045333	-126.270778	115.161951	-39.518100
	0.045342	-126.732549	115.161951	-39.398900
	0.045352	-126.143331	115.161951	-39.220100
	0.045361	-131.691069	115.161951	-38.683600
	0.045371	-131.532994	115.161951	-38.326000
	0.045380	-132.823012	115.161951	-38.266400
	0.045390	-131.531560	115.161951	-38.206800
	0.045399	-131.432466	115.161951	-38.087600
	0.045409	-132.465268	115.161951	-37.849200
	0.045418	-132.401825	115.161951	-37.670400
	0.045428	-132.324418	115.161951	-37.670400
	0.045437	-133.220056	115.161951	-37.610800
	0.045447	-132.597155	115.161951	-37.610800
	0.045456	-130.650199	115.161951	-37.551200
	0.045465	-131.531504	115.161951	-37.551200
	0.045475	-131.921441	115.161951	-37.491600
	0.045484	-133.091384	115.161951	-37.431900
	0.045494	-131.667561	115.161951	-37.431900
	0.045503	-132.847750	115.161951	-37.372300
	0.045513	-132.443258	115.161951	-37.372300
	0.045522	-131.777055	115.161951	-37.372300
	0.045532	-132.437007	115.161951	-37.312700
	0.045541	-131.825485	115.161951	-37.253100
	0.045551	-133.032853	115.161951	-37.253100
	0.045560	-132.235084	115.161951	-37.253100
	0.045570	-132.937544	115.161951	-37.193500
	0.045579	-131.739398	115.161951	-37.074300
	0.045589	-132.112524	115.161951	-37.014700
	0.045598	-132.581183	115.161951	-36.955100
	0.045608	-131.247424	115.161951	-36.955100
	0.045617	-132.154647	115.161951	-36.835900
	0.045626	-132.235514	115.161951	-36.776300
	0.045636	-131.834125	115.161951	-36.716700
	0.045645	-131.177565	115.161951	-36.418700
	0.045655	-134.588404	115.161951	-35.524600
	0.045664	-135.595364	115.161951	-35.167000
	0.045674	-135.854733	115.161951	-35.107400
	0.045683	-135.417839	115.161951	-35.047800
	0.045693	-136.639638	115.161951	-34.988200
	0.045702	-137.776753	115.161951	-34.988200
	0.045712	-135.911093	115.161951	-34.988200
	0.045721	-136.562602	115.161951	-34.869000
	0.045731	-136.920625	115.161951	-34.749700
	0.045740	-137.897068	115.161951	-34.332500
	0.045750	-137.586535	115.161951	-34.034500
	0.045759	-138.518751	115.161951	-33.915300
	0.045768	-138.270723	115.161951	-33.915300
	0.045778	-137.263807	115.161951	-33.855700
	0.045787	-138.336033	115.161951	-33.855700
	0.045797	-137.543639	115.161951	-33.855700
	0.045806	-137.807671	115.161951	-33.855700
	0.045816	-137.821118	115.161951	-33.855700
	0.045825	-137.385499	115.161951	-33.796100
	0.045835	-137.560341	115.161951	-33.796100
	0.045844	-137.340858	115.161951	-33.855700
	0.045854	-138.055812	115.161951	-33.736500
	0.045863	-138.573683	115.161951	-33.557600
	0.045873	-138.691558	115.161951	-33.438400
	0.045882	-139.443671	115.161951	-33.498000
	0.045892	-139.090018	115.161951	-33.498000
	0.045901	-139.382548	115.161951	-33.498000
	0.045910	-138.206475	115.161951	-33.438400
	0.045920	-138.640786	115.161951	-33.438400
	0.045929	-138.468653	115.161951	-33.438400
	0.045939	-139.168058	115.161951	-33.498000
	0.045948	-138.095870	115.161951	-33.498000
	0.045958	-139.033975	115.161951	-33.498000
	0.045967	-138.310620	115.161951	-33.557600
	0.045977	-139.061990	115.161951	-33.617300
	0.045986	-139.435173	115.161951	-33.676900
	0.045996	-138.480076	115.161951	-33.676900
	0.046005	-138.382085	115.161951	-33.736500
	0.046015	-139.482474	115.161951	-33.796100
	0.046024	-140.008123	115.161951	-33.855700
	0.046034	-139.400535	115.161951	-33.915300
	0.046043	-138.365713	115.161951	-33.915300
	0.046053	-140.297192	115.161951	-33.915300
	0.046062	-140.907526	115.161951	-33.915300
	0.046071	-141.125026	115.161951	-33.676900
	0.046081	-140.264045	115.161951	-33.617300
	0.046090	-140.538605	115.161951	-33.617300
	0.046100	-140.107061	115.161951	-33.617300
	0.046109	-140.045383	115.161951	-33.676900
	0.046119	-142.338773	115.161951	-33.736500
	0.046128	-140.755867	115.161951	-33.676900
	0.046138	-142.028823	115.161951	-33.736500
	0.046147	-140.571968	115.161951	-33.736500
	0.046157	-141.168177	115.161951	-33.736500
	0.046166	-141.143085	115.161951	-33.796100
	0.046176	-140.914642	115.161951	-33.796100
	0.046185	-142.008208	115.161951	-33.796100
	0.046195	-141.692639	115.161951	-33.736500
	0.046204	-142.758585	115.161951	-33.617300
	0.046213	-142.275103	115.161951	-33.617300
	0.046223	-143.055543	115.161951	-33.438400
	0.046232	-143.102927	115.161951	-33.438400
	0.046242	-143.102841	115.161951	-33.498000
	0.046251	-142.800021	115.161951	-33.557600
	0.046261	-143.850944	115.161951	-33.557600
	0.046270	-142.678627	115.161951	-33.498000
	0.046280	-142.904764	115.161951	-33.438400
	0.046289	-143.026999	115.161951	-33.438400
	0.046299	-143.365626	115.161951	-33.498000
	0.046308	-142.987502	115.161951	-33.557600
	0.046318	-142.926460	115.161951	-33.557600
	0.046327	-143.609318	115.161951	-33.498000
	0.046337	-143.283796	115.161951	-33.438400
	0.046346	-143.187795	115.161951	-33.438400
	0.046356	-142.575544	115.161951	-33.378800
	0.046365	-142.630035	115.161951	-33.319200
	0.046374	-142.976877	115.161951	-33.259600
	0.046384	-142.235552	115.161951	-33.259600
	0.046393	-142.431572	115.161951	-33.259600
	0.046403	-142.639546	115.161951	-33.259600
	0.046412	-143.360659	115.161951	-33.200000
	0.046422	-142.440543	115.161951	-33.200000
	0.046431	-142.724409	115.161951	-33.140400
	0.046441	-143.321387	115.161951	-33.080800
	0.046450	-143.734968	115.161951	-33.021200
	0.046460	-143.486528	115.161951	-33.021200
	0.046469	-143.393496	115.161951	-32.961600
	0.046479	-144.029918	115.161951	-32.902000
	0.046488	-143.016903	115.161951	-32.782800
	0.046498	-144.320762	115.161951	-32.782800
	0.046507	-144.079889	115.161951	-32.723200
	0.046516	-143.682474	115.161951	-32.604000
	0.046526	-143.614859	115.161951	-32.484800
	0.046535	-143.547042	115.161951	-32.484800
	0.046545	-143.827985	115.161951	-32.484800
	0.046554	-143.764010	115.161951	-32.365600
	0.046564	-143.548828	115.161951	-32.365600
	0.046573	-144.273959	115.161951	-32.365600
	0.046583	-144.063722	115.161951	-32.306000
	0.046592	-144.208697	115.161951	-32.186700
	0.046602	-144.842625	115.161951	-32.186700
	0.046611	-144.062892	115.161951	-32.186700
	0.046621	-143.546347	115.161951	-32.127100
	0.046630	-143.918960	115.161951	-32.067500
	0.046640	-143.347874	115.161951	-31.888700
	0.046649	-143.608015	115.161951	-31.888700
	0.046659	-144.317807	115.161951	-31.769500
	0.046668	-144.013280	115.161951	-31.709900
	0.046677	-143.643332	115.161951	-31.650300
	0.046687	-144.619996	115.161951	-31.531100
	0.046696	-144.575512	115.161951	-31.471500
	0.046706	-144.472861	115.161951	-31.411900
	0.046715	-144.538618	115.161951	-31.352300
	0.046725	-144.553801	115.161951	-31.352300
	0.046734	-145.085091	115.161951	-31.709900
	0.046744	-145.796217	115.161951	-32.246300
	0.046753	-145.642906	115.161951	-32.306000
	0.046763	-145.777682	115.161951	-32.186700
	0.046772	-146.382208	115.161951	-32.127100
	0.046782	-146.534462	115.161951	-32.127100
	0.046791	-145.600880	115.161951	-32.067500
	0.046801	-146.817583	115.161951	-32.067500
	0.046810	-145.492121	115.161951	-32.186700
	0.046819	-146.097345	115.161951	-32.186700
	0.046829	-145.040622	115.161951	-32.186700
	0.046838	-146.084617	115.161951	-32.067500
	0.046848	-145.123862	115.161951	-31.948300
	0.046857	-145.408245	115.161951	-31.888700
	0.046867	-145.377741	115.161951	-31.888700
	0.046876	-145.772134	115.161951	-31.769500
	0.046886	-147.262613	115.161951	-31.709900
	0.046895	-148.940782	115.161951	-31.292700
	0.046905	-149.659870	115.161951	-31.054300
	0.046914	-149.645940	115.161951	-30.994600
	0.046924	-149.916551	115.161951	-31.054300
	0.046933	-149.907263	115.161951	-31.054300
	0.046943	-149.134887	115.161951	-31.113900
	0.046952	-150.124158	115.161951	-31.113900
	0.046962	-150.441734	115.161951	-31.054300
	0.046971	-149.092452	115.161951	-31.113900
	0.046980	-148.695888	115.161951	-31.233100
	0.046990	-148.918199	115.161951	-31.233100
	0.046999	-149.097465	115.161951	-31.113900
	0.047009	-155.370334	115.161951	-30.160100
	0.047018	-156.133915	115.161951	-29.444800
	0.047028	-155.611439	115.161951	-29.385200
	0.047037	-156.230175	115.161951	-29.444800
	0.047047	-155.676945	115.161951	-29.504400
	0.047056	-155.943986	115.161951	-29.444800
	0.047066	-156.994784	115.161951	-29.444800
	0.047075	-157.207524	115.161951	-29.504400
	0.047085	-156.421204	115.161951	-29.623600
	0.047094	-157.066358	115.161951	-29.623600
	0.047104	-157.415400	115.161951	-29.683200
	0.047113	-156.930482	115.161951	-29.742800
	0.047122	-156.796343	115.161951	-29.802400
	0.047132	-155.482737	115.161951	-29.921600
	0.047141	-156.945227	115.161951	-29.981300
	0.047151	-157.217778	115.161951	-30.040900
	0.047160	-156.970526	115.161951	-30.040900
	0.047170	-158.253464	115.161951	-30.040900
	0.047179	-157.482273	115.161951	-30.160100
	0.047189	-157.774553	115.161951	-30.160100
	0.047198	-157.500021	115.161951	-30.160100
	0.047208	-158.322789	115.161951	-30.219700
	0.047217	-158.067064	115.161951	-30.219700
	0.047227	-158.292916	115.161951	-30.219700
	0.047236	-157.454281	115.161951	-30.219700
	0.047246	-157.687542	115.161951	-30.279300
	0.047255	-158.000316	115.161951	-30.279300
	0.047265	-157.901780	115.161951	-30.219700
	0.047274	-158.228655	115.161951	-30.279300
	0.047283	-157.378284	115.161951	-30.279300
	0.047293	-157.046779	115.161951	-30.338900
	0.047302	-156.372392	115.161951	-30.279300
	0.047312	-157.641238	115.161951	-30.279300
	0.047321	-157.881978	115.161951	-30.338900
	0.047331	-157.516091	115.161951	-30.279300
	0.047340	-158.360592	115.161951	-30.338900
	0.047350	-157.907181	115.161951	-30.338900
	0.047359	-158.833435	115.161951	-30.160100
	0.047369	-158.908063	115.161951	-30.100500
	0.047378	-159.171597	115.161951	-30.040900
	0.047388	-159.505853	115.161951	-30.040900
	0.047397	-159.492758	115.161951	-30.040900
	0.047407	-159.429548	115.161951	-30.040900
	0.047416	-159.071160	115.161951	-30.100500
	0.047425	-159.119756	115.161951	-30.040900
	0.047435	-159.271267	115.161951	-30.040900
	0.047444	-159.855929	115.161951	-30.040900
	0.047454	-158.386118	115.161951	-30.100500
	0.047463	-158.783174	115.161951	-30.100500
	0.047473	-158.680278	115.161951	-30.100500
	0.047482	-158.925587	115.161951	-30.219700
	0.047492	-159.308685	115.161951	-30.219700
	0.047501	-158.425944	115.161951	-30.219700
	0.047511	-158.403987	115.161951	-30.160100
	0.047520	-158.520188	115.161951	-30.219700
	0.047530	-158.896869	115.161951	-29.802400
	0.047539	-161.143177	115.161951	-28.491100
	0.047549	-161.636892	115.161951	-27.954700
	0.047558	-160.871005	115.161951	-27.716300
	0.047568	-161.733879	115.161951	-27.716300
	0.047577	-161.542617	115.161951	-27.656700
	0.047586	-162.041108	115.161951	-27.299000
	0.047596	-166.521155	115.161951	-26.405000
	0.047605	-166.832668	115.161951	-25.868500
	0.047615	-167.217985	115.161951	-25.808900
	0.047624	-166.311418	115.161951	-25.808900
	0.047634	-167.244780	115.161951	-25.808900
	0.047643	-167.655076	115.161951	-25.808900
	0.047653	-167.695069	115.161951	-25.689700
	0.047662	-167.182806	115.161951	-25.630100
	0.047672	-168.392227	115.161951	-25.630100
	0.047681	-168.616918	115.161951	-25.630100
	0.047691	-167.021218	115.161951	-25.630100
	0.047700	-167.984634	115.161951	-25.630100
	0.047710	-168.485830	115.161951	-25.570500
	0.047719	-167.645194	115.161951	-25.510900
	0.047728	-167.287963	115.161951	-25.451300
	0.047738	-169.023379	115.161951	-25.034100
	0.047747	-168.499378	115.161951	-24.855300
	0.047757	-169.924457	115.161951	-24.855300
	0.047766	-169.386817	115.161951	-24.855300
	0.047776	-169.521980	115.161951	-24.795600
	0.047785	-169.642274	115.161951	-24.736000
	0.047795	-169.455168	115.161951	-24.736000
	0.047804	-168.674361	115.161951	-24.676400
	0.047814	-169.994121	115.161951	-24.616800
	0.047823	-169.039987	115.161951	-24.616800
	0.047833	-170.191383	115.161951	-24.557200
	0.047842	-171.000867	115.161951	-24.318800
	0.047852	-170.540761	115.161951	-24.259200
	0.047861	-171.170523	115.161951	-24.199600
	0.047871	-171.984256	115.161951	-24.199600
	0.047880	-170.466169	115.161951	-24.140000
	0.047889	-171.204252	115.161951	-24.080400
	0.047899	-170.960153	115.161951	-24.080400
	0.047908	-171.561579	115.161951	-23.961200
	0.047918	-171.128823	115.161951	-23.901600
	0.047927	-170.772001	115.161951	-23.901600
	0.047937	-170.768484	115.161951	-23.842000
	0.047946	-170.587050	115.161951	-23.782400
	0.047956	-170.651169	115.161951	-23.722800
	0.047965	-170.162587	115.161951	-23.722800
	0.047975	-169.495018	115.161951	-23.782400
	0.047984	-169.787052	115.161951	-23.722800
	0.047994	-170.382403	115.161951	-23.663200
	0.048003	-170.355749	115.161951	-23.544000
	0.048013	-169.482648	115.161951	-23.544000
	0.048022	-170.282971	115.161951	-23.544000
	0.048031	-169.861674	115.161951	-23.544000
	0.048041	-170.280247	115.161951	-23.603600
	0.048050	-169.223559	115.161951	-23.603600
	0.048060	-169.814389	115.161951	-23.544000
	0.048069	-169.949023	115.161951	-23.544000
	0.048079	-170.870288	115.161951	-23.484300
	0.048088	-170.905998	115.161951	-23.424700
	0.048098	-171.476281	115.161951	-23.424700
	0.048107	-171.660495	115.161951	-23.305500
	0.048117	-170.743451	115.161951	-23.305500
	0.048126	-170.082676	115.161951	-23.365100
	0.048136	-171.478959	115.161951	-23.365100
	0.048145	-171.076774	115.161951	-23.424700
	0.048155	-171.610821	115.161951	-23.365100
	0.048164	-170.458603	115.161951	-23.365100
	0.048174	-170.402059	115.161951	-23.305500
	0.048183	-170.841668	115.161951	-23.365100
	0.048192	-169.934164	115.161951	-23.305500
	0.048202	-170.941911	115.161951	-23.245900
	0.048211	-169.643221	115.161951	-23.245900
	0.048221	-170.353054	115.161951	-23.305500
	0.048230	-170.452571	115.161951	-23.305500
	0.048240	-170.917823	115.161951	-23.245900
	0.048249	-171.602698	115.161951	-23.245900
	0.048259	-171.043471	115.161951	-23.305500
	0.048268	-170.338578	115.161951	-23.245900
	0.048278	-169.498444	115.161951	-23.245900
	0.048287	-170.833870	115.161951	-23.305500
	0.048297	-171.241725	115.161951	-23.245900
	0.048306	-171.487027	115.161951	-23.245900
	0.048316	-171.060727	115.161951	-23.186300
	0.048325	-171.408168	115.161951	-23.245900
	0.048334	-171.120508	115.161951	-23.186300
	0.048344	-170.131897	115.161951	-23.245900
	0.048353	-170.555445	115.161951	-23.245900
	0.048363	-170.686913	115.161951	-23.245900
	0.048372	-169.533936	115.161951	-23.305500
	0.048382	-170.240077	115.161951	-23.305500
	0.048391	-170.697916	115.161951	-23.305500
	0.048401	-170.062044	115.161951	-23.305500
	0.048410	-171.569364	115.161951	-23.305500
	0.048420	-171.911452	115.161951	-23.365100
	0.048429	-170.545375	115.161951	-23.484300
	0.048439	-171.446872	115.161951	-23.424700
	0.048448	-170.059566	115.161951	-23.424700
	0.048458	-170.754046	115.161951	-23.424700
	0.048467	-171.090450	115.161951	-23.484300
	0.048477	-169.807851	115.161951	-23.544000
	0.048486	-169.571439	115.161951	-23.544000
	0.048495	-169.649094	115.161951	-23.544000
	0.048505	-169.060730	115.161951	-23.544000
	0.048514	-169.870016	115.161951	-23.544000
	0.048524	-170.231049	115.161951	-23.544000
	0.048533	-170.575499	115.161951	-23.603600
	0.048543	-170.586255	115.161951	-23.603600
	0.048552	-170.006296	115.161951	-23.663200
	0.048562	-170.944305	115.161951	-23.663200
	0.048571	-170.954246	115.161951	-23.663200
	0.048581	-170.949789	115.161951	-23.722800
	0.048590	-169.881409	115.161951	-23.782400
	0.048600	-171.344959	115.161951	-23.842000
	0.048609	-170.271836	115.161951	-23.842000
	0.048619	-169.869158	115.161951	-23.842000
	0.048628	-169.694256	115.161951	-23.901600
	0.048637	-169.364825	115.161951	-23.901600
	0.048647	-169.534888	115.161951	-23.901600
	0.048656	-169.385634	115.161951	-23.901600
	0.048666	-170.348617	115.161951	-23.961200
	0.048675	-170.692467	115.161951	-24.020800
	0.048685	-170.793531	115.161951	-24.080400
	0.048694	-170.330179	115.161951	-24.080400
	0.048704	-171.339963	115.161951	-24.020800
	0.048713	-170.650743	115.161951	-24.020800
	0.048723	-170.826410	115.161951	-24.020800
	0.048732	-171.883520	115.161951	-24.020800
	0.048742	-170.654978	115.161951	-24.080400
	0.048751	-170.624883	115.161951	-24.020800
	0.048761	-170.533999	115.161951	-23.961200
	0.048770	-170.219611	115.161951	-23.901600
	0.048780	-171.065782	115.161951	-24.020800
	0.048789	-171.295358	115.161951	-24.020800
	0.048798	-169.987341	115.161951	-24.020800
	0.048808	-171.261587	115.161951	-23.961200
	0.048817	-170.545867	115.161951	-23.901600
	0.048827	-170.196697	115.161951	-23.901600
	0.048836	-171.611854	115.161951	-23.901600
	0.048846	-169.998982	115.161951	-23.961200
	0.048855	-171.593824	115.161951	-24.020800
	0.048865	-170.369097	115.161951	-24.020800
	0.048874	-172.436018	115.161951	-23.961200
	0.048884	-170.585862	115.161951	-23.901600
	0.048893	-171.359464	115.161951	-23.901600
	0.048903	-171.440883	115.161951	-23.901600
	0.048912	-172.041787	115.161951	-23.961200
	0.048922	-172.532419	115.161951	-23.961200
	0.048931	-171.433452	115.161951	-23.901600
	0.048940	-170.716289	115.161951	-23.901600
	0.048950	-170.973663	115.161951	-23.842000
	0.048959	-171.400058	115.161951	-23.842000
	0.048969	-171.853314	115.161951	-23.842000
	0.048978	-172.359984	115.161951	-23.842000
	0.048988	-172.002937	115.161951	-23.842000
	0.048997	-171.177581	115.161951	-23.842000
	0.049007	-171.865320	115.161951	-23.842000
	0.049016	-171.560782	115.161951	-23.901600
	0.049026	-172.687119	115.161951	-23.901600
	0.049035	-170.362183	115.161951	-23.901600
	0.049045	-171.531543	115.161951	-23.901600
	0.049054	-171.133944	115.161951	-23.901600
	0.049064	-171.649059	115.161951	-23.842000
	0.049073	-172.671119	115.161951	-23.782400
	0.049083	-172.589630	115.161951	-23.782400
	0.049092	-171.465679	115.161951	-23.722800
	0.049101	-172.254906	115.161951	-23.722800
	0.049111	-171.915216	115.161951	-23.663200
	0.049120	-170.468413	115.161951	-23.544000
	0.049130	-170.540102	115.161951	-23.484300
	0.049139	-172.343290	115.161951	-23.424700
	0.049149	-171.637117	115.161951	-23.365100
	0.049158	-170.301064	115.161951	-23.305500
	0.049168	-171.043714	115.161951	-23.305500
	0.049177	-172.191408	115.161951	-23.245900
	0.049187	-171.993045	115.161951	-23.186300
	0.049196	-172.210898	115.161951	-23.186300
	0.049206	-171.459448	115.161951	-23.186300
	0.049215	-171.783359	115.161951	-23.067100
	0.049225	-171.620134	115.161951	-22.947900
	0.049234	-170.480724	115.161951	-22.888300
	0.049243	-171.766498	115.161951	-22.888300
	0.049253	-172.124109	115.161951	-22.888300
	0.049262	-171.989771	115.161951	-22.947900
	0.049272	-172.321051	115.161951	-22.888300
	0.049281	-172.172189	115.161951	-22.828700
	0.049291	-172.942300	115.161951	-22.828700
	0.049300	-171.494658	115.161951	-22.828700
	0.049310	-170.648588	115.161951	-22.828700
	0.049319	-171.035838	115.161951	-22.769100
	0.049329	-170.768927	115.161951	-22.709500
	0.049338	-172.130934	115.161951	-22.769100
	0.049348	-171.678621	115.161951	-22.769100
	0.049357	-170.880989	115.161951	-22.769100
	0.049367	-170.238545	115.161951	-22.769100
	0.049376	-170.781270	115.161951	-22.769100
	0.049386	-173.116738	115.161951	-22.351900
	0.049395	-172.246266	115.161951	-22.113400
	0.049404	-172.990967	115.161951	-21.934600
	0.049414	-173.270484	115.161951	-21.934600
	0.049423	-173.256150	115.161951	-21.994200
	0.049433	-172.724418	115.161951	-22.053800
	0.049442	-174.079923	115.161951	-22.113400
	0.049452	-174.007823	115.161951	-22.113400
	0.049461	-173.653502	115.161951	-22.113400
	0.049471	-173.619091	115.161951	-22.113400
	0.049480	-173.737692	115.161951	-22.053800
	0.049490	-173.410237	115.161951	-22.053800
	0.049499	-173.750963	115.161951	-22.053800
	0.049509	-172.808760	115.161951	-22.053800
	0.049518	-173.971087	115.161951	-22.053800
	0.049528	-172.521245	115.161951	-21.994200
	0.049537	-173.635029	115.161951	-21.994200
	0.049546	-174.077564	115.161951	-21.934600
	0.049556	-172.400944	115.161951	-21.934600
	0.049565	-172.901749	115.161951	-21.934600
	0.049575	-171.793982	115.161951	-21.934600
	0.049584	-173.766255	115.161951	-21.994200
	0.049594	-171.452935	115.161951	-21.934600
	0.049603	-172.525016	115.161951	-21.875000
	0.049613	-172.688759	115.161951	-21.875000
	0.049622	-172.483403	115.161951	-21.815400
	0.049632	-172.978793	115.161951	-21.815400
	0.049641	-173.889971	115.161951	-21.755800
	0.049651	-173.602156	115.161951	-21.696200
	0.049660	-173.312441	115.161951	-21.636600
	0.049670	-173.006430	115.161951	-21.577000
	0.049679	-177.699759	115.161951	-21.040600
	0.049689	-177.584635	115.161951	-20.682900
	0.049698	-178.102576	115.161951	-20.623300
	0.049707	-178.074677	115.161951	-20.563700
	0.049717	-178.712246	115.161951	-20.504100
	0.049726	-177.721073	115.161951	-20.504100
	0.049736	-177.244838	115.161951	-20.682900
	0.049745	-177.305571	115.161951	-20.682900
	0.049755	-177.091067	115.161951	-20.682900
	0.049764	-177.502659	115.161951	-20.682900
	0.049774	-178.190066	115.161951	-20.742500
	0.049783	-178.056318	115.161951	-20.742500
	0.049793	-178.586363	115.161951	-20.802100
	0.049802	-177.800848	115.161951	-20.802100
	0.049812	-177.391356	115.161951	-20.802100
	0.049821	-177.725206	115.161951	-20.802100
	0.049831	-178.024656	115.161951	-20.861700
	0.049840	-177.439750	115.161951	-20.861700
	0.049849	-177.212093	115.161951	-20.921300
	0.049859	-177.588212	115.161951	-20.921300
	0.049868	-178.081335	115.161951	-20.981000
	0.049878	-177.588411	115.161951	-20.921300
	0.049887	-179.005923	115.161951	-20.921300
	0.049897	-178.355225	115.161951	-20.981000
	0.049906	-177.333612	115.161951	-21.040600
	0.049916	-177.018339	115.161951	-21.040600
	0.049925	-177.373187	115.161951	-21.100200
	0.049935	-178.210937	115.161951	-21.100200
	0.049944	-177.931775	115.161951	-21.159800
	0.049954	-177.411135	115.161951	-21.100200
	0.049963	-178.855190	115.161951	-20.921300
	0.049973	-178.410152	115.161951	-20.921300
	0.049982	-178.074743	115.161951	-20.921300
	0.049991	-179.262970	115.161951	-20.802100
	0.050001	-177.866557	115.161951	-20.802100
	0.050010	-178.463490	115.161951	-20.802100
	0.050020	-178.550786	115.161951	-20.921300
	0.050029	-180.481669	115.161951	-20.921300
	0.050039	-179.177959	115.161951	-20.981000
	0.050048	-178.301974	115.161951	-20.981000
	0.050058	-178.515387	115.161951	-20.981000
	0.050067	-179.137426	115.161951	-20.921300
	0.050077	-178.982742	115.161951	-20.981000
	0.050086	-179.119231	115.161951	-20.981000
	0.050096	-178.417285	115.161951	-20.981000
	0.050105	-179.183476	115.161951	-20.981000
	0.050115	-179.709323	115.161951	-20.981000
	0.050124	-179.259005	115.161951	-20.981000
	0.050134	-178.986023	115.161951	-20.981000
	0.050143	-178.774041	115.161951	-20.981000
	0.050152	-179.397433	115.161951	-21.040600
	0.050162	-179.463982	115.161951	-21.040600
	0.050171	-180.316959	115.161951	-20.981000
	0.050181	-179.904089	115.161951	-20.981000
	0.050190	-179.232750	115.161951	-20.981000
	0.050200	-179.453893	115.161951	-20.981000
	0.050209	-177.945862	115.161951	-20.981000
	0.050219	-178.219604	115.161951	-20.981000
	0.050228	-179.382562	115.161951	-20.981000
	0.050238	-179.702466	115.161951	-20.981000
	0.050247	-178.022308	115.161951	-20.981000
	0.050257	-177.759086	115.161951	-20.921300
	0.050266	-178.109894	115.161951	-20.861700
	0.050276	-179.697313	115.161951	-20.921300
	0.050285	-178.303922	115.161951	-20.921300
	0.050294	-178.875747	115.161951	-20.921300
	0.050304	-179.544000	115.161951	-20.981000
	0.050313	-179.607900	115.161951	-20.981000
	0.050323	-179.668967	115.161951	-20.981000
	0.050332	-179.035090	115.161951	-20.981000
	0.050342	-179.283118	115.161951	-20.981000
	0.050351	-180.175953	115.161951	-21.040600
	0.050361	-180.346692	115.161951	-21.040600
	0.050370	-180.043700	115.161951	-21.040600
	0.050380	-179.832064	115.161951	-20.981000
	0.050389	-180.810363	115.161951	-20.981000
	0.050399	-180.188197	115.161951	-20.921300
	0.050408	-178.717648	115.161951	-20.921300
	0.050418	-179.187163	115.161951	-20.921300
	0.050427	-179.173059	115.161951	-20.921300
	0.050437	-179.340709	115.161951	-20.981000
	0.050446	-179.155307	115.161951	-20.921300
	0.050455	-179.444915	115.161951	-20.981000
	0.050465	-179.712160	115.161951	-20.981000
	0.050474	-179.532785	115.161951	-20.981000
	0.050484	-179.588407	115.161951	-20.921300
