	-0.071022	-0.083421	115.161951	-44.405700
	-0.068270	-0.006893	115.161951	-44.405700
	-0.065518	-0.752465	115.161951	-44.524900
	-0.062767	-0.972286	115.161951	-44.703700
	-0.060015	-0.364205	115.161951	-44.882500
	-0.057264	-0.057310	115.161951	-45.061300
	-0.054512	-0.263094	115.161951	-45.180600
	-0.051760	-0.511733	115.161951	-45.419000
	-0.049009	-1.381980	115.161951	-45.717000
	-0.046257	0.419940	115.161951	-46.074600
	-0.043506	0.840480	115.161951	-46.313000
	-0.040754	-0.734022	115.161951	-46.551500
	-0.038002	0.109427	115.161951	-46.789900
	-0.035251	-1.010856	115.161951	-47.087900
	-0.032499	-1.496642	115.161951	-47.385900
	-0.029748	-1.114291	115.161951	-47.743600
	-0.026996	-0.646307	115.161951	-48.101200
	-0.024245	-1.158793	115.161951	-48.518400
	-0.021493	-1.378775	115.161951	-48.935600
	-0.018741	-1.915381	115.161951	-49.472100
	-0.015990	-0.894709	115.161951	-50.008500
	-0.013238	-1.339926	115.161951	-50.545000
	-0.010487	-1.193963	115.161951	-51.260200
	-0.007735	-1.904665	115.161951	-51.737100
	-0.004984	-2.562486	115.161951	-52.511900
	-0.002232	-3.338859	115.161951	-53.346400
	0.000520	-3.370535	115.161951	-54.180900
	0.003271	-3.915775	115.161951	-55.134500
	0.006023	-4.889039	115.161951	-56.207400
	0.008774	-4.685981	115.161951	-57.399500
	0.011526	-5.039688	115.161951	-58.770400
	0.014278	-5.369676	115.161951	-60.022100
	0.017029	-6.594906	115.161951	-61.810500
	0.019781	-8.618935	115.161951	-63.479400
	0.022532	-8.939160	115.161951	-65.804000
	0.025284	-8.641591	115.161951	-68.545800
	0.028036	-11.064868	115.161951	-71.764500
	0.030787	-12.690625	115.161951	-75.758000
	0.033539	-15.432819	115.161951	-80.049500
	0.036290	-17.492361	115.161951	-85.711900
	0.036290	-19.095449	115.161951	-90.301500
	0.036300	-19.724068	115.161951	-91.851200
	0.036309	-19.068123	115.161951	-92.208900
	0.036319	-18.639299	115.161951	-92.328100
	0.036328	-18.202809	115.161951	-92.387700
	0.036338	-18.186072	115.161951	-92.328100
	0.036347	-18.483886	115.161951	-92.447300
	0.036357	-19.826939	115.161951	-92.447300
	0.036366	-19.146657	115.161951	-92.506900
	0.036376	-18.344211	115.161951	-92.506900
	0.036385	-19.012944	115.161951	-92.626100
	0.036394	-18.376671	115.161951	-92.566500
	0.036404	-18.788976	115.161951	-92.566500
	0.036413	-18.453102	115.161951	-92.626100
	0.036423	-19.811910	115.161951	-92.685700
	0.036432	-18.802497	115.161951	-92.685700
	0.036442	-18.993229	115.161951	-92.745300
	0.036451	-19.133668	115.161951	-92.745300
	0.036461	-18.628095	115.161951	-92.745300
	0.036470	-18.566081	115.161951	-92.745300
	0.036480	-18.687634	115.161951	-92.804900
	0.036489	-17.949900	115.161951	-92.804900
	0.036499	-18.020526	115.161951	-92.864500
	0.036508	-17.359268	115.161951	-92.864500
	0.036518	-19.002383	115.161951	-92.864500
	0.036527	-18.712584	115.161951	-92.864500
	0.036537	-19.038320	115.161951	-92.864500
	0.036546	-18.239606	115.161951	-92.804900
	0.036555	-18.552806	115.161951	-92.804900
	0.036565	-18.794051	115.161951	-92.804900
	0.036574	-18.952227	115.161951	-92.864500
	0.036584	-19.292589	115.161951	-92.864500
	0.036593	-19.821573	115.161951	-92.924100
	0.036603	-19.530731	115.161951	-92.924100
	0.036612	-19.720321	115.161951	-92.924100
	0.036622	-18.947919	115.161951	-92.983700
	0.036631	-19.561170	115.161951	-93.043300
	0.036641	-19.670699	115.161951	-93.102900
	0.036650	-20.821272	115.161951	-93.162500
	0.036660	-19.431244	115.161951	-93.162500
	0.036669	-20.239515	115.161951	-93.162500
	0.036679	-20.310037	115.161951	-93.102900
	0.036688	-18.712919	115.161951	-93.162500
	0.036697	-19.316927	115.161951	-93.162500
	0.036707	-20.705273	115.161951	-93.162500
	0.036716	-20.434933	115.161951	-93.222100
	0.036726	-20.487734	115.161951	-93.222100
	0.036735	-20.115006	115.161951	-93.162500
	0.036745	-20.393603	115.161951	-93.162500
	0.036754	-20.973571	115.161951	-93.162500
	0.036764	-19.611189	115.161951	-93.102900
	0.036773	-20.891516	115.161951	-93.102900
	0.036783	-20.024936	115.161951	-93.162500
	0.036792	-19.870679	115.161951	-93.162500
	0.036802	-20.787988	115.161951	-93.162500
	0.036811	-20.429235	115.161951	-93.162500
	0.036821	-19.801091	115.161951	-93.222100
	0.036830	-19.425164	115.161951	-93.222100
	0.036840	-20.016252	115.161951	-93.281700
	0.036849	-19.432716	115.161951	-93.341300
	0.036858	-21.163777	115.161951	-93.281700
	0.036868	-20.150976	115.161951	-93.281700
	0.036877	-20.580621	115.161951	-93.341300
	0.036887	-21.488294	115.161951	-93.341300
	0.036896	-20.680216	115.161951	-93.341300
	0.036906	-20.578360	115.161951	-93.341300
	0.036915	-20.933662	115.161951	-93.341300
	0.036925	-20.916685	115.161951	-93.400900
	0.036934	-20.564721	115.161951	-93.400900
	0.036944	-20.906650	115.161951	-93.400900
	0.036953	-20.742271	115.161951	-93.400900
	0.036963	-21.578369	115.161951	-93.341300
	0.036972	-20.772486	115.161951	-93.341300
	0.036982	-20.754640	115.161951	-93.341300
	0.036991	-21.827158	115.161951	-93.400900
	0.037000	-20.735251	115.161951	-93.400900
	0.037010	-20.957479	115.161951	-93.400900
	0.037019	-21.932580	115.161951	-93.400900
	0.037029	-19.787424	115.161951	-93.460500
	0.037038	-18.951811	115.161951	-93.460500
	0.037048	-20.447062	115.161951	-93.520200
	0.037057	-21.227975	115.161951	-93.579800
	0.037067	-20.590787	115.161951	-93.579800
	0.037076	-20.550953	115.161951	-93.579800
	0.037086	-21.282132	115.161951	-93.579800
	0.037095	-21.005802	115.161951	-93.520200
	0.037105	-20.748107	115.161951	-93.400900
	0.037114	-19.176958	115.161951	-93.400900
	0.037124	-20.024702	115.161951	-93.341300
	0.037133	-20.313101	115.161951	-93.400900
	0.037143	-19.650896	115.161951	-93.520200
	0.037152	-21.556435	115.161951	-93.460500
	0.037161	-20.076208	115.161951	-93.400900
	0.037171	-21.693026	115.161951	-93.400900
	0.037180	-21.288692	115.161951	-93.460500
	0.037190	-21.366807	115.161951	-93.400900
	0.037199	-21.640916	115.161951	-93.400900
	0.037209	-21.113607	115.161951	-93.281700
	0.037218	-19.784821	115.161951	-93.281700
	0.037228	-20.561705	115.161951	-93.341300
	0.037237	-20.911332	115.161951	-93.341300
	0.037247	-20.638277	115.161951	-93.400900
	0.037256	-21.089308	115.161951	-93.400900
	0.037266	-20.963587	115.161951	-93.460500
	0.037275	-20.412005	115.161951	-93.460500
	0.037285	-20.192166	115.161951	-93.400900
	0.037294	-20.958118	115.161951	-93.400900
	0.037303	-19.814097	115.161951	-93.400900
	0.037313	-20.362059	115.161951	-93.400900
	0.037322	-19.268822	115.161951	-93.341300
	0.037332	-20.171867	115.161951	-93.341300
	0.037341	-19.214582	115.161951	-93.341300
	0.037351	-20.358378	115.161951	-93.281700
	0.037360	-20.081301	115.161951	-93.341300
	0.037370	-19.553102	115.161951	-93.341300
	0.037379	-19.775269	115.161951	-93.400900
	0.037389	-20.039147	115.161951	-93.460500
	0.037398	-18.596883	115.161951	-93.460500
	0.037408	-19.972030	115.161951	-93.400900
	0.037417	-20.124958	115.161951	-93.520200
	0.037427	-19.633576	115.161951	-93.579800
	0.037436	-19.564484	115.161951	-93.579800
	0.037446	-18.645999	115.161951	-93.639400
	0.037455	-18.998644	115.161951	-93.639400
	0.037464	-19.127308	115.161951	-93.639400
	0.037474	-19.963909	115.161951	-93.699000
	0.037483	-20.088563	115.161951	-93.818200
	0.037493	-19.959915	115.161951	-93.877800
	0.037502	-19.686732	115.161951	-93.877800
	0.037512	-20.451296	115.161951	-93.877800
	0.037521	-20.119043	115.161951	-93.937400
	0.037531	-18.523768	115.161951	-93.937400
	0.037540	-19.122589	115.161951	-93.997000
	0.037550	-18.381584	115.161951	-94.116200
	0.037559	-19.266804	115.161951	-94.175800
	0.037569	-18.772890	115.161951	-94.175800
	0.037578	-19.433843	115.161951	-94.235400
	0.037588	-18.966349	115.161951	-94.295000
	0.037597	-19.129808	115.161951	-94.295000
	0.037606	-19.046525	115.161951	-94.295000
	0.037616	-18.647519	115.161951	-94.414200
	0.037625	-19.256037	115.161951	-94.414200
	0.037635	-19.879144	115.161951	-94.473800
	0.037644	-18.839833	115.161951	-94.473800
	0.037654	-19.068237	115.161951	-94.473800
	0.037663	-19.560337	115.161951	-94.473800
	0.037673	-19.477685	115.161951	-94.473800
	0.037682	-20.008328	115.161951	-94.533400
	0.037692	-20.128977	115.161951	-94.593000
	0.037701	-20.942339	115.161951	-94.533400
	0.037711	-20.096258	115.161951	-94.593000
	0.037720	-20.006458	115.161951	-94.652600
	0.037730	-20.292355	115.161951	-94.652600
	0.037739	-19.354149	115.161951	-94.712200
	0.037748	-20.817167	115.161951	-94.771900
	0.037758	-19.778366	115.161951	-94.771900
	0.037767	-19.937406	115.161951	-94.771900
	0.037777	-20.150758	115.161951	-94.771900
	0.037786	-20.568726	115.161951	-94.771900
	0.037796	-20.165435	115.161951	-94.831500
	0.037805	-19.767999	115.161951	-94.891100
	0.037815	-19.907487	115.161951	-94.950700
	0.037824	-20.482441	115.161951	-95.010300
	0.037834	-18.991229	115.161951	-94.950700
	0.037843	-18.240206	115.161951	-94.950700
	0.037853	-20.628248	115.161951	-95.010300
	0.037862	-20.418944	115.161951	-95.069900
	0.037872	-19.958929	115.161951	-95.129500
	0.037881	-19.316766	115.161951	-95.129500
	0.037891	-19.069096	115.161951	-95.248700
	0.037900	-18.118064	115.161951	-95.248700
	0.037909	-19.735268	115.161951	-95.248700
	0.037919	-19.900587	115.161951	-95.308300
	0.037928	-19.914529	115.161951	-95.308300
	0.037938	-20.113581	115.161951	-95.487100
	0.037947	-19.572979	115.161951	-95.546700
	0.037957	-20.872288	115.161951	-95.546700
	0.037966	-20.745744	115.161951	-95.546700
	0.037976	-21.292827	115.161951	-95.546700
	0.037985	-20.900319	115.161951	-95.665900
	0.037995	-20.963623	115.161951	-95.785100
	0.038004	-20.854537	115.161951	-95.785100
	0.038014	-21.305649	115.161951	-95.785100
	0.038023	-21.333851	115.161951	-95.665900
	0.038033	-21.988520	115.161951	-95.665900
	0.038042	-21.695070	115.161951	-95.844700
	0.038051	-21.195303	115.161951	-95.963900
	0.038061	-19.884433	115.161951	-96.023500
	0.038070	-19.192273	115.161951	-96.083200
	0.038080	-18.904120	115.161951	-96.083200
	0.038089	-15.167952	115.161951	-96.142800
	0.038099	-6.356695	115.161951	-96.202400
	0.038108	-5.984832	115.161951	-96.142800
	0.038118	-6.479910	115.161951	-96.202400
	0.038127	-6.390394	115.161951	-96.321600
	0.038137	-5.478428	115.161951	-96.381200
	0.038146	-5.916959	115.161951	-96.381200
	0.038156	-4.537768	115.161951	-96.440800
	0.038165	-5.162154	115.161951	-96.440800
	0.038175	-4.711969	115.161951	-96.500400
	0.038184	-5.813563	115.161951	-96.500400
	0.038194	-5.797390	115.161951	-96.500400
	0.038203	-5.017118	115.161951	-96.560000
	0.038212	-5.386712	115.161951	-96.619600
	0.038222	-4.855175	115.161951	-96.619600
	0.038231	-5.146109	115.161951	-96.560000
	0.038241	-4.639616	115.161951	-96.619600
	0.038250	-5.454946	115.161951	-96.679200
	0.038260	-4.699278	115.161951	-96.738800
	0.038269	-5.206580	115.161951	-96.679200
	0.038279	-5.082359	115.161951	-96.679200
	0.038288	-5.524396	115.161951	-96.738800
	0.038298	-4.866916	115.161951	-96.738800
	0.038307	-4.775759	115.161951	-96.798400
	0.038317	-5.508566	115.161951	-96.798400
	0.038326	-5.385794	115.161951	-96.917600
	0.038336	-4.995007	115.161951	-97.036800
	0.038345	-5.186620	115.161951	-97.156000
	0.038354	-4.902902	115.161951	-97.215600
	0.038364	-4.659175	115.161951	-97.275200
	0.038373	-4.374058	115.161951	-97.215600
	0.038383	-3.873860	115.161951	-97.275200
	0.038392	-4.686268	115.161951	-97.334900
	0.038402	-4.530117	115.161951	-97.394500
	0.038411	-4.926229	115.161951	-97.394500
	0.038421	-4.360751	115.161951	-97.394500
	0.038430	-4.203701	115.161951	-97.454100
	0.038440	-4.672855	115.161951	-97.573300
	0.038449	-3.788471	115.161951	-97.692500
	0.038459	-5.219145	115.161951	-97.752100
	0.038468	-6.045779	115.161951	-97.752100
	0.038478	-5.978559	115.161951	-97.752100
	0.038487	-5.473822	115.161951	-97.811700
	0.038497	-5.849927	115.161951	-97.871300
	0.038506	-5.283504	115.161951	-97.811700
	0.038515	-5.643038	115.161951	-97.871300
	0.038525	-5.992730	115.161951	-97.930900
	0.038534	-5.738097	115.161951	-97.930900
	0.038544	-5.033107	115.161951	-97.811700
	0.038553	-5.029228	115.161951	-97.871300
	0.038563	-5.193608	115.161951	-97.930900
	0.038572	-4.757207	115.161951	-97.930900
	0.038582	-5.961965	115.161951	-97.930900
	0.038591	-5.756948	115.161951	-97.990500
	0.038601	-5.445928	115.161951	-98.050100
	0.038610	-5.795984	115.161951	-98.109700
	0.038620	-4.916389	115.161951	-98.169300
	0.038629	-5.723871	115.161951	-98.169300
	0.038639	-5.011530	115.161951	-98.288500
	0.038648	-4.404185	115.161951	-98.348100
	0.038657	-4.043573	115.161951	-98.348100
	0.038667	-4.623065	115.161951	-98.407700
	0.038676	-4.412772	115.161951	-98.407700
	0.038686	-4.071181	115.161951	-98.407700
	0.038695	-4.622684	115.161951	-98.467300
	0.038705	-4.634913	115.161951	-98.467300
	0.038714	-4.224366	115.161951	-98.467300
	0.038724	-4.793079	115.161951	-98.526900
	0.038733	-4.768947	115.161951	-98.467300
	0.038743	-4.198934	115.161951	-98.586500
	0.038752	-5.051467	115.161951	-98.705800
	0.038762	-4.450534	115.161951	-98.705800
	0.038771	-4.748462	115.161951	-98.705800
	0.038781	-5.583840	115.161951	-98.765400
	0.038790	-4.565212	115.161951	-98.825000
	0.038800	-4.827406	115.161951	-98.884600
	0.038809	-6.163120	115.161951	-98.944200
	0.038818	-6.225622	115.161951	-98.944200
	0.038828	-5.676596	115.161951	-98.944200
	0.038837	-5.646219	115.161951	-99.003800
	0.038847	-6.929910	115.161951	-99.063400
	0.038856	-5.828897	115.161951	-99.123000
	0.038866	-7.707171	115.161951	-99.063400
	0.038875	-6.363414	115.161951	-99.182600
	0.038885	-5.978047	115.161951	-99.301800
	0.038894	-5.450613	115.161951	-99.301800
	0.038904	-4.892695	115.161951	-99.361400
	0.038913	-6.135752	115.161951	-99.361400
	0.038923	-6.222165	115.161951	-99.361400
	0.038932	-4.714444	115.161951	-99.361400
	0.038942	-6.378238	115.161951	-99.480600
	0.038951	-5.878657	115.161951	-99.480600
	0.038960	-5.913569	115.161951	-99.480600
	0.038970	-4.688939	115.161951	-99.540200
	0.038979	-5.939060	115.161951	-99.540200
	0.038989	-6.086269	115.161951	-99.599800
	0.038998	-4.687916	115.161951	-99.659400
	0.039008	-6.028653	115.161951	-99.719000
	0.039017	-6.456119	115.161951	-99.719000
	0.039027	-5.325273	115.161951	-99.778600
	0.039036	-5.591465	115.161951	-99.838200
	0.039046	-6.888973	115.161951	-99.897900
	0.039055	-6.272727	115.161951	-99.897900
	0.039065	-5.321924	115.161951	-99.897900
	0.039074	-6.002115	115.161951	-100.017000
	0.039084	-8.197774	115.161951	-100.017000
	0.039093	-6.474950	115.161951	-100.077000
	0.039103	-5.958763	115.161951	-100.136000
	0.039112	-6.737457	115.161951	-100.136000
	0.039121	-7.037242	115.161951	-100.196000
	0.039131	-6.109938	115.161951	-100.255000
	0.039140	-6.170742	115.161951	-100.315000
	0.039150	-8.234130	115.161951	-100.315000
	0.039159	-7.613670	115.161951	-100.315000
	0.039169	-6.479005	115.161951	-100.375000
	0.039178	-5.948555	115.161951	-100.434000
	0.039188	-6.750566	115.161951	-100.434000
	0.039197	-6.363591	115.161951	-100.494000
	0.039207	-6.525169	115.161951	-100.494000
	0.039216	-6.148071	115.161951	-100.434000
	0.039226	-6.945118	115.161951	-100.434000
	0.039235	-5.986382	115.161951	-100.494000
	0.039245	-6.019446	115.161951	-100.494000
	0.039254	-7.131915	115.161951	-100.554000
	0.039263	-7.522815	115.161951	-100.494000
	0.039273	-5.874899	115.161951	-100.554000
	0.039282	-5.958647	115.161951	-100.673000
	0.039292	-7.683293	115.161951	-100.792000
	0.039301	-6.760937	115.161951	-100.792000
	0.039311	-4.644740	115.161951	-100.852000
	0.039320	-7.243504	115.161951	-100.852000
	0.039330	-6.997751	115.161951	-100.792000
	0.039339	-6.216084	115.161951	-100.852000
	0.039349	-5.859587	115.161951	-100.971000
	0.039358	-6.022377	115.161951	-101.030000
	0.039368	-5.832354	115.161951	-101.030000
	0.039377	-6.666416	115.161951	-101.030000
	0.039387	-6.012060	115.161951	-101.030000
	0.039396	-5.831873	115.161951	-101.030000
	0.039406	-7.576976	115.161951	-101.150000
	0.039415	-6.317786	115.161951	-101.150000
	0.039424	-5.868953	115.161951	-101.209000
	0.039434	-7.198744	115.161951	-101.209000
	0.039443	-6.566208	115.161951	-101.269000
	0.039453	-6.064232	115.161951	-101.269000
	0.039462	-7.839105	115.161951	-101.269000
	0.039472	-6.825251	115.161951	-101.328000
	0.039481	-5.627776	115.161951	-101.388000
	0.039491	-6.709418	115.161951	-101.448000
	0.039500	-7.268939	115.161951	-101.448000
	0.039510	-7.172393	115.161951	-101.448000
	0.039519	-6.883026	115.161951	-101.448000
	0.039529	-7.568554	115.161951	-101.507000
	0.039538	-6.902179	115.161951	-101.567000
	0.039548	-7.213016	115.161951	-101.567000
	0.039557	-7.560426	115.161951	-101.567000
	0.039566	-8.606711	115.161951	-101.567000
	0.039576	-7.431626	115.161951	-101.507000
	0.039585	-5.932548	115.161951	-101.448000
	0.039595	-7.779979	115.161951	-101.507000
	0.039604	-8.232917	115.161951	-101.448000
	0.039614	-7.005343	115.161951	-101.507000
	0.039623	-7.559830	115.161951	-101.507000
	0.039633	-8.190418	115.161951	-101.626000
	0.039642	-7.997509	115.161951	-101.686000
	0.039652	-7.617565	115.161951	-101.686000
	0.039661	-6.054536	115.161951	-101.626000
	0.039671	-8.209312	115.161951	-101.686000
	0.039680	-6.686228	115.161951	-101.746000
	0.039690	-6.336381	115.161951	-101.746000
	0.039699	-7.172330	115.161951	-101.805000
	0.039709	-7.383772	115.161951	-101.865000
	0.039718	-7.060722	115.161951	-101.865000
	0.039727	-6.523606	115.161951	-101.865000
	0.039737	-7.548199	115.161951	-101.984000
	0.039746	-7.394576	115.161951	-102.044000
	0.039756	-7.250387	115.161951	-102.044000
	0.039765	-8.207946	115.161951	-101.984000
	0.039775	-7.689736	115.161951	-101.984000
	0.039784	-5.891019	115.161951	-102.103000
	0.039794	-6.925099	115.161951	-102.103000
	0.039803	-7.538496	115.161951	-102.163000
	0.039813	-7.143560	115.161951	-102.163000
	0.039822	-6.959917	115.161951	-102.163000
	0.039832	-5.609434	115.161951	-102.163000
	0.039841	-7.455681	115.161951	-102.163000
	0.039851	-8.357402	115.161951	-102.282000
	0.039860	-6.977897	115.161951	-102.342000
	0.039869	-7.948998	115.161951	-102.401000
	0.039879	-7.232028	115.161951	-102.461000
	0.039888	-7.524393	115.161951	-102.580000
	0.039898	-6.850591	115.161951	-102.580000
	0.039907	-7.769965	115.161951	-102.580000
	0.039917	-8.939543	115.161951	-102.580000
	0.039926	-7.757176	115.161951	-102.580000
	0.039936	-8.217006	115.161951	-102.759000
	0.039945	-7.656143	115.161951	-102.759000
	0.039955	-7.774573	115.161951	-102.699000
	0.039964	-8.213049	115.161951	-102.699000
	0.039974	-7.856429	115.161951	-102.640000
	0.039983	-9.622076	115.161951	-102.699000
	0.039993	-7.313053	115.161951	-102.699000
	0.040002	-8.929615	115.161951	-102.699000
	0.040012	-8.000430	115.161951	-102.818000
	0.040021	-9.793234	115.161951	-102.818000
	0.040030	-8.435831	115.161951	-102.878000
	0.040040	-7.809871	115.161951	-102.938000
	0.040049	-9.036217	115.161951	-102.997000
	0.040059	-9.079616	115.161951	-102.997000
	0.040068	-7.793434	115.161951	-102.997000
	0.040078	-8.799893	115.161951	-102.997000
	0.040087	-8.625501	115.161951	-103.117000
	0.040097	-8.376321	115.161951	-103.117000
	0.040106	-7.719840	115.161951	-103.117000
	0.040116	-7.868058	115.161951	-103.117000
	0.040125	-9.175302	115.161951	-103.176000
	0.040135	-7.529508	115.161951	-103.176000
	0.040144	-8.208147	115.161951	-103.117000
	0.040154	-9.263221	115.161951	-102.997000
	0.040163	-9.700239	115.161951	-103.117000
	0.040172	-8.248614	115.161951	-103.117000
	0.040182	-9.713697	115.161951	-103.117000
	0.040191	-10.274454	115.161951	-103.117000
	0.040201	-9.252820	115.161951	-103.117000
	0.040210	-9.237226	115.161951	-103.117000
	0.040220	-9.067057	115.161951	-102.997000
	0.040229	-9.272666	115.161951	-102.997000
	0.040239	-8.851181	115.161951	-103.117000
	0.040248	-8.687379	115.161951	-103.236000
	0.040258	-7.896192	115.161951	-103.295000
	0.040267	-8.660230	115.161951	-103.295000
	0.040277	-8.301775	115.161951	-103.295000
	0.040286	-7.825252	115.161951	-103.355000
	0.040296	-8.735903	115.161951	-103.355000
	0.040305	-8.710150	115.161951	-103.415000
	0.040315	-6.942838	115.161951	-103.415000
	0.040324	-6.857724	115.161951	-103.474000
	0.040333	-8.477568	115.161951	-103.593000
	0.040343	-7.543429	115.161951	-103.713000
	0.040352	-9.001374	115.161951	-103.713000
	0.040362	-7.541387	115.161951	-103.713000
	0.040371	-8.583562	115.161951	-103.653000
	0.040381	-7.999957	115.161951	-103.713000
	0.040390	-7.485667	115.161951	-103.772000
	0.040400	-9.109228	115.161951	-103.772000
	0.040409	-9.138485	115.161951	-103.832000
	0.040419	-8.596826	115.161951	-103.832000
	0.040428	-8.934340	115.161951	-103.832000
	0.040438	-8.411625	115.161951	-103.951000
	0.040447	-8.466155	115.161951	-104.011000
	0.040457	-8.674016	115.161951	-104.070000
	0.040466	-8.610481	115.161951	-104.070000
	0.040475	-7.449970	115.161951	-104.070000
	0.040485	-6.786392	115.161951	-104.070000
	0.040494	-8.286492	115.161951	-104.070000
	0.040504	-7.971217	115.161951	-104.130000
	0.040513	-7.817630	115.161951	-104.130000
	0.040523	-8.217777	115.161951	-104.130000
	0.040532	-8.713037	115.161951	-104.130000
	0.040542	-8.429570	115.161951	-104.249000
	0.040551	-8.326125	115.161951	-104.249000
	0.040561	-7.556222	115.161951	-104.309000
	0.040570	-8.943899	115.161951	-104.249000
	0.040580	-8.871961	115.161951	-104.249000
	0.040589	-8.962344	115.161951	-104.189000
	0.040599	-8.004352	115.161951	-104.189000
	0.040608	-9.470990	115.161951	-103.951000
	0.040618	-8.622301	115.161951	-103.832000
	0.040627	-8.789188	115.161951	-103.772000
	0.040636	-8.878232	115.161951	-103.772000
	0.040646	-8.865648	115.161951	-103.772000
	0.040655	-8.198028	115.161951	-103.832000
	0.040665	-8.458441	115.161951	-103.772000
	0.040674	-8.871084	115.161951	-103.832000
	0.040684	-9.354893	115.161951	-103.832000
	0.040693	-8.851336	115.161951	-103.832000
	0.040703	-9.985833	115.161951	-103.832000
	0.040712	-8.927999	115.161951	-103.832000
	0.040722	-10.367698	115.161951	-103.832000
	0.040731	-9.107286	115.161951	-103.772000
	0.040741	-9.920477	115.161951	-103.832000
	0.040750	-9.327714	115.161951	-103.832000
	0.040760	-10.305975	115.161951	-103.832000
	0.040769	-10.904820	115.161951	-103.772000
	0.040778	-10.260555	115.161951	-103.832000
	0.040788	-11.206049	115.161951	-103.951000
	0.040797	-10.881272	115.161951	-104.070000
	0.040807	-10.176724	115.161951	-104.130000
	0.040816	-11.387992	115.161951	-104.189000
	0.040826	-10.694750	115.161951	-104.189000
	0.040835	-10.238728	115.161951	-104.249000
	0.040845	-11.002411	115.161951	-104.309000
	0.040854	-14.530666	115.161951	-104.309000
	0.040864	-25.284660	115.161951	-104.368000
	0.040873	-25.282662	115.161951	-104.368000
	0.040883	-25.651696	115.161951	-104.368000
	0.040892	-26.014973	115.161951	-104.368000
	0.040902	-25.307683	115.161951	-104.368000
	0.040911	-26.046060	115.161951	-104.368000
	0.040921	-26.269506	115.161951	-104.428000
	0.040930	-26.476017	115.161951	-104.487000
	0.040939	-27.391347	115.161951	-104.487000
	0.040949	-26.229793	115.161951	-104.487000
	0.040958	-27.517152	115.161951	-104.428000
	0.040968	-27.675067	115.161951	-104.428000
	0.040977	-27.209791	115.161951	-104.547000
	0.040987	-27.060198	115.161951	-104.666000
	0.040996	-28.849985	115.161951	-104.666000
	0.041006	-27.856463	115.161951	-104.607000
	0.041015	-26.681239	115.161951	-104.666000
	0.041025	-26.826476	115.161951	-104.666000
	0.041034	-26.972677	115.161951	-104.726000
	0.041044	-26.929761	115.161951	-104.905000
	0.041053	-27.286646	115.161951	-104.964000
	0.041063	-27.155916	115.161951	-104.964000
	0.041072	-27.261278	115.161951	-105.083000
	0.041081	-28.017530	115.161951	-105.203000
	0.041091	-28.373159	115.161951	-105.262000
	0.041100	-27.252598	115.161951	-105.322000
	0.041110	-27.533059	115.161951	-105.381000
	0.041119	-28.179648	115.161951	-105.322000
	0.041129	-27.183949	115.161951	-105.322000
	0.041138	-27.787172	115.161951	-105.381000
	0.041148	-28.191697	115.161951	-105.441000
	0.041157	-28.093027	115.161951	-105.441000
	0.041167	-27.450319	115.161951	-105.381000
	0.041176	-27.484063	115.161951	-105.322000
	0.041186	-27.654758	115.161951	-105.501000
	0.041195	-27.257931	115.161951	-105.501000
	0.041205	-27.628341	115.161951	-105.501000
	0.041214	-27.487263	115.161951	-105.620000
	0.041224	-26.559597	115.161951	-105.680000
	0.041233	-27.208404	115.161951	-105.739000
	0.041242	-27.827400	115.161951	-105.918000
	0.041252	-26.888031	115.161951	-105.978000
	0.041261	-27.216738	115.161951	-106.097000
	0.041271	-27.535422	115.161951	-106.335000
	0.041280	-27.037440	115.161951	-106.395000
	0.041290	-27.806516	115.161951	-106.514000
	0.041299	-28.059257	115.161951	-106.574000
	0.041309	-27.071644	115.161951	-106.633000
	0.041318	-26.957362	115.161951	-106.752000
	0.041328	-28.337603	115.161951	-106.752000
	0.041337	-26.875412	115.161951	-106.752000
	0.041347	-26.960769	115.161951	-106.872000
	0.041356	-28.877813	115.161951	-106.931000
	0.041366	-27.299186	115.161951	-106.991000
	0.041375	-28.076772	115.161951	-106.991000
	0.041384	-26.821235	115.161951	-107.050000
	0.041394	-29.402681	115.161951	-106.395000
	0.041403	-31.539590	115.161951	-105.680000
	0.041413	-31.166863	115.161951	-105.560000
	0.041422	-28.897753	115.161951	-105.560000
	0.041432	-29.053696	115.161951	-105.560000
	0.041441	-30.375697	115.161951	-105.560000
	0.041451	-30.580333	115.161951	-105.560000
	0.041460	-30.845136	115.161951	-105.560000
	0.041470	-30.485693	115.161951	-105.560000
	0.041479	-30.540226	115.161951	-105.560000
	0.041489	-30.321466	115.161951	-105.560000
	0.041498	-29.982058	115.161951	-105.620000
	0.041508	-31.071752	115.161951	-105.501000
	0.041517	-31.223485	115.161951	-105.262000
	0.041527	-31.523117	115.161951	-105.203000
	0.041536	-31.671537	115.161951	-105.203000
	0.041545	-31.238450	115.161951	-105.024000
	0.041555	-31.639191	115.161951	-104.130000
	0.041564	-31.968666	115.161951	-103.772000
	0.041574	-31.946562	115.161951	-103.713000
	0.041583	-31.702466	115.161951	-103.713000
	0.041593	-31.799080	115.161951	-103.772000
	0.041602	-31.823047	115.161951	-103.772000
	0.041612	-31.602581	115.161951	-103.772000
	0.041621	-32.558955	115.161951	-103.772000
	0.041631	-31.985706	115.161951	-103.772000
	0.041640	-32.071177	115.161951	-103.772000
	0.041650	-32.110000	115.161951	-103.772000
	0.041659	-31.845340	115.161951	-103.713000
	0.041669	-31.725016	115.161951	-103.653000
	0.041678	-33.047460	115.161951	-103.653000
	0.041687	-31.714489	115.161951	-103.713000
	0.041697	-31.830681	115.161951	-103.653000
	0.041706	-33.094661	115.161951	-103.653000
	0.041716	-32.949608	115.161951	-103.772000
	0.041725	-33.268737	115.161951	-104.011000
	0.041735	-33.064773	115.161951	-104.368000
	0.041744	-33.355336	115.161951	-104.487000
	0.041754	-32.557769	115.161951	-104.487000
	0.041763	-33.205781	115.161951	-104.547000
	0.041773	-33.319849	115.161951	-104.607000
	0.041782	-33.165026	115.161951	-104.607000
	0.041792	-32.559113	115.161951	-104.666000
	0.041801	-33.620926	115.161951	-104.666000
	0.041811	-33.534337	115.161951	-104.666000
	0.041820	-33.074959	115.161951	-104.666000
	0.041829	-32.709553	115.161951	-104.666000
	0.041839	-33.509975	115.161951	-103.772000
	0.041848	-34.227264	115.161951	-102.818000
	0.041858	-35.037286	115.161951	-102.580000
	0.041867	-34.775644	115.161951	-102.461000
	0.041877	-34.252552	115.161951	-102.461000
	0.041886	-33.946309	115.161951	-102.520000
	0.041896	-35.445207	115.161951	-102.580000
	0.041905	-34.569746	115.161951	-102.520000
	0.041915	-34.629092	115.161951	-102.580000
	0.041924	-33.507484	115.161951	-102.580000
	0.041934	-34.038710	115.161951	-102.580000
	0.041943	-33.991530	115.161951	-102.640000
	0.041953	-34.438501	115.161951	-102.640000
	0.041962	-34.773632	115.161951	-102.640000
	0.041972	-34.819479	115.161951	-102.699000
	0.041981	-34.688807	115.161951	-102.699000
	0.041990	-36.264930	115.161951	-102.640000
	0.042000	-34.829215	115.161951	-102.699000
	0.042009	-34.312402	115.161951	-102.759000
	0.042019	-33.932845	115.161951	-102.818000
	0.042028	-35.020443	115.161951	-102.878000
	0.042038	-35.350324	115.161951	-102.759000
	0.042047	-35.389881	115.161951	-102.640000
	0.042057	-34.789288	115.161951	-102.640000
	0.042066	-35.605698	115.161951	-102.640000
	0.042076	-36.195201	115.161951	-102.640000
	0.042085	-35.695387	115.161951	-102.640000
	0.042095	-37.021101	115.161951	-102.401000
	0.042104	-37.921712	115.161951	-102.342000
	0.042114	-37.718040	115.161951	-102.282000
	0.042123	-38.176842	115.161951	-102.342000
	0.042132	-37.488279	115.161951	-102.342000
	0.042142	-39.044235	115.161951	-102.401000
	0.042151	-38.110365	115.161951	-102.401000
	0.042161	-37.672766	115.161951	-102.401000
	0.042170	-37.425380	115.161951	-102.461000
	0.042180	-38.965497	115.161951	-102.461000
	0.042189	-36.854053	115.161951	-102.520000
	0.042199	-37.440036	115.161951	-102.520000
	0.042208	-37.581069	115.161951	-102.461000
	0.042218	-37.616226	115.161951	-102.461000
	0.042227	-37.285377	115.161951	-102.461000
	0.042237	-37.408193	115.161951	-102.461000
	0.042246	-38.269333	115.161951	-102.461000
	0.042256	-37.773607	115.161951	-102.580000
	0.042265	-37.663442	115.161951	-102.520000
	0.042275	-38.449339	115.161951	-102.580000
	0.042284	-38.443669	115.161951	-102.640000
	0.042293	-37.488026	115.161951	-102.640000
	0.042303	-37.102050	115.161951	-102.640000
	0.042312	-37.903116	115.161951	-102.699000
	0.042322	-37.499365	115.161951	-102.699000
	0.042331	-37.191753	115.161951	-102.580000
	0.042341	-37.988516	115.161951	-102.461000
	0.042350	-39.224989	115.161951	-102.580000
	0.042360	-39.632621	115.161951	-102.640000
	0.042369	-39.139424	115.161951	-102.640000
	0.042379	-39.007416	115.161951	-102.461000
	0.042388	-37.914194	115.161951	-102.461000
	0.042398	-37.973261	115.161951	-102.461000
	0.042407	-37.035847	115.161951	-102.461000
	0.042417	-37.305337	115.161951	-102.520000
	0.042426	-36.699994	115.161951	-102.461000
	0.042435	-37.636723	115.161951	-102.520000
	0.042445	-38.836492	115.161951	-102.640000
	0.042454	-38.305291	115.161951	-102.818000
	0.042464	-38.447537	115.161951	-102.818000
	0.042473	-38.398932	115.161951	-102.759000
	0.042483	-38.495349	115.161951	-102.640000
	0.042492	-38.117415	115.161951	-102.759000
	0.042502	-39.080717	115.161951	-102.818000
	0.042511	-38.570363	115.161951	-102.818000
	0.042521	-38.923999	115.161951	-102.818000
	0.042530	-38.406065	115.161951	-102.759000
	0.042540	-38.065840	115.161951	-102.818000
	0.042549	-38.625532	115.161951	-102.878000
	0.042559	-39.021678	115.161951	-102.938000
	0.042568	-38.513826	115.161951	-102.878000
	0.042578	-39.419513	115.161951	-102.818000
	0.042587	-43.279322	115.161951	-101.984000
	0.042596	-42.650443	115.161951	-101.507000
	0.042606	-41.939674	115.161951	-101.328000
	0.042615	-41.199606	115.161951	-101.209000
	0.042625	-41.594293	115.161951	-101.150000
	0.042634	-41.513708	115.161951	-101.209000
	0.042644	-41.606312	115.161951	-101.269000
	0.042653	-42.191402	115.161951	-101.388000
	0.042663	-42.398103	115.161951	-101.328000
	0.042672	-41.259591	115.161951	-101.328000
	0.042682	-41.315212	115.161951	-101.269000
	0.042691	-41.126486	115.161951	-101.328000
	0.042701	-42.093824	115.161951	-101.388000
	0.042710	-42.146189	115.161951	-101.448000
	0.042720	-41.531284	115.161951	-101.507000
	0.042729	-41.411325	115.161951	-101.507000
	0.042738	-42.167014	115.161951	-101.448000
	0.042748	-42.580563	115.161951	-101.328000
	0.042757	-42.794196	115.161951	-101.507000
	0.042767	-42.891146	115.161951	-101.507000
	0.042776	-43.770353	115.161951	-101.448000
	0.042786	-42.843892	115.161951	-101.507000
	0.042795	-41.809096	115.161951	-101.567000
	0.042805	-43.163204	115.161951	-101.567000
	0.042814	-43.494428	115.161951	-101.567000
	0.042824	-42.241113	115.161951	-101.686000
	0.042833	-42.646647	115.161951	-101.686000
	0.042843	-42.973284	115.161951	-101.746000
	0.042852	-43.040042	115.161951	-101.686000
	0.042862	-44.115300	115.161951	-101.686000
	0.042871	-42.958020	115.161951	-101.686000
	0.042881	-43.037447	115.161951	-101.805000
	0.042890	-42.757419	115.161951	-101.924000
	0.042899	-48.311536	115.161951	-101.567000
	0.042909	-48.679532	115.161951	-100.971000
	0.042918	-49.248850	115.161951	-100.732000
	0.042928	-49.334274	115.161951	-100.613000
	0.042937	-49.210544	115.161951	-100.554000
	0.042947	-49.319877	115.161951	-100.554000
	0.042956	-50.412980	115.161951	-100.554000
	0.042966	-49.267111	115.161951	-100.494000
	0.042975	-48.290269	115.161951	-100.554000
	0.042985	-49.312163	115.161951	-100.613000
	0.042994	-49.419540	115.161951	-100.613000
	0.043004	-49.458850	115.161951	-100.613000
	0.043013	-49.347964	115.161951	-100.673000
	0.043023	-50.687177	115.161951	-100.732000
	0.043032	-49.814418	115.161951	-100.732000
	0.043041	-49.699371	115.161951	-100.792000
	0.043051	-50.336678	115.161951	-100.732000
	0.043060	-50.733019	115.161951	-100.673000
	0.043070	-49.535132	115.161951	-100.732000
	0.043079	-49.570015	115.161951	-100.732000
	0.043089	-49.748354	115.161951	-100.732000
	0.043098	-49.921690	115.161951	-100.732000
	0.043108	-49.659589	115.161951	-100.673000
	0.043117	-50.385531	115.161951	-100.673000
	0.043127	-49.763348	115.161951	-100.673000
	0.043136	-50.226914	115.161951	-100.732000
	0.043146	-50.087533	115.161951	-100.852000
	0.043155	-49.912299	115.161951	-100.852000
	0.043165	-49.987720	115.161951	-100.792000
	0.043174	-50.615724	115.161951	-100.792000
	0.043184	-50.994621	115.161951	-100.732000
	0.043193	-52.160810	115.161951	-100.673000
	0.043202	-50.371446	115.161951	-100.613000
	0.043212	-51.211549	115.161951	-100.673000
	0.043221	-50.404368	115.161951	-100.673000
	0.043231	-50.027920	115.161951	-100.673000
	0.043240	-51.061630	115.161951	-100.673000
	0.043250	-50.982104	115.161951	-100.732000
	0.043259	-51.523416	115.161951	-100.732000
	0.043269	-49.923597	115.161951	-100.852000
	0.043278	-50.690586	115.161951	-100.911000
	0.043288	-51.446163	115.161951	-100.911000
	0.043297	-51.690231	115.161951	-100.852000
	0.043307	-51.371897	115.161951	-100.792000
	0.043316	-51.109759	115.161951	-100.852000
	0.043326	-51.468880	115.161951	-100.852000
	0.043335	-52.051344	115.161951	-100.852000
	0.043344	-51.594332	115.161951	-100.852000
	0.043354	-51.283697	115.161951	-100.911000
	0.043363	-52.883879	115.161951	-100.911000
	0.043373	-52.123226	115.161951	-100.911000
	0.043382	-51.816108	115.161951	-100.911000
	0.043392	-52.426018	115.161951	-100.911000
	0.043401	-52.305944	115.161951	-100.971000
	0.043411	-51.114869	115.161951	-100.971000
	0.043420	-51.364438	115.161951	-100.971000
	0.043430	-53.282500	115.161951	-100.911000
	0.043439	-52.827014	115.161951	-100.673000
	0.043449	-55.145056	115.161951	-100.673000
	0.043458	-55.536811	115.161951	-100.673000
	0.043468	-59.025231	115.161951	-100.017000
	0.043477	-62.790025	115.161951	-98.884600
	0.043487	-63.147331	115.161951	-98.407700
	0.043496	-62.907979	115.161951	-98.169300
	0.043505	-63.387424	115.161951	-97.930900
	0.043515	-63.163336	115.161951	-97.871300
	0.043524	-63.586058	115.161951	-97.692500
	0.043534	-68.090166	115.161951	-96.440800
	0.043543	-67.581901	115.161951	-95.785100
	0.043553	-66.419183	115.161951	-95.665900
	0.043562	-66.745974	115.161951	-95.665900
	0.043572	-67.282045	115.161951	-95.785100
	0.043581	-66.813358	115.161951	-95.785100
	0.043591	-67.310244	115.161951	-95.725500
	0.043600	-68.094250	115.161951	-94.831500
	0.043610	-67.141267	115.161951	-94.354600
	0.043619	-67.290417	115.161951	-93.997000
	0.043629	-71.409082	115.161951	-91.732000
	0.043638	-70.945697	115.161951	-90.539900
	0.043647	-71.469778	115.161951	-90.301500
	0.043657	-71.185942	115.161951	-90.241900
	0.043666	-71.305339	115.161951	-90.182300
	0.043676	-71.312798	115.161951	-90.182300
	0.043685	-71.525493	115.161951	-90.182300
	0.043695	-71.833633	115.161951	-90.241900
	0.043704	-72.076521	115.161951	-90.241900
	0.043714	-72.374766	115.161951	-90.122700
	0.043723	-74.409295	115.161951	-89.407400
	0.043733	-74.938629	115.161951	-88.930600
	0.043742	-74.471730	115.161951	-88.811400
	0.043752	-76.345390	115.161951	-88.811400
	0.043761	-75.694947	115.161951	-88.811400
	0.043771	-76.537628	115.161951	-88.811400
	0.043780	-75.797370	115.161951	-88.811400
	0.043790	-75.431102	115.161951	-88.811400
	0.043799	-74.995003	115.161951	-88.811400
	0.043808	-74.963725	115.161951	-88.751800
	0.043818	-74.785246	115.161951	-88.573000
	0.043827	-75.349103	115.161951	-88.513400
	0.043837	-75.199657	115.161951	-88.573000
	0.043846	-75.503149	115.161951	-88.632600
	0.043856	-75.368842	115.161951	-88.573000
	0.043865	-76.034771	115.161951	-88.573000
	0.043875	-76.638120	115.161951	-88.573000
	0.043884	-76.907488	115.161951	-88.632600
	0.043894	-77.155227	115.161951	-88.751800
	0.043903	-75.891884	115.161951	-88.751800
	0.043913	-75.631651	115.161951	-88.811400
	0.043922	-76.140807	115.161951	-88.871000
	0.043932	-76.714067	115.161951	-88.990200
	0.043941	-76.693180	115.161951	-89.109400
	0.043950	-76.329535	115.161951	-89.109400
	0.043960	-75.601432	115.161951	-89.169000
	0.043969	-77.245026	115.161951	-89.109400
	0.043979	-77.124072	115.161951	-89.109400
	0.043988	-76.495814	115.161951	-89.169000
	0.043998	-76.843546	115.161951	-89.228600
	0.044007	-76.380804	115.161951	-89.228600
	0.044017	-77.137317	115.161951	-89.109400
	0.044026	-76.612488	115.161951	-88.990200
	0.044036	-77.174416	115.161951	-88.871000
	0.044045	-76.644910	115.161951	-88.811400
	0.044055	-76.533820	115.161951	-88.692200
	0.044064	-76.203837	115.161951	-88.573000
	0.044074	-76.980881	115.161951	-88.573000
	0.044083	-76.368994	115.161951	-88.453800
	0.044093	-76.620509	115.161951	-88.453800
	0.044102	-77.222504	115.161951	-88.394200
	0.044111	-77.423851	115.161951	-88.334500
	0.044121	-77.206758	115.161951	-88.394200
	0.044130	-77.703879	115.161951	-88.334500
	0.044140	-77.320370	115.161951	-88.274900
	0.044149	-77.712457	115.161951	-88.274900
	0.044159	-77.828241	115.161951	-88.274900
	0.044168	-75.991195	115.161951	-88.274900
	0.044178	-76.110957	115.161951	-88.215300
	0.044187	-76.969492	115.161951	-88.215300
	0.044197	-76.125362	115.161951	-88.155700
	0.044206	-79.159467	115.161951	-87.619300
	0.044216	-78.826563	115.161951	-87.142500
	0.044225	-79.120639	115.161951	-86.904000
	0.044235	-79.622424	115.161951	-86.844400
	0.044244	-77.985493	115.161951	-86.844400
	0.044253	-86.290323	115.161951	-86.308000
	0.044263	-93.048788	115.161951	-84.043000
	0.044272	-93.892804	115.161951	-82.910500
	0.044282	-96.050807	115.161951	-82.552900
	0.044291	-95.984878	115.161951	-82.493300
	0.044301	-94.492318	115.161951	-82.493300
	0.044310	-95.618118	115.161951	-82.433700
	0.044320	-95.182124	115.161951	-82.374100
	0.044329	-96.031865	115.161951	-82.374100
	0.044339	-96.992086	115.161951	-82.374100
	0.044348	-95.670495	115.161951	-82.374100
	0.044358	-95.426244	115.161951	-82.433700
	0.044367	-95.991686	115.161951	-82.374100
	0.044377	-96.926500	115.161951	-82.374100
	0.044386	-94.537111	115.161951	-82.254900
	0.044396	-98.394029	115.161951	-81.599200
	0.044405	-98.330666	115.161951	-81.241600
	0.044414	-99.388986	115.161951	-81.182000
	0.044424	-98.995466	115.161951	-81.122400
	0.044433	-97.807616	115.161951	-81.122400
	0.044443	-97.683113	115.161951	-81.122400
	0.044452	-99.214972	115.161951	-81.062800
	0.044462	-99.521270	115.161951	-80.466700
	0.044471	-99.280777	115.161951	-80.109100
	0.044481	-100.546361	115.161951	-79.632300
	0.044490	-101.231986	115.161951	-78.619000
	0.044500	-101.572934	115.161951	-78.261400
	0.044509	-100.948599	115.161951	-78.201800
	0.044519	-101.132881	115.161951	-78.201800
	0.044528	-101.390537	115.161951	-78.261400
	0.044538	-100.929465	115.161951	-78.261400
	0.044547	-101.327488	115.161951	-78.321000
	0.044556	-101.246515	115.161951	-78.261400
	0.044566	-102.594038	115.161951	-78.201800
	0.044575	-102.379130	115.161951	-78.201800
	0.044585	-101.878255	115.161951	-78.142200
	0.044594	-102.523090	115.161951	-78.142200
	0.044604	-101.660444	115.161951	-78.082600
	0.044613	-101.540290	115.161951	-78.142200
	0.044623	-102.212552	115.161951	-78.142200
	0.044632	-102.337380	115.161951	-78.082600
	0.044642	-101.416869	115.161951	-78.082600
	0.044651	-102.280909	115.161951	-78.082600
	0.044661	-101.030246	115.161951	-78.142200
	0.044670	-101.842543	115.161951	-78.142200
	0.044680	-100.855540	115.161951	-78.142200
	0.044689	-103.046045	115.161951	-78.201800
	0.044699	-102.025614	115.161951	-78.142200
	0.044708	-101.894488	115.161951	-78.082600
	0.044717	-101.813581	115.161951	-78.142200
	0.044727	-101.957884	115.161951	-78.201800
	0.044736	-102.291284	115.161951	-78.321000
	0.044746	-102.070166	115.161951	-78.380600
	0.044755	-102.093055	115.161951	-78.499800
	0.044765	-101.772214	115.161951	-78.559400
	0.044774	-101.694516	115.161951	-78.678600
	0.044784	-102.696086	115.161951	-78.678600
	0.044793	-102.931121	115.161951	-78.678600
	0.044803	-104.163335	115.161951	-78.380600
	0.044812	-104.910702	115.161951	-77.903700
	0.044822	-105.602806	115.161951	-77.844100
	0.044831	-105.219385	115.161951	-77.784500
	0.044841	-105.450892	115.161951	-77.784500
	0.044850	-105.780313	115.161951	-77.844100
	0.044859	-106.204750	115.161951	-77.903700
	0.044869	-105.826058	115.161951	-77.963300
	0.044878	-103.758364	115.161951	-77.963300
	0.044888	-103.760449	115.161951	-78.082600
	0.044897	-104.681323	115.161951	-77.963300
	0.044907	-105.080458	115.161951	-77.903700
	0.044916	-105.015653	115.161951	-77.963300
	0.044926	-104.998053	115.161951	-78.082600
	0.044935	-104.593782	115.161951	-78.142200
	0.044945	-103.588282	115.161951	-78.261400
	0.044954	-105.594661	115.161951	-78.321000
	0.044964	-104.912987	115.161951	-78.738200
	0.044973	-106.029451	115.161951	-79.036200
	0.044983	-105.431398	115.161951	-79.036200
	0.044992	-104.902795	115.161951	-79.036200
	0.045002	-104.966670	115.161951	-78.976600
	0.045011	-105.730040	115.161951	-78.917000
	0.045020	-105.310988	115.161951	-78.857400
	0.045030	-104.470717	115.161951	-78.797800
	0.045039	-103.693516	115.161951	-78.857400
	0.045049	-105.573524	115.161951	-78.857400
	0.045058	-105.415996	115.161951	-78.917000
	0.045068	-104.853631	115.161951	-78.797800
	0.045077	-104.889156	115.161951	-78.857400
	0.045087	-105.854435	115.161951	-78.917000
	0.045096	-106.495693	115.161951	-78.917000
	0.045106	-106.631168	115.161951	-78.797800
	0.045115	-105.681717	115.161951	-78.797800
	0.045125	-106.368094	115.161951	-78.738200
	0.045134	-107.558327	115.161951	-78.678600
	0.045144	-106.466364	115.161951	-78.678600
	0.045153	-107.340730	115.161951	-78.678600
	0.045162	-107.420366	115.161951	-78.619000
	0.045172	-107.547965	115.161951	-78.619000
	0.045181	-111.039879	115.161951	-78.321000
	0.045191	-111.209353	115.161951	-78.022900
	0.045200	-111.147078	115.161951	-77.963300
	0.045210	-110.956658	115.161951	-77.963300
	0.045219	-109.718871	115.161951	-77.903700
	0.045229	-111.720586	115.161951	-77.903700
	0.045238	-110.821198	115.161951	-77.903700
	0.045248	-111.020854	115.161951	-77.844100
	0.045257	-112.550757	115.161951	-77.784500
	0.045267	-113.527864	115.161951	-77.724900
	0.045276	-112.117570	115.161951	-77.605700
	0.045286	-111.919335	115.161951	-77.546100
	0.045295	-112.523932	115.161951	-77.605700
	0.045305	-111.730677	115.161951	-77.665300
	0.045314	-111.210855	115.161951	-77.665300
	0.045323	-112.277401	115.161951	-77.665300
	0.045333	-111.603640	115.161951	-77.665300
	0.045342	-111.804195	115.161951	-77.605700
	0.045352	-112.107565	115.161951	-77.605700
	0.045361	-112.598804	115.161951	-77.665300
	0.045371	-111.938382	115.161951	-77.724900
	0.045380	-115.573071	115.161951	-76.234800
	0.045390	-120.909983	115.161951	-73.791000
	0.045399	-121.749476	115.161951	-73.016200
	0.045409	-121.494892	115.161951	-72.837300
	0.045418	-121.634219	115.161951	-72.837300
	0.045428	-122.156203	115.161951	-72.837300
	0.045437	-123.424021	115.161951	-72.837300
	0.045447	-124.416300	115.161951	-72.837300
	0.045456	-122.763197	115.161951	-72.777700
	0.045465	-123.386572	115.161951	-72.718100
	0.045475	-122.811876	115.161951	-72.777700
	0.045484	-123.484218	115.161951	-72.718100
	0.045494	-131.932008	115.161951	-71.764500
	0.045503	-132.577271	115.161951	-70.453200
	0.045513	-131.013657	115.161951	-70.035900
	0.045522	-132.244647	115.161951	-69.916700
	0.045532	-133.285992	115.161951	-69.499500
	0.045541	-134.675251	115.161951	-69.141900
	0.045551	-134.181843	115.161951	-69.082200
	0.045560	-133.587339	115.161951	-69.141900
	0.045570	-134.095609	115.161951	-69.141900
	0.045579	-134.731494	115.161951	-69.082200
	0.045589	-135.507863	115.161951	-69.022600
	0.045598	-134.711764	115.161951	-69.022600
	0.045608	-135.128031	115.161951	-68.963000
	0.045617	-133.435962	115.161951	-69.082200
	0.045626	-134.347542	115.161951	-69.082200
	0.045636	-134.459371	115.161951	-69.141900
	0.045645	-134.849895	115.161951	-69.082200
	0.045655	-134.409671	115.161951	-69.141900
	0.045664	-134.089526	115.161951	-69.141900
	0.045674	-133.899879	115.161951	-69.141900
	0.045683	-133.927667	115.161951	-69.141900
	0.045693	-135.411355	115.161951	-69.201500
	0.045702	-133.940778	115.161951	-69.201500
	0.045712	-133.203021	115.161951	-69.261100
	0.045721	-133.630592	115.161951	-69.320700
	0.045731	-133.349284	115.161951	-69.320700
	0.045740	-134.626045	115.161951	-69.201500
	0.045750	-135.008571	115.161951	-69.201500
	0.045759	-133.522468	115.161951	-69.201500
	0.045768	-134.056866	115.161951	-69.141900
	0.045778	-134.330996	115.161951	-69.320700
	0.045787	-134.112270	115.161951	-69.320700
	0.045797	-135.313451	115.161951	-69.320700
	0.045806	-134.982066	115.161951	-69.320700
	0.045816	-134.762551	115.161951	-69.320700
	0.045825	-133.254341	115.161951	-69.320700
	0.045835	-134.245643	115.161951	-69.320700
	0.045844	-135.619919	115.161951	-69.201500
	0.045854	-135.785528	115.161951	-69.082200
	0.045863	-136.925223	115.161951	-68.784200
	0.045873	-137.773639	115.161951	-68.605400
	0.045882	-136.441737	115.161951	-68.545800
	0.045892	-138.185048	115.161951	-68.605400
	0.045901	-137.344875	115.161951	-68.665000
	0.045910	-137.166891	115.161951	-68.605400
	0.045920	-137.513881	115.161951	-68.724600
	0.045929	-136.488265	115.161951	-68.784200
	0.045939	-136.448414	115.161951	-68.724600
	0.045948	-138.196742	115.161951	-68.605400
	0.045958	-139.336790	115.161951	-68.307400
	0.045967	-139.347332	115.161951	-68.247800
	0.045977	-139.177182	115.161951	-68.247800
	0.045986	-139.360806	115.161951	-68.188200
	0.045996	-140.378867	115.161951	-68.247800
	0.046005	-139.770594	115.161951	-68.188200
	0.046015	-138.838346	115.161951	-68.247800
	0.046024	-138.570706	115.161951	-68.247800
	0.046034	-139.294010	115.161951	-68.307400
	0.046043	-139.381567	115.161951	-68.307400
	0.046053	-139.158696	115.161951	-68.188200
	0.046062	-140.417490	115.161951	-68.069000
	0.046071	-140.013650	115.161951	-68.069000
	0.046081	-140.147685	115.161951	-68.128600
	0.046090	-140.102557	115.161951	-68.128600
	0.046100	-140.070610	115.161951	-67.949800
	0.046109	-140.143720	115.161951	-67.711300
	0.046119	-140.067558	115.161951	-67.711300
	0.046128	-140.153053	115.161951	-67.711300
	0.046138	-140.414756	115.161951	-67.770900
	0.046147	-140.070968	115.161951	-67.770900
	0.046157	-139.909497	115.161951	-67.830600
	0.046166	-140.109034	115.161951	-67.830600
	0.046176	-141.819836	115.161951	-67.830600
	0.046185	-141.251863	115.161951	-67.830600
	0.046195	-141.048219	115.161951	-67.770900
	0.046204	-140.800753	115.161951	-67.711300
	0.046213	-140.506535	115.161951	-67.651700
	0.046223	-140.847234	115.161951	-67.711300
	0.046232	-140.995908	115.161951	-67.711300
	0.046242	-140.314194	115.161951	-67.711300
	0.046251	-140.989872	115.161951	-67.711300
	0.046261	-141.367796	115.161951	-67.711300
	0.046270	-140.583400	115.161951	-67.711300
	0.046280	-140.894243	115.161951	-67.651700
	0.046289	-141.926765	115.161951	-67.651700
	0.046299	-141.568879	115.161951	-67.651700
	0.046308	-141.812223	115.161951	-67.651700
	0.046318	-142.068440	115.161951	-67.592100
	0.046327	-141.394368	115.161951	-67.592100
	0.046337	-141.715877	115.161951	-67.532500
	0.046346	-141.967347	115.161951	-67.532500
	0.046356	-142.910359	115.161951	-67.651700
	0.046365	-142.075644	115.161951	-67.651700
	0.046374	-141.462568	115.161951	-67.651700
	0.046384	-141.839298	115.161951	-67.711300
	0.046393	-141.506177	115.161951	-67.532500
	0.046403	-144.101665	115.161951	-66.936500
	0.046412	-148.564204	115.161951	-65.506000
	0.046422	-156.512163	115.161951	-63.300600
	0.046431	-156.282392	115.161951	-62.585300
	0.046441	-154.152980	115.161951	-62.406500
	0.046450	-155.361505	115.161951	-62.406500
	0.046460	-155.234612	115.161951	-62.466100
	0.046469	-155.656281	115.161951	-62.466100
	0.046479	-155.163556	115.161951	-62.466100
	0.046488	-154.739612	115.161951	-62.466100
	0.046498	-155.476045	115.161951	-62.525700
	0.046507	-154.975386	115.161951	-62.525700
	0.046516	-154.993578	115.161951	-62.466100
	0.046526	-154.967858	115.161951	-62.287300
	0.046535	-156.314070	115.161951	-61.572100
	0.046545	-156.478308	115.161951	-61.214400
	0.046554	-156.778213	115.161951	-61.095200
	0.046564	-157.040251	115.161951	-61.035600
	0.046573	-156.818402	115.161951	-61.035600
	0.046583	-157.409090	115.161951	-61.035600
	0.046592	-157.789150	115.161951	-61.154800
	0.046602	-157.367059	115.161951	-61.154800
	0.046611	-157.713880	115.161951	-61.214400
	0.046621	-156.982579	115.161951	-61.214400
	0.046630	-157.239425	115.161951	-61.214400
	0.046640	-157.335900	115.161951	-61.214400
	0.046649	-156.586620	115.161951	-61.154800
	0.046659	-156.960690	115.161951	-61.154800
	0.046668	-155.612469	115.161951	-61.214400
	0.046677	-157.399744	115.161951	-61.214400
	0.046687	-157.294286	115.161951	-61.214400
	0.046696	-156.271596	115.161951	-61.214400
	0.046706	-156.081861	115.161951	-61.154800
	0.046715	-157.096429	115.161951	-61.214400
	0.046725	-156.435049	115.161951	-61.274000
	0.046734	-156.590913	115.161951	-61.274000
	0.046744	-156.617694	115.161951	-61.333600
	0.046753	-156.511992	115.161951	-61.333600
	0.046763	-157.468786	115.161951	-61.333600
	0.046772	-156.024344	115.161951	-61.333600
	0.046782	-156.181552	115.161951	-61.333600
	0.046791	-157.050922	115.161951	-61.333600
	0.046801	-156.475530	115.161951	-61.333600
	0.046810	-156.762030	115.161951	-61.333600
	0.046819	-156.751068	115.161951	-61.393200
	0.046829	-157.180764	115.161951	-61.452900
	0.046838	-156.608637	115.161951	-61.512500
	0.046848	-155.966644	115.161951	-61.512500
	0.046857	-157.139766	115.161951	-61.512500
	0.046867	-156.545426	115.161951	-61.452900
	0.046876	-155.953837	115.161951	-61.452900
	0.046886	-159.074716	115.161951	-61.154800
	0.046895	-159.761463	115.161951	-60.498900
	0.046905	-162.097429	115.161951	-60.022100
	0.046914	-161.681910	115.161951	-59.902900
	0.046924	-161.225330	115.161951	-59.902900
	0.046933	-161.902346	115.161951	-59.902900
	0.046943	-162.766367	115.161951	-59.902900
	0.046952	-161.605974	115.161951	-59.902900
	0.046962	-161.251561	115.161951	-59.902900
	0.046971	-161.823253	115.161951	-59.843300
	0.046980	-161.866040	115.161951	-59.843300
	0.046990	-162.798912	115.161951	-59.783700
	0.046999	-163.538292	115.161951	-59.783700
	0.047009	-160.313475	115.161951	-59.783700
	0.047018	-160.660621	115.161951	-59.783700
	0.047028	-162.129219	115.161951	-59.783700
	0.047037	-162.491062	115.161951	-59.783700
	0.047047	-162.136095	115.161951	-59.724100
	0.047056	-161.904076	115.161951	-59.783700
	0.047066	-161.952449	115.161951	-59.843300
	0.047075	-161.728316	115.161951	-59.426100
	0.047085	-164.572312	115.161951	-58.174400
	0.047094	-164.977386	115.161951	-57.518700
	0.047104	-167.740388	115.161951	-56.922700
	0.047113	-167.634685	115.161951	-56.565000
	0.047122	-166.958350	115.161951	-56.565000
	0.047132	-168.607615	115.161951	-56.684300
	0.047141	-167.557959	115.161951	-56.743900
	0.047151	-167.641023	115.161951	-56.624600
	0.047160	-167.521268	115.161951	-56.565000
	0.047170	-168.335431	115.161951	-56.565000
	0.047179	-167.394695	115.161951	-56.505400
	0.047189	-165.733947	115.161951	-56.445800
	0.047198	-167.652908	115.161951	-56.445800
	0.047208	-167.718430	115.161951	-56.267000
	0.047217	-167.390118	115.161951	-56.207400
	0.047227	-168.503807	115.161951	-56.267000
	0.047236	-168.562472	115.161951	-56.267000
	0.047246	-168.353780	115.161951	-56.267000
	0.047255	-167.146175	115.161951	-56.267000
	0.047265	-167.923920	115.161951	-56.267000
	0.047274	-168.423055	115.161951	-56.326600
	0.047283	-169.089045	115.161951	-56.267000
	0.047293	-169.104009	115.161951	-56.267000
	0.047302	-168.425013	115.161951	-56.207400
	0.047312	-169.346671	115.161951	-56.088200
	0.047321	-169.830065	115.161951	-56.088200
	0.047331	-169.987991	115.161951	-56.147800
	0.047340	-168.616660	115.161951	-56.147800
	0.047350	-169.106026	115.161951	-56.088200
	0.047359	-170.675868	115.161951	-56.088200
	0.047369	-168.910732	115.161951	-56.088200
	0.047378	-169.327401	115.161951	-56.088200
	0.047388	-169.768232	115.161951	-56.028600
	0.047397	-168.947768	115.161951	-55.969000
	0.047407	-168.577994	115.161951	-55.969000
	0.047416	-170.598446	115.161951	-55.969000
	0.047425	-171.147766	115.161951	-55.969000
	0.047435	-168.014262	115.161951	-55.969000
	0.047444	-170.064505	115.161951	-55.849800
	0.047454	-170.624868	115.161951	-55.671000
	0.047463	-169.883841	115.161951	-55.611400
	0.047473	-171.177938	115.161951	-55.611400
	0.047482	-170.717739	115.161951	-55.611400
	0.047492	-169.582495	115.161951	-55.551800
	0.047501	-168.935767	115.161951	-55.611400
	0.047511	-170.963809	115.161951	-55.551800
	0.047520	-170.708156	115.161951	-55.551800
	0.047530	-169.850946	115.161951	-55.551800
	0.047539	-171.727891	115.161951	-55.551800
	0.047549	-171.656800	115.161951	-55.551800
	0.047558	-169.961009	115.161951	-55.551800
	0.047568	-169.628013	115.161951	-55.551800
	0.047577	-170.086406	115.161951	-55.551800
	0.047586	-169.754986	115.161951	-55.551800
	0.047596	-169.728505	115.161951	-55.551800
	0.047605	-171.526126	115.161951	-55.432600
	0.047615	-171.365763	115.161951	-55.372900
	0.047624	-169.616991	115.161951	-55.313300
	0.047634	-170.090376	115.161951	-55.313300
	0.047643	-171.735878	115.161951	-55.313300
	0.047653	-169.346697	115.161951	-55.313300
	0.047662	-169.956242	115.161951	-55.253700
	0.047672	-170.504037	115.161951	-55.253700
	0.047681	-171.674025	115.161951	-55.194100
	0.047691	-171.734480	115.161951	-55.134500
	0.047700	-171.221406	115.161951	-55.134500
	0.047710	-172.400206	115.161951	-55.134500
	0.047719	-169.681505	115.161951	-55.134500
	0.047728	-169.851566	115.161951	-55.253700
	0.047738	-170.891085	115.161951	-55.253700
	0.047747	-169.231532	115.161951	-55.253700
	0.047757	-170.402607	115.161951	-55.253700
	0.047766	-170.271947	115.161951	-55.253700
	0.047776	-171.713937	115.161951	-55.015300
	0.047785	-172.477991	115.161951	-54.598100
	0.047795	-172.383403	115.161951	-54.478900
	0.047804	-172.929080	115.161951	-54.478900
	0.047814	-172.388550	115.161951	-54.478900
	0.047823	-173.906176	115.161951	-54.478900
	0.047833	-173.323842	115.161951	-54.478900
	0.047842	-172.977730	115.161951	-54.478900
	0.047852	-172.695058	115.161951	-54.478900
	0.047861	-173.027982	115.161951	-54.478900
	0.047871	-172.489485	115.161951	-54.419300
	0.047880	-173.427248	115.161951	-54.300100
	0.047889	-172.751000	115.161951	-54.300100
	0.047899	-173.384541	115.161951	-54.300100
	0.047908	-171.524819	115.161951	-54.300100
	0.047918	-172.359046	115.161951	-54.300100
	0.047927	-172.107239	115.161951	-54.359700
	0.047937	-172.399265	115.161951	-54.300100
	0.047946	-173.044404	115.161951	-54.240500
	0.047956	-172.960734	115.161951	-54.180900
	0.047965	-172.793472	115.161951	-54.180900
	0.047975	-172.578134	115.161951	-54.180900
	0.047984	-173.207419	115.161951	-54.180900
	0.047994	-173.006918	115.161951	-54.240500
	0.048003	-172.981276	115.161951	-54.121300
	0.048013	-171.925825	115.161951	-54.121300
	0.048022	-174.267983	115.161951	-54.121300
	0.048031	-172.655029	115.161951	-54.121300
	0.048041	-172.181899	115.161951	-54.180900
	0.048050	-172.366538	115.161951	-54.180900
	0.048060	-173.888398	115.161951	-54.121300
	0.048069	-172.554422	115.161951	-54.121300
	0.048079	-171.934542	115.161951	-54.121300
	0.048088	-173.612359	115.161951	-54.180900
	0.048098	-172.733866	115.161951	-54.240500
	0.048107	-174.252705	115.161951	-54.061600
	0.048117	-176.381652	115.161951	-53.584800
	0.048126	-178.008603	115.161951	-53.108000
	0.048136	-177.297422	115.161951	-52.929200
	0.048145	-177.243152	115.161951	-52.929200
	0.048155	-177.895280	115.161951	-52.869600
	0.048164	-177.151184	115.161951	-52.869600
	0.048174	-177.953675	115.161951	-52.809900
	0.048183	-176.774798	115.161951	-52.809900
	0.048192	-177.179449	115.161951	-52.809900
	0.048202	-177.706871	115.161951	-52.809900
	0.048211	-177.705613	115.161951	-52.809900
	0.048221	-177.309856	115.161951	-52.809900
	0.048230	-177.026655	115.161951	-52.809900
	0.048240	-177.367522	115.161951	-52.809900
	0.048249	-177.426548	115.161951	-52.750300
	0.048259	-177.243820	115.161951	-52.750300
	0.048268	-176.726104	115.161951	-52.750300
	0.048278	-178.205200	115.161951	-52.750300
	0.048287	-177.003448	115.161951	-52.809900
	0.048297	-178.963312	115.161951	-52.809900
	0.048306	-177.353681	115.161951	-52.750300
	0.048316	-177.734554	115.161951	-52.809900
	0.048325	-176.357872	115.161951	-52.809900
	0.048334	-177.791313	115.161951	-52.750300
	0.048344	-179.077920	115.161951	-52.452300
	0.048353	-180.229854	115.161951	-51.737100
	0.048363	-181.412877	115.161951	-51.498600
	0.048372	-180.250997	115.161951	-51.439000
	0.048382	-179.920041	115.161951	-51.498600
	0.048391	-178.820724	115.161951	-51.439000
	0.048401	-179.530805	115.161951	-51.379400
	0.048410	-178.483540	115.161951	-51.379400
	0.048420	-179.262342	115.161951	-51.379400
	0.048429	-179.708779	115.161951	-51.379400
	0.048439	-179.111369	115.161951	-51.379400
	0.048448	-179.960077	115.161951	-51.319800
	0.048458	-179.865805	115.161951	-51.260200
	0.048467	-178.944910	115.161951	-51.319800
	0.048477	-179.248550	115.161951	-51.319800
	0.048486	-179.633161	115.161951	-51.319800
	0.048495	-179.119363	115.161951	-51.319800
	0.048505	-178.222809	115.161951	-51.319800
	0.048514	-179.557007	115.161951	-51.319800
	0.048524	-179.209702	115.161951	-51.200600
	0.048533	-179.868395	115.161951	-51.200600
	0.048543	-180.307461	115.161951	-51.200600
	0.048552	-180.839470	115.161951	-51.200600
	0.048562	-179.207577	115.161951	-51.200600
	0.048571	-179.451215	115.161951	-51.200600
	0.048581	-179.309902	115.161951	-51.260200
	0.048590	-179.387863	115.161951	-51.200600
	0.048600	-179.556673	115.161951	-51.260200
	0.048609	-178.911815	115.161951	-51.260200
	0.048619	-178.422931	115.161951	-51.200600
	0.048628	-178.863128	115.161951	-51.141000
	0.048637	-180.049830	115.161951	-51.200600
	0.048647	-178.512818	115.161951	-51.200600
	0.048656	-179.571535	115.161951	-51.260200
	0.048666	-180.684440	115.161951	-51.200600
	0.048675	-179.351274	115.161951	-51.141000
	0.048685	-179.338646	115.161951	-51.141000
	0.048694	-179.789463	115.161951	-51.141000
	0.048704	-180.160006	115.161951	-51.200600
	0.048713	-178.927601	115.161951	-51.200600
	0.048723	-180.803686	115.161951	-51.200600
	0.048732	-180.109952	115.161951	-51.141000
	0.048742	-180.232304	115.161951	-51.141000
	0.048751	-180.464877	115.161951	-51.141000
	0.048761	-180.094418	115.161951	-51.081400
	0.048770	-180.059312	115.161951	-51.081400
	0.048780	-180.760669	115.161951	-51.141000
	0.048789	-180.021502	115.161951	-51.141000
	0.048798	-179.517724	115.161951	-51.200600
	0.048808	-179.828375	115.161951	-51.081400
	0.048817	-179.599442	115.161951	-51.081400
	0.048827	-178.520425	115.161951	-51.141000
	0.048836	-179.367872	115.161951	-51.141000
	0.048846	-179.341764	115.161951	-51.021800
	0.048855	-179.516065	115.161951	-51.081400
	0.048865	-180.720567	115.161951	-51.081400
	0.048874	-180.834314	115.161951	-51.141000
	0.048884	-179.698711	115.161951	-51.200600
	0.048893	-179.482272	115.161951	-51.200600
	0.048903	-180.217832	115.161951	-51.200600
	0.048912	-179.910934	115.161951	-51.200600
	0.048922	-179.425938	115.161951	-51.200600
	0.048931	-178.926165	115.161951	-51.141000
	0.048940	-179.169074	115.161951	-51.141000
	0.048950	-179.556002	115.161951	-51.200600
	0.048959	-178.856491	115.161951	-51.200600
	0.048969	-178.926569	115.161951	-51.141000
	0.048978	-179.085690	115.161951	-51.260200
	0.048988	-179.847169	115.161951	-51.200600
	0.048997	-177.331454	115.161951	-51.260200
	0.049007	-179.767995	115.161951	-51.319800
	0.049016	-179.015353	115.161951	-51.260200
	0.049026	-179.611189	115.161951	-51.319800
	0.049035	-178.800315	115.161951	-51.379400
	0.049045	-180.774367	115.161951	-51.379400
	0.049054	-178.616171	115.161951	-51.379400
	0.049064	-179.244450	115.161951	-51.319800
	0.049073	-179.379352	115.161951	-51.379400
	0.049083	-180.151584	115.161951	-51.379400
	0.049092	-178.971317	115.161951	-51.379400
	0.049101	-179.739851	115.161951	-51.379400
	0.049111	-180.206881	115.161951	-51.379400
	0.049120	-178.809624	115.161951	-51.379400
	0.049130	-178.402053	115.161951	-51.439000
	0.049139	-180.832846	115.161951	-51.439000
	0.049149	-178.819167	115.161951	-51.439000
	0.049158	-179.166018	115.161951	-51.439000
	0.049168	-180.012949	115.161951	-51.439000
	0.049177	-178.842594	115.161951	-51.439000
	0.049187	-179.510772	115.161951	-51.498600
	0.049196	-179.676748	115.161951	-51.498600
	0.049206	-179.829748	115.161951	-51.498600
	0.049215	-180.119788	115.161951	-51.439000
	0.049225	-179.143009	115.161951	-51.439000
	0.049234	-179.598492	115.161951	-51.439000
	0.049243	-178.976001	115.161951	-51.439000
	0.049253	-179.720798	115.161951	-51.439000
	0.049262	-178.832166	115.161951	-51.558300
	0.049272	-178.970038	115.161951	-51.617900
	0.049281	-180.798325	115.161951	-51.498600
	0.049291	-179.804478	115.161951	-51.498600
	0.049300	-179.239302	115.161951	-51.498600
	0.049310	-179.448233	115.161951	-51.617900
	0.049319	-179.611385	115.161951	-51.617900
	0.049329	-178.841117	115.161951	-51.558300
	0.049338	-179.566444	115.161951	-51.617900
	0.049348	-179.587121	115.161951	-51.617900
	0.049357	-179.053746	115.161951	-51.617900
	0.049367	-179.312928	115.161951	-51.617900
	0.049376	-179.497453	115.161951	-51.617900
	0.049386	-179.153276	115.161951	-51.617900
	0.049395	-179.242290	115.161951	-51.617900
	0.049404	-180.253905	115.161951	-51.558300
	0.049414	-179.268276	115.161951	-51.558300
	0.049423	-178.857314	115.161951	-51.498600
	0.049433	-180.092735	115.161951	-51.617900
	0.049442	-179.953418	115.161951	-51.617900
	0.049452	-179.314729	115.161951	-51.617900
	0.049461	-179.974909	115.161951	-51.617900
	0.049471	-179.640575	115.161951	-51.617900
	0.049480	-179.800107	115.161951	-51.617900
	0.049490	-181.391701	115.161951	-51.677500
	0.049499	-180.146393	115.161951	-51.677500
	0.049509	-178.924451	115.161951	-51.677500
	0.049518	-179.647673	115.161951	-51.677500
	0.049528	-179.749559	115.161951	-51.737100
	0.049537	-178.064629	115.161951	-51.737100
	0.049546	-178.924802	115.161951	-51.737100
	0.049556	-179.661167	115.161951	-51.737100
	0.049565	-178.272904	115.161951	-51.737100
	0.049575	-179.808829	115.161951	-51.677500
	0.049584	-178.910638	115.161951	-51.737100
	0.049594	-178.369121	115.161951	-51.737100
	0.049603	-178.488508	115.161951	-51.677500
	0.049613	-180.482920	115.161951	-51.737100
	0.049622	-177.611717	115.161951	-51.737100
	0.049632	-177.330959	115.161951	-51.677500
	0.049641	-179.749521	115.161951	-51.617900
	0.049651	-178.742378	115.161951	-51.617900
	0.049660	-179.208434	115.161951	-51.677500
	0.049670	-177.963030	115.161951	-51.558300
	0.049679	-178.667797	115.161951	-51.498600
	0.049689	-178.976004	115.161951	-51.617900
	0.049698	-178.745803	115.161951	-51.558300
	0.049707	-177.118635	115.161951	-51.558300
	0.049717	-180.455212	115.161951	-51.617900
	0.049726	-179.777160	115.161951	-51.617900
	0.049736	-178.904869	115.161951	-51.558300
	0.049745	-178.713920	115.161951	-51.498600
	0.049755	-180.055288	115.161951	-51.617900
	0.049764	-179.085624	115.161951	-51.617900
	0.049774	-178.494318	115.161951	-51.558300
	0.049783	-178.385623	115.161951	-51.498600
	0.049793	-178.421083	115.161951	-51.558300
	0.049802	-178.148142	115.161951	-51.558300
	0.049812	-179.229218	115.161951	-51.558300
	0.049821	-179.455642	115.161951	-51.498600
	0.049831	-179.476547	115.161951	-51.439000
	0.049840	-181.182799	115.161951	-51.379400
	0.049849	-179.427438	115.161951	-51.379400
	0.049859	-180.571380	115.161951	-51.379400
	0.049868	-180.955282	115.161951	-51.379400
	0.049878	-179.567031	115.161951	-51.319800
	0.049887	-180.687130	115.161951	-51.260200
	0.049897	-181.094140	115.161951	-51.260200
	0.049906	-179.098556	115.161951	-51.319800
	0.049916	-178.689255	115.161951	-51.319800
	0.049925	-180.312191	115.161951	-51.319800
	0.049935	-180.695397	115.161951	-51.319800
	0.049944	-179.027895	115.161951	-51.260200
	0.049954	-180.557422	115.161951	-51.260200
	0.049963	-179.507216	115.161951	-51.200600
	0.049973	-181.037343	115.161951	-51.200600
	0.049982	-180.570177	115.161951	-51.200600
	0.049991	-180.131396	115.161951	-51.200600
	0.050001	-179.866918	115.161951	-51.141000
	0.050010	-180.332181	115.161951	-51.141000
	0.050020	-179.092384	115.161951	-51.200600
	0.050029	-179.663871	115.161951	-51.200600
	0.050039	-179.793030	115.161951	-51.141000
	0.050048	-179.702001	115.161951	-51.141000
	0.050058	-179.795310	115.161951	-51.141000
	0.050067	-179.987265	115.161951	-51.141000
	0.050077	-179.900926	115.161951	-51.200600
	0.050086	-180.509275	115.161951	-51.260200
	0.050096	-180.959952	115.161951	-51.260200
	0.050105	-180.906140	115.161951	-51.260200
	0.050115	-180.586614	115.161951	-51.200600
	0.050124	-180.003976	115.161951	-51.260200
	0.050134	-179.863736	115.161951	-51.319800
	0.050143	-179.865934	115.161951	-51.319800
	0.050152	-179.839569	115.161951	-51.319800
	0.050162	-179.729439	115.161951	-51.200600
	0.050171	-178.838574	115.161951	-51.200600
	0.050181	-179.611750	115.161951	-51.200600
	0.050190	-178.945393	115.161951	-51.200600
	0.050200	-178.939098	115.161951	-51.200600
	0.050209	-179.055960	115.161951	-51.200600
	0.050219	-178.646808	115.161951	-51.200600
	0.050228	-179.424889	115.161951	-51.141000
	0.050238	-179.382019	115.161951	-51.141000
	0.050247	-180.068195	115.161951	-51.260200
	0.050257	-178.289992	115.161951	-51.319800
	0.050266	-179.999855	115.161951	-51.200600
	0.050276	-179.617990	115.161951	-51.260200
	0.050285	-179.370938	115.161951	-51.200600
	0.050294	-180.467011	115.161951	-51.319800
	0.050304	-180.283755	115.161951	-51.379400
	0.050313	-178.542333	115.161951	-51.439000
	0.050323	-179.200867	115.161951	-51.498600
	0.050332	-179.871798	115.161951	-51.498600
	0.050342	-178.874614	115.161951	-51.439000
	0.050351	-179.218570	115.161951	-51.498600
	0.050361	-179.707082	115.161951	-51.498600
	0.050370	-179.383935	115.161951	-51.617900
	0.050380	-179.103651	115.161951	-51.558300
	0.050389	-177.971459	115.161951	-51.498600
	0.050399	-178.720852	115.161951	-51.498600
	0.050408	-179.452625	115.161951	-51.439000
	0.050418	-179.177590	115.161951	-51.439000
	0.050427	-178.580162	115.161951	-51.439000
	0.050437	-178.836837	115.161951	-51.439000
	0.050446	-179.286926	115.161951	-51.439000
	0.050455	-178.388704	115.161951	-51.498600
	0.050465	-178.411938	115.161951	-51.498600
	0.050474	-179.498077	115.161951	-51.558300
	0.050484	-178.960615	115.161951	-51.498600
