	-0.071022	2.214324	115.161951	-22.173000
	-0.068270	1.502581	115.161951	-22.113400
	-0.065518	1.070792	115.161951	-22.232600
	-0.062767	1.279939	115.161951	-22.411500
	-0.060015	1.566058	115.161951	-22.590300
	-0.057264	1.523917	115.161951	-22.709500
	-0.054512	1.638188	115.161951	-22.947900
	-0.051760	1.475687	115.161951	-23.126700
	-0.049009	1.062861	115.161951	-23.305500
	-0.046257	1.236318	115.161951	-23.722800
	-0.043506	1.168675	115.161951	-23.961200
	-0.040754	0.691888	115.161951	-24.259200
	-0.038002	0.181471	115.161951	-24.557200
	-0.035251	1.131390	115.161951	-24.855300
	-0.032499	0.718174	115.161951	-25.212900
	-0.029748	0.188270	115.161951	-25.749300
	-0.026996	-0.333597	115.161951	-26.047300
	-0.024245	-0.560167	115.161951	-26.405000
	-0.021493	0.545957	115.161951	-26.881800
	-0.018741	-0.970313	115.161951	-27.418300
	-0.015990	0.349302	115.161951	-27.954700
	-0.013238	-0.882871	115.161951	-28.431500
	-0.010487	-1.601705	115.161951	-29.146800
	-0.007735	-1.390456	115.161951	-29.683200
	-0.004984	-2.478925	115.161951	-30.398500
	-0.002232	-2.636786	115.161951	-31.173500
	0.000520	-4.157277	115.161951	-32.186700
	0.003271	-3.464650	115.161951	-32.842400
	0.006023	-4.133097	115.161951	-33.855700
	0.008774	-4.235632	115.161951	-34.988200
	0.011526	-4.998355	115.161951	-36.478300
	0.014278	-5.079248	115.161951	-38.147200
	0.017029	-6.631183	115.161951	-39.339300
	0.019781	-7.209770	115.161951	-41.127400
	0.022532	-8.144327	115.161951	-43.988500
	0.025284	-8.146314	115.161951	-46.015000
	0.028036	-9.902250	115.161951	-49.233700
	0.030787	-11.650258	115.161951	-52.809900
	0.033539	-14.008912	115.161951	-58.055200
	0.036290	-15.220858	115.161951	-63.002600
	0.036290	-19.725451	115.161951	-67.890200
	0.036300	-20.506381	115.161951	-69.439900
	0.036309	-19.551273	115.161951	-69.916700
	0.036319	-19.812674	115.161951	-69.916700
	0.036328	-20.017858	115.161951	-69.916700
	0.036338	-19.166515	115.161951	-69.976300
	0.036347	-19.216785	115.161951	-70.035900
	0.036357	-19.781458	115.161951	-70.035900
	0.036366	-19.390555	115.161951	-70.035900
	0.036376	-19.826612	115.161951	-70.035900
	0.036385	-19.476176	115.161951	-70.035900
	0.036394	-19.421669	115.161951	-70.035900
	0.036404	-19.314877	115.161951	-70.095500
	0.036413	-20.736557	115.161951	-70.155100
	0.036423	-19.819246	115.161951	-70.155100
	0.036432	-20.853893	115.161951	-70.155100
	0.036442	-21.067117	115.161951	-70.155100
	0.036451	-19.101157	115.161951	-70.155100
	0.036461	-20.104049	115.161951	-70.095500
	0.036470	-19.952332	115.161951	-70.095500
	0.036480	-20.260509	115.161951	-70.095500
	0.036489	-19.502493	115.161951	-70.214700
	0.036499	-19.098189	115.161951	-70.274300
	0.036508	-18.428538	115.161951	-70.274300
	0.036518	-19.265579	115.161951	-70.274300
	0.036527	-19.382102	115.161951	-70.274300
	0.036537	-19.655243	115.161951	-70.333900
	0.036546	-19.605854	115.161951	-70.333900
	0.036555	-20.157283	115.161951	-70.453200
	0.036565	-19.432606	115.161951	-70.453200
	0.036574	-19.074594	115.161951	-70.333900
	0.036584	-19.252200	115.161951	-70.333900
	0.036593	-19.160721	115.161951	-70.453200
	0.036603	-18.727698	115.161951	-70.453200
	0.036612	-19.300759	115.161951	-70.453200
	0.036622	-20.044668	115.161951	-70.512800
	0.036631	-21.014684	115.161951	-70.512800
	0.036641	-20.274888	115.161951	-70.572400
	0.036650	-20.592785	115.161951	-70.632000
	0.036660	-20.914035	115.161951	-70.632000
	0.036669	-19.758985	115.161951	-70.632000
	0.036679	-19.873693	115.161951	-70.751200
	0.036688	-20.271169	115.161951	-70.751200
	0.036697	-19.183400	115.161951	-70.810800
	0.036707	-18.277965	115.161951	-70.810800
	0.036716	-19.089344	115.161951	-70.870400
	0.036726	-19.390578	115.161951	-70.930000
	0.036735	-19.873210	115.161951	-70.989600
	0.036745	-20.588335	115.161951	-71.049200
	0.036754	-19.720652	115.161951	-70.989600
	0.036764	-19.161256	115.161951	-70.989600
	0.036773	-20.260633	115.161951	-70.989600
	0.036783	-20.163887	115.161951	-70.989600
	0.036792	-19.824786	115.161951	-71.108800
	0.036802	-19.178202	115.161951	-71.168400
	0.036811	-20.426423	115.161951	-71.108800
	0.036821	-20.149743	115.161951	-71.108800
	0.036830	-19.694477	115.161951	-71.108800
	0.036840	-20.226712	115.161951	-71.168400
	0.036849	-19.588525	115.161951	-71.287600
	0.036858	-20.092720	115.161951	-71.287600
	0.036868	-19.785806	115.161951	-71.168400
	0.036877	-19.743882	115.161951	-71.228000
	0.036887	-19.737815	115.161951	-71.287600
	0.036896	-19.483565	115.161951	-71.287600
	0.036906	-19.914520	115.161951	-71.287600
	0.036915	-20.588900	115.161951	-71.287600
	0.036925	-20.179307	115.161951	-71.347200
	0.036934	-19.716335	115.161951	-71.406800
	0.036944	-20.635803	115.161951	-71.406800
	0.036953	-20.050465	115.161951	-71.406800
	0.036963	-20.059845	115.161951	-71.406800
	0.036972	-20.179162	115.161951	-71.466400
	0.036982	-19.957458	115.161951	-71.466400
	0.036991	-20.195435	115.161951	-71.406800
	0.037000	-21.033700	115.161951	-71.466400
	0.037010	-20.716752	115.161951	-71.466400
	0.037019	-19.751817	115.161951	-71.466400
	0.037029	-19.796328	115.161951	-71.526000
	0.037038	-21.041713	115.161951	-71.585600
	0.037048	-20.236853	115.161951	-71.585600
	0.037057	-19.493318	115.161951	-71.585600
	0.037067	-20.067186	115.161951	-71.585600
	0.037076	-20.038926	115.161951	-71.585600
	0.037086	-21.065173	115.161951	-71.585600
	0.037095	-21.680476	115.161951	-71.585600
	0.037105	-20.860349	115.161951	-71.645200
	0.037114	-20.552527	115.161951	-71.645200
	0.037124	-22.238942	115.161951	-71.645200
	0.037133	-21.497377	115.161951	-71.645200
	0.037143	-21.029797	115.161951	-71.704900
	0.037152	-20.596824	115.161951	-71.704900
	0.037161	-21.104218	115.161951	-71.704900
	0.037171	-22.223085	115.161951	-71.645200
	0.037180	-20.347536	115.161951	-71.645200
	0.037190	-21.007436	115.161951	-71.704900
	0.037199	-20.210472	115.161951	-71.645200
	0.037209	-19.948182	115.161951	-71.704900
	0.037218	-20.946104	115.161951	-71.704900
	0.037228	-21.593976	115.161951	-71.764500
	0.037237	-20.762395	115.161951	-71.704900
	0.037247	-20.070183	115.161951	-71.704900
	0.037256	-20.014390	115.161951	-71.704900
	0.037266	-20.047949	115.161951	-71.645200
	0.037275	-20.198011	115.161951	-71.704900
	0.037285	-19.772380	115.161951	-71.704900
	0.037294	-19.268623	115.161951	-71.704900
	0.037303	-19.599822	115.161951	-71.704900
	0.037313	-20.652525	115.161951	-71.704900
	0.037322	-20.441652	115.161951	-71.704900
	0.037332	-20.515881	115.161951	-71.704900
	0.037341	-20.848565	115.161951	-71.764500
	0.037351	-21.108193	115.161951	-71.704900
	0.037360	-19.679739	115.161951	-71.704900
	0.037370	-20.421338	115.161951	-71.704900
	0.037379	-18.886478	115.161951	-71.704900
	0.037389	-19.644838	115.161951	-71.764500
	0.037398	-19.310331	115.161951	-71.764500
	0.037408	-19.379687	115.161951	-71.883700
	0.037417	-19.723425	115.161951	-71.824100
	0.037427	-19.715084	115.161951	-71.883700
	0.037436	-20.119313	115.161951	-71.883700
	0.037446	-19.566419	115.161951	-71.883700
	0.037455	-20.254005	115.161951	-71.883700
	0.037464	-21.084981	115.161951	-71.824100
	0.037474	-20.305652	115.161951	-71.824100
	0.037483	-20.892888	115.161951	-71.883700
	0.037493	-20.421009	115.161951	-71.883700
	0.037502	-19.775739	115.161951	-71.943300
	0.037512	-19.719846	115.161951	-72.002900
	0.037521	-20.342233	115.161951	-72.062500
	0.037531	-19.991009	115.161951	-72.062500
	0.037540	-20.190099	115.161951	-72.241300
	0.037550	-20.496032	115.161951	-72.360500
	0.037559	-20.933317	115.161951	-72.360500
	0.037569	-21.194851	115.161951	-72.300900
	0.037578	-20.536006	115.161951	-72.300900
	0.037588	-19.579987	115.161951	-72.420100
	0.037597	-20.571681	115.161951	-72.420100
	0.037606	-21.400382	115.161951	-72.420100
	0.037616	-20.797966	115.161951	-72.420100
	0.037625	-20.912359	115.161951	-72.479700
	0.037635	-21.117694	115.161951	-72.539300
	0.037644	-20.887490	115.161951	-72.598900
	0.037654	-20.206089	115.161951	-72.539300
	0.037663	-19.975599	115.161951	-72.598900
	0.037673	-20.666304	115.161951	-72.598900
	0.037682	-20.530133	115.161951	-72.598900
	0.037692	-19.165372	115.161951	-72.598900
	0.037701	-20.706347	115.161951	-72.658500
	0.037711	-20.676578	115.161951	-72.598900
	0.037720	-20.313806	115.161951	-72.658500
	0.037730	-20.621574	115.161951	-72.658500
	0.037739	-19.688330	115.161951	-72.718100
	0.037748	-19.464717	115.161951	-72.777700
	0.037758	-19.877915	115.161951	-72.777700
	0.037767	-19.599957	115.161951	-72.718100
	0.037777	-20.826634	115.161951	-72.718100
	0.037786	-21.483981	115.161951	-72.777700
	0.037796	-19.696082	115.161951	-72.837300
	0.037805	-19.621147	115.161951	-72.896900
	0.037815	-19.370561	115.161951	-72.837300
	0.037824	-20.238000	115.161951	-72.837300
	0.037834	-18.909662	115.161951	-72.896900
	0.037843	-19.725527	115.161951	-72.896900
	0.037853	-19.891767	115.161951	-72.956600
	0.037862	-19.351657	115.161951	-72.956600
	0.037872	-19.715689	115.161951	-73.016200
	0.037881	-19.505062	115.161951	-72.956600
	0.037891	-19.519197	115.161951	-73.016200
	0.037900	-20.872360	115.161951	-73.016200
	0.037909	-20.039313	115.161951	-73.016200
	0.037919	-20.060787	115.161951	-72.956600
	0.037928	-20.779537	115.161951	-73.016200
	0.037938	-20.746841	115.161951	-73.075800
	0.037947	-20.778804	115.161951	-73.075800
	0.037957	-20.626097	115.161951	-73.075800
	0.037966	-20.529955	115.161951	-73.075800
	0.037976	-21.836886	115.161951	-73.075800
	0.037985	-21.095063	115.161951	-73.135400
	0.037995	-21.083336	115.161951	-73.135400
	0.038004	-21.609909	115.161951	-73.195000
	0.038014	-20.571423	115.161951	-73.195000
	0.038023	-20.677084	115.161951	-73.135400
	0.038033	-20.488985	115.161951	-73.135400
	0.038042	-20.603355	115.161951	-73.195000
	0.038051	-20.624911	115.161951	-73.254600
	0.038061	-19.058178	115.161951	-73.314200
	0.038070	-20.412800	115.161951	-73.373800
	0.038080	-19.202270	115.161951	-73.373800
	0.038089	-19.878488	115.161951	-73.373800
	0.038099	-20.293237	115.161951	-73.433400
	0.038108	-19.127669	115.161951	-73.433400
	0.038118	-19.941487	115.161951	-73.433400
	0.038127	-20.981940	115.161951	-73.433400
	0.038137	-21.610326	115.161951	-73.552600
	0.038146	-19.500751	115.161951	-73.552600
	0.038156	-20.623837	115.161951	-73.552600
	0.038165	-20.448378	115.161951	-73.552600
	0.038175	-19.809051	115.161951	-73.433400
	0.038184	-21.735932	115.161951	-73.552600
	0.038194	-19.800806	115.161951	-73.612200
	0.038203	-19.460293	115.161951	-73.671800
	0.038212	-20.280924	115.161951	-73.671800
	0.038222	-20.062384	115.161951	-73.671800
	0.038231	-20.174271	115.161951	-73.671800
	0.038241	-21.345327	115.161951	-73.731400
	0.038250	-20.778995	115.161951	-73.791000
	0.038260	-21.291620	115.161951	-73.850600
	0.038269	-20.949738	115.161951	-73.850600
	0.038279	-19.893904	115.161951	-73.850600
	0.038288	-20.856725	115.161951	-73.850600
	0.038298	-22.469706	115.161951	-73.850600
	0.038307	-21.253916	115.161951	-73.850600
	0.038317	-20.947229	115.161951	-73.850600
	0.038326	-21.249664	115.161951	-73.850600
	0.038336	-21.097845	115.161951	-73.910200
	0.038345	-20.585795	115.161951	-73.969800
	0.038354	-20.658842	115.161951	-73.969800
	0.038364	-20.132271	115.161951	-74.029400
	0.038373	-20.482485	115.161951	-74.089000
	0.038383	-19.974890	115.161951	-74.029400
	0.038392	-20.299769	115.161951	-74.089000
	0.038402	-20.384533	115.161951	-74.148600
	0.038411	-19.742292	115.161951	-74.208200
	0.038421	-19.789367	115.161951	-74.208200
	0.038430	-19.233022	115.161951	-74.208200
	0.038440	-20.022753	115.161951	-74.327500
	0.038449	-19.821237	115.161951	-74.387100
	0.038459	-19.976042	115.161951	-74.327500
	0.038468	-20.679937	115.161951	-74.327500
	0.038478	-20.580253	115.161951	-74.387100
	0.038487	-21.035678	115.161951	-74.446700
	0.038497	-20.584265	115.161951	-74.387100
	0.038506	-20.846240	115.161951	-74.387100
	0.038515	-20.228051	115.161951	-74.446700
	0.038525	-19.437589	115.161951	-74.387100
	0.038534	-21.213187	115.161951	-74.387100
	0.038544	-20.502753	115.161951	-74.446700
	0.038553	-21.477727	115.161951	-74.446700
	0.038563	-19.886894	115.161951	-74.446700
	0.038572	-20.158561	115.161951	-74.446700
	0.038582	-20.411932	115.161951	-74.446700
	0.038591	-20.763813	115.161951	-74.506300
	0.038601	-19.371086	115.161951	-74.506300
	0.038610	-20.705614	115.161951	-74.565900
	0.038620	-20.070664	115.161951	-74.565900
	0.038629	-20.347095	115.161951	-74.565900
	0.038639	-19.202509	115.161951	-74.565900
	0.038648	-20.018583	115.161951	-74.625500
	0.038657	-20.182583	115.161951	-74.685100
	0.038667	-20.611808	115.161951	-74.685100
	0.038676	-20.185982	115.161951	-74.685100
	0.038686	-20.056066	115.161951	-74.744700
	0.038695	-20.689605	115.161951	-74.804300
	0.038705	-21.223907	115.161951	-74.863900
	0.038714	-20.398062	115.161951	-74.863900
	0.038724	-21.470077	115.161951	-74.863900
	0.038733	-21.244384	115.161951	-74.804300
	0.038743	-21.974919	115.161951	-74.923500
	0.038752	-20.938236	115.161951	-74.983100
	0.038762	-21.232997	115.161951	-74.983100
	0.038771	-21.310401	115.161951	-74.983100
	0.038781	-22.195431	115.161951	-74.983100
	0.038790	-21.199805	115.161951	-74.983100
	0.038800	-21.230768	115.161951	-74.983100
	0.038809	-21.418818	115.161951	-74.983100
	0.038818	-20.500390	115.161951	-75.042700
	0.038828	-21.417942	115.161951	-75.042700
	0.038837	-20.960546	115.161951	-75.042700
	0.038847	-20.905504	115.161951	-75.042700
	0.038856	-21.479647	115.161951	-75.102300
	0.038866	-20.947649	115.161951	-75.161900
	0.038875	-20.730220	115.161951	-75.221500
	0.038885	-21.033155	115.161951	-75.281100
	0.038894	-21.462064	115.161951	-75.281100
	0.038904	-21.982086	115.161951	-75.281100
	0.038913	-20.392351	115.161951	-75.281100
	0.038923	-20.475449	115.161951	-75.281100
	0.038932	-20.855116	115.161951	-75.340700
	0.038942	-20.702746	115.161951	-75.459900
	0.038951	-19.872813	115.161951	-75.459900
	0.038960	-20.885749	115.161951	-75.519600
	0.038970	-21.109605	115.161951	-75.519600
	0.038979	-20.922282	115.161951	-75.519600
	0.038989	-21.196688	115.161951	-75.579200
	0.038998	-20.293793	115.161951	-75.579200
	0.039008	-21.876033	115.161951	-75.579200
	0.039017	-21.817309	115.161951	-75.638800
	0.039027	-21.180545	115.161951	-75.698400
	0.039036	-20.841688	115.161951	-75.698400
	0.039046	-21.690373	115.161951	-75.698400
	0.039055	-22.267187	115.161951	-75.698400
	0.039065	-22.237357	115.161951	-75.698400
	0.039074	-21.222390	115.161951	-75.698400
	0.039084	-22.300534	115.161951	-75.817600
	0.039093	-22.145408	115.161951	-75.817600
	0.039103	-21.215253	115.161951	-75.877200
	0.039112	-22.728262	115.161951	-75.877200
	0.039121	-22.326756	115.161951	-75.817600
	0.039131	-20.840840	115.161951	-75.817600
	0.039140	-21.257103	115.161951	-75.936800
	0.039150	-21.985663	115.161951	-75.936800
	0.039159	-21.438786	115.161951	-75.877200
	0.039169	-21.575615	115.161951	-75.877200
	0.039178	-21.788136	115.161951	-75.936800
	0.039188	-21.149078	115.161951	-75.996400
	0.039197	-21.727999	115.161951	-75.996400
	0.039207	-21.683683	115.161951	-76.115600
	0.039216	-21.910729	115.161951	-76.115600
	0.039226	-23.147468	115.161951	-76.115600
	0.039235	-21.310016	115.161951	-76.115600
	0.039245	-21.849864	115.161951	-76.175200
	0.039254	-22.570781	115.161951	-76.175200
	0.039263	-21.302599	115.161951	-76.234800
	0.039273	-21.680439	115.161951	-76.234800
	0.039282	-20.502938	115.161951	-76.234800
	0.039292	-21.895192	115.161951	-76.234800
	0.039301	-21.301588	115.161951	-76.234800
	0.039311	-21.383579	115.161951	-76.234800
	0.039320	-22.701344	115.161951	-76.234800
	0.039330	-21.375163	115.161951	-76.294400
	0.039339	-22.619352	115.161951	-76.354000
	0.039349	-21.927186	115.161951	-76.354000
	0.039358	-22.435185	115.161951	-76.413600
	0.039368	-21.923737	115.161951	-76.413600
	0.039377	-22.633418	115.161951	-76.413600
	0.039387	-22.240396	115.161951	-76.473200
	0.039396	-22.026245	115.161951	-76.473200
	0.039406	-22.705944	115.161951	-76.413600
	0.039415	-22.826178	115.161951	-76.473200
	0.039424	-22.732637	115.161951	-76.473200
	0.039434	-21.270264	115.161951	-76.532800
	0.039443	-22.422794	115.161951	-76.532800
	0.039453	-22.056373	115.161951	-76.652000
	0.039462	-22.212356	115.161951	-76.652000
	0.039472	-22.033493	115.161951	-76.652000
	0.039481	-22.952118	115.161951	-76.711600
	0.039491	-21.427521	115.161951	-76.771200
	0.039500	-22.452491	115.161951	-76.771200
	0.039510	-22.553265	115.161951	-76.771200
	0.039519	-22.591563	115.161951	-76.771200
	0.039529	-22.751018	115.161951	-76.830900
	0.039538	-22.465085	115.161951	-76.830900
	0.039548	-23.272909	115.161951	-76.830900
	0.039557	-22.923549	115.161951	-76.950100
	0.039566	-23.249787	115.161951	-76.950100
	0.039576	-22.756264	115.161951	-76.950100
	0.039585	-22.387528	115.161951	-76.950100
	0.039595	-22.695183	115.161951	-77.009700
	0.039604	-23.323466	115.161951	-77.069300
	0.039614	-23.917085	115.161951	-77.128900
	0.039623	-23.671007	115.161951	-77.128900
	0.039633	-23.483888	115.161951	-77.128900
	0.039642	-23.646782	115.161951	-77.128900
	0.039652	-22.815517	115.161951	-77.128900
	0.039661	-22.231289	115.161951	-77.188500
	0.039671	-22.730546	115.161951	-77.248100
	0.039680	-23.235278	115.161951	-77.248100
	0.039690	-22.507813	115.161951	-77.248100
	0.039699	-22.024860	115.161951	-77.307700
	0.039709	-22.811944	115.161951	-77.367300
	0.039718	-22.448429	115.161951	-77.426900
	0.039727	-23.432416	115.161951	-77.367300
	0.039737	-23.454419	115.161951	-77.486500
	0.039746	-23.701445	115.161951	-77.486500
	0.039756	-23.170409	115.161951	-77.486500
	0.039765	-23.406893	115.161951	-77.486500
	0.039775	-23.482703	115.161951	-77.546100
	0.039784	-22.586464	115.161951	-77.605700
	0.039794	-23.426003	115.161951	-77.546100
	0.039803	-24.262582	115.161951	-77.546100
	0.039813	-22.259317	115.161951	-77.486500
	0.039822	-21.915352	115.161951	-77.426900
	0.039832	-21.808445	115.161951	-77.426900
	0.039841	-22.573532	115.161951	-77.486500
	0.039851	-22.530479	115.161951	-77.546100
	0.039860	-22.862406	115.161951	-77.546100
	0.039869	-23.508441	115.161951	-77.605700
	0.039879	-23.676746	115.161951	-77.546100
	0.039888	-23.652946	115.161951	-77.605700
	0.039898	-22.085734	115.161951	-77.665300
	0.039907	-23.304641	115.161951	-77.665300
	0.039917	-23.914323	115.161951	-77.605700
	0.039926	-23.328760	115.161951	-77.665300
	0.039936	-22.352525	115.161951	-77.784500
	0.039945	-22.756653	115.161951	-77.784500
	0.039955	-22.691431	115.161951	-77.844100
	0.039964	-23.307866	115.161951	-77.844100
	0.039974	-23.272851	115.161951	-77.844100
	0.039983	-23.832598	115.161951	-77.903700
	0.039993	-24.341727	115.161951	-77.963300
	0.040002	-23.324999	115.161951	-77.963300
	0.040012	-23.846374	115.161951	-77.963300
	0.040021	-23.075739	115.161951	-77.963300
	0.040030	-23.152733	115.161951	-77.963300
	0.040040	-23.390569	115.161951	-77.963300
	0.040049	-24.431877	115.161951	-78.082600
	0.040059	-22.851381	115.161951	-78.082600
	0.040068	-23.304052	115.161951	-78.082600
	0.040078	-23.348515	115.161951	-78.082600
	0.040087	-22.172207	115.161951	-78.142200
	0.040097	-22.810786	115.161951	-78.142200
	0.040106	-23.885851	115.161951	-78.142200
	0.040116	-22.697167	115.161951	-78.201800
	0.040125	-22.961131	115.161951	-78.201800
	0.040135	-22.557944	115.161951	-78.321000
	0.040144	-21.938784	115.161951	-78.380600
	0.040154	-21.171147	115.161951	-78.380600
	0.040163	-21.753888	115.161951	-78.321000
	0.040172	-22.374965	115.161951	-78.321000
	0.040182	-22.638276	115.161951	-78.380600
	0.040191	-22.755710	115.161951	-78.380600
	0.040201	-22.135835	115.161951	-78.440200
	0.040210	-21.718420	115.161951	-78.559400
	0.040220	-22.784498	115.161951	-78.619000
	0.040229	-22.927490	115.161951	-78.619000
	0.040239	-23.378043	115.161951	-78.678600
	0.040248	-23.415953	115.161951	-78.678600
	0.040258	-21.895594	115.161951	-78.619000
	0.040267	-22.914936	115.161951	-78.678600
	0.040277	-21.975970	115.161951	-78.678600
	0.040286	-22.256863	115.161951	-78.738200
	0.040296	-22.091220	115.161951	-78.738200
	0.040305	-22.919191	115.161951	-78.738200
	0.040315	-22.127604	115.161951	-78.738200
	0.040324	-22.798259	115.161951	-78.797800
	0.040333	-22.883327	115.161951	-78.857400
	0.040343	-23.655423	115.161951	-78.917000
	0.040352	-23.934932	115.161951	-78.917000
	0.040362	-23.273379	115.161951	-78.857400
	0.040371	-23.737471	115.161951	-78.857400
	0.040381	-23.978725	115.161951	-78.738200
	0.040390	-24.222080	115.161951	-78.738200
	0.040400	-24.560395	115.161951	-78.678600
	0.040409	-25.103577	115.161951	-78.559400
	0.040419	-24.665338	115.161951	-78.559400
	0.040428	-24.799071	115.161951	-78.559400
	0.040438	-25.311192	115.161951	-78.619000
	0.040447	-23.593687	115.161951	-78.678600
	0.040457	-24.274835	115.161951	-78.619000
	0.040466	-23.564101	115.161951	-78.619000
	0.040475	-24.909894	115.161951	-78.619000
	0.040485	-23.838723	115.161951	-78.678600
	0.040494	-24.406926	115.161951	-78.738200
	0.040504	-24.045021	115.161951	-78.738200
	0.040513	-22.886568	115.161951	-78.678600
	0.040523	-23.641026	115.161951	-78.678600
	0.040532	-23.889298	115.161951	-78.678600
	0.040542	-23.321768	115.161951	-78.738200
	0.040551	-24.011868	115.161951	-78.797800
	0.040561	-24.559521	115.161951	-78.797800
	0.040570	-23.693871	115.161951	-78.917000
	0.040580	-23.643262	115.161951	-78.917000
	0.040589	-23.689025	115.161951	-78.917000
	0.040599	-24.005851	115.161951	-78.917000
	0.040608	-23.537408	115.161951	-78.976600
	0.040618	-24.796820	115.161951	-78.976600
	0.040627	-24.545719	115.161951	-78.976600
	0.040636	-24.117423	115.161951	-78.976600
	0.040646	-23.963866	115.161951	-79.036200
	0.040655	-23.908021	115.161951	-78.917000
	0.040665	-25.413873	115.161951	-78.738200
	0.040674	-25.126225	115.161951	-78.738200
	0.040684	-25.238189	115.161951	-78.738200
	0.040693	-25.682644	115.161951	-78.857400
	0.040703	-25.144043	115.161951	-78.917000
	0.040712	-25.850450	115.161951	-79.036200
	0.040722	-24.752249	115.161951	-79.095800
	0.040731	-23.688434	115.161951	-79.095800
	0.040741	-25.394517	115.161951	-79.095800
	0.040750	-24.575398	115.161951	-79.095800
	0.040760	-23.773668	115.161951	-79.095800
	0.040769	-25.388102	115.161951	-79.036200
	0.040778	-24.353117	115.161951	-79.095800
	0.040788	-24.458026	115.161951	-79.215000
	0.040797	-24.848687	115.161951	-79.274600
	0.040807	-25.244820	115.161951	-79.334200
	0.040816	-25.426856	115.161951	-79.334200
	0.040826	-25.368772	115.161951	-79.274600
	0.040835	-24.988496	115.161951	-79.334200
	0.040845	-26.470446	115.161951	-79.334200
	0.040854	-25.650002	115.161951	-79.274600
	0.040864	-25.564192	115.161951	-79.274600
	0.040873	-26.174901	115.161951	-79.215000
	0.040883	-25.962469	115.161951	-79.274600
	0.040892	-26.915132	115.161951	-79.274600
	0.040902	-26.281257	115.161951	-79.274600
	0.040911	-27.438281	115.161951	-79.334200
	0.040921	-26.013814	115.161951	-79.393900
	0.040930	-27.073503	115.161951	-79.393900
	0.040939	-26.160454	115.161951	-79.453500
	0.040949	-26.052286	115.161951	-79.513100
	0.040958	-25.756975	115.161951	-79.513100
	0.040968	-26.446698	115.161951	-79.513100
	0.040977	-26.707136	115.161951	-79.572700
	0.040987	-25.749834	115.161951	-79.691900
	0.040996	-25.337312	115.161951	-79.632300
	0.041006	-23.887631	115.161951	-79.691900
	0.041015	-25.350449	115.161951	-79.632300
	0.041025	-25.813469	115.161951	-79.751500
	0.041034	-25.003251	115.161951	-79.811100
	0.041044	-25.960429	115.161951	-79.870700
	0.041053	-26.802825	115.161951	-79.811100
	0.041063	-27.052709	115.161951	-79.811100
	0.041072	-25.897883	115.161951	-79.572700
	0.041081	-26.086082	115.161951	-79.453500
	0.041091	-26.409735	115.161951	-79.513100
	0.041100	-26.367457	115.161951	-79.513100
	0.041110	-26.622607	115.161951	-79.513100
	0.041119	-25.515901	115.161951	-79.572700
	0.041129	-26.376023	115.161951	-79.572700
	0.041138	-25.240479	115.161951	-79.632300
	0.041148	-25.765073	115.161951	-79.572700
	0.041157	-26.209331	115.161951	-79.572700
	0.041167	-26.569652	115.161951	-79.572700
	0.041176	-26.980635	115.161951	-79.632300
	0.041186	-25.901216	115.161951	-79.632300
	0.041195	-26.131525	115.161951	-79.751500
	0.041205	-25.614679	115.161951	-79.751500
	0.041214	-26.016614	115.161951	-79.811100
	0.041224	-26.016047	115.161951	-79.811100
	0.041233	-25.066749	115.161951	-79.811100
	0.041242	-27.057501	115.161951	-79.691900
	0.041252	-27.343664	115.161951	-79.572700
	0.041261	-27.373907	115.161951	-79.513100
	0.041271	-27.726492	115.161951	-79.513100
	0.041280	-26.325130	115.161951	-79.632300
	0.041290	-28.487974	115.161951	-79.632300
	0.041299	-28.720422	115.161951	-79.632300
	0.041309	-27.799309	115.161951	-79.691900
	0.041318	-29.214322	115.161951	-79.691900
	0.041328	-27.843452	115.161951	-79.751500
	0.041337	-28.069428	115.161951	-79.751500
	0.041347	-28.085992	115.161951	-79.811100
	0.041356	-27.864034	115.161951	-79.811100
	0.041366	-29.094254	115.161951	-79.811100
	0.041375	-28.609389	115.161951	-79.811100
	0.041384	-28.272778	115.161951	-79.811100
	0.041394	-28.757413	115.161951	-79.870700
	0.041403	-28.318029	115.161951	-79.930300
	0.041413	-28.153954	115.161951	-79.930300
	0.041422	-28.584837	115.161951	-79.930300
	0.041432	-28.823183	115.161951	-79.930300
	0.041441	-27.869743	115.161951	-79.930300
	0.041451	-28.396718	115.161951	-79.989900
	0.041460	-28.170012	115.161951	-80.049500
	0.041470	-28.661568	115.161951	-80.049500
	0.041479	-28.729892	115.161951	-80.109100
	0.041489	-28.764174	115.161951	-80.109100
	0.041498	-26.902411	115.161951	-80.109100
	0.041508	-29.159679	115.161951	-80.049500
	0.041517	-28.874027	115.161951	-80.049500
	0.041527	-28.228395	115.161951	-80.049500
	0.041536	-28.663637	115.161951	-80.049500
	0.041545	-28.117085	115.161951	-80.109100
	0.041555	-27.969046	115.161951	-80.109100
	0.041564	-28.806809	115.161951	-80.109100
	0.041574	-27.129203	115.161951	-80.168700
	0.041583	-29.759103	115.161951	-80.287900
	0.041593	-28.995945	115.161951	-80.347500
	0.041602	-29.663063	115.161951	-80.287900
	0.041612	-29.369578	115.161951	-80.287900
	0.041621	-29.437771	115.161951	-80.287900
	0.041631	-29.157558	115.161951	-80.347500
	0.041640	-29.397016	115.161951	-80.347500
	0.041650	-28.390692	115.161951	-80.407100
	0.041659	-29.205106	115.161951	-80.466700
	0.041669	-29.351343	115.161951	-80.466700
	0.041678	-29.723758	115.161951	-80.466700
	0.041687	-30.038520	115.161951	-79.751500
	0.041697	-30.578062	115.161951	-79.393900
	0.041706	-30.145044	115.161951	-79.453500
	0.041716	-31.403613	115.161951	-79.513100
	0.041725	-30.608267	115.161951	-79.513100
	0.041735	-31.616772	115.161951	-79.513100
	0.041744	-29.762591	115.161951	-79.513100
	0.041754	-30.672416	115.161951	-79.572700
	0.041763	-29.219855	115.161951	-79.572700
	0.041773	-29.807721	115.161951	-79.572700
	0.041782	-29.637895	115.161951	-79.572700
	0.041792	-30.520189	115.161951	-79.632300
	0.041801	-29.776374	115.161951	-79.632300
	0.041811	-29.528049	115.161951	-79.691900
	0.041820	-31.358720	115.161951	-79.691900
	0.041829	-30.449664	115.161951	-79.751500
	0.041839	-28.812989	115.161951	-79.751500
	0.041848	-29.837652	115.161951	-79.751500
	0.041858	-29.256857	115.161951	-79.811100
	0.041867	-29.509239	115.161951	-79.811100
	0.041877	-29.227571	115.161951	-79.811100
	0.041886	-29.791140	115.161951	-79.870700
	0.041896	-29.997382	115.161951	-79.930300
	0.041905	-31.248386	115.161951	-79.870700
	0.041915	-32.207936	115.161951	-79.036200
	0.041924	-33.958135	115.161951	-78.559400
	0.041934	-35.336817	115.161951	-78.440200
	0.041943	-34.606267	115.161951	-78.380600
	0.041953	-34.676276	115.161951	-78.321000
	0.041962	-34.759859	115.161951	-78.201800
	0.041972	-35.074802	115.161951	-78.201800
	0.041981	-35.037245	115.161951	-78.201800
	0.041990	-35.161900	115.161951	-78.201800
	0.042000	-35.201616	115.161951	-78.261400
	0.042009	-35.120648	115.161951	-78.261400
	0.042019	-35.482689	115.161951	-78.201800
	0.042028	-35.623404	115.161951	-78.321000
	0.042038	-36.570456	115.161951	-78.380600
	0.042047	-37.415990	115.161951	-78.321000
	0.042057	-37.096171	115.161951	-78.321000
	0.042066	-36.031371	115.161951	-78.261400
	0.042076	-36.863966	115.161951	-78.321000
	0.042085	-35.709921	115.161951	-78.380600
	0.042095	-36.854999	115.161951	-78.380600
	0.042104	-35.631899	115.161951	-78.321000
	0.042114	-38.189270	115.161951	-77.963300
	0.042123	-38.305583	115.161951	-77.784500
	0.042132	-38.738350	115.161951	-77.724900
	0.042142	-38.128291	115.161951	-77.784500
	0.042151	-37.731558	115.161951	-77.784500
	0.042161	-37.001929	115.161951	-77.784500
	0.042170	-38.753844	115.161951	-77.665300
	0.042180	-38.344608	115.161951	-77.724900
	0.042189	-37.726455	115.161951	-77.844100
	0.042199	-38.701557	115.161951	-77.903700
	0.042208	-37.975632	115.161951	-77.844100
	0.042218	-37.606608	115.161951	-77.844100
	0.042227	-38.136593	115.161951	-77.903700
	0.042237	-37.320959	115.161951	-77.903700
	0.042246	-37.782835	115.161951	-77.903700
	0.042256	-38.940676	115.161951	-77.903700
	0.042265	-38.666062	115.161951	-77.963300
	0.042275	-37.357734	115.161951	-77.903700
	0.042284	-41.361230	115.161951	-77.665300
	0.042293	-42.517533	115.161951	-77.426900
	0.042303	-43.434558	115.161951	-77.248100
	0.042312	-44.107675	115.161951	-77.069300
	0.042322	-43.743966	115.161951	-76.890500
	0.042331	-44.902721	115.161951	-76.830900
	0.042341	-44.257265	115.161951	-76.950100
	0.042350	-44.843963	115.161951	-76.950100
	0.042360	-45.452082	115.161951	-76.771200
	0.042369	-46.487125	115.161951	-76.473200
	0.042379	-46.642360	115.161951	-76.234800
	0.042388	-47.245634	115.161951	-76.115600
	0.042398	-46.778758	115.161951	-76.175200
	0.042407	-47.566274	115.161951	-76.175200
	0.042417	-47.430644	115.161951	-76.234800
	0.042426	-46.016430	115.161951	-76.234800
	0.042435	-46.778988	115.161951	-76.234800
	0.042445	-45.562087	115.161951	-76.234800
	0.042454	-46.138887	115.161951	-76.234800
	0.042464	-46.603698	115.161951	-76.234800
	0.042473	-47.107007	115.161951	-76.234800
	0.042483	-47.916733	115.161951	-76.294400
	0.042492	-47.472767	115.161951	-76.413600
	0.042502	-48.045989	115.161951	-76.473200
	0.042511	-47.547275	115.161951	-76.473200
	0.042521	-47.234624	115.161951	-76.413600
	0.042530	-47.750310	115.161951	-76.354000
	0.042540	-47.366032	115.161951	-75.936800
	0.042549	-48.703032	115.161951	-75.638800
	0.042559	-48.431129	115.161951	-75.519600
	0.042568	-47.270350	115.161951	-75.400300
	0.042578	-47.215049	115.161951	-75.400300
	0.042587	-47.599022	115.161951	-75.459900
	0.042596	-47.421558	115.161951	-75.519600
	0.042606	-47.577800	115.161951	-75.519600
	0.042615	-48.621347	115.161951	-75.221500
	0.042625	-49.390495	115.161951	-75.161900
	0.042634	-47.299259	115.161951	-75.221500
	0.042644	-48.288999	115.161951	-75.161900
	0.042653	-49.006662	115.161951	-75.221500
	0.042663	-48.350518	115.161951	-75.221500
	0.042672	-49.266318	115.161951	-75.281100
	0.042682	-48.779100	115.161951	-75.281100
	0.042691	-48.023717	115.161951	-75.340700
	0.042701	-48.969450	115.161951	-75.281100
	0.042710	-49.559811	115.161951	-75.340700
	0.042720	-49.502756	115.161951	-75.340700
	0.042729	-49.095992	115.161951	-75.340700
	0.042738	-48.540836	115.161951	-75.281100
	0.042748	-49.199726	115.161951	-75.281100
	0.042757	-49.387328	115.161951	-75.281100
	0.042767	-48.770438	115.161951	-75.221500
	0.042776	-49.363398	115.161951	-75.221500
	0.042786	-49.600000	115.161951	-75.102300
	0.042795	-49.574668	115.161951	-74.685100
	0.042805	-49.322463	115.161951	-74.387100
	0.042814	-50.607878	115.161951	-74.267900
	0.042824	-49.324236	115.161951	-74.267900
	0.042833	-50.458134	115.161951	-74.267900
	0.042843	-49.517625	115.161951	-74.267900
	0.042852	-50.158785	115.161951	-74.267900
	0.042862	-50.401722	115.161951	-74.208200
	0.042871	-49.946805	115.161951	-74.267900
	0.042881	-50.042741	115.161951	-74.267900
	0.042890	-50.789841	115.161951	-73.671800
	0.042899	-52.942629	115.161951	-72.479700
	0.042909	-51.753265	115.161951	-72.062500
	0.042918	-52.708448	115.161951	-71.943300
	0.042928	-52.089252	115.161951	-71.943300
	0.042937	-52.185744	115.161951	-72.002900
	0.042947	-52.176620	115.161951	-71.347200
	0.042956	-53.282674	115.161951	-70.632000
	0.042966	-53.892067	115.161951	-70.453200
	0.042975	-54.171600	115.161951	-70.393600
	0.042985	-54.636960	115.161951	-70.453200
	0.042994	-54.569427	115.161951	-70.512800
	0.043004	-54.830694	115.161951	-70.512800
	0.043013	-54.265474	115.161951	-70.572400
	0.043023	-54.710188	115.161951	-70.572400
	0.043032	-55.460926	115.161951	-70.572400
	0.043041	-54.901881	115.161951	-70.572400
	0.043051	-54.880821	115.161951	-70.512800
	0.043060	-56.990821	115.161951	-70.274300
	0.043070	-58.458425	115.161951	-70.035900
	0.043079	-58.317040	115.161951	-69.916700
	0.043089	-58.396108	115.161951	-69.916700
	0.043098	-56.768348	115.161951	-69.976300
	0.043108	-58.400655	115.161951	-70.035900
	0.043117	-58.004542	115.161951	-69.976300
	0.043127	-57.789662	115.161951	-69.976300
	0.043136	-57.888956	115.161951	-69.976300
	0.043146	-58.038225	115.161951	-69.976300
	0.043155	-57.106253	115.161951	-69.976300
	0.043165	-58.106135	115.161951	-69.976300
	0.043174	-58.037965	115.161951	-69.976300
	0.043184	-56.859835	115.161951	-70.035900
	0.043193	-58.567044	115.161951	-69.976300
	0.043202	-57.367209	115.161951	-70.035900
	0.043212	-57.797809	115.161951	-70.035900
	0.043221	-57.539426	115.161951	-69.976300
	0.043231	-57.849854	115.161951	-69.976300
	0.043240	-58.119414	115.161951	-69.976300
	0.043250	-57.756342	115.161951	-70.035900
	0.043259	-57.706379	115.161951	-70.035900
	0.043269	-57.570588	115.161951	-70.035900
	0.043278	-57.155663	115.161951	-70.035900
	0.043288	-57.782774	115.161951	-70.095500
	0.043297	-58.260961	115.161951	-70.155100
	0.043307	-56.969775	115.161951	-70.155100
	0.043316	-58.400381	115.161951	-70.155100
	0.043326	-57.601407	115.161951	-70.155100
	0.043335	-57.625516	115.161951	-70.155100
	0.043344	-58.066883	115.161951	-69.678300
	0.043354	-59.075706	115.161951	-68.545800
	0.043363	-59.630041	115.161951	-67.830600
	0.043373	-60.863355	115.161951	-67.472900
	0.043382	-61.990641	115.161951	-67.294100
	0.043392	-61.792430	115.161951	-67.234500
	0.043401	-61.719835	115.161951	-67.353700
	0.043411	-61.978493	115.161951	-67.413300
	0.043420	-61.691750	115.161951	-67.413300
	0.043430	-61.628221	115.161951	-67.413300
	0.043439	-62.437070	115.161951	-67.115300
	0.043449	-62.416256	115.161951	-66.936500
	0.043458	-63.683981	115.161951	-66.876900
	0.043468	-63.200868	115.161951	-66.757700
	0.043477	-63.492177	115.161951	-66.817300
	0.043487	-64.576834	115.161951	-66.817300
	0.043496	-64.322078	115.161951	-66.876900
	0.043505	-62.804427	115.161951	-66.876900
	0.043515	-63.861937	115.161951	-66.817300
	0.043524	-63.293731	115.161951	-66.817300
	0.043534	-62.612220	115.161951	-66.817300
	0.043543	-62.483332	115.161951	-66.817300
	0.043553	-64.434550	115.161951	-66.876900
	0.043562	-64.790379	115.161951	-66.876900
	0.043572	-63.371815	115.161951	-66.876900
	0.043581	-64.276842	115.161951	-66.876900
	0.043591	-63.986579	115.161951	-66.936500
	0.043600	-64.628234	115.161951	-66.936500
	0.043610	-64.141791	115.161951	-66.936500
	0.043619	-64.020469	115.161951	-66.876900
	0.043629	-63.749103	115.161951	-66.936500
	0.043638	-64.472851	115.161951	-66.936500
	0.043647	-64.888898	115.161951	-66.876900
	0.043657	-64.746171	115.161951	-66.876900
	0.043666	-64.656584	115.161951	-66.936500
	0.043676	-64.715457	115.161951	-66.936500
	0.043685	-64.564654	115.161951	-66.996100
	0.043695	-65.057989	115.161951	-66.996100
	0.043704	-64.057775	115.161951	-66.936500
	0.043714	-64.637601	115.161951	-66.996100
	0.043723	-63.422355	115.161951	-66.996100
	0.043733	-67.134419	115.161951	-67.294100
	0.043742	-67.569712	115.161951	-67.711300
	0.043752	-67.122664	115.161951	-67.830600
	0.043761	-67.019180	115.161951	-67.830600
	0.043771	-67.242217	115.161951	-67.830600
	0.043780	-67.108938	115.161951	-67.830600
	0.043790	-68.042895	115.161951	-67.770900
	0.043799	-69.217896	115.161951	-67.472900
	0.043808	-73.697975	115.161951	-66.698100
	0.043818	-74.584150	115.161951	-66.519200
	0.043827	-74.233621	115.161951	-66.400000
	0.043837	-73.528044	115.161951	-66.340400
	0.043846	-73.474438	115.161951	-66.340400
	0.043856	-73.726944	115.161951	-66.280800
	0.043865	-73.933344	115.161951	-66.221200
	0.043875	-73.943009	115.161951	-66.102000
	0.043884	-73.312473	115.161951	-66.102000
	0.043894	-74.218710	115.161951	-66.161600
	0.043903	-74.037632	115.161951	-66.161600
	0.043913	-78.667016	115.161951	-64.909900
	0.043922	-82.772993	115.161951	-62.883400
	0.043932	-83.024705	115.161951	-62.287300
	0.043941	-81.634477	115.161951	-62.168100
	0.043950	-82.088461	115.161951	-62.168100
	0.043960	-81.270653	115.161951	-62.108500
	0.043969	-82.243031	115.161951	-62.108500
	0.043979	-82.232948	115.161951	-62.108500
	0.043988	-82.666773	115.161951	-62.227700
	0.043998	-83.196171	115.161951	-62.287300
	0.044007	-82.006789	115.161951	-62.287300
	0.044017	-84.059964	115.161951	-61.989300
	0.044026	-84.146466	115.161951	-61.691300
	0.044036	-83.733947	115.161951	-61.631700
	0.044045	-82.255012	115.161951	-61.631700
	0.044055	-83.572423	115.161951	-61.691300
	0.044064	-84.036632	115.161951	-61.691300
	0.044074	-84.845940	115.161951	-61.572100
	0.044083	-89.488526	115.161951	-60.737400
	0.044093	-89.193035	115.161951	-60.260500
	0.044102	-89.289876	115.161951	-60.081700
	0.044111	-89.539553	115.161951	-60.081700
	0.044121	-90.456142	115.161951	-60.022100
	0.044130	-89.794573	115.161951	-60.022100
	0.044140	-89.434706	115.161951	-60.022100
	0.044149	-89.845914	115.161951	-60.022100
	0.044159	-89.423642	115.161951	-59.962500
	0.044168	-89.052214	115.161951	-59.962500
	0.044178	-89.219012	115.161951	-59.962500
	0.044187	-89.183930	115.161951	-59.902900
	0.044197	-89.016805	115.161951	-59.962500
	0.044206	-89.398092	115.161951	-59.962500
	0.044216	-89.071436	115.161951	-59.902900
	0.044225	-89.220154	115.161951	-59.902900
	0.044235	-88.852607	115.161951	-59.902900
	0.044244	-89.586234	115.161951	-59.902900
	0.044253	-90.755384	115.161951	-59.902900
	0.044263	-90.976168	115.161951	-59.902900
	0.044272	-90.298845	115.161951	-59.902900
	0.044282	-89.636442	115.161951	-60.022100
	0.044291	-90.945768	115.161951	-60.022100
	0.044301	-91.216899	115.161951	-60.022100
	0.044310	-90.128605	115.161951	-60.022100
	0.044320	-89.076763	115.161951	-60.022100
	0.044329	-90.648485	115.161951	-60.022100
	0.044339	-89.695113	115.161951	-60.022100
	0.044348	-91.924811	115.161951	-60.081700
	0.044358	-90.788350	115.161951	-60.141300
	0.044367	-90.605778	115.161951	-60.081700
	0.044377	-90.966976	115.161951	-60.081700
	0.044386	-90.361472	115.161951	-60.141300
	0.044396	-90.606389	115.161951	-60.081700
	0.044405	-90.317367	115.161951	-60.022100
	0.044414	-91.082073	115.161951	-59.962500
	0.044424	-90.848453	115.161951	-59.962500
	0.044433	-90.318747	115.161951	-60.081700
	0.044443	-89.642749	115.161951	-60.022100
	0.044452	-89.827812	115.161951	-60.022100
	0.044462	-90.297327	115.161951	-60.022100
	0.044471	-89.971450	115.161951	-60.022100
	0.044481	-90.098446	115.161951	-60.081700
	0.044490	-89.978676	115.161951	-60.022100
	0.044500	-88.787439	115.161951	-60.022100
	0.044509	-90.090818	115.161951	-60.081700
	0.044519	-90.264629	115.161951	-59.783700
	0.044528	-95.036102	115.161951	-57.935900
	0.044538	-100.186023	115.161951	-54.836500
	0.044547	-100.798136	115.161951	-52.809900
	0.044556	-100.496587	115.161951	-52.392700
	0.044566	-100.463629	115.161951	-52.333100
	0.044575	-100.772606	115.161951	-52.333100
	0.044585	-99.714492	115.161951	-52.273500
	0.044594	-100.944379	115.161951	-52.333100
	0.044604	-100.141346	115.161951	-52.333100
	0.044613	-101.396778	115.161951	-52.333100
	0.044623	-100.531513	115.161951	-52.392700
	0.044632	-100.441051	115.161951	-52.392700
	0.044642	-101.197246	115.161951	-52.333100
	0.044651	-100.176242	115.161951	-52.333100
	0.044661	-99.556574	115.161951	-52.273500
	0.044670	-101.719737	115.161951	-52.273500
	0.044680	-100.340268	115.161951	-52.273500
	0.044689	-100.363264	115.161951	-52.333100
	0.044699	-100.414410	115.161951	-52.333100
	0.044708	-101.218930	115.161951	-52.273500
	0.044717	-101.018662	115.161951	-52.273500
	0.044727	-100.850570	115.161951	-52.273500
	0.044736	-102.454917	115.161951	-52.213900
	0.044746	-107.710884	115.161951	-50.008500
	0.044755	-112.523673	115.161951	-48.339600
	0.044765	-112.244181	115.161951	-47.803200
	0.044774	-112.904636	115.161951	-47.683900
	0.044784	-113.100346	115.161951	-47.683900
	0.044793	-112.339415	115.161951	-47.683900
	0.044803	-112.853726	115.161951	-47.683900
	0.044812	-112.200296	115.161951	-47.564700
	0.044822	-111.763906	115.161951	-47.505100
	0.044831	-112.806981	115.161951	-47.564700
	0.044841	-112.627358	115.161951	-47.564700
	0.044850	-111.971937	115.161951	-47.505100
	0.044859	-112.603672	115.161951	-47.505100
	0.044869	-112.880011	115.161951	-47.505100
	0.044878	-112.871957	115.161951	-47.505100
	0.044888	-112.286026	115.161951	-47.505100
	0.044897	-112.329954	115.161951	-47.505100
	0.044907	-112.499742	115.161951	-47.505100
	0.044916	-112.465290	115.161951	-47.505100
	0.044926	-112.353597	115.161951	-47.445500
	0.044935	-112.295845	115.161951	-47.445500
	0.044945	-112.706890	115.161951	-47.505100
	0.044954	-111.590284	115.161951	-47.505100
	0.044964	-112.204636	115.161951	-47.505100
	0.044973	-112.115014	115.161951	-47.445500
	0.044983	-112.174915	115.161951	-47.445500
	0.044992	-112.956288	115.161951	-47.385900
	0.045002	-112.411699	115.161951	-47.385900
	0.045011	-113.100481	115.161951	-47.385900
	0.045020	-112.689963	115.161951	-47.445500
	0.045030	-112.472790	115.161951	-47.385900
	0.045039	-112.454317	115.161951	-47.385900
	0.045049	-112.192496	115.161951	-47.445500
	0.045058	-111.093839	115.161951	-47.445500
	0.045068	-111.866957	115.161951	-47.505100
	0.045077	-112.469982	115.161951	-47.445500
	0.045087	-111.425316	115.161951	-47.505100
	0.045096	-112.151417	115.161951	-47.505100
	0.045106	-112.334239	115.161951	-47.505100
	0.045115	-112.695782	115.161951	-47.445500
	0.045125	-114.352948	115.161951	-47.445500
	0.045134	-114.354417	115.161951	-47.445500
	0.045144	-114.810867	115.161951	-47.385900
	0.045153	-114.111077	115.161951	-47.266700
	0.045162	-113.997709	115.161951	-47.266700
	0.045172	-114.638156	115.161951	-47.326300
	0.045181	-114.205155	115.161951	-47.385900
	0.045191	-114.096671	115.161951	-47.385900
	0.045200	-113.798112	115.161951	-47.266700
	0.045210	-114.443073	115.161951	-47.266700
	0.045219	-114.010707	115.161951	-47.266700
	0.045229	-113.974912	115.161951	-47.266700
	0.045238	-113.827295	115.161951	-47.266700
	0.045248	-114.207211	115.161951	-47.266700
	0.045257	-115.402967	115.161951	-47.266700
	0.045267	-114.734876	115.161951	-47.326300
	0.045276	-114.685900	115.161951	-47.326300
	0.045286	-115.561099	115.161951	-46.789900
	0.045295	-119.515983	115.161951	-45.478600
	0.045305	-120.343162	115.161951	-45.001700
	0.045314	-120.557236	115.161951	-44.942100
	0.045323	-119.276734	115.161951	-44.942100
	0.045333	-119.836439	115.161951	-44.942100
	0.045342	-119.999795	115.161951	-45.001700
	0.045352	-120.421338	115.161951	-45.001700
	0.045361	-119.939326	115.161951	-45.061300
	0.045371	-118.806000	115.161951	-45.120900
	0.045380	-119.335039	115.161951	-45.120900
	0.045390	-119.485145	115.161951	-45.120900
	0.045399	-119.412273	115.161951	-44.286500
	0.045409	-120.223531	115.161951	-43.869300
	0.045418	-121.258000	115.161951	-43.630800
	0.045428	-120.668582	115.161951	-43.571200
	0.045437	-121.808720	115.161951	-43.511600
	0.045447	-120.834712	115.161951	-43.452000
	0.045456	-122.177113	115.161951	-43.452000
	0.045465	-121.868746	115.161951	-43.392400
	0.045475	-121.930859	115.161951	-43.392400
	0.045484	-120.685872	115.161951	-43.392400
	0.045494	-120.969033	115.161951	-43.452000
	0.045503	-122.591247	115.161951	-43.511600
	0.045513	-121.680320	115.161951	-43.452000
	0.045522	-122.170031	115.161951	-43.452000
	0.045532	-121.273854	115.161951	-43.392400
	0.045541	-122.283193	115.161951	-43.332800
	0.045551	-121.442570	115.161951	-43.273200
	0.045560	-122.725905	115.161951	-43.213600
	0.045570	-122.113649	115.161951	-43.094400
	0.045579	-120.739621	115.161951	-43.154000
	0.045589	-122.559896	115.161951	-43.154000
	0.045598	-122.481656	115.161951	-42.975200
	0.045608	-123.740551	115.161951	-42.736800
	0.045617	-124.360326	115.161951	-42.677200
	0.045626	-124.131529	115.161951	-42.617600
	0.045636	-124.883503	115.161951	-42.557900
	0.045645	-124.960985	115.161951	-42.617600
	0.045655	-124.635793	115.161951	-42.617600
	0.045664	-124.394903	115.161951	-42.617600
	0.045674	-123.501808	115.161951	-42.498300
	0.045683	-124.432876	115.161951	-42.498300
	0.045693	-123.703245	115.161951	-42.498300
	0.045702	-124.179283	115.161951	-42.617600
	0.045712	-124.234986	115.161951	-42.557900
	0.045721	-124.837085	115.161951	-42.498300
	0.045731	-123.113133	115.161951	-42.498300
	0.045740	-124.656267	115.161951	-42.498300
	0.045750	-124.357227	115.161951	-42.379100
	0.045759	-124.850805	115.161951	-42.379100
	0.045768	-124.326687	115.161951	-42.379100
	0.045778	-125.071068	115.161951	-42.319500
	0.045787	-124.642887	115.161951	-42.319500
	0.045797	-126.202489	115.161951	-42.259900
	0.045806	-124.735753	115.161951	-42.140700
	0.045816	-126.179260	115.161951	-41.902300
	0.045825	-127.700679	115.161951	-41.783100
	0.045835	-126.590669	115.161951	-41.783100
	0.045844	-126.528822	115.161951	-41.783100
	0.045854	-126.935142	115.161951	-41.783100
	0.045863	-125.551803	115.161951	-41.723500
	0.045873	-125.347645	115.161951	-41.723500
	0.045882	-125.833542	115.161951	-41.723500
	0.045892	-126.152377	115.161951	-41.663900
	0.045901	-126.281628	115.161951	-41.723500
	0.045910	-125.964200	115.161951	-41.723500
	0.045920	-126.222003	115.161951	-41.723500
	0.045929	-126.187367	115.161951	-41.723500
	0.045939	-125.725958	115.161951	-41.723500
	0.045948	-125.046281	115.161951	-41.723500
	0.045958	-124.674617	115.161951	-41.723500
	0.045967	-124.387396	115.161951	-41.663900
	0.045977	-125.769330	115.161951	-41.604300
	0.045986	-125.654541	115.161951	-41.604300
	0.045996	-125.221133	115.161951	-41.604300
	0.046005	-124.683688	115.161951	-41.604300
	0.046015	-125.660230	115.161951	-41.604300
	0.046024	-125.577938	115.161951	-41.723500
	0.046034	-126.567752	115.161951	-41.723500
	0.046043	-125.982734	115.161951	-41.663900
	0.046053	-124.929099	115.161951	-41.604300
	0.046062	-125.900333	115.161951	-41.604300
	0.046071	-125.556064	115.161951	-41.604300
	0.046081	-124.999103	115.161951	-41.604300
	0.046090	-126.397646	115.161951	-41.485100
	0.046100	-126.919811	115.161951	-41.187000
	0.046109	-132.097124	115.161951	-39.935300
	0.046119	-132.912929	115.161951	-39.339300
	0.046128	-131.872950	115.161951	-39.220100
	0.046138	-132.327624	115.161951	-39.160500
	0.046147	-132.084259	115.161951	-39.100900
	0.046157	-132.830352	115.161951	-39.100900
	0.046166	-131.639696	115.161951	-39.100900
	0.046176	-132.138268	115.161951	-39.100900
	0.046185	-132.125317	115.161951	-39.100900
	0.046195	-132.652129	115.161951	-39.100900
	0.046204	-132.310580	115.161951	-39.100900
	0.046213	-132.655548	115.161951	-39.041300
	0.046223	-132.679860	115.161951	-39.041300
	0.046232	-133.695209	115.161951	-38.564400
	0.046242	-135.258023	115.161951	-38.147200
	0.046251	-134.552333	115.161951	-38.028000
	0.046261	-135.496166	115.161951	-38.028000
	0.046270	-135.847616	115.161951	-38.028000
	0.046280	-135.767974	115.161951	-38.087600
	0.046289	-135.166822	115.161951	-38.147200
	0.046299	-135.302320	115.161951	-38.087600
	0.046308	-135.905159	115.161951	-38.087600
	0.046318	-136.301494	115.161951	-38.028000
	0.046327	-135.519445	115.161951	-38.028000
	0.046337	-135.813354	115.161951	-38.028000
	0.046346	-135.020572	115.161951	-38.028000
	0.046356	-135.996136	115.161951	-38.028000
	0.046365	-136.287859	115.161951	-37.849200
	0.046374	-135.522692	115.161951	-37.789600
	0.046384	-136.340886	115.161951	-37.789600
	0.046393	-134.800512	115.161951	-37.789600
	0.046403	-135.813867	115.161951	-37.789600
	0.046412	-134.898175	115.161951	-37.789600
	0.046422	-135.598283	115.161951	-37.789600
	0.046431	-136.516327	115.161951	-37.789600
	0.046441	-137.006802	115.161951	-37.789600
	0.046450	-135.906175	115.161951	-37.789600
	0.046460	-136.792700	115.161951	-37.849200
	0.046469	-135.445654	115.161951	-37.849200
	0.046479	-136.488769	115.161951	-37.849200
	0.046488	-136.852193	115.161951	-37.849200
	0.046498	-136.414753	115.161951	-37.849200
	0.046507	-136.808626	115.161951	-37.968400
	0.046516	-136.713102	115.161951	-38.147200
	0.046526	-136.845173	115.161951	-38.147200
	0.046535	-137.314325	115.161951	-38.147200
	0.046545	-137.866464	115.161951	-38.087600
	0.046554	-136.660392	115.161951	-38.087600
	0.046564	-137.349256	115.161951	-37.968400
	0.046573	-139.835717	115.161951	-37.551200
	0.046583	-139.303249	115.161951	-37.253100
	0.046592	-140.263231	115.161951	-37.074300
	0.046602	-140.267524	115.161951	-37.074300
	0.046611	-140.445004	115.161951	-37.014700
	0.046621	-140.341671	115.161951	-37.074300
	0.046630	-139.691104	115.161951	-37.074300
	0.046640	-139.816212	115.161951	-37.133900
	0.046649	-138.985000	115.161951	-37.133900
	0.046659	-138.881749	115.161951	-37.193500
	0.046668	-139.631185	115.161951	-37.193500
	0.046677	-139.168202	115.161951	-37.133900
	0.046687	-139.317477	115.161951	-37.193500
	0.046696	-139.128086	115.161951	-37.193500
	0.046706	-139.600387	115.161951	-37.193500
	0.046715	-138.498565	115.161951	-37.193500
	0.046725	-139.590735	115.161951	-37.253100
	0.046734	-139.487168	115.161951	-37.253100
	0.046744	-138.581943	115.161951	-37.253100
	0.046753	-138.778731	115.161951	-37.253100
	0.046763	-139.953593	115.161951	-37.372300
	0.046772	-140.083242	115.161951	-37.372300
	0.046782	-139.097097	115.161951	-37.372300
	0.046791	-139.294917	115.161951	-37.372300
	0.046801	-140.674697	115.161951	-37.133900
	0.046810	-141.591335	115.161951	-36.716700
	0.046819	-140.776232	115.161951	-36.537900
	0.046829	-141.798269	115.161951	-36.478300
	0.046838	-140.753478	115.161951	-36.537900
	0.046848	-140.943315	115.161951	-36.597500
	0.046857	-141.821288	115.161951	-36.657100
	0.046867	-140.609965	115.161951	-36.657100
	0.046876	-140.093770	115.161951	-36.657100
	0.046886	-140.805583	115.161951	-36.657100
	0.046895	-140.738585	115.161951	-36.657100
	0.046905	-141.033501	115.161951	-36.597500
	0.046914	-140.457975	115.161951	-36.597500
	0.046924	-140.821275	115.161951	-36.597500
	0.046933	-141.189297	115.161951	-36.537900
	0.046943	-140.585790	115.161951	-36.537900
	0.046952	-141.270741	115.161951	-36.597500
	0.046962	-141.347391	115.161951	-36.597500
	0.046971	-141.169077	115.161951	-36.657100
	0.046980	-143.955132	115.161951	-36.299500
	0.046990	-143.508688	115.161951	-36.061000
	0.046999	-143.402112	115.161951	-36.001400
	0.047009	-143.209157	115.161951	-35.941800
	0.047018	-145.178006	115.161951	-35.941800
	0.047028	-143.478086	115.161951	-35.941800
	0.047037	-143.545957	115.161951	-35.941800
	0.047047	-145.262126	115.161951	-36.001400
	0.047056	-143.530242	115.161951	-36.001400
	0.047066	-143.872049	115.161951	-36.001400
	0.047075	-145.897228	115.161951	-35.703400
	0.047085	-146.248425	115.161951	-35.465000
	0.047094	-145.873087	115.161951	-35.345800
	0.047104	-146.500989	115.161951	-35.345800
	0.047113	-148.797008	115.161951	-34.809300
	0.047122	-154.157233	115.161951	-33.557600
	0.047132	-154.062925	115.161951	-33.080800
	0.047141	-154.326495	115.161951	-33.021200
	0.047151	-153.813341	115.161951	-32.961600
	0.047160	-154.811960	115.161951	-32.961600
	0.047170	-154.114086	115.161951	-33.021200
	0.047179	-154.643719	115.161951	-33.021200
	0.047189	-154.147451	115.161951	-33.021200
	0.047198	-153.339394	115.161951	-33.021200
	0.047208	-153.242621	115.161951	-33.021200
	0.047217	-154.981237	115.161951	-33.021200
	0.047227	-154.518250	115.161951	-33.021200
	0.047236	-155.179905	115.161951	-33.021200
	0.047246	-155.472917	115.161951	-32.723200
	0.047255	-159.279372	115.161951	-31.769500
	0.047265	-158.742555	115.161951	-31.471500
	0.047274	-159.721246	115.161951	-31.411900
	0.047283	-157.675479	115.161951	-31.411900
	0.047293	-160.032389	115.161951	-31.471500
	0.047302	-158.307931	115.161951	-31.471500
	0.047312	-159.160957	115.161951	-31.531100
	0.047321	-158.675146	115.161951	-31.471500
	0.047331	-159.687756	115.161951	-31.411900
	0.047340	-160.280755	115.161951	-31.292700
	0.047350	-160.081098	115.161951	-31.233100
	0.047359	-160.100700	115.161951	-31.173500
	0.047369	-160.040752	115.161951	-31.113900
	0.047378	-159.779643	115.161951	-31.113900
	0.047388	-159.336332	115.161951	-31.173500
	0.047397	-159.365349	115.161951	-31.173500
	0.047407	-159.356113	115.161951	-31.113900
	0.047416	-159.061848	115.161951	-31.054300
	0.047425	-159.361214	115.161951	-31.113900
	0.047435	-158.707559	115.161951	-31.113900
	0.047444	-159.128689	115.161951	-31.054300
	0.047454	-158.941572	115.161951	-31.054300
	0.047463	-159.944840	115.161951	-30.994600
	0.047473	-158.994437	115.161951	-30.935000
	0.047482	-158.284591	115.161951	-30.935000
	0.047492	-159.052671	115.161951	-30.935000
	0.047501	-159.747605	115.161951	-30.994600
	0.047511	-159.892624	115.161951	-30.994600
	0.047520	-159.356778	115.161951	-30.994600
	0.047530	-158.995268	115.161951	-30.935000
	0.047539	-159.218097	115.161951	-30.935000
	0.047549	-158.611049	115.161951	-30.994600
	0.047558	-158.531963	115.161951	-30.935000
	0.047568	-158.318198	115.161951	-30.935000
	0.047577	-158.776472	115.161951	-30.815800
	0.047586	-159.646125	115.161951	-30.756200
	0.047596	-159.958463	115.161951	-30.696600
	0.047605	-159.927927	115.161951	-30.637000
	0.047615	-158.806024	115.161951	-30.637000
	0.047624	-159.477373	115.161951	-30.637000
	0.047634	-160.730252	115.161951	-30.637000
	0.047643	-159.780509	115.161951	-30.637000
	0.047653	-159.432599	115.161951	-30.577400
	0.047662	-160.018372	115.161951	-30.577400
	0.047672	-160.779635	115.161951	-30.577400
	0.047681	-161.022902	115.161951	-30.577400
	0.047691	-160.206600	115.161951	-30.517800
	0.047700	-163.796550	115.161951	-29.921600
	0.047710	-162.516145	115.161951	-29.623600
	0.047719	-164.016310	115.161951	-29.444800
	0.047728	-162.605985	115.161951	-29.266000
	0.047738	-167.195010	115.161951	-28.670000
	0.047747	-167.505483	115.161951	-28.371900
	0.047757	-167.375086	115.161951	-28.371900
	0.047766	-167.854517	115.161951	-28.371900
	0.047776	-167.209772	115.161951	-28.371900
	0.047785	-167.721126	115.161951	-28.371900
	0.047795	-166.887681	115.161951	-28.371900
	0.047804	-167.272084	115.161951	-28.371900
	0.047814	-167.079666	115.161951	-28.371900
	0.047823	-166.306720	115.161951	-28.312300
	0.047833	-166.192226	115.161951	-28.371900
	0.047842	-166.639957	115.161951	-28.371900
	0.047852	-167.118802	115.161951	-28.371900
	0.047861	-166.442491	115.161951	-28.431500
	0.047871	-166.404880	115.161951	-28.371900
	0.047880	-166.902895	115.161951	-28.431500
	0.047889	-165.559802	115.161951	-28.371900
	0.047899	-166.966621	115.161951	-28.371900
	0.047908	-167.277229	115.161951	-28.312300
	0.047918	-167.431968	115.161951	-28.431500
	0.047927	-167.927521	115.161951	-28.491100
	0.047937	-168.233745	115.161951	-28.491100
	0.047946	-167.262529	115.161951	-28.491100
	0.047956	-166.978288	115.161951	-28.371900
	0.047965	-167.989070	115.161951	-28.312300
	0.047975	-167.569308	115.161951	-28.312300
	0.047984	-167.976471	115.161951	-28.312300
	0.047994	-168.919310	115.161951	-28.312300
	0.048003	-168.343333	115.161951	-28.133500
	0.048013	-169.154431	115.161951	-27.775900
	0.048022	-170.452326	115.161951	-27.656700
	0.048031	-171.113753	115.161951	-27.656700
	0.048041	-171.242752	115.161951	-27.656700
	0.048050	-170.087920	115.161951	-27.656700
	0.048060	-171.367981	115.161951	-27.656700
	0.048069	-172.169926	115.161951	-27.656700
	0.048079	-171.425152	115.161951	-27.597100
	0.048088	-170.913645	115.161951	-27.537500
	0.048098	-170.883694	115.161951	-27.477900
	0.048107	-171.486580	115.161951	-27.477900
	0.048117	-170.793753	115.161951	-27.477900
	0.048126	-171.155461	115.161951	-27.537500
	0.048136	-171.091903	115.161951	-27.537500
	0.048145	-170.478300	115.161951	-27.537500
	0.048155	-170.260341	115.161951	-27.537500
	0.048164	-169.220304	115.161951	-27.597100
	0.048174	-169.879143	115.161951	-27.537500
	0.048183	-169.889516	115.161951	-27.477900
	0.048192	-169.937815	115.161951	-27.477900
	0.048202	-170.247117	115.161951	-27.537500
	0.048211	-169.832380	115.161951	-27.537500
	0.048221	-170.000062	115.161951	-27.477900
	0.048230	-171.517412	115.161951	-27.537500
	0.048240	-170.129213	115.161951	-27.537500
	0.048249	-170.107661	115.161951	-27.537500
	0.048259	-171.610899	115.161951	-27.537500
	0.048268	-171.978704	115.161951	-27.537500
	0.048278	-171.397007	115.161951	-27.597100
	0.048287	-171.489093	115.161951	-27.597100
	0.048297	-172.225776	115.161951	-27.597100
	0.048306	-170.696989	115.161951	-27.537500
	0.048316	-171.545993	115.161951	-27.477900
	0.048325	-171.616046	115.161951	-27.537500
	0.048334	-170.864364	115.161951	-27.477900
	0.048344	-171.367157	115.161951	-27.477900
	0.048353	-171.724705	115.161951	-27.418300
	0.048363	-172.142779	115.161951	-27.477900
	0.048372	-171.110066	115.161951	-27.477900
	0.048382	-170.909666	115.161951	-27.418300
	0.048391	-171.307956	115.161951	-27.358600
	0.048401	-172.347815	115.161951	-27.001000
	0.048410	-171.983206	115.161951	-26.822200
	0.048420	-173.420296	115.161951	-26.822200
	0.048429	-172.834401	115.161951	-26.822200
	0.048439	-172.384583	115.161951	-26.822200
	0.048448	-173.649199	115.161951	-26.762600
	0.048458	-173.480188	115.161951	-26.703000
	0.048467	-173.336425	115.161951	-26.822200
	0.048477	-173.982777	115.161951	-26.822200
	0.048486	-173.054156	115.161951	-26.703000
	0.048495	-174.213314	115.161951	-26.703000
	0.048505	-174.193255	115.161951	-26.703000
	0.048514	-173.017322	115.161951	-26.703000
	0.048524	-172.827725	115.161951	-26.703000
	0.048533	-173.870629	115.161951	-26.822200
	0.048543	-174.007912	115.161951	-26.822200
	0.048552	-174.989961	115.161951	-26.762600
	0.048562	-174.572333	115.161951	-26.822200
	0.048571	-175.175997	115.161951	-26.762600
	0.048581	-174.869945	115.161951	-26.762600
	0.048590	-173.894238	115.161951	-26.703000
	0.048600	-175.469421	115.161951	-26.762600
	0.048609	-175.217701	115.161951	-26.881800
	0.048619	-175.785795	115.161951	-26.881800
	0.048628	-174.547418	115.161951	-26.822200
	0.048637	-175.218844	115.161951	-26.762600
	0.048647	-176.108732	115.161951	-26.822200
	0.048656	-174.572339	115.161951	-26.822200
	0.048666	-174.847320	115.161951	-26.881800
	0.048675	-175.245715	115.161951	-26.822200
	0.048685	-175.022378	115.161951	-26.822200
	0.048694	-175.254727	115.161951	-26.822200
	0.048704	-174.883485	115.161951	-26.822200
	0.048713	-174.028975	115.161951	-26.762600
	0.048723	-174.262164	115.161951	-26.762600
	0.048732	-174.111033	115.161951	-26.822200
	0.048742	-174.563935	115.161951	-26.762600
	0.048751	-174.600908	115.161951	-26.822200
	0.048761	-173.744321	115.161951	-26.881800
	0.048770	-174.680497	115.161951	-26.881800
	0.048780	-173.097807	115.161951	-26.881800
	0.048789	-172.916555	115.161951	-26.881800
	0.048798	-173.133839	115.161951	-26.941400
	0.048808	-172.360145	115.161951	-26.941400
	0.048817	-173.018334	115.161951	-26.941400
	0.048827	-174.036580	115.161951	-26.881800
	0.048836	-173.927485	115.161951	-26.941400
	0.048846	-172.684874	115.161951	-26.941400
	0.048855	-172.965189	115.161951	-27.001000
	0.048865	-172.373094	115.161951	-27.001000
	0.048874	-172.856712	115.161951	-27.001000
	0.048884	-173.029087	115.161951	-27.001000
	0.048893	-173.353400	115.161951	-27.001000
	0.048903	-173.099482	115.161951	-27.001000
	0.048912	-172.181381	115.161951	-27.001000
	0.048922	-173.000997	115.161951	-27.120200
	0.048931	-173.882318	115.161951	-27.060600
	0.048940	-174.047224	115.161951	-27.001000
	0.048950	-174.358352	115.161951	-27.001000
	0.048959	-174.677961	115.161951	-26.941400
	0.048969	-174.271437	115.161951	-26.881800
	0.048978	-173.497856	115.161951	-26.822200
	0.048988	-174.143372	115.161951	-26.822200
	0.048997	-173.833270	115.161951	-26.881800
	0.049007	-173.780686	115.161951	-26.881800
	0.049016	-173.750142	115.161951	-27.001000
	0.049026	-174.027796	115.161951	-27.001000
	0.049035	-173.246108	115.161951	-27.001000
	0.049045	-173.562006	115.161951	-26.881800
	0.049054	-174.416029	115.161951	-26.941400
	0.049064	-173.532991	115.161951	-26.941400
	0.049073	-173.432540	115.161951	-26.941400
	0.049083	-175.153773	115.161951	-26.941400
	0.049092	-174.271293	115.161951	-26.881800
	0.049101	-174.455106	115.161951	-26.822200
	0.049111	-174.506744	115.161951	-26.822200
	0.049120	-174.994344	115.161951	-26.822200
	0.049130	-173.216387	115.161951	-26.703000
	0.049139	-173.029604	115.161951	-26.762600
	0.049149	-174.314969	115.161951	-26.762600
	0.049158	-173.388723	115.161951	-26.822200
	0.049168	-172.320787	115.161951	-26.881800
	0.049177	-174.250344	115.161951	-26.881800
	0.049187	-173.239957	115.161951	-26.822200
	0.049196	-172.779925	115.161951	-26.822200
	0.049206	-172.607908	115.161951	-26.881800
	0.049215	-172.407589	115.161951	-26.881800
	0.049225	-173.519827	115.161951	-26.762600
	0.049234	-173.413114	115.161951	-26.822200
	0.049243	-172.865053	115.161951	-26.881800
	0.049253	-173.742036	115.161951	-26.822200
	0.049262	-173.310268	115.161951	-26.703000
	0.049272	-173.453976	115.161951	-26.762600
	0.049281	-174.478634	115.161951	-26.822200
	0.049291	-174.721978	115.161951	-26.822200
	0.049300	-174.640830	115.161951	-26.822200
	0.049310	-174.920553	115.161951	-26.762600
	0.049319	-174.461766	115.161951	-26.822200
	0.049329	-174.348582	115.161951	-26.881800
	0.049338	-173.052112	115.161951	-26.881800
	0.049348	-174.555105	115.161951	-26.822200
	0.049357	-173.333983	115.161951	-26.822200
	0.049367	-174.385010	115.161951	-26.881800
	0.049376	-173.301489	115.161951	-26.941400
	0.049386	-175.733878	115.161951	-26.703000
	0.049395	-176.447120	115.161951	-26.464600
	0.049404	-176.066511	115.161951	-26.405000
	0.049414	-176.425578	115.161951	-26.524200
	0.049423	-175.030492	115.161951	-26.524200
	0.049433	-176.219957	115.161951	-26.405000
	0.049442	-174.735644	115.161951	-26.405000
	0.049452	-175.978874	115.161951	-26.464600
	0.049461	-175.608554	115.161951	-26.405000
	0.049471	-176.945192	115.161951	-26.405000
	0.049480	-177.046505	115.161951	-26.405000
	0.049490	-176.413364	115.161951	-26.345400
	0.049499	-176.033360	115.161951	-26.345400
	0.049509	-176.137559	115.161951	-26.345400
	0.049518	-176.139392	115.161951	-26.285800
	0.049528	-175.741090	115.161951	-26.285800
	0.049537	-176.911357	115.161951	-26.285800
	0.049546	-176.471290	115.161951	-26.285800
	0.049556	-176.883130	115.161951	-26.285800
	0.049565	-175.513428	115.161951	-26.345400
	0.049575	-175.196962	115.161951	-26.405000
	0.049584	-175.940256	115.161951	-26.405000
	0.049594	-176.237623	115.161951	-26.524200
	0.049603	-175.412681	115.161951	-26.524200
	0.049613	-176.063178	115.161951	-26.464600
	0.049622	-176.714115	115.161951	-26.405000
	0.049632	-175.976222	115.161951	-26.464600
	0.049641	-176.131447	115.161951	-26.464600
	0.049651	-176.302753	115.161951	-26.464600
	0.049660	-176.947806	115.161951	-26.405000
	0.049670	-176.060851	115.161951	-26.405000
	0.049679	-175.896109	115.161951	-26.464600
	0.049689	-176.712358	115.161951	-26.524200
	0.049698	-175.854001	115.161951	-26.583800
	0.049707	-175.509493	115.161951	-26.583800
	0.049717	-176.624902	115.161951	-26.583800
	0.049726	-175.511395	115.161951	-26.583800
	0.049736	-175.049246	115.161951	-26.643400
	0.049745	-175.726798	115.161951	-26.643400
	0.049755	-175.867415	115.161951	-26.583800
	0.049764	-175.883314	115.161951	-26.643400
	0.049774	-176.528504	115.161951	-26.643400
	0.049783	-176.109172	115.161951	-26.583800
	0.049793	-175.664922	115.161951	-26.583800
	0.049802	-175.290517	115.161951	-26.643400
	0.049812	-176.605393	115.161951	-26.643400
	0.049821	-173.986715	115.161951	-26.583800
	0.049831	-174.609881	115.161951	-26.583800
	0.049840	-175.317856	115.161951	-26.643400
	0.049849	-175.847389	115.161951	-26.643400
	0.049859	-176.086142	115.161951	-26.643400
	0.049868	-175.902612	115.161951	-26.583800
	0.049878	-176.435322	115.161951	-26.643400
	0.049887	-175.954603	115.161951	-26.703000
	0.049897	-176.718392	115.161951	-26.703000
	0.049906	-176.030238	115.161951	-26.762600
	0.049916	-175.785736	115.161951	-26.822200
	0.049925	-175.304266	115.161951	-26.822200
	0.049935	-176.178951	115.161951	-26.822200
	0.049944	-174.982479	115.161951	-26.822200
	0.049954	-174.653173	115.161951	-26.822200
	0.049963	-175.766664	115.161951	-26.822200
	0.049973	-175.143003	115.161951	-26.703000
	0.049982	-175.573483	115.161951	-26.762600
	0.049991	-176.686967	115.161951	-26.822200
	0.050001	-177.798986	115.161951	-26.881800
	0.050010	-176.409310	115.161951	-26.822200
	0.050020	-175.932030	115.161951	-26.822200
	0.050029	-176.027224	115.161951	-26.822200
	0.050039	-176.033098	115.161951	-26.881800
	0.050048	-176.177396	115.161951	-26.822200
	0.050058	-174.763539	115.161951	-26.822200
	0.050067	-175.950352	115.161951	-26.822200
	0.050077	-175.262716	115.161951	-26.822200
	0.050086	-176.074527	115.161951	-26.822200
	0.050096	-176.637752	115.161951	-26.822200
	0.050105	-175.951084	115.161951	-26.881800
	0.050115	-175.828884	115.161951	-26.822200
	0.050124	-176.245021	115.161951	-26.822200
	0.050134	-176.227672	115.161951	-26.822200
	0.050143	-175.854247	115.161951	-26.822200
	0.050152	-176.833881	115.161951	-26.822200
	0.050162	-177.019712	115.161951	-26.822200
	0.050171	-175.666390	115.161951	-26.822200
	0.050181	-176.163295	115.161951	-26.762600
	0.050190	-176.507700	115.161951	-26.822200
	0.050200	-176.735289	115.161951	-26.881800
	0.050209	-177.160676	115.161951	-26.822200
	0.050219	-175.634195	115.161951	-26.822200
	0.050228	-176.145155	115.161951	-26.822200
	0.050238	-175.730604	115.161951	-26.822200
	0.050247	-175.271067	115.161951	-26.822200
	0.050257	-175.828123	115.161951	-26.881800
	0.050266	-175.734934	115.161951	-26.822200
	0.050276	-175.355059	115.161951	-26.762600
	0.050285	-176.245800	115.161951	-26.822200
	0.050294	-176.176344	115.161951	-26.822200
	0.050304	-175.941282	115.161951	-26.762600
	0.050313	-176.099044	115.161951	-26.643400
	0.050323	-175.426858	115.161951	-26.643400
	0.050332	-177.559312	115.161951	-26.703000
	0.050342	-177.683217	115.161951	-26.703000
	0.050351	-177.727050	115.161951	-26.643400
	0.050361	-177.490866	115.161951	-26.703000
	0.050370	-177.110892	115.161951	-26.643400
	0.050380	-176.996315	115.161951	-26.583800
	0.050389	-177.168984	115.161951	-26.583800
	0.050399	-177.506730	115.161951	-26.643400
	0.050408	-177.272894	115.161951	-26.643400
	0.050418	-177.111619	115.161951	-26.583800
	0.050427	-177.484652	115.161951	-26.583800
	0.050437	-177.195203	115.161951	-26.643400
	0.050446	-177.383433	115.161951	-26.762600
	0.050455	-177.142027	115.161951	-26.762600
	0.050465	-177.671270	115.161951	-26.703000
	0.050474	-177.340325	115.161951	-26.703000
	0.050484	-177.614510	115.161951	-26.703000
