	-0.071022	-0.497753	115.161951	69.678300
	-0.068270	0.013945	115.161951	69.559100
	-0.065518	-0.641323	115.161951	69.439900
	-0.062767	0.399689	115.161951	69.201500
	-0.060015	-1.203165	115.161951	69.022600
	-0.057264	-1.010516	115.161951	68.843800
	-0.054512	-1.665762	115.161951	68.724600
	-0.051760	-1.683073	115.161951	68.486200
	-0.049009	-2.309324	115.161951	68.247800
	-0.046257	-1.708251	115.161951	67.949800
	-0.043506	-1.569972	115.161951	67.592100
	-0.040754	-2.462332	115.161951	67.353700
	-0.038002	-1.741521	115.161951	66.996100
	-0.035251	-2.020964	115.161951	66.638500
	-0.032499	-2.261193	115.161951	66.161600
	-0.029748	-1.907170	115.161951	65.744400
	-0.026996	-2.489462	115.161951	65.386800
	-0.024245	-2.970807	115.161951	64.850300
	-0.021493	-1.759019	115.161951	64.373500
	-0.018741	-1.855639	115.161951	63.837000
	-0.015990	-2.382457	115.161951	63.360200
	-0.013238	-3.450378	115.161951	62.764200
	-0.010487	-3.499689	115.161951	62.108500
	-0.007735	-4.247825	115.161951	61.572100
	-0.004984	-3.305223	115.161951	60.856600
	-0.002232	-4.482169	115.161951	60.022100
	0.000520	-4.507177	115.161951	59.187600
	0.003271	-5.834044	115.161951	58.353200
	0.006023	-5.568923	115.161951	57.220700
	0.008774	-6.335198	115.161951	56.088200
	0.011526	-6.194849	115.161951	54.657700
	0.014278	-7.051684	115.161951	53.286800
	0.017029	-7.760776	115.161951	51.677500
	0.019781	-8.548201	115.161951	49.650900
	0.022532	-9.457725	115.161951	47.505100
	0.025284	-11.431996	115.161951	45.061300
	0.028036	-12.725075	115.161951	41.961900
	0.030787	-13.884812	115.161951	38.445200
	0.033539	-15.643778	115.161951	34.213300
	0.036290	-18.146927	115.161951	29.087200
	0.036290	-20.887466	115.161951	24.140000
	0.036300	-20.539938	115.161951	22.530700
	0.036309	-20.431426	115.161951	22.173000
	0.036319	-19.567663	115.161951	22.113400
	0.036328	-20.373216	115.161951	22.053800
	0.036338	-20.922361	115.161951	22.053800
	0.036347	-20.086455	115.161951	22.053800
	0.036357	-21.020738	115.161951	22.053800
	0.036366	-20.770333	115.161951	22.053800
	0.036376	-20.116571	115.161951	22.053800
	0.036385	-21.540770	115.161951	22.053800
	0.036394	-19.577316	115.161951	21.934600
	0.036404	-20.200276	115.161951	21.875000
	0.036413	-20.644147	115.161951	21.815400
	0.036423	-19.947347	115.161951	21.755800
	0.036432	-20.552218	115.161951	21.755800
	0.036442	-20.235490	115.161951	21.755800
	0.036451	-20.364846	115.161951	21.755800
	0.036461	-20.460396	115.161951	21.755800
	0.036470	-20.291053	115.161951	21.755800
	0.036480	-20.295884	115.161951	21.696200
	0.036489	-19.820996	115.161951	21.696200
	0.036499	-20.268347	115.161951	21.696200
	0.036508	-19.832335	115.161951	21.636600
	0.036518	-19.535223	115.161951	21.696200
	0.036527	-19.777293	115.161951	21.577000
	0.036537	-19.015556	115.161951	21.517400
	0.036546	-19.642270	115.161951	21.517400
	0.036555	-20.653823	115.161951	21.517400
	0.036565	-20.130778	115.161951	21.517400
	0.036574	-19.803519	115.161951	21.457800
	0.036584	-20.738419	115.161951	21.517400
	0.036593	-19.859276	115.161951	21.517400
	0.036603	-20.230801	115.161951	21.457800
	0.036612	-19.727196	115.161951	21.457800
	0.036622	-20.589212	115.161951	21.398200
	0.036631	-20.420886	115.161951	21.338600
	0.036641	-20.145688	115.161951	21.279000
	0.036650	-19.911067	115.161951	21.279000
	0.036660	-20.111600	115.161951	21.338600
	0.036669	-19.832628	115.161951	21.398200
	0.036679	-19.826653	115.161951	21.398200
	0.036688	-20.678236	115.161951	21.338600
	0.036697	-21.028008	115.161951	21.398200
	0.036707	-20.257200	115.161951	21.338600
	0.036716	-19.715215	115.161951	21.338600
	0.036726	-20.996283	115.161951	21.338600
	0.036735	-20.068369	115.161951	21.338600
	0.036745	-20.033911	115.161951	21.338600
	0.036754	-20.028979	115.161951	21.338600
	0.036764	-18.863421	115.161951	21.338600
	0.036773	-19.715443	115.161951	21.279000
	0.036783	-19.613607	115.161951	21.219400
	0.036792	-20.185968	115.161951	21.159800
	0.036802	-18.479854	115.161951	21.159800
	0.036811	-19.650833	115.161951	21.219400
	0.036821	-20.104942	115.161951	21.159800
	0.036830	-19.944790	115.161951	21.159800
	0.036840	-19.729403	115.161951	21.159800
	0.036849	-19.130617	115.161951	21.159800
	0.036858	-20.137874	115.161951	21.159800
	0.036868	-19.246304	115.161951	21.159800
	0.036877	-20.237732	115.161951	21.159800
	0.036887	-19.922068	115.161951	21.159800
	0.036896	-20.541630	115.161951	21.100200
	0.036906	-20.803400	115.161951	21.040600
	0.036915	-19.387104	115.161951	21.040600
	0.036925	-20.923436	115.161951	21.159800
	0.036934	-20.098027	115.161951	21.159800
	0.036944	-20.415574	115.161951	21.040600
	0.036953	-20.414285	115.161951	20.981000
	0.036963	-19.220617	115.161951	20.921300
	0.036972	-19.457206	115.161951	20.921300
	0.036982	-19.886724	115.161951	20.861700
	0.036991	-19.792977	115.161951	20.921300
	0.037000	-21.344996	115.161951	20.921300
	0.037010	-20.829717	115.161951	20.921300
	0.037019	-21.096173	115.161951	20.921300
	0.037029	-20.080297	115.161951	20.921300
	0.037038	-21.319165	115.161951	20.861700
	0.037048	-20.042665	115.161951	20.861700
	0.037057	-20.269087	115.161951	20.802100
	0.037067	-20.918604	115.161951	20.742500
	0.037076	-20.909848	115.161951	20.802100
	0.037086	-20.851354	115.161951	20.802100
	0.037095	-20.297513	115.161951	20.802100
	0.037105	-20.942174	115.161951	20.802100
	0.037114	-21.646342	115.161951	20.742500
	0.037124	-21.825363	115.161951	20.682900
	0.037133	-20.776052	115.161951	20.682900
	0.037143	-20.288542	115.161951	20.742500
	0.037152	-20.342313	115.161951	20.742500
	0.037161	-21.527173	115.161951	20.742500
	0.037171	-20.816047	115.161951	20.742500
	0.037180	-21.118974	115.161951	20.742500
	0.037190	-20.727171	115.161951	20.682900
	0.037199	-20.500468	115.161951	20.682900
	0.037209	-20.871849	115.161951	20.623300
	0.037218	-21.025799	115.161951	20.623300
	0.037228	-21.872821	115.161951	20.623300
	0.037237	-19.828298	115.161951	20.563700
	0.037247	-20.989016	115.161951	20.563700
	0.037256	-21.020712	115.161951	20.563700
	0.037266	-20.140715	115.161951	20.563700
	0.037275	-20.933278	115.161951	20.623300
	0.037285	-20.946335	115.161951	20.623300
	0.037294	-20.466238	115.161951	20.504100
	0.037303	-21.592588	115.161951	20.504100
	0.037313	-20.702789	115.161951	20.504100
	0.037322	-20.174581	115.161951	20.444500
	0.037332	-21.016863	115.161951	20.444500
	0.037341	-21.362039	115.161951	20.384900
	0.037351	-20.413618	115.161951	20.325300
	0.037360	-21.147757	115.161951	20.384900
	0.037370	-20.447044	115.161951	20.384900
	0.037379	-20.035341	115.161951	20.325300
	0.037389	-19.678318	115.161951	20.206100
	0.037398	-20.677121	115.161951	20.086900
	0.037408	-21.000353	115.161951	20.086900
	0.037417	-21.593517	115.161951	20.086900
	0.037427	-21.096225	115.161951	20.086900
	0.037436	-19.882503	115.161951	20.027300
	0.037446	-21.064594	115.161951	20.027300
	0.037455	-21.248774	115.161951	20.027300
	0.037464	-20.586412	115.161951	20.027300
	0.037474	-20.907964	115.161951	20.027300
	0.037483	-20.000625	115.161951	20.027300
	0.037493	-20.567507	115.161951	19.967700
	0.037502	-20.199218	115.161951	19.967700
	0.037512	-20.668914	115.161951	19.967700
	0.037521	-20.780118	115.161951	19.908100
	0.037531	-21.081194	115.161951	19.848500
	0.037540	-20.914279	115.161951	19.788900
	0.037550	-21.206407	115.161951	19.848500
	0.037559	-20.496787	115.161951	19.788900
	0.037569	-19.882447	115.161951	19.788900
	0.037578	-20.456551	115.161951	19.729300
	0.037588	-20.517810	115.161951	19.729300
	0.037597	-20.554926	115.161951	19.729300
	0.037606	-22.043367	115.161951	19.729300
	0.037616	-21.575322	115.161951	19.729300
	0.037625	-21.235345	115.161951	19.669600
	0.037635	-21.097108	115.161951	19.669600
	0.037644	-21.635079	115.161951	19.669600
	0.037654	-21.552485	115.161951	19.610000
	0.037663	-21.601824	115.161951	19.550400
	0.037673	-20.863320	115.161951	19.550400
	0.037682	-21.488635	115.161951	19.490800
	0.037692	-22.376537	115.161951	19.490800
	0.037701	-22.457407	115.161951	19.490800
	0.037711	-20.983461	115.161951	19.431200
	0.037720	-21.574618	115.161951	19.431200
	0.037730	-21.817320	115.161951	19.431200
	0.037739	-21.657999	115.161951	19.371600
	0.037748	-21.355581	115.161951	19.312000
	0.037758	-21.628172	115.161951	19.312000
	0.037767	-20.848877	115.161951	19.312000
	0.037777	-21.688159	115.161951	19.252400
	0.037786	-22.332735	115.161951	19.252400
	0.037796	-20.956679	115.161951	19.252400
	0.037805	-20.348826	115.161951	19.252400
	0.037815	-21.276825	115.161951	19.192800
	0.037824	-20.881123	115.161951	19.192800
	0.037834	-19.951937	115.161951	19.192800
	0.037843	-20.452055	115.161951	19.073600
	0.037853	-21.235340	115.161951	19.014000
	0.037862	-20.672358	115.161951	19.014000
	0.037872	-20.730939	115.161951	19.014000
	0.037881	-20.758948	115.161951	18.954400
	0.037891	-21.014973	115.161951	18.954400
	0.037900	-20.512208	115.161951	18.954400
	0.037909	-20.638900	115.161951	18.954400
	0.037919	-20.279503	115.161951	18.894800
	0.037928	-20.895411	115.161951	18.894800
	0.037938	-20.877356	115.161951	18.835200
	0.037947	-20.503832	115.161951	18.775600
	0.037957	-20.300821	115.161951	18.716000
	0.037966	-20.030919	115.161951	18.656400
	0.037976	-20.883807	115.161951	18.716000
	0.037985	-20.614569	115.161951	18.716000
	0.037995	-21.416617	115.161951	18.656400
	0.038004	-20.449591	115.161951	18.656400
	0.038014	-21.634785	115.161951	18.716000
	0.038023	-21.067430	115.161951	18.716000
	0.038033	-21.184076	115.161951	18.716000
	0.038042	-21.846747	115.161951	18.596800
	0.038051	-20.720370	115.161951	18.596800
	0.038061	-21.287373	115.161951	18.656400
	0.038070	-21.302092	115.161951	18.596800
	0.038080	-21.067351	115.161951	18.537200
	0.038089	-20.640510	115.161951	18.418000
	0.038099	-20.214756	115.161951	18.477600
	0.038108	-21.233675	115.161951	18.477600
	0.038118	-21.028245	115.161951	18.477600
	0.038127	-21.512087	115.161951	18.477600
	0.038137	-21.436240	115.161951	18.418000
	0.038146	-21.174102	115.161951	18.298700
	0.038156	-22.308689	115.161951	18.239100
	0.038165	-21.883553	115.161951	18.179500
	0.038175	-22.213919	115.161951	18.179500
	0.038184	-21.344214	115.161951	18.119900
	0.038194	-21.275660	115.161951	18.060300
	0.038203	-21.501662	115.161951	18.000700
	0.038212	-21.630987	115.161951	18.000700
	0.038222	-20.987538	115.161951	17.941100
	0.038231	-20.558392	115.161951	17.881500
	0.038241	-20.181119	115.161951	17.821900
	0.038250	-21.547300	115.161951	17.881500
	0.038260	-21.080276	115.161951	17.881500
	0.038269	-20.702451	115.161951	17.941100
	0.038279	-20.914042	115.161951	17.881500
	0.038288	-21.076372	115.161951	17.881500
	0.038298	-21.615970	115.161951	17.821900
	0.038307	-21.248366	115.161951	17.762300
	0.038317	-22.632771	115.161951	17.762300
	0.038326	-21.483253	115.161951	17.762300
	0.038336	-21.342832	115.161951	17.702700
	0.038345	-21.465092	115.161951	17.643100
	0.038354	-22.236018	115.161951	17.583500
	0.038364	-22.111898	115.161951	17.583500
	0.038373	-21.557353	115.161951	17.583500
	0.038383	-21.954163	115.161951	17.583500
	0.038392	-21.801460	115.161951	17.583500
	0.038402	-22.268280	115.161951	17.583500
	0.038411	-22.496474	115.161951	17.523900
	0.038421	-22.598481	115.161951	17.583500
	0.038430	-21.960718	115.161951	17.523900
	0.038440	-21.691141	115.161951	17.345100
	0.038449	-20.526019	115.161951	17.285500
	0.038459	-20.622032	115.161951	17.285500
	0.038468	-21.465100	115.161951	17.225900
	0.038478	-21.006080	115.161951	17.225900
	0.038487	-21.473895	115.161951	17.166300
	0.038497	-21.415661	115.161951	17.106600
	0.038506	-22.246551	115.161951	17.106600
	0.038515	-21.541922	115.161951	17.106600
	0.038525	-21.640397	115.161951	17.166300
	0.038534	-20.997504	115.161951	17.166300
	0.038544	-21.131434	115.161951	17.047000
	0.038553	-21.784711	115.161951	17.047000
	0.038563	-22.552329	115.161951	17.047000
	0.038572	-22.245867	115.161951	16.987400
	0.038582	-21.809511	115.161951	16.987400
	0.038591	-21.442146	115.161951	16.927800
	0.038601	-22.412490	115.161951	16.987400
	0.038610	-22.625297	115.161951	16.987400
	0.038620	-21.768845	115.161951	16.927800
	0.038629	-22.247031	115.161951	16.808600
	0.038639	-21.326373	115.161951	16.808600
	0.038648	-22.474002	115.161951	16.808600
	0.038657	-22.490975	115.161951	16.808600
	0.038667	-22.306341	115.161951	16.808600
	0.038676	-22.668332	115.161951	16.749000
	0.038686	-22.401031	115.161951	16.749000
	0.038695	-22.249083	115.161951	16.689400
	0.038705	-22.499969	115.161951	16.629800
	0.038714	-22.762256	115.161951	16.629800
	0.038724	-21.914357	115.161951	16.629800
	0.038733	-22.908963	115.161951	16.510600
	0.038743	-22.351553	115.161951	16.510600
	0.038752	-21.752952	115.161951	16.510600
	0.038762	-22.860555	115.161951	16.510600
	0.038771	-22.158113	115.161951	16.451000
	0.038781	-22.214449	115.161951	16.451000
	0.038790	-22.371205	115.161951	16.451000
	0.038800	-21.002480	115.161951	16.451000
	0.038809	-21.810450	115.161951	16.451000
	0.038818	-21.082003	115.161951	16.451000
	0.038828	-22.745383	115.161951	16.451000
	0.038837	-22.132173	115.161951	16.331800
	0.038847	-22.262378	115.161951	16.272200
	0.038856	-21.471205	115.161951	16.331800
	0.038866	-21.833261	115.161951	16.272200
	0.038875	-20.995066	115.161951	16.272200
	0.038885	-22.196360	115.161951	16.212600
	0.038894	-22.306138	115.161951	16.153000
	0.038904	-22.002151	115.161951	16.153000
	0.038913	-22.889178	115.161951	16.153000
	0.038923	-22.981907	115.161951	16.153000
	0.038932	-23.008557	115.161951	16.212600
	0.038942	-22.330225	115.161951	16.153000
	0.038951	-23.458960	115.161951	16.093400
	0.038960	-21.898217	115.161951	15.974200
	0.038970	-23.654542	115.161951	15.914600
	0.038979	-23.194063	115.161951	15.855000
	0.038989	-22.687224	115.161951	15.795300
	0.038998	-22.542511	115.161951	15.795300
	0.039008	-22.260368	115.161951	15.795300
	0.039017	-21.967417	115.161951	15.855000
	0.039027	-22.068345	115.161951	15.855000
	0.039036	-21.383551	115.161951	15.795300
	0.039046	-22.388795	115.161951	15.735700
	0.039055	-23.391384	115.161951	15.735700
	0.039065	-21.980920	115.161951	15.735700
	0.039074	-21.201073	115.161951	15.795300
	0.039084	-21.823865	115.161951	15.676100
	0.039093	-22.075312	115.161951	15.616500
	0.039103	-22.606535	115.161951	15.616500
	0.039112	-22.653403	115.161951	15.556900
	0.039121	-21.122642	115.161951	15.556900
	0.039131	-21.668112	115.161951	15.556900
	0.039140	-22.246741	115.161951	15.437700
	0.039150	-22.447283	115.161951	15.378100
	0.039159	-21.624172	115.161951	15.318500
	0.039169	-22.805356	115.161951	15.318500
	0.039178	-22.659237	115.161951	15.258900
	0.039188	-23.195345	115.161951	15.258900
	0.039197	-22.369316	115.161951	15.318500
	0.039207	-22.575201	115.161951	15.318500
	0.039216	-23.066533	115.161951	15.199200
	0.039226	-24.236972	115.161951	15.139600
	0.039235	-23.856591	115.161951	15.080000
	0.039245	-23.529637	115.161951	15.020400
	0.039254	-23.480556	115.161951	15.020400
	0.039263	-23.339498	115.161951	15.020400
	0.039273	-23.827584	115.161951	14.960800
	0.039282	-23.875527	115.161951	14.960800
	0.039292	-23.192755	115.161951	14.960800
	0.039301	-24.130685	115.161951	14.960800
	0.039311	-23.445064	115.161951	14.960800
	0.039320	-22.985067	115.161951	14.901200
	0.039330	-22.830897	115.161951	14.901200
	0.039339	-24.511233	115.161951	14.901200
	0.039349	-25.061855	115.161951	14.901200
	0.039358	-23.487278	115.161951	14.841600
	0.039368	-23.967813	115.161951	14.841600
	0.039377	-24.410225	115.161951	14.782000
	0.039387	-24.260113	115.161951	14.722400
	0.039396	-23.762682	115.161951	14.722400
	0.039406	-24.035792	115.161951	14.722400
	0.039415	-23.913346	115.161951	14.782000
	0.039424	-24.589123	115.161951	14.782000
	0.039434	-23.852986	115.161951	14.782000
	0.039443	-24.563341	115.161951	14.722400
	0.039453	-23.216543	115.161951	14.662800
	0.039462	-23.798449	115.161951	14.662800
	0.039472	-22.879485	115.161951	14.662800
	0.039481	-23.492238	115.161951	14.662800
	0.039491	-23.799045	115.161951	14.603200
	0.039500	-23.753441	115.161951	14.543600
	0.039510	-23.563776	115.161951	14.543600
	0.039519	-24.627175	115.161951	14.543600
	0.039529	-24.550595	115.161951	14.543600
	0.039538	-24.149378	115.161951	14.484000
	0.039548	-23.805556	115.161951	14.424400
	0.039557	-24.019153	115.161951	14.424400
	0.039566	-24.722224	115.161951	14.424400
	0.039576	-24.765406	115.161951	14.424400
	0.039585	-24.182649	115.161951	14.364800
	0.039595	-23.813566	115.161951	14.424400
	0.039604	-23.483524	115.161951	14.484000
	0.039614	-25.514691	115.161951	14.543600
	0.039623	-24.170745	115.161951	14.484000
	0.039633	-24.347121	115.161951	14.424400
	0.039642	-23.594123	115.161951	14.364800
	0.039652	-24.106648	115.161951	14.245600
	0.039661	-23.820836	115.161951	14.245600
	0.039671	-23.754338	115.161951	14.245600
	0.039680	-24.071773	115.161951	14.186000
	0.039690	-24.374712	115.161951	14.186000
	0.039699	-24.376472	115.161951	14.126400
	0.039709	-23.526169	115.161951	14.186000
	0.039718	-23.774489	115.161951	14.245600
	0.039727	-24.100216	115.161951	14.186000
	0.039737	-23.157751	115.161951	14.126400
	0.039746	-24.005803	115.161951	14.126400
	0.039756	-23.357158	115.161951	14.126400
	0.039765	-23.778781	115.161951	14.186000
	0.039775	-22.563875	115.161951	14.305200
	0.039784	-23.205931	115.161951	14.364800
	0.039794	-24.044888	115.161951	14.305200
	0.039803	-24.151267	115.161951	14.305200
	0.039813	-24.005584	115.161951	14.364800
	0.039822	-23.489803	115.161951	14.364800
	0.039832	-24.816044	115.161951	14.305200
	0.039841	-24.190805	115.161951	14.186000
	0.039851	-23.540811	115.161951	14.186000
	0.039860	-24.521921	115.161951	14.186000
	0.039869	-24.065032	115.161951	14.186000
	0.039879	-24.540358	115.161951	14.186000
	0.039888	-23.451199	115.161951	14.066800
	0.039898	-22.925897	115.161951	14.007100
	0.039907	-23.435027	115.161951	13.947500
	0.039917	-23.797843	115.161951	13.887900
	0.039926	-23.378288	115.161951	13.828300
	0.039936	-23.272355	115.161951	13.709100
	0.039945	-22.457997	115.161951	13.709100
	0.039955	-23.336504	115.161951	13.649500
	0.039964	-23.688849	115.161951	13.589900
	0.039974	-24.123572	115.161951	13.649500
	0.039983	-23.686978	115.161951	13.649500
	0.039993	-23.565313	115.161951	13.649500
	0.040002	-23.523621	115.161951	13.589900
	0.040012	-24.853267	115.161951	13.530300
	0.040021	-24.715354	115.161951	13.470700
	0.040030	-24.393273	115.161951	13.411100
	0.040040	-25.348808	115.161951	13.411100
	0.040049	-24.279740	115.161951	13.411100
	0.040059	-25.214245	115.161951	13.411100
	0.040068	-23.389453	115.161951	13.470700
	0.040078	-24.031018	115.161951	13.411100
	0.040087	-24.304747	115.161951	13.351500
	0.040097	-24.456873	115.161951	13.291900
	0.040106	-25.627921	115.161951	13.291900
	0.040116	-24.402170	115.161951	13.232300
	0.040125	-24.322905	115.161951	13.291900
	0.040135	-24.645463	115.161951	13.351500
	0.040144	-24.897305	115.161951	13.351500
	0.040154	-24.539147	115.161951	13.589900
	0.040163	-25.236910	115.161951	13.649500
	0.040172	-24.993878	115.161951	13.709100
	0.040182	-25.146689	115.161951	13.709100
	0.040191	-25.444577	115.161951	13.649500
	0.040201	-25.695778	115.161951	13.589900
	0.040210	-25.321755	115.161951	13.589900
	0.040220	-25.259995	115.161951	13.649500
	0.040229	-25.370046	115.161951	13.649500
	0.040239	-25.878801	115.161951	13.589900
	0.040248	-27.036704	115.161951	13.530300
	0.040258	-26.297679	115.161951	13.470700
	0.040267	-25.718071	115.161951	13.411100
	0.040277	-26.323971	115.161951	13.411100
	0.040286	-25.737198	115.161951	13.470700
	0.040296	-26.147362	115.161951	13.411100
	0.040305	-25.230437	115.161951	13.351500
	0.040315	-26.094811	115.161951	13.351500
	0.040324	-26.099225	115.161951	13.291900
	0.040333	-26.363785	115.161951	13.291900
	0.040343	-25.628594	115.161951	13.291900
	0.040352	-26.604126	115.161951	13.291900
	0.040362	-26.211900	115.161951	13.351500
	0.040371	-26.779575	115.161951	13.351500
	0.040381	-26.315677	115.161951	13.291900
	0.040390	-25.828887	115.161951	13.232300
	0.040400	-25.524880	115.161951	13.232300
	0.040409	-26.666403	115.161951	13.232300
	0.040419	-25.320440	115.161951	13.291900
	0.040428	-26.798639	115.161951	13.291900
	0.040438	-27.101444	115.161951	13.232300
	0.040447	-25.692682	115.161951	13.232300
	0.040457	-26.005902	115.161951	13.113100
	0.040466	-25.633189	115.161951	13.232300
	0.040475	-25.278812	115.161951	13.172700
	0.040485	-26.651412	115.161951	13.113100
	0.040494	-25.785893	115.161951	12.993900
	0.040504	-26.213828	115.161951	12.993900
	0.040513	-25.805717	115.161951	12.934300
	0.040523	-25.997470	115.161951	12.934300
	0.040532	-26.230908	115.161951	12.874700
	0.040542	-26.910976	115.161951	12.815100
	0.040551	-25.428818	115.161951	12.815100
	0.040561	-25.417453	115.161951	12.815100
	0.040570	-26.929348	115.161951	12.815100
	0.040580	-26.391461	115.161951	12.755500
	0.040589	-27.351650	115.161951	12.755500
	0.040599	-25.570502	115.161951	12.755500
	0.040608	-25.696065	115.161951	12.755500
	0.040618	-26.700730	115.161951	12.755500
	0.040627	-26.618067	115.161951	12.695800
	0.040636	-26.354044	115.161951	12.576600
	0.040646	-25.824929	115.161951	12.517000
	0.040655	-26.982384	115.161951	12.457400
	0.040665	-26.739142	115.161951	12.517000
	0.040674	-26.373055	115.161951	12.517000
	0.040684	-26.750527	115.161951	12.397800
	0.040693	-26.915244	115.161951	12.338200
	0.040703	-27.205801	115.161951	12.338200
	0.040712	-28.114016	115.161951	12.338200
	0.040722	-26.833605	115.161951	12.278600
	0.040731	-28.126230	115.161951	12.219000
	0.040741	-27.091439	115.161951	12.159400
	0.040750	-27.557579	115.161951	12.159400
	0.040760	-27.474685	115.161951	12.159400
	0.040769	-27.131040	115.161951	12.099800
	0.040778	-26.938519	115.161951	12.040200
	0.040788	-27.863673	115.161951	11.980600
	0.040797	-27.342168	115.161951	11.980600
	0.040807	-26.707146	115.161951	11.921000
	0.040816	-27.565938	115.161951	11.921000
	0.040826	-27.792870	115.161951	11.861400
	0.040835	-29.074875	115.161951	11.801800
	0.040845	-27.655890	115.161951	11.801800
	0.040854	-28.964331	115.161951	11.861400
	0.040864	-28.174385	115.161951	11.801800
	0.040873	-28.086140	115.161951	11.742200
	0.040883	-28.274446	115.161951	11.742200
	0.040892	-28.520019	115.161951	11.682600
	0.040902	-27.787335	115.161951	11.682600
	0.040911	-28.357948	115.161951	11.682600
	0.040921	-27.267185	115.161951	11.623000
	0.040930	-28.678294	115.161951	11.623000
	0.040939	-27.892637	115.161951	11.623000
	0.040949	-29.087432	115.161951	11.682600
	0.040958	-28.734500	115.161951	11.682600
	0.040968	-26.703027	115.161951	11.682600
	0.040977	-28.003620	115.161951	11.563400
	0.040987	-26.787706	115.161951	11.503800
	0.040996	-27.259387	115.161951	11.503800
	0.041006	-27.384996	115.161951	11.444200
	0.041015	-27.504215	115.161951	11.444200
	0.041025	-26.929793	115.161951	11.444200
	0.041034	-28.611919	115.161951	11.384500
	0.041044	-27.329554	115.161951	11.444200
	0.041053	-27.625751	115.161951	12.278600
	0.041063	-27.957214	115.161951	13.291900
	0.041072	-27.606914	115.161951	13.589900
	0.041081	-27.576813	115.161951	13.649500
	0.041091	-27.693315	115.161951	13.649500
	0.041100	-27.042728	115.161951	13.589900
	0.041110	-28.295143	115.161951	13.589900
	0.041119	-28.313460	115.161951	13.589900
	0.041129	-27.828744	115.161951	13.589900
	0.041138	-28.207773	115.161951	13.589900
	0.041148	-28.694325	115.161951	13.530300
	0.041157	-28.790189	115.161951	13.470700
	0.041167	-27.067059	115.161951	13.411100
	0.041176	-28.470086	115.161951	13.411100
	0.041186	-28.219251	115.161951	13.411100
	0.041195	-28.901331	115.161951	13.351500
	0.041205	-27.703848	115.161951	13.291900
	0.041214	-28.092069	115.161951	13.351500
	0.041224	-26.703122	115.161951	13.351500
	0.041233	-29.586061	115.161951	13.291900
	0.041242	-27.857293	115.161951	13.232300
	0.041252	-28.066786	115.161951	13.232300
	0.041261	-28.877412	115.161951	13.113100
	0.041271	-29.139792	115.161951	13.053500
	0.041280	-28.940666	115.161951	13.053500
	0.041290	-27.459903	115.161951	12.993900
	0.041299	-28.741051	115.161951	12.934300
	0.041309	-29.278993	115.161951	12.874700
	0.041318	-28.867035	115.161951	12.874700
	0.041328	-28.645393	115.161951	12.874700
	0.041337	-28.987730	115.161951	12.755500
	0.041347	-28.288723	115.161951	12.815100
	0.041356	-28.344777	115.161951	12.815100
	0.041366	-28.526433	115.161951	12.815100
	0.041375	-28.908385	115.161951	12.815100
	0.041384	-28.765119	115.161951	12.755500
	0.041394	-28.531385	115.161951	12.695800
	0.041403	-28.269885	115.161951	12.636200
	0.041413	-29.650001	115.161951	12.576600
	0.041422	-29.792729	115.161951	12.576600
	0.041432	-29.614634	115.161951	12.576600
	0.041441	-29.659393	115.161951	12.576600
	0.041451	-30.667024	115.161951	12.517000
	0.041460	-29.089812	115.161951	12.517000
	0.041470	-29.797901	115.161951	12.517000
	0.041479	-28.939468	115.161951	12.457400
	0.041489	-29.287278	115.161951	12.397800
	0.041498	-28.977159	115.161951	12.397800
	0.041508	-29.048699	115.161951	12.278600
	0.041517	-28.703305	115.161951	12.278600
	0.041527	-28.743521	115.161951	12.278600
	0.041536	-28.997430	115.161951	12.159400
	0.041545	-29.433958	115.161951	12.159400
	0.041555	-29.203179	115.161951	12.159400
	0.041564	-28.699728	115.161951	12.219000
	0.041574	-28.656871	115.161951	12.219000
	0.041583	-28.353458	115.161951	12.159400
	0.041593	-28.210727	115.161951	12.099800
	0.041602	-29.417903	115.161951	12.159400
	0.041612	-27.556843	115.161951	12.099800
	0.041621	-28.930432	115.161951	12.040200
	0.041631	-28.470577	115.161951	11.980600
	0.041640	-29.890109	115.161951	11.921000
	0.041650	-29.728547	115.161951	11.861400
	0.041659	-28.462766	115.161951	11.921000
	0.041669	-28.606636	115.161951	11.861400
	0.041678	-28.822280	115.161951	11.801800
	0.041687	-28.634943	115.161951	11.742200
	0.041697	-28.593153	115.161951	11.742200
	0.041706	-28.783633	115.161951	11.742200
	0.041716	-29.187922	115.161951	11.742200
	0.041725	-28.930133	115.161951	11.742200
	0.041735	-28.567465	115.161951	11.682600
	0.041744	-28.860599	115.161951	11.623000
	0.041754	-29.557281	115.161951	11.623000
	0.041763	-30.221266	115.161951	11.623000
	0.041773	-29.890487	115.161951	11.623000
	0.041782	-29.395550	115.161951	11.623000
	0.041792	-29.960590	115.161951	11.563400
	0.041801	-30.859156	115.161951	11.563400
	0.041811	-30.744111	115.161951	11.623000
	0.041820	-30.988874	115.161951	11.623000
	0.041829	-32.146561	115.161951	12.517000
	0.041839	-33.512494	115.161951	12.934300
	0.041848	-31.536748	115.161951	13.113100
	0.041858	-32.807074	115.161951	13.113100
	0.041867	-32.938507	115.161951	13.113100
	0.041877	-32.589230	115.161951	13.053500
	0.041886	-33.644178	115.161951	12.993900
	0.041896	-31.945390	115.161951	12.993900
	0.041905	-32.770895	115.161951	12.993900
	0.041915	-33.447248	115.161951	12.934300
	0.041924	-33.376888	115.161951	12.993900
	0.041934	-32.491347	115.161951	12.934300
	0.041943	-33.148390	115.161951	12.874700
	0.041953	-31.656255	115.161951	12.993900
	0.041962	-31.502853	115.161951	12.993900
	0.041972	-32.348477	115.161951	12.993900
	0.041981	-31.970571	115.161951	12.993900
	0.041990	-32.128161	115.161951	12.874700
	0.042000	-31.947868	115.161951	12.815100
	0.042009	-32.870810	115.161951	12.815100
	0.042019	-32.793170	115.161951	12.815100
	0.042028	-32.455329	115.161951	12.815100
	0.042038	-32.553760	115.161951	12.755500
	0.042047	-33.026603	115.161951	12.695800
	0.042057	-31.714025	115.161951	12.695800
	0.042066	-33.529799	115.161951	12.695800
	0.042076	-32.209027	115.161951	12.695800
	0.042085	-33.659564	115.161951	12.636200
	0.042095	-32.376781	115.161951	12.695800
	0.042104	-32.780560	115.161951	12.695800
	0.042114	-34.025136	115.161951	12.695800
	0.042123	-32.545808	115.161951	12.636200
	0.042132	-33.225377	115.161951	12.576600
	0.042142	-33.778014	115.161951	12.457400
	0.042151	-34.330630	115.161951	12.397800
	0.042161	-32.414117	115.161951	12.457400
	0.042170	-32.768443	115.161951	12.457400
	0.042180	-32.713813	115.161951	12.457400
	0.042189	-33.434824	115.161951	12.338200
	0.042199	-32.908636	115.161951	12.040200
	0.042208	-33.909550	115.161951	11.921000
	0.042218	-32.735963	115.161951	11.861400
	0.042227	-32.348032	115.161951	11.861400
	0.042237	-33.957483	115.161951	11.921000
	0.042246	-34.509021	115.161951	11.921000
	0.042256	-33.375941	115.161951	11.921000
	0.042265	-35.135046	115.161951	11.921000
	0.042275	-34.472113	115.161951	11.861400
	0.042284	-34.717325	115.161951	11.921000
	0.042293	-38.610477	115.161951	12.695800
	0.042303	-38.057300	115.161951	13.232300
	0.042312	-39.057782	115.161951	13.351500
	0.042322	-37.477284	115.161951	13.351500
	0.042331	-38.025403	115.161951	13.351500
	0.042341	-39.888160	115.161951	14.543600
	0.042350	-42.402666	115.161951	16.808600
	0.042360	-41.559164	115.161951	17.583500
	0.042369	-41.610016	115.161951	17.762300
	0.042379	-41.699484	115.161951	17.762300
	0.042388	-42.782309	115.161951	17.643100
	0.042398	-42.013085	115.161951	17.643100
	0.042407	-40.482443	115.161951	17.583500
	0.042417	-40.271755	115.161951	17.583500
	0.042426	-41.146699	115.161951	17.523900
	0.042435	-41.660394	115.161951	17.583500
	0.042445	-42.500482	115.161951	17.583500
	0.042454	-41.848643	115.161951	17.523900
	0.042464	-41.842879	115.161951	17.523900
	0.042473	-42.619206	115.161951	17.464300
	0.042483	-42.125798	115.161951	17.523900
	0.042492	-42.655173	115.161951	17.523900
	0.042502	-42.630195	115.161951	17.583500
	0.042511	-46.349679	115.161951	18.537200
	0.042521	-47.185383	115.161951	19.788900
	0.042530	-47.717853	115.161951	20.265700
	0.042540	-47.836173	115.161951	20.325300
	0.042549	-47.429944	115.161951	20.325300
	0.042559	-47.549611	115.161951	20.325300
	0.042568	-47.644030	115.161951	20.265700
	0.042578	-47.558767	115.161951	20.265700
	0.042587	-47.458991	115.161951	20.325300
	0.042596	-53.198436	115.161951	20.921300
	0.042606	-57.172372	115.161951	22.471100
	0.042615	-56.220639	115.161951	23.067100
	0.042625	-57.227135	115.161951	23.186300
	0.042634	-55.813452	115.161951	23.186300
	0.042644	-55.714993	115.161951	23.186300
	0.042653	-57.016354	115.161951	23.245900
	0.042663	-55.732367	115.161951	23.186300
	0.042672	-54.765313	115.161951	23.186300
	0.042682	-56.390300	115.161951	23.186300
	0.042691	-55.560745	115.161951	23.186300
	0.042701	-55.961985	115.161951	23.126700
	0.042710	-55.878805	115.161951	23.126700
	0.042720	-55.423203	115.161951	23.126700
	0.042729	-56.040895	115.161951	23.126700
	0.042738	-55.693474	115.161951	23.365100
	0.042748	-57.808022	115.161951	23.782400
	0.042757	-58.958735	115.161951	23.842000
	0.042767	-57.564635	115.161951	23.842000
	0.042776	-57.931925	115.161951	23.901600
	0.042786	-58.192853	115.161951	23.961200
	0.042795	-58.367303	115.161951	23.961200
	0.042805	-59.784209	115.161951	23.901600
	0.042814	-58.870923	115.161951	23.961200
	0.042824	-58.066155	115.161951	23.961200
	0.042833	-58.318247	115.161951	23.961200
	0.042843	-58.971222	115.161951	24.020800
	0.042852	-58.282861	115.161951	23.961200
	0.042862	-57.933562	115.161951	23.961200
	0.042871	-59.157531	115.161951	24.080400
	0.042881	-57.313750	115.161951	24.080400
	0.042890	-58.543002	115.161951	24.020800
	0.042899	-58.892077	115.161951	24.020800
	0.042909	-59.511705	115.161951	24.020800
	0.042918	-59.058030	115.161951	24.020800
	0.042928	-59.115823	115.161951	24.020800
	0.042937	-59.181373	115.161951	23.961200
	0.042947	-60.311786	115.161951	24.020800
	0.042956	-58.081193	115.161951	24.080400
	0.042966	-59.747298	115.161951	24.020800
	0.042975	-59.144300	115.161951	24.020800
	0.042985	-59.129157	115.161951	24.080400
	0.042994	-58.887279	115.161951	24.080400
	0.043004	-58.248904	115.161951	24.080400
	0.043013	-57.844774	115.161951	24.140000
	0.043023	-59.536804	115.161951	24.080400
	0.043032	-58.467978	115.161951	24.080400
	0.043041	-59.598225	115.161951	24.080400
	0.043051	-58.339057	115.161951	24.020800
	0.043060	-58.317201	115.161951	24.080400
	0.043070	-58.977832	115.161951	24.080400
	0.043079	-58.025866	115.161951	24.140000
	0.043089	-58.618964	115.161951	24.140000
	0.043098	-59.311959	115.161951	24.199600
	0.043108	-59.825452	115.161951	24.140000
	0.043117	-59.051714	115.161951	24.140000
	0.043127	-59.243292	115.161951	24.140000
	0.043136	-59.086348	115.161951	24.140000
	0.043146	-58.925010	115.161951	24.140000
	0.043155	-59.202253	115.161951	24.140000
	0.043165	-59.768980	115.161951	24.199600
	0.043174	-59.341870	115.161951	24.318800
	0.043184	-59.993728	115.161951	24.318800
	0.043193	-59.396943	115.161951	24.259200
	0.043202	-58.719087	115.161951	24.259200
	0.043212	-60.296992	115.161951	24.259200
	0.043221	-61.010189	115.161951	24.318800
	0.043231	-59.828499	115.161951	24.318800
	0.043240	-61.157926	115.161951	24.318800
	0.043250	-60.432587	115.161951	24.259200
	0.043259	-60.925829	115.161951	24.259200
	0.043269	-60.185565	115.161951	24.318800
	0.043278	-61.235468	115.161951	24.259200
	0.043288	-61.279138	115.161951	24.140000
	0.043297	-60.928182	115.161951	24.140000
	0.043307	-60.364308	115.161951	24.199600
	0.043316	-59.482213	115.161951	24.259200
	0.043326	-61.918887	115.161951	24.795600
	0.043335	-62.343141	115.161951	25.332100
	0.043344	-61.992847	115.161951	25.451300
	0.043354	-62.451287	115.161951	25.510900
	0.043363	-62.358199	115.161951	25.451300
	0.043373	-61.850751	115.161951	25.451300
	0.043382	-62.271377	115.161951	25.391700
	0.043392	-61.772890	115.161951	25.391700
	0.043401	-62.370435	115.161951	25.451300
	0.043411	-62.181267	115.161951	25.510900
	0.043420	-62.549203	115.161951	25.451300
	0.043430	-62.940076	115.161951	25.391700
	0.043439	-62.279154	115.161951	25.451300
	0.043449	-61.972085	115.161951	25.391700
	0.043458	-62.361332	115.161951	25.391700
	0.043468	-61.552610	115.161951	25.391700
	0.043477	-62.715250	115.161951	25.391700
	0.043487	-63.899482	115.161951	25.510900
	0.043496	-65.379924	115.161951	25.630100
	0.043505	-65.334406	115.161951	25.570500
	0.043515	-63.506634	115.161951	25.510900
	0.043524	-63.236833	115.161951	25.510900
	0.043534	-63.911693	115.161951	25.510900
	0.043543	-64.665065	115.161951	25.510900
	0.043553	-64.596833	115.161951	25.451300
	0.043562	-65.597185	115.161951	25.451300
	0.043572	-65.117535	115.161951	25.451300
	0.043581	-63.701782	115.161951	25.451300
	0.043591	-63.747359	115.161951	25.391700
	0.043600	-64.309688	115.161951	25.391700
	0.043610	-64.234612	115.161951	25.332100
	0.043619	-63.948200	115.161951	25.272500
	0.043629	-64.638852	115.161951	25.272500
	0.043638	-67.109189	115.161951	25.689700
	0.043647	-67.461169	115.161951	26.047300
	0.043657	-66.595802	115.161951	26.226200
	0.043666	-67.104333	115.161951	26.226200
	0.043676	-66.902621	115.161951	26.226200
	0.043685	-67.238442	115.161951	26.345400
	0.043695	-66.742863	115.161951	26.405000
	0.043704	-68.185926	115.161951	26.345400
	0.043714	-67.149842	115.161951	26.285800
	0.043723	-65.938662	115.161951	26.285800
	0.043733	-67.834643	115.161951	26.285800
	0.043742	-67.297915	115.161951	26.345400
	0.043752	-75.245774	115.161951	27.954700
	0.043761	-77.016597	115.161951	29.683200
	0.043771	-76.956078	115.161951	30.100500
	0.043780	-76.698492	115.161951	30.219700
	0.043790	-76.394198	115.161951	30.279300
	0.043799	-76.897640	115.161951	30.219700
	0.043808	-76.307472	115.161951	30.160100
	0.043818	-76.774915	115.161951	30.160100
	0.043827	-77.348894	115.161951	30.160100
	0.043837	-77.202576	115.161951	30.160100
	0.043846	-76.426907	115.161951	30.219700
	0.043856	-77.502014	115.161951	30.160100
	0.043865	-76.508232	115.161951	30.219700
	0.043875	-76.598241	115.161951	30.338900
	0.043884	-78.533486	115.161951	30.935000
	0.043894	-78.356260	115.161951	31.173500
	0.043903	-79.189245	115.161951	31.292700
	0.043913	-78.287607	115.161951	31.352300
	0.043922	-78.416267	115.161951	31.411900
	0.043932	-77.478134	115.161951	31.411900
	0.043941	-77.501594	115.161951	31.411900
	0.043950	-78.550732	115.161951	31.352300
	0.043960	-78.044146	115.161951	31.352300
	0.043969	-78.362052	115.161951	31.292700
	0.043979	-78.294099	115.161951	31.233100
	0.043988	-78.003757	115.161951	31.173500
	0.043998	-78.855715	115.161951	31.173500
	0.044007	-81.976780	115.161951	31.292700
	0.044017	-87.668660	115.161951	32.484800
	0.044026	-86.608880	115.161951	33.259600
	0.044036	-86.783318	115.161951	33.319200
	0.044045	-87.164140	115.161951	33.319200
	0.044055	-87.585442	115.161951	33.319200
	0.044064	-87.910650	115.161951	33.319200
	0.044074	-87.562427	115.161951	33.319200
	0.044083	-87.870983	115.161951	33.259600
	0.044093	-87.410545	115.161951	33.259600
	0.044102	-87.482536	115.161951	33.200000
	0.044111	-86.670317	115.161951	33.200000
	0.044121	-88.951956	115.161951	33.378800
	0.044130	-92.004874	115.161951	34.511300
	0.044140	-92.222756	115.161951	35.047800
	0.044149	-91.712693	115.161951	35.107400
	0.044159	-91.443169	115.161951	35.107400
	0.044168	-92.314803	115.161951	35.107400
	0.044178	-91.898874	115.161951	35.107400
	0.044187	-91.778578	115.161951	35.107400
	0.044197	-91.372038	115.161951	35.047800
	0.044206	-92.552456	115.161951	34.988200
	0.044216	-92.029371	115.161951	34.928600
	0.044225	-91.889341	115.161951	34.928600
	0.044235	-92.262029	115.161951	34.809300
	0.044244	-91.861300	115.161951	34.809300
	0.044253	-91.993257	115.161951	34.809300
	0.044263	-93.233065	115.161951	34.690100
	0.044272	-92.529871	115.161951	34.690100
	0.044282	-92.004957	115.161951	34.690100
	0.044291	-92.466526	115.161951	34.690100
	0.044301	-91.781993	115.161951	34.630500
	0.044310	-92.448419	115.161951	34.690100
	0.044320	-90.431709	115.161951	34.690100
	0.044329	-91.029057	115.161951	34.630500
	0.044339	-92.421873	115.161951	34.570900
	0.044348	-92.121383	115.161951	34.630500
	0.044358	-91.063104	115.161951	34.630500
	0.044367	-91.987301	115.161951	34.630500
	0.044377	-92.988084	115.161951	34.690100
	0.044386	-93.132403	115.161951	34.809300
	0.044396	-93.127301	115.161951	34.869000
	0.044405	-92.994046	115.161951	34.928600
	0.044414	-92.397651	115.161951	34.928600
	0.044424	-92.716674	115.161951	34.988200
	0.044433	-94.598472	115.161951	34.988200
	0.044443	-93.670267	115.161951	34.928600
	0.044452	-93.018982	115.161951	34.928600
	0.044462	-94.142583	115.161951	34.928600
	0.044471	-94.295223	115.161951	34.928600
	0.044481	-93.533043	115.161951	34.869000
	0.044490	-93.487242	115.161951	34.869000
	0.044500	-93.727922	115.161951	34.869000
	0.044509	-92.867616	115.161951	34.869000
	0.044519	-93.489976	115.161951	34.928600
	0.044528	-93.837778	115.161951	34.928600
	0.044538	-92.890281	115.161951	34.928600
	0.044547	-94.207372	115.161951	34.809300
	0.044556	-94.474406	115.161951	34.809300
	0.044566	-94.727928	115.161951	34.809300
	0.044575	-94.688066	115.161951	34.749700
	0.044585	-94.378363	115.161951	34.690100
	0.044594	-93.899193	115.161951	34.690100
	0.044604	-95.278145	115.161951	34.690100
	0.044613	-93.958434	115.161951	34.690100
	0.044623	-95.086239	115.161951	34.630500
	0.044632	-95.189002	115.161951	34.630500
	0.044642	-95.431165	115.161951	34.630500
	0.044651	-98.750392	115.161951	35.584200
	0.044661	-104.870460	115.161951	37.551200
	0.044670	-103.371798	115.161951	38.266400
	0.044680	-104.585494	115.161951	38.445200
	0.044689	-104.804609	115.161951	38.504800
	0.044699	-104.790671	115.161951	38.683600
	0.044708	-104.363704	115.161951	38.743300
	0.044717	-103.948497	115.161951	38.743300
	0.044727	-103.849854	115.161951	38.743300
	0.044736	-104.238064	115.161951	38.743300
	0.044746	-105.753386	115.161951	38.743300
	0.044755	-105.832644	115.161951	38.743300
	0.044765	-103.719705	115.161951	38.683600
	0.044774	-104.909993	115.161951	38.624000
	0.044784	-103.260272	115.161951	38.624000
	0.044793	-104.965190	115.161951	38.624000
	0.044803	-102.793232	115.161951	38.624000
	0.044812	-104.416644	115.161951	38.624000
	0.044822	-103.731686	115.161951	38.504800
	0.044831	-104.340141	115.161951	38.564400
	0.044841	-104.380902	115.161951	38.504800
	0.044850	-106.389393	115.161951	39.339300
	0.044859	-113.130128	115.161951	42.259900
	0.044869	-112.454975	115.161951	43.511600
	0.044878	-112.432219	115.161951	43.809600
	0.044888	-113.746998	115.161951	43.928900
	0.044897	-112.262735	115.161951	43.869300
	0.044907	-110.883242	115.161951	43.869300
	0.044916	-114.660283	115.161951	44.048100
	0.044926	-114.525157	115.161951	44.524900
	0.044935	-115.048055	115.161951	44.763300
	0.044945	-115.382830	115.161951	44.763300
	0.044954	-116.221069	115.161951	44.822900
	0.044964	-116.161548	115.161951	44.822900
	0.044973	-115.892180	115.161951	44.822900
	0.044983	-116.024011	115.161951	44.882500
	0.044992	-115.979088	115.161951	44.882500
	0.045002	-117.249408	115.161951	44.882500
	0.045011	-116.280922	115.161951	44.822900
	0.045020	-116.779332	115.161951	44.822900
	0.045030	-117.241096	115.161951	44.822900
	0.045039	-117.016580	115.161951	44.822900
	0.045049	-117.504888	115.161951	44.942100
	0.045058	-116.811581	115.161951	44.882500
	0.045068	-117.315998	115.161951	44.942100
	0.045077	-117.007357	115.161951	44.882500
	0.045087	-117.395699	115.161951	44.942100
	0.045096	-117.851879	115.161951	44.942100
	0.045106	-117.000680	115.161951	45.001700
	0.045115	-116.802012	115.161951	45.001700
	0.045125	-118.088829	115.161951	45.061300
	0.045134	-117.104217	115.161951	45.061300
	0.045144	-116.803420	115.161951	45.061300
	0.045153	-116.896955	115.161951	45.061300
	0.045162	-117.228972	115.161951	45.120900
	0.045172	-117.749147	115.161951	45.478600
	0.045181	-117.597507	115.161951	45.895800
	0.045191	-117.729605	115.161951	46.015000
	0.045200	-117.302601	115.161951	46.074600
	0.045210	-118.780833	115.161951	46.074600
	0.045219	-118.964854	115.161951	46.134200
	0.045229	-118.298015	115.161951	46.134200
	0.045238	-118.036135	115.161951	46.193800
	0.045248	-118.403245	115.161951	46.193800
	0.045257	-118.077428	115.161951	46.193800
	0.045267	-118.121219	115.161951	46.253400
	0.045276	-118.966312	115.161951	46.253400
	0.045286	-118.413387	115.161951	46.193800
	0.045295	-118.685434	115.161951	46.253400
	0.045305	-119.471120	115.161951	46.313000
	0.045314	-123.473091	115.161951	46.730300
	0.045323	-128.412468	115.161951	48.220400
	0.045333	-129.661769	115.161951	48.995300
	0.045342	-128.316956	115.161951	49.114500
	0.045352	-127.634803	115.161951	49.114500
	0.045361	-128.111992	115.161951	49.174100
	0.045371	-129.026276	115.161951	49.174100
	0.045380	-128.541319	115.161951	49.174100
	0.045390	-128.186149	115.161951	49.174100
	0.045399	-127.739841	115.161951	49.174100
	0.045409	-127.085603	115.161951	49.174100
	0.045418	-127.981517	115.161951	49.174100
	0.045428	-127.597556	115.161951	49.233700
	0.045437	-127.792550	115.161951	48.637600
	0.045447	-127.548001	115.161951	48.101200
	0.045456	-128.431242	115.161951	47.982000
	0.045465	-127.872125	115.161951	47.982000
	0.045475	-127.876909	115.161951	48.220400
	0.045484	-129.224185	115.161951	48.578000
	0.045494	-128.470447	115.161951	48.697200
	0.045503	-128.782873	115.161951	48.756800
	0.045513	-128.660573	115.161951	48.756800
	0.045522	-129.450380	115.161951	48.697200
	0.045532	-128.754210	115.161951	48.697200
	0.045541	-130.174074	115.161951	48.637600
	0.045551	-129.095805	115.161951	48.637600
	0.045560	-129.266880	115.161951	48.697200
	0.045570	-129.322516	115.161951	48.756800
	0.045579	-129.425627	115.161951	48.697200
	0.045589	-130.038923	115.161951	48.637600
	0.045598	-129.016600	115.161951	48.637600
	0.045608	-128.783935	115.161951	48.637600
	0.045617	-129.423004	115.161951	48.697200
	0.045626	-129.560530	115.161951	48.756800
	0.045636	-129.575105	115.161951	48.697200
	0.045645	-129.699223	115.161951	48.697200
	0.045655	-130.109930	115.161951	48.697200
	0.045664	-129.834528	115.161951	48.637600
	0.045674	-129.212906	115.161951	48.637600
	0.045683	-129.384521	115.161951	48.697200
	0.045693	-130.627159	115.161951	48.756800
	0.045702	-130.416572	115.161951	48.697200
	0.045712	-130.648924	115.161951	48.697200
	0.045721	-130.717951	115.161951	48.697200
	0.045731	-131.825304	115.161951	48.816400
	0.045740	-132.342669	115.161951	48.816400
	0.045750	-131.457962	115.161951	48.816400
	0.045759	-131.538661	115.161951	48.756800
	0.045768	-132.157450	115.161951	48.816400
	0.045778	-129.976012	115.161951	48.876000
	0.045787	-131.221076	115.161951	48.935600
	0.045797	-131.191459	115.161951	48.876000
	0.045806	-130.026166	115.161951	48.876000
	0.045816	-130.539775	115.161951	48.876000
	0.045825	-130.000709	115.161951	48.876000
	0.045835	-130.691921	115.161951	48.876000
	0.045844	-130.893999	115.161951	48.876000
	0.045854	-129.051301	115.161951	48.935600
	0.045863	-130.275250	115.161951	48.935600
	0.045873	-130.529411	115.161951	48.995300
	0.045882	-129.971517	115.161951	48.995300
	0.045892	-129.429496	115.161951	48.935600
	0.045901	-130.333935	115.161951	48.995300
	0.045910	-130.450933	115.161951	49.054900
	0.045920	-131.044050	115.161951	49.174100
	0.045929	-130.726301	115.161951	49.293300
	0.045939	-130.451701	115.161951	49.352900
	0.045948	-131.225482	115.161951	49.352900
	0.045958	-131.688863	115.161951	49.352900
	0.045967	-131.386375	115.161951	49.352900
	0.045977	-131.312971	115.161951	49.352900
	0.045986	-132.410986	115.161951	49.352900
	0.045996	-132.562931	115.161951	49.352900
	0.046005	-131.764344	115.161951	49.352900
	0.046015	-131.700478	115.161951	49.293300
	0.046024	-132.080869	115.161951	49.293300
	0.046034	-131.498376	115.161951	49.352900
	0.046043	-132.160927	115.161951	49.472100
	0.046053	-132.721809	115.161951	49.531700
	0.046062	-131.931363	115.161951	49.591300
	0.046071	-132.504269	115.161951	49.531700
	0.046081	-131.370989	115.161951	49.829700
	0.046090	-137.354520	115.161951	51.439000
	0.046100	-137.760757	115.161951	52.452300
	0.046109	-138.783909	115.161951	52.690700
	0.046119	-138.063470	115.161951	52.750300
	0.046128	-137.724132	115.161951	52.750300
	0.046138	-136.977736	115.161951	52.690700
	0.046147	-138.292287	115.161951	52.690700
	0.046157	-138.179211	115.161951	52.690700
	0.046166	-138.388492	115.161951	52.690700
	0.046176	-138.929666	115.161951	52.750300
	0.046185	-139.818551	115.161951	52.869600
	0.046195	-139.700127	115.161951	52.929200
	0.046204	-140.168608	115.161951	52.929200
	0.046213	-139.162257	115.161951	52.988800
	0.046223	-139.746293	115.161951	52.988800
	0.046232	-138.034934	115.161951	53.048400
	0.046242	-138.737425	115.161951	53.048400
	0.046251	-138.791391	115.161951	53.108000
	0.046261	-139.396668	115.161951	53.108000
	0.046270	-138.065994	115.161951	53.167600
	0.046280	-138.631883	115.161951	53.167600
	0.046289	-139.033560	115.161951	53.167600
	0.046299	-138.790472	115.161951	53.227200
	0.046308	-138.587051	115.161951	53.227200
	0.046318	-137.850679	115.161951	53.108000
	0.046327	-137.741266	115.161951	53.108000
	0.046337	-138.954978	115.161951	53.108000
	0.046346	-137.945602	115.161951	53.108000
	0.046356	-138.703703	115.161951	53.108000
	0.046365	-139.414981	115.161951	53.108000
	0.046374	-142.924108	115.161951	53.584800
	0.046384	-146.163559	115.161951	54.598100
	0.046393	-146.324769	115.161951	54.955700
	0.046403	-146.138714	115.161951	54.955700
	0.046412	-146.463938	115.161951	54.955700
	0.046422	-146.597587	115.161951	54.955700
	0.046431	-146.669872	115.161951	54.955700
	0.046441	-147.756728	115.161951	54.955700
	0.046450	-147.047152	115.161951	54.896100
	0.046460	-147.149838	115.161951	54.896100
	0.046469	-147.254003	115.161951	54.836500
	0.046479	-147.182222	115.161951	54.836500
	0.046488	-146.977373	115.161951	54.836500
	0.046498	-146.283049	115.161951	54.836500
	0.046507	-146.996931	115.161951	54.896100
	0.046516	-147.684027	115.161951	54.896100
	0.046526	-147.077594	115.161951	54.896100
	0.046535	-147.484404	115.161951	54.836500
	0.046545	-146.668254	115.161951	54.836500
	0.046554	-147.707205	115.161951	54.896100
	0.046564	-146.987252	115.161951	54.896100
	0.046573	-145.365976	115.161951	54.896100
	0.046583	-146.831641	115.161951	54.896100
	0.046592	-146.204265	115.161951	54.836500
	0.046602	-146.200898	115.161951	54.776900
	0.046611	-146.178822	115.161951	54.836500
	0.046621	-145.885555	115.161951	54.776900
	0.046630	-146.617602	115.161951	54.776900
	0.046640	-146.188364	115.161951	54.776900
	0.046649	-146.609310	115.161951	54.776900
	0.046659	-145.647771	115.161951	54.776900
	0.046668	-146.424660	115.161951	54.836500
	0.046677	-146.101113	115.161951	54.776900
	0.046687	-146.024526	115.161951	54.776900
	0.046696	-146.361876	115.161951	54.717300
	0.046706	-146.423154	115.161951	54.717300
	0.046715	-146.305274	115.161951	54.717300
	0.046725	-148.850969	115.161951	54.776900
	0.046734	-148.344848	115.161951	54.836500
	0.046744	-147.486087	115.161951	54.836500
	0.046753	-147.101586	115.161951	54.836500
	0.046763	-147.774821	115.161951	54.955700
	0.046772	-147.081070	115.161951	54.955700
	0.046782	-146.315167	115.161951	54.896100
	0.046791	-145.776067	115.161951	54.896100
	0.046801	-146.424571	115.161951	54.836500
	0.046810	-144.658128	115.161951	54.836500
	0.046819	-146.125839	115.161951	54.776900
	0.046829	-146.254221	115.161951	54.776900
	0.046838	-147.182217	115.161951	54.776900
	0.046848	-146.300917	115.161951	54.776900
	0.046857	-146.221955	115.161951	54.717300
	0.046867	-144.617131	115.161951	54.657700
	0.046876	-145.891708	115.161951	54.657700
	0.046886	-146.629686	115.161951	54.776900
	0.046895	-146.831866	115.161951	54.836500
	0.046905	-147.617628	115.161951	54.896100
	0.046914	-147.588461	115.161951	54.955700
	0.046924	-147.561020	115.161951	54.896100
	0.046933	-147.240591	115.161951	54.955700
	0.046943	-146.732534	115.161951	55.015300
	0.046952	-147.759213	115.161951	55.074900
	0.046962	-147.981652	115.161951	55.074900
	0.046971	-148.019037	115.161951	55.015300
	0.046980	-146.005802	115.161951	55.074900
	0.046990	-148.365401	115.161951	55.074900
	0.046999	-147.431030	115.161951	55.074900
	0.047009	-147.727494	115.161951	55.015300
	0.047018	-147.333728	115.161951	55.074900
	0.047028	-148.374545	115.161951	55.134500
	0.047037	-148.098169	115.161951	55.134500
	0.047047	-148.015928	115.161951	55.134500
	0.047056	-147.060672	115.161951	55.134500
	0.047066	-147.801689	115.161951	55.134500
	0.047075	-147.158845	115.161951	55.134500
	0.047085	-147.389963	115.161951	55.194100
	0.047094	-147.729044	115.161951	55.134500
	0.047104	-147.639871	115.161951	55.194100
	0.047113	-147.075505	115.161951	55.253700
	0.047122	-147.637841	115.161951	55.313300
	0.047132	-147.202767	115.161951	55.492200
	0.047141	-147.769753	115.161951	55.611400
	0.047151	-148.377135	115.161951	55.790200
	0.047160	-148.227638	115.161951	56.088200
	0.047170	-149.291353	115.161951	56.207400
	0.047179	-150.545032	115.161951	56.207400
	0.047189	-148.213582	115.161951	56.207400
	0.047198	-147.842550	115.161951	56.207400
	0.047208	-149.741716	115.161951	56.267000
	0.047217	-149.422445	115.161951	56.267000
	0.047227	-149.536466	115.161951	56.326600
	0.047236	-150.440589	115.161951	56.505400
	0.047246	-149.728004	115.161951	56.624600
	0.047255	-149.753986	115.161951	56.684300
	0.047265	-150.448745	115.161951	56.624600
	0.047274	-150.421157	115.161951	56.624600
	0.047283	-150.687320	115.161951	56.565000
	0.047293	-151.335078	115.161951	56.505400
	0.047302	-150.817084	115.161951	56.624600
	0.047312	-151.726792	115.161951	56.684300
	0.047321	-152.005804	115.161951	56.743900
	0.047331	-151.708736	115.161951	56.684300
	0.047340	-151.918856	115.161951	56.743900
	0.047350	-151.106206	115.161951	56.743900
	0.047359	-152.022350	115.161951	56.684300
	0.047369	-151.990211	115.161951	56.743900
	0.047378	-153.498823	115.161951	56.982300
	0.047388	-152.353605	115.161951	57.041900
	0.047397	-152.040553	115.161951	57.041900
	0.047407	-151.585663	115.161951	57.041900
	0.047416	-151.405112	115.161951	57.041900
	0.047425	-151.203423	115.161951	56.982300
	0.047435	-151.728884	115.161951	56.982300
	0.047444	-152.645844	115.161951	57.041900
	0.047454	-152.663923	115.161951	57.101500
	0.047463	-154.650911	115.161951	57.399500
	0.047473	-155.312832	115.161951	57.637900
	0.047482	-155.156300	115.161951	57.816700
	0.047492	-155.725969	115.161951	57.876300
	0.047501	-154.723796	115.161951	57.935900
	0.047511	-155.733546	115.161951	57.995600
	0.047520	-155.943569	115.161951	57.995600
	0.047530	-155.917194	115.161951	57.995600
	0.047539	-156.575953	115.161951	57.995600
	0.047549	-155.364726	115.161951	57.995600
	0.047558	-156.544157	115.161951	57.995600
	0.047568	-156.068318	115.161951	58.055200
	0.047577	-155.401155	115.161951	58.055200
	0.047586	-156.277362	115.161951	58.055200
	0.047596	-155.839271	115.161951	58.055200
	0.047605	-157.576812	115.161951	57.995600
	0.047615	-157.132527	115.161951	58.055200
	0.047624	-156.452875	115.161951	58.055200
	0.047634	-156.682621	115.161951	58.055200
	0.047643	-156.957794	115.161951	58.055200
	0.047653	-156.997921	115.161951	58.055200
	0.047662	-155.910390	115.161951	58.055200
	0.047672	-155.510954	115.161951	58.114800
	0.047681	-157.039654	115.161951	58.114800
	0.047691	-161.026607	115.161951	58.710800
	0.047700	-161.588091	115.161951	59.545300
	0.047710	-159.685121	115.161951	59.724100
	0.047719	-161.021900	115.161951	59.724100
	0.047728	-161.506829	115.161951	59.724100
	0.047738	-161.503355	115.161951	59.724100
	0.047747	-164.495494	115.161951	60.439300
	0.047757	-168.465265	115.161951	61.452900
	0.047766	-168.342263	115.161951	61.691300
	0.047776	-167.411326	115.161951	61.750900
	0.047785	-168.311098	115.161951	61.810500
	0.047795	-168.182244	115.161951	61.989300
	0.047804	-169.004518	115.161951	61.989300
	0.047814	-169.211309	115.161951	62.048900
	0.047823	-168.863678	115.161951	61.989300
	0.047833	-168.589514	115.161951	62.048900
	0.047842	-168.881461	115.161951	62.048900
	0.047852	-168.047837	115.161951	61.989300
	0.047861	-169.525314	115.161951	61.929700
	0.047871	-168.494306	115.161951	61.929700
	0.047880	-169.471539	115.161951	61.989300
	0.047889	-169.534955	115.161951	61.989300
	0.047899	-170.014985	115.161951	61.989300
	0.047908	-169.021295	115.161951	61.989300
	0.047918	-169.258911	115.161951	61.929700
	0.047927	-168.687451	115.161951	61.929700
	0.047937	-168.607519	115.161951	61.929700
	0.047946	-168.060123	115.161951	61.929700
	0.047956	-168.313907	115.161951	61.929700
	0.047965	-167.091063	115.161951	61.989300
	0.047975	-168.614152	115.161951	61.989300
	0.047984	-169.695735	115.161951	61.989300
	0.047994	-168.669593	115.161951	61.989300
	0.048003	-168.290130	115.161951	61.989300
	0.048013	-168.481989	115.161951	61.989300
	0.048022	-168.417372	115.161951	61.989300
	0.048031	-168.184867	115.161951	61.929700
	0.048041	-166.909412	115.161951	61.989300
	0.048050	-168.467083	115.161951	61.989300
	0.048060	-167.771684	115.161951	61.989300
	0.048069	-168.701546	115.161951	62.048900
	0.048079	-167.855906	115.161951	61.989300
	0.048088	-168.029588	115.161951	61.989300
	0.048098	-168.226955	115.161951	62.048900
	0.048107	-167.942864	115.161951	62.048900
	0.048117	-168.344614	115.161951	61.989300
	0.048126	-169.383404	115.161951	61.989300
	0.048136	-169.440698	115.161951	61.989300
	0.048145	-168.313295	115.161951	61.929700
	0.048155	-168.510986	115.161951	61.929700
	0.048164	-169.583380	115.161951	61.929700
	0.048174	-168.945296	115.161951	61.929700
	0.048183	-169.853755	115.161951	61.810500
	0.048192	-169.111233	115.161951	61.870100
	0.048202	-168.789058	115.161951	61.929700
	0.048211	-168.569060	115.161951	61.929700
	0.048221	-169.083683	115.161951	61.929700
	0.048230	-168.590237	115.161951	61.929700
	0.048240	-169.343698	115.161951	61.929700
	0.048249	-169.531357	115.161951	61.929700
	0.048259	-168.434082	115.161951	61.989300
	0.048268	-168.179820	115.161951	61.989300
	0.048278	-169.240894	115.161951	61.929700
	0.048287	-168.982440	115.161951	61.870100
	0.048297	-169.143272	115.161951	61.870100
	0.048306	-169.496602	115.161951	61.810500
	0.048316	-168.751644	115.161951	61.929700
	0.048325	-168.652302	115.161951	61.929700
	0.048334	-168.501027	115.161951	61.989300
	0.048344	-169.057742	115.161951	62.048900
	0.048353	-168.270862	115.161951	62.227700
	0.048363	-168.655010	115.161951	62.227700
	0.048372	-168.429498	115.161951	62.108500
	0.048382	-168.727022	115.161951	62.168100
	0.048391	-168.883904	115.161951	62.227700
	0.048401	-169.222527	115.161951	62.227700
	0.048410	-167.896327	115.161951	62.108500
	0.048420	-168.899647	115.161951	62.108500
	0.048429	-170.537020	115.161951	62.108500
	0.048439	-168.745501	115.161951	62.108500
	0.048448	-169.439051	115.161951	62.048900
	0.048458	-168.871611	115.161951	62.108500
	0.048467	-169.864415	115.161951	62.048900
	0.048477	-169.737289	115.161951	62.048900
	0.048486	-168.674804	115.161951	62.048900
	0.048495	-171.049649	115.161951	62.048900
	0.048505	-169.881940	115.161951	62.048900
	0.048514	-169.774531	115.161951	62.048900
	0.048524	-169.614368	115.161951	62.048900
	0.048533	-169.634879	115.161951	61.989300
	0.048543	-170.003241	115.161951	62.048900
	0.048552	-169.825333	115.161951	62.048900
	0.048562	-168.966612	115.161951	62.108500
	0.048571	-169.075779	115.161951	62.108500
	0.048581	-169.136683	115.161951	62.048900
	0.048590	-169.142818	115.161951	62.048900
	0.048600	-167.660898	115.161951	62.048900
	0.048609	-168.115797	115.161951	62.048900
	0.048619	-168.141837	115.161951	62.048900
	0.048628	-167.957929	115.161951	62.048900
	0.048637	-168.771162	115.161951	62.048900
	0.048647	-167.804995	115.161951	62.048900
	0.048656	-168.179554	115.161951	62.048900
	0.048666	-168.717611	115.161951	62.048900
	0.048675	-168.455597	115.161951	62.048900
	0.048685	-169.985107	115.161951	61.989300
	0.048694	-169.538924	115.161951	61.989300
	0.048704	-170.810711	115.161951	62.048900
	0.048713	-169.057420	115.161951	62.048900
	0.048723	-168.287943	115.161951	61.989300
	0.048732	-170.938635	115.161951	62.406500
	0.048742	-172.741536	115.161951	62.883400
	0.048751	-172.248259	115.161951	63.062200
	0.048761	-171.355696	115.161951	63.121800
	0.048770	-172.154494	115.161951	63.181400
	0.048780	-172.667672	115.161951	63.121800
	0.048789	-173.057064	115.161951	63.121800
	0.048798	-172.838408	115.161951	63.121800
	0.048808	-172.600163	115.161951	63.181400
	0.048817	-173.434582	115.161951	63.181400
	0.048827	-173.043475	115.161951	63.181400
	0.048836	-173.453507	115.161951	63.241000
	0.048846	-174.464178	115.161951	63.360200
	0.048855	-174.863430	115.161951	63.539000
	0.048865	-174.900530	115.161951	63.658200
	0.048874	-174.689392	115.161951	63.658200
	0.048884	-175.053819	115.161951	63.658200
	0.048893	-174.984047	115.161951	63.717800
	0.048903	-174.314149	115.161951	63.717800
	0.048912	-174.395466	115.161951	63.777400
	0.048922	-175.379621	115.161951	63.837000
	0.048931	-175.999266	115.161951	63.896600
	0.048940	-174.901652	115.161951	63.837000
	0.048950	-174.910765	115.161951	63.777400
	0.048959	-175.258282	115.161951	63.777400
	0.048969	-175.680780	115.161951	63.777400
	0.048978	-174.869367	115.161951	63.777400
	0.048988	-175.307880	115.161951	63.837000
	0.048997	-174.307789	115.161951	63.837000
	0.049007	-174.880213	115.161951	63.837000
	0.049016	-174.510724	115.161951	63.837000
	0.049026	-175.319817	115.161951	63.896600
	0.049035	-174.288851	115.161951	63.837000
	0.049045	-174.823416	115.161951	63.837000
	0.049054	-174.087503	115.161951	63.896600
	0.049064	-175.086665	115.161951	63.956200
	0.049073	-174.337741	115.161951	63.896600
	0.049083	-174.671739	115.161951	63.896600
	0.049092	-175.560804	115.161951	63.956200
	0.049101	-174.540537	115.161951	63.956200
	0.049111	-175.205233	115.161951	63.896600
	0.049120	-175.595641	115.161951	63.837000
	0.049130	-176.456462	115.161951	63.777400
	0.049139	-175.030626	115.161951	63.777400
	0.049149	-175.839852	115.161951	63.777400
	0.049158	-174.684590	115.161951	63.777400
	0.049168	-175.434822	115.161951	63.717800
	0.049177	-175.687122	115.161951	63.717800
	0.049187	-174.891564	115.161951	63.717800
	0.049196	-174.833359	115.161951	63.777400
	0.049206	-175.165989	115.161951	63.777400
	0.049215	-174.966559	115.161951	63.777400
	0.049225	-175.224990	115.161951	63.777400
	0.049234	-175.154847	115.161951	63.777400
	0.049243	-174.908989	115.161951	63.777400
	0.049253	-175.027913	115.161951	63.717800
	0.049262	-174.728155	115.161951	63.777400
	0.049272	-175.600358	115.161951	63.837000
	0.049281	-175.852079	115.161951	63.777400
	0.049291	-175.850211	115.161951	63.837000
	0.049300	-175.887108	115.161951	63.896600
	0.049310	-176.303867	115.161951	63.956200
	0.049319	-175.944713	115.161951	64.015900
	0.049329	-176.022030	115.161951	63.956200
	0.049338	-176.161496	115.161951	63.956200
	0.049348	-174.845502	115.161951	64.015900
	0.049357	-176.442913	115.161951	64.135100
	0.049367	-175.399743	115.161951	64.194700
	0.049376	-176.012611	115.161951	64.194700
	0.049386	-175.505128	115.161951	64.194700
	0.049395	-175.445383	115.161951	64.194700
	0.049404	-175.472979	115.161951	64.194700
	0.049414	-176.159840	115.161951	64.194700
	0.049423	-175.403396	115.161951	64.075500
	0.049433	-174.888956	115.161951	64.194700
	0.049442	-176.003327	115.161951	64.194700
	0.049452	-175.866863	115.161951	64.194700
	0.049461	-175.982596	115.161951	64.135100
	0.049471	-176.233571	115.161951	64.194700
	0.049480	-175.361273	115.161951	64.194700
	0.049490	-175.779737	115.161951	64.254300
	0.049499	-175.556228	115.161951	64.254300
	0.049509	-176.240486	115.161951	64.254300
	0.049518	-176.101214	115.161951	64.254300
	0.049528	-176.331806	115.161951	64.254300
	0.049537	-175.560020	115.161951	64.254300
	0.049546	-177.068905	115.161951	64.254300
	0.049556	-176.728503	115.161951	64.254300
	0.049565	-175.168875	115.161951	64.254300
	0.049575	-175.110821	115.161951	64.194700
	0.049584	-176.020694	115.161951	64.135100
	0.049594	-175.994634	115.161951	64.194700
	0.049603	-177.431712	115.161951	64.194700
	0.049613	-177.257086	115.161951	64.075500
	0.049622	-176.148095	115.161951	64.075500
	0.049632	-176.565059	115.161951	64.135100
	0.049641	-177.560621	115.161951	64.075500
	0.049651	-176.977517	115.161951	64.075500
	0.049660	-177.552615	115.161951	64.075500
	0.049670	-176.627734	115.161951	64.015900
	0.049679	-177.650709	115.161951	63.956200
	0.049689	-177.926154	115.161951	64.015900
	0.049698	-175.761522	115.161951	64.015900
	0.049707	-176.040264	115.161951	64.015900
	0.049717	-175.965545	115.161951	64.015900
	0.049726	-175.908421	115.161951	64.075500
	0.049736	-176.961871	115.161951	64.075500
	0.049745	-176.539317	115.161951	64.075500
	0.049755	-176.171814	115.161951	64.135100
	0.049764	-176.914909	115.161951	64.194700
	0.049774	-177.988567	115.161951	64.135100
	0.049783	-177.079178	115.161951	64.075500
	0.049793	-177.991607	115.161951	64.135100
	0.049802	-176.773783	115.161951	64.075500
	0.049812	-176.507307	115.161951	64.075500
	0.049821	-176.035247	115.161951	64.075500
	0.049831	-176.569394	115.161951	64.075500
	0.049840	-175.292525	115.161951	64.135100
	0.049849	-175.638911	115.161951	64.135100
	0.049859	-176.014622	115.161951	64.075500
	0.049868	-176.720928	115.161951	64.075500
	0.049878	-178.934108	115.161951	64.552300
	0.049887	-179.267904	115.161951	64.671500
	0.049897	-178.902401	115.161951	64.671500
	0.049906	-179.641862	115.161951	64.850300
	0.049916	-179.656336	115.161951	65.029100
	0.049925	-179.422129	115.161951	65.088700
	0.049935	-179.564202	115.161951	65.148300
	0.049944	-180.010929	115.161951	65.088700
	0.049954	-179.557424	115.161951	65.088700
	0.049963	-180.097729	115.161951	65.148300
	0.049973	-178.884432	115.161951	65.207900
	0.049982	-180.069201	115.161951	65.207900
	0.049991	-181.148480	115.161951	65.207900
	0.050001	-180.625350	115.161951	65.207900
	0.050010	-179.958964	115.161951	65.148300
	0.050020	-180.375434	115.161951	65.148300
	0.050029	-179.362339	115.161951	65.148300
	0.050039	-179.569892	115.161951	65.207900
	0.050048	-180.085272	115.161951	65.148300
	0.050058	-178.825457	115.161951	65.148300
	0.050067	-180.015790	115.161951	65.148300
	0.050077	-180.169414	115.161951	65.148300
	0.050086	-179.250603	115.161951	65.148300
	0.050096	-178.664965	115.161951	65.088700
	0.050105	-179.290268	115.161951	65.088700
	0.050115	-179.592694	115.161951	65.088700
	0.050124	-179.605416	115.161951	65.148300
	0.050134	-179.407376	115.161951	65.148300
	0.050143	-179.808943	115.161951	65.148300
	0.050152	-179.771310	115.161951	65.148300
	0.050162	-180.444159	115.161951	65.148300
	0.050171	-180.605249	115.161951	65.088700
	0.050181	-179.674606	115.161951	65.148300
	0.050190	-180.046273	115.161951	65.148300
	0.050200	-180.428511	115.161951	65.148300
	0.050209	-179.139299	115.161951	65.148300
	0.050219	-180.573901	115.161951	65.148300
	0.050228	-180.392481	115.161951	65.148300
	0.050238	-181.072700	115.161951	65.148300
	0.050247	-180.468403	115.161951	65.148300
	0.050257	-180.453629	115.161951	65.088700
	0.050266	-179.662334	115.161951	65.148300
	0.050276	-179.960078	115.161951	65.148300
	0.050285	-179.369459	115.161951	65.148300
	0.050294	-179.601018	115.161951	65.148300
	0.050304	-179.288828	115.161951	65.207900
	0.050313	-180.073909	115.161951	65.207900
	0.050323	-179.486222	115.161951	65.207900
	0.050332	-178.920249	115.161951	65.148300
	0.050342	-178.951168	115.161951	65.088700
	0.050351	-179.090062	115.161951	65.088700
	0.050361	-178.544956	115.161951	65.088700
	0.050370	-178.529957	115.161951	65.088700
	0.050380	-179.442864	115.161951	65.029100
	0.050389	-176.764822	115.161951	65.029100
	0.050399	-179.225022	115.161951	65.029100
	0.050408	-178.813235	115.161951	65.029100
	0.050418	-178.625260	115.161951	65.088700
	0.050427	-178.867774	115.161951	65.088700
	0.050437	-178.768173	115.161951	65.088700
	0.050446	-177.417533	115.161951	65.088700
	0.050455	-178.684406	115.161951	65.207900
	0.050465	-178.784425	115.161951	65.207900
	0.050474	-179.204863	115.161951	65.207900
	0.050484	-179.178499	115.161951	65.148300
