	-0.071022	-0.435479	115.161951	-35.584200
	-0.068270	-1.281690	115.161951	-35.643800
	-0.065518	-1.018736	115.161951	-35.822600
	-0.062767	-1.019586	115.161951	-36.001400
	-0.060015	-1.833439	115.161951	-36.180300
	-0.057264	-1.826029	115.161951	-36.299500
	-0.054512	-1.052043	115.161951	-36.537900
	-0.051760	-1.229244	115.161951	-36.835900
	-0.049009	-0.853134	115.161951	-37.133900
	-0.046257	-0.424639	115.161951	-37.491600
	-0.043506	-1.141650	115.161951	-37.789600
	-0.040754	-1.219066	115.161951	-38.087600
	-0.038002	-2.414445	115.161951	-38.445200
	-0.035251	-2.523997	115.161951	-38.802900
	-0.032499	-2.122277	115.161951	-39.160500
	-0.029748	-2.732674	115.161951	-39.577700
	-0.026996	-2.592081	115.161951	-40.054600
	-0.024245	-3.556995	115.161951	-40.412200
	-0.021493	-4.656443	115.161951	-40.948600
	-0.018741	-3.215738	115.161951	-41.485100
	-0.015990	-4.158463	115.161951	-42.081100
	-0.013238	-4.725124	115.161951	-42.677200
	-0.010487	-4.863682	115.161951	-43.154000
	-0.007735	-5.211339	115.161951	-43.750000
	-0.004984	-5.410863	115.161951	-44.524900
	-0.002232	-4.811870	115.161951	-45.299800
	0.000520	-5.665491	115.161951	-46.134200
	0.003271	-5.679213	115.161951	-47.147500
	0.006023	-5.121897	115.161951	-48.101200
	0.008774	-6.239027	115.161951	-49.412500
	0.011526	-6.796250	115.161951	-50.664200
	0.014278	-8.774496	115.161951	-52.213900
	0.017029	-8.339942	115.161951	-53.942400
	0.019781	-8.630366	115.161951	-55.611400
	0.022532	-10.003626	115.161951	-57.816700
	0.025284	-11.111630	115.161951	-60.260500
	0.028036	-12.963118	115.161951	-63.121800
	0.030787	-13.304927	115.161951	-66.876900
	0.033539	-16.329912	115.161951	-71.347200
	0.036290	-18.791553	115.161951	-77.367300
	0.036290	-20.864500	115.161951	-81.718400
	0.036300	-20.978665	115.161951	-83.089300
	0.036309	-20.438089	115.161951	-83.387400
	0.036319	-21.094850	115.161951	-83.387400
	0.036328	-21.534263	115.161951	-83.447000
	0.036338	-21.018843	115.161951	-83.447000
	0.036347	-19.503205	115.161951	-83.566200
	0.036357	-21.347133	115.161951	-83.625800
	0.036366	-21.543855	115.161951	-83.566200
	0.036376	-22.015721	115.161951	-83.566200
	0.036385	-21.216636	115.161951	-83.566200
	0.036394	-21.507806	115.161951	-83.625800
	0.036404	-21.574493	115.161951	-83.625800
	0.036413	-21.135926	115.161951	-83.625800
	0.036423	-21.114765	115.161951	-83.625800
	0.036432	-21.427736	115.161951	-83.625800
	0.036442	-20.580018	115.161951	-83.625800
	0.036451	-21.546438	115.161951	-83.685400
	0.036461	-20.198235	115.161951	-83.685400
	0.036470	-20.955304	115.161951	-83.685400
	0.036480	-20.906186	115.161951	-83.566200
	0.036489	-20.576300	115.161951	-83.625800
	0.036499	-21.202128	115.161951	-83.625800
	0.036508	-21.343246	115.161951	-83.625800
	0.036518	-20.715585	115.161951	-83.566200
	0.036527	-21.052468	115.161951	-83.566200
	0.036537	-21.266968	115.161951	-83.625800
	0.036546	-21.875108	115.161951	-83.625800
	0.036555	-21.489702	115.161951	-83.625800
	0.036565	-20.722139	115.161951	-83.625800
	0.036574	-20.658974	115.161951	-83.685400
	0.036584	-21.636990	115.161951	-83.685400
	0.036593	-20.842959	115.161951	-83.685400
	0.036603	-21.397205	115.161951	-83.745000
	0.036612	-21.424909	115.161951	-83.745000
	0.036622	-20.806276	115.161951	-83.685400
	0.036631	-20.222063	115.161951	-83.685400
	0.036641	-21.163027	115.161951	-83.685400
	0.036650	-21.844997	115.161951	-83.685400
	0.036660	-20.403599	115.161951	-83.625800
	0.036669	-20.633740	115.161951	-83.685400
	0.036679	-21.351540	115.161951	-83.685400
	0.036688	-20.837252	115.161951	-83.685400
	0.036697	-20.569343	115.161951	-83.685400
	0.036707	-20.374365	115.161951	-83.685400
	0.036716	-20.817089	115.161951	-83.804600
	0.036726	-21.596056	115.161951	-83.745000
	0.036735	-20.502441	115.161951	-83.745000
	0.036745	-20.166699	115.161951	-83.685400
	0.036754	-21.248535	115.161951	-83.685400
	0.036764	-20.728858	115.161951	-83.625800
	0.036773	-21.910274	115.161951	-83.566200
	0.036783	-21.619680	115.161951	-83.506600
	0.036792	-21.470843	115.161951	-83.685400
	0.036802	-21.742680	115.161951	-83.745000
	0.036811	-21.954988	115.161951	-83.685400
	0.036821	-21.290021	115.161951	-83.685400
	0.036830	-22.449077	115.161951	-83.685400
	0.036840	-20.876564	115.161951	-83.745000
	0.036849	-21.151226	115.161951	-83.685400
	0.036858	-20.881200	115.161951	-83.685400
	0.036868	-21.629454	115.161951	-83.745000
	0.036877	-21.494205	115.161951	-83.745000
	0.036887	-20.702588	115.161951	-83.745000
	0.036896	-21.571006	115.161951	-83.804600
	0.036906	-19.982996	115.161951	-83.804600
	0.036915	-21.288813	115.161951	-83.804600
	0.036925	-20.180876	115.161951	-83.864200
	0.036934	-19.979662	115.161951	-83.864200
	0.036944	-20.434892	115.161951	-83.923800
	0.036953	-20.875861	115.161951	-83.983400
	0.036963	-20.327512	115.161951	-83.983400
	0.036972	-20.484718	115.161951	-83.983400
	0.036982	-20.477160	115.161951	-83.983400
	0.036991	-20.540246	115.161951	-84.102600
	0.037000	-21.381376	115.161951	-84.162200
	0.037010	-21.154288	115.161951	-84.102600
	0.037019	-20.648461	115.161951	-84.043000
	0.037029	-21.592032	115.161951	-84.102600
	0.037038	-20.761701	115.161951	-84.162200
	0.037048	-19.845638	115.161951	-84.102600
	0.037057	-20.619974	115.161951	-84.162200
	0.037067	-21.508832	115.161951	-84.162200
	0.037076	-21.015913	115.161951	-84.221800
	0.037086	-20.222308	115.161951	-84.281400
	0.037095	-22.055318	115.161951	-84.341000
	0.037105	-22.168688	115.161951	-84.341000
	0.037114	-21.056005	115.161951	-84.341000
	0.037124	-21.102220	115.161951	-84.341000
	0.037133	-21.590898	115.161951	-84.341000
	0.037143	-22.312614	115.161951	-84.281400
	0.037152	-21.709300	115.161951	-84.341000
	0.037161	-21.904507	115.161951	-84.341000
	0.037171	-21.396139	115.161951	-84.400600
	0.037180	-22.082724	115.161951	-84.460200
	0.037190	-22.826124	115.161951	-84.400600
	0.037199	-21.867618	115.161951	-84.400600
	0.037209	-21.767825	115.161951	-84.400600
	0.037218	-22.541318	115.161951	-84.400600
	0.037228	-21.933020	115.161951	-84.400600
	0.037237	-22.756552	115.161951	-84.460200
	0.037247	-22.394608	115.161951	-84.460200
	0.037256	-21.767887	115.161951	-84.460200
	0.037266	-22.691919	115.161951	-84.400600
	0.037275	-22.201834	115.161951	-84.460200
	0.037285	-23.372525	115.161951	-84.519900
	0.037294	-22.877835	115.161951	-84.579500
	0.037303	-22.937058	115.161951	-84.519900
	0.037313	-21.682071	115.161951	-84.579500
	0.037322	-21.959934	115.161951	-84.579500
	0.037332	-22.258013	115.161951	-84.579500
	0.037341	-22.395942	115.161951	-84.519900
	0.037351	-21.489144	115.161951	-84.579500
	0.037360	-22.669014	115.161951	-84.639100
	0.037370	-22.451527	115.161951	-84.579500
	0.037379	-21.469745	115.161951	-84.579500
	0.037389	-21.905417	115.161951	-84.639100
	0.037398	-22.184501	115.161951	-84.639100
	0.037408	-21.802022	115.161951	-84.579500
	0.037417	-22.119570	115.161951	-84.579500
	0.037427	-21.940367	115.161951	-84.519900
	0.037436	-22.924803	115.161951	-84.639100
	0.037446	-20.979323	115.161951	-84.698700
	0.037455	-22.332635	115.161951	-84.758300
	0.037464	-21.979647	115.161951	-84.698700
	0.037474	-21.535240	115.161951	-84.758300
	0.037483	-20.558147	115.161951	-84.817900
	0.037493	-21.847455	115.161951	-84.817900
	0.037502	-21.696646	115.161951	-84.817900
	0.037512	-22.012351	115.161951	-84.877500
	0.037521	-21.623607	115.161951	-84.817900
	0.037531	-21.494586	115.161951	-84.817900
	0.037540	-22.429192	115.161951	-84.877500
	0.037550	-20.945886	115.161951	-84.877500
	0.037559	-22.369520	115.161951	-84.937100
	0.037569	-21.623859	115.161951	-84.937100
	0.037578	-22.086584	115.161951	-84.877500
	0.037588	-22.376264	115.161951	-84.877500
	0.037597	-22.459077	115.161951	-84.937100
	0.037606	-21.691919	115.161951	-84.996700
	0.037616	-22.256869	115.161951	-84.937100
	0.037625	-23.241030	115.161951	-84.937100
	0.037635	-23.068860	115.161951	-84.996700
	0.037644	-23.308181	115.161951	-84.996700
	0.037654	-23.224801	115.161951	-84.937100
	0.037663	-22.778505	115.161951	-84.937100
	0.037673	-22.401972	115.161951	-84.937100
	0.037682	-23.334863	115.161951	-84.937100
	0.037692	-22.220320	115.161951	-84.937100
	0.037701	-23.338547	115.161951	-84.996700
	0.037711	-22.420759	115.161951	-85.056300
	0.037720	-22.480181	115.161951	-85.115900
	0.037730	-21.120268	115.161951	-85.235100
	0.037739	-23.519579	115.161951	-85.294700
	0.037748	-21.501846	115.161951	-85.354300
	0.037758	-22.162048	115.161951	-85.413900
	0.037767	-21.940053	115.161951	-85.354300
	0.037777	-21.972704	115.161951	-85.354300
	0.037786	-22.611952	115.161951	-85.473500
	0.037796	-22.543384	115.161951	-85.473500
	0.037805	-22.098345	115.161951	-85.473500
	0.037815	-21.896829	115.161951	-85.473500
	0.037824	-22.946381	115.161951	-85.473500
	0.037834	-22.808460	115.161951	-85.413900
	0.037843	-21.814180	115.161951	-85.473500
	0.037853	-21.582166	115.161951	-85.592700
	0.037862	-22.474331	115.161951	-85.652300
	0.037872	-21.815835	115.161951	-85.652300
	0.037881	-22.086595	115.161951	-85.652300
	0.037891	-21.980551	115.161951	-85.771500
	0.037900	-22.889803	115.161951	-85.831200
	0.037909	-22.789349	115.161951	-85.950400
	0.037919	-22.680878	115.161951	-85.950400
	0.037928	-22.475362	115.161951	-86.010000
	0.037938	-22.233854	115.161951	-86.069600
	0.037947	-21.102089	115.161951	-86.129200
	0.037957	-22.735369	115.161951	-86.129200
	0.037966	-22.484452	115.161951	-86.188800
	0.037976	-22.653994	115.161951	-86.248400
	0.037985	-22.585754	115.161951	-86.367600
	0.037995	-22.092265	115.161951	-86.367600
	0.038004	-23.206586	115.161951	-86.427200
	0.038014	-21.514007	115.161951	-86.486800
	0.038023	-22.563257	115.161951	-86.546400
	0.038033	-20.215303	115.161951	-86.486800
	0.038042	-22.203532	115.161951	-86.486800
	0.038051	-21.421197	115.161951	-86.486800
	0.038061	-20.978341	115.161951	-86.486800
	0.038070	-21.681976	115.161951	-86.486800
	0.038080	-22.780374	115.161951	-86.486800
	0.038089	-22.928973	115.161951	-86.486800
	0.038099	-21.868860	115.161951	-86.606000
	0.038108	-22.677659	115.161951	-86.606000
	0.038118	-22.596846	115.161951	-86.665600
	0.038127	-22.953947	115.161951	-86.665600
	0.038137	-22.041296	115.161951	-86.665600
	0.038146	-23.036271	115.161951	-86.665600
	0.038156	-22.516483	115.161951	-86.665600
	0.038165	-23.738155	115.161951	-86.606000
	0.038175	-22.913639	115.161951	-86.665600
	0.038184	-22.884490	115.161951	-86.665600
	0.038194	-21.954488	115.161951	-86.665600
	0.038203	-23.447368	115.161951	-86.665600
	0.038212	-23.572558	115.161951	-86.665600
	0.038222	-22.232029	115.161951	-86.665600
	0.038231	-22.336447	115.161951	-86.665600
	0.038241	-22.388253	115.161951	-86.725200
	0.038250	-22.797188	115.161951	-86.784800
	0.038260	-22.684200	115.161951	-86.784800
	0.038269	-22.778020	115.161951	-86.844400
	0.038279	-22.351307	115.161951	-86.784800
	0.038288	-22.665109	115.161951	-86.904000
	0.038298	-21.811147	115.161951	-86.963600
	0.038307	-21.761873	115.161951	-86.963600
	0.038317	-22.272909	115.161951	-86.963600
	0.038326	-22.315810	115.161951	-86.963600
	0.038336	-23.651655	115.161951	-87.023200
	0.038345	-23.744105	115.161951	-87.082900
	0.038354	-22.398647	115.161951	-87.082900
	0.038364	-23.395847	115.161951	-87.082900
	0.038373	-23.223745	115.161951	-87.142500
	0.038383	-22.840294	115.161951	-87.142500
	0.038392	-22.930913	115.161951	-87.202100
	0.038402	-23.240363	115.161951	-87.202100
	0.038411	-22.625457	115.161951	-87.261700
	0.038421	-22.230026	115.161951	-87.380900
	0.038430	-23.100855	115.161951	-87.380900
	0.038440	-23.658471	115.161951	-87.380900
	0.038449	-23.167634	115.161951	-87.440500
	0.038459	-23.568770	115.161951	-87.440500
	0.038468	-23.660261	115.161951	-87.440500
	0.038478	-23.710327	115.161951	-87.500100
	0.038487	-24.893423	115.161951	-87.500100
	0.038497	-24.249078	115.161951	-87.559700
	0.038506	-23.475036	115.161951	-87.559700
	0.038515	-23.505506	115.161951	-87.619300
	0.038525	-24.065074	115.161951	-87.619300
	0.038534	-24.195729	115.161951	-87.619300
	0.038544	-24.233340	115.161951	-87.738500
	0.038553	-24.486486	115.161951	-87.678900
	0.038563	-23.539218	115.161951	-87.619300
	0.038572	-24.269140	115.161951	-87.619300
	0.038582	-24.510916	115.161951	-87.678900
	0.038591	-24.647664	115.161951	-87.738500
	0.038601	-24.702356	115.161951	-87.738500
	0.038610	-24.116817	115.161951	-87.738500
	0.038620	-24.053414	115.161951	-87.738500
	0.038629	-22.998147	115.161951	-87.738500
	0.038639	-24.460348	115.161951	-87.798100
	0.038648	-22.511145	115.161951	-87.798100
	0.038657	-23.252689	115.161951	-87.738500
	0.038667	-24.616598	115.161951	-87.738500
	0.038676	-23.882654	115.161951	-87.798100
	0.038686	-23.245680	115.161951	-87.857700
	0.038695	-23.637611	115.161951	-87.917300
	0.038705	-24.473946	115.161951	-87.857700
	0.038714	-24.452084	115.161951	-87.798100
	0.038724	-24.120950	115.161951	-87.798100
	0.038733	-24.081411	115.161951	-87.798100
	0.038743	-24.390987	115.161951	-87.798100
	0.038752	-24.477885	115.161951	-87.798100
	0.038762	-23.711254	115.161951	-87.798100
	0.038771	-25.034974	115.161951	-87.798100
	0.038781	-24.573509	115.161951	-87.798100
	0.038790	-24.748084	115.161951	-87.976900
	0.038800	-24.045336	115.161951	-87.976900
	0.038809	-24.912536	115.161951	-87.976900
	0.038818	-25.984545	115.161951	-87.976900
	0.038828	-25.144386	115.161951	-88.096100
	0.038837	-25.234687	115.161951	-88.215300
	0.038847	-25.482547	115.161951	-88.215300
	0.038856	-24.285721	115.161951	-88.215300
	0.038866	-25.262365	115.161951	-88.215300
	0.038875	-24.547149	115.161951	-88.155700
	0.038885	-25.931179	115.161951	-88.215300
	0.038894	-25.495198	115.161951	-88.334500
	0.038904	-26.627264	115.161951	-88.334500
	0.038913	-24.410859	115.161951	-88.334500
	0.038923	-25.345598	115.161951	-88.334500
	0.038932	-25.589222	115.161951	-88.394200
	0.038942	-24.406527	115.161951	-88.334500
	0.038951	-23.605585	115.161951	-88.334500
	0.038960	-26.069124	115.161951	-88.334500
	0.038970	-24.830681	115.161951	-88.334500
	0.038979	-24.508637	115.161951	-88.334500
	0.038989	-24.306918	115.161951	-88.334500
	0.038998	-25.149381	115.161951	-88.334500
	0.039008	-24.517998	115.161951	-88.334500
	0.039017	-24.581926	115.161951	-88.453800
	0.039027	-25.266195	115.161951	-88.453800
	0.039036	-24.008862	115.161951	-88.573000
	0.039046	-24.411625	115.161951	-88.573000
	0.039055	-24.972535	115.161951	-88.573000
	0.039065	-24.664199	115.161951	-88.573000
	0.039074	-24.778307	115.161951	-88.573000
	0.039084	-25.561875	115.161951	-88.632600
	0.039093	-24.254540	115.161951	-88.692200
	0.039103	-25.093594	115.161951	-88.751800
	0.039112	-23.244391	115.161951	-88.632600
	0.039121	-25.202016	115.161951	-88.632600
	0.039131	-23.852192	115.161951	-88.632600
	0.039140	-24.410776	115.161951	-88.632600
	0.039150	-25.537790	115.161951	-88.632600
	0.039159	-25.997120	115.161951	-88.632600
	0.039169	-24.813153	115.161951	-88.632600
	0.039178	-24.795522	115.161951	-88.573000
	0.039188	-24.905275	115.161951	-88.692200
	0.039197	-24.248795	115.161951	-88.751800
	0.039207	-24.739445	115.161951	-88.751800
	0.039216	-23.977906	115.161951	-88.751800
	0.039226	-24.475301	115.161951	-88.751800
	0.039235	-25.373614	115.161951	-88.751800
	0.039245	-24.397182	115.161951	-88.632600
	0.039254	-24.834375	115.161951	-88.632600
	0.039263	-26.249740	115.161951	-88.632600
	0.039273	-24.874601	115.161951	-88.632600
	0.039282	-24.607439	115.161951	-88.632600
	0.039292	-24.811872	115.161951	-88.751800
	0.039301	-24.834820	115.161951	-88.751800
	0.039311	-25.417747	115.161951	-88.751800
	0.039320	-24.585741	115.161951	-88.751800
	0.039330	-24.935598	115.161951	-88.751800
	0.039339	-25.055147	115.161951	-88.871000
	0.039349	-24.682080	115.161951	-88.930600
	0.039358	-24.724922	115.161951	-88.930600
	0.039368	-24.715332	115.161951	-88.990200
	0.039377	-24.430652	115.161951	-88.990200
	0.039387	-25.167032	115.161951	-89.049800
	0.039396	-25.213079	115.161951	-89.109400
	0.039406	-25.919973	115.161951	-89.109400
	0.039415	-24.414609	115.161951	-89.169000
	0.039424	-24.128328	115.161951	-89.169000
	0.039434	-25.101601	115.161951	-89.169000
	0.039443	-25.689758	115.161951	-89.228600
	0.039453	-25.083679	115.161951	-89.288200
	0.039462	-24.884340	115.161951	-89.347800
	0.039472	-25.208192	115.161951	-89.407400
	0.039481	-25.089424	115.161951	-89.467000
	0.039491	-24.871743	115.161951	-89.526600
	0.039500	-25.122597	115.161951	-89.586200
	0.039510	-26.629717	115.161951	-89.586200
	0.039519	-24.355470	115.161951	-89.586200
	0.039529	-25.044488	115.161951	-89.586200
	0.039538	-25.366234	115.161951	-89.705500
	0.039548	-24.604711	115.161951	-89.765100
	0.039557	-25.591537	115.161951	-89.824700
	0.039566	-25.146363	115.161951	-89.765100
	0.039576	-24.732570	115.161951	-89.765100
	0.039585	-23.841626	115.161951	-89.765100
	0.039595	-25.096393	115.161951	-89.824700
	0.039604	-24.960119	115.161951	-89.884300
	0.039614	-23.995541	115.161951	-89.884300
	0.039623	-24.977882	115.161951	-89.884300
	0.039633	-24.030445	115.161951	-89.884300
	0.039642	-24.273624	115.161951	-89.943900
	0.039652	-24.767978	115.161951	-90.063100
	0.039661	-24.421906	115.161951	-90.063100
	0.039671	-24.573957	115.161951	-90.063100
	0.039680	-25.358787	115.161951	-90.241900
	0.039690	-25.588697	115.161951	-90.361100
	0.039699	-24.857579	115.161951	-90.420700
	0.039709	-24.873490	115.161951	-90.420700
	0.039718	-25.444350	115.161951	-90.480300
	0.039727	-25.704591	115.161951	-90.539900
	0.039737	-24.576644	115.161951	-90.599500
	0.039746	-24.594340	115.161951	-90.659100
	0.039756	-25.073102	115.161951	-90.778300
	0.039765	-24.504525	115.161951	-90.778300
	0.039775	-24.156267	115.161951	-90.837900
	0.039784	-25.303729	115.161951	-91.016800
	0.039794	-25.597874	115.161951	-91.136000
	0.039803	-26.181217	115.161951	-91.195600
	0.039813	-24.393743	115.161951	-91.195600
	0.039822	-25.505565	115.161951	-91.195600
	0.039832	-26.178209	115.161951	-91.314800
	0.039841	-26.048439	115.161951	-91.434000
	0.039851	-25.427778	115.161951	-91.493600
	0.039860	-25.580288	115.161951	-91.553200
	0.039869	-26.003786	115.161951	-91.553200
	0.039879	-26.549379	115.161951	-91.612800
	0.039888	-25.968258	115.161951	-91.732000
	0.039898	-26.483078	115.161951	-91.851200
	0.039907	-27.063397	115.161951	-91.851200
	0.039917	-25.363734	115.161951	-91.851200
	0.039926	-26.720553	115.161951	-91.910800
	0.039936	-27.388652	115.161951	-91.970400
	0.039945	-26.461073	115.161951	-91.970400
	0.039955	-27.056500	115.161951	-91.970400
	0.039964	-26.343418	115.161951	-91.910800
	0.039974	-26.604659	115.161951	-91.910800
	0.039983	-25.930465	115.161951	-91.910800
	0.039993	-26.151568	115.161951	-91.970400
	0.040002	-26.588328	115.161951	-91.970400
	0.040012	-26.312837	115.161951	-92.030000
	0.040021	-24.949026	115.161951	-92.089600
	0.040030	-25.375561	115.161951	-92.149200
	0.040040	-25.898571	115.161951	-92.208900
	0.040049	-26.665776	115.161951	-92.208900
	0.040059	-26.287914	115.161951	-92.208900
	0.040068	-25.386360	115.161951	-92.208900
	0.040078	-27.045760	115.161951	-92.208900
	0.040087	-25.983471	115.161951	-92.268500
	0.040097	-25.761078	115.161951	-92.328100
	0.040106	-26.207796	115.161951	-92.328100
	0.040116	-26.402507	115.161951	-92.268500
	0.040125	-25.435701	115.161951	-92.268500
	0.040135	-26.352318	115.161951	-92.387700
	0.040144	-26.148970	115.161951	-92.447300
	0.040154	-26.086813	115.161951	-92.447300
	0.040163	-26.728865	115.161951	-92.447300
	0.040172	-26.061401	115.161951	-92.447300
	0.040182	-25.566081	115.161951	-92.447300
	0.040191	-25.275925	115.161951	-92.506900
	0.040201	-25.781101	115.161951	-92.506900
	0.040210	-25.494130	115.161951	-92.506900
	0.040220	-26.601179	115.161951	-92.566500
	0.040229	-26.442918	115.161951	-92.566500
	0.040239	-26.047065	115.161951	-92.566500
	0.040248	-26.425146	115.161951	-92.566500
	0.040258	-26.205448	115.161951	-92.506900
	0.040267	-26.281835	115.161951	-92.506900
	0.040277	-26.672866	115.161951	-92.506900
	0.040286	-27.503117	115.161951	-92.566500
	0.040296	-26.667830	115.161951	-92.566500
	0.040305	-26.057687	115.161951	-92.566500
	0.040315	-25.971417	115.161951	-92.566500
	0.040324	-27.230899	115.161951	-92.506900
	0.040333	-27.477137	115.161951	-92.566500
	0.040343	-26.774585	115.161951	-92.566500
	0.040352	-27.108251	115.161951	-92.626100
	0.040362	-28.397001	115.161951	-92.685700
	0.040371	-27.929342	115.161951	-92.745300
	0.040381	-27.434903	115.161951	-92.745300
	0.040390	-25.880419	115.161951	-92.745300
	0.040400	-27.558807	115.161951	-92.804900
	0.040409	-27.300729	115.161951	-92.864500
	0.040419	-26.561005	115.161951	-92.864500
	0.040428	-27.129941	115.161951	-92.864500
	0.040438	-26.843781	115.161951	-92.983700
	0.040447	-27.006594	115.161951	-92.566500
	0.040457	-26.336495	115.161951	-92.268500
	0.040466	-27.056646	115.161951	-92.208900
	0.040475	-26.910401	115.161951	-92.149200
	0.040485	-27.362109	115.161951	-92.208900
	0.040494	-27.794974	115.161951	-92.268500
	0.040504	-27.110940	115.161951	-92.328100
	0.040513	-26.744816	115.161951	-92.387700
	0.040523	-27.847771	115.161951	-92.387700
	0.040532	-26.480702	115.161951	-92.387700
	0.040542	-27.442535	115.161951	-92.447300
	0.040551	-28.084047	115.161951	-92.566500
	0.040561	-27.462660	115.161951	-92.506900
	0.040570	-28.583343	115.161951	-92.566500
	0.040580	-28.805514	115.161951	-92.566500
	0.040589	-29.145683	115.161951	-92.566500
	0.040599	-28.249772	115.161951	-92.626100
	0.040608	-28.014644	115.161951	-92.626100
	0.040618	-28.266464	115.161951	-92.685700
	0.040627	-28.642257	115.161951	-92.745300
	0.040636	-28.330186	115.161951	-92.804900
	0.040646	-28.367344	115.161951	-92.983700
	0.040655	-27.916804	115.161951	-92.924100
	0.040665	-28.065259	115.161951	-92.864500
	0.040674	-27.744154	115.161951	-92.924100
	0.040684	-27.059852	115.161951	-92.983700
	0.040693	-27.234997	115.161951	-93.162500
	0.040703	-26.979389	115.161951	-93.222100
	0.040712	-27.622291	115.161951	-93.162500
	0.040722	-27.697615	115.161951	-93.162500
	0.040731	-29.282204	115.161951	-93.162500
	0.040741	-27.290909	115.161951	-93.281700
	0.040750	-29.010212	115.161951	-93.281700
	0.040760	-27.991237	115.161951	-93.222100
	0.040769	-27.799582	115.161951	-93.281700
	0.040778	-28.342140	115.161951	-93.341300
	0.040788	-28.144477	115.161951	-93.400900
	0.040797	-29.286215	115.161951	-93.460500
	0.040807	-29.127753	115.161951	-93.400900
	0.040816	-29.619212	115.161951	-93.520200
	0.040826	-29.920085	115.161951	-93.520200
	0.040835	-29.828598	115.161951	-93.520200
	0.040845	-29.423944	115.161951	-93.520200
	0.040854	-28.734104	115.161951	-93.520200
	0.040864	-29.110135	115.161951	-93.460500
	0.040873	-28.065031	115.161951	-93.400900
	0.040883	-27.415674	115.161951	-93.400900
	0.040892	-28.552953	115.161951	-93.400900
	0.040902	-28.728828	115.161951	-93.460500
	0.040911	-28.789188	115.161951	-93.520200
	0.040921	-28.287996	115.161951	-93.579800
	0.040930	-27.945285	115.161951	-93.579800
	0.040939	-28.725420	115.161951	-93.639400
	0.040949	-28.459881	115.161951	-93.579800
	0.040958	-28.628615	115.161951	-93.579800
	0.040968	-27.343690	115.161951	-93.579800
	0.040977	-29.249701	115.161951	-93.520200
	0.040987	-28.220599	115.161951	-93.639400
	0.040996	-28.870014	115.161951	-93.699000
	0.041006	-29.827192	115.161951	-93.639400
	0.041015	-28.874519	115.161951	-93.639400
	0.041025	-28.581992	115.161951	-93.699000
	0.041034	-29.860328	115.161951	-93.699000
	0.041044	-28.940331	115.161951	-93.520200
	0.041053	-30.035556	115.161951	-92.506900
	0.041063	-30.492845	115.161951	-91.851200
	0.041072	-29.688674	115.161951	-91.672400
	0.041081	-30.270330	115.161951	-91.672400
	0.041091	-31.285746	115.161951	-91.732000
	0.041100	-30.780807	115.161951	-91.672400
	0.041110	-29.965952	115.161951	-91.672400
	0.041119	-29.533909	115.161951	-91.732000
	0.041129	-30.281435	115.161951	-91.672400
	0.041138	-31.725340	115.161951	-91.732000
	0.041148	-33.150241	115.161951	-91.672400
	0.041157	-32.811073	115.161951	-91.553200
	0.041167	-33.169465	115.161951	-91.493600
	0.041176	-33.954126	115.161951	-91.493600
	0.041186	-32.330341	115.161951	-91.553200
	0.041195	-33.231240	115.161951	-91.553200
	0.041205	-32.148626	115.161951	-91.612800
	0.041214	-32.973360	115.161951	-91.672400
	0.041224	-32.933063	115.161951	-91.732000
	0.041233	-33.196068	115.161951	-91.672400
	0.041242	-34.658285	115.161951	-91.732000
	0.041252	-32.977161	115.161951	-91.672400
	0.041261	-33.140039	115.161951	-91.672400
	0.041271	-33.097679	115.161951	-91.612800
	0.041280	-32.851882	115.161951	-91.672400
	0.041290	-32.600659	115.161951	-91.732000
	0.041299	-32.479128	115.161951	-91.732000
	0.041309	-32.513214	115.161951	-91.791600
	0.041318	-31.327425	115.161951	-91.672400
	0.041328	-32.606985	115.161951	-91.672400
	0.041337	-32.461521	115.161951	-91.672400
	0.041347	-31.808009	115.161951	-91.732000
	0.041356	-32.637435	115.161951	-91.791600
	0.041366	-31.604109	115.161951	-91.791600
	0.041375	-32.642141	115.161951	-91.732000
	0.041384	-32.573739	115.161951	-91.791600
	0.041394	-32.326141	115.161951	-91.732000
	0.041403	-32.629816	115.161951	-91.732000
	0.041413	-33.568976	115.161951	-91.732000
	0.041422	-33.603522	115.161951	-91.791600
	0.041432	-33.481917	115.161951	-91.851200
	0.041441	-32.657522	115.161951	-91.910800
	0.041451	-34.354636	115.161951	-91.910800
	0.041460	-34.560771	115.161951	-91.851200
	0.041470	-33.970857	115.161951	-91.791600
	0.041479	-34.320141	115.161951	-91.791600
	0.041489	-35.662337	115.161951	-91.791600
	0.041498	-35.010819	115.161951	-91.791600
	0.041508	-35.266098	115.161951	-91.732000
	0.041517	-34.312145	115.161951	-91.732000
	0.041527	-35.456746	115.161951	-91.732000
	0.041536	-34.760486	115.161951	-91.672400
	0.041545	-35.065951	115.161951	-91.672400
	0.041555	-36.378720	115.161951	-91.672400
	0.041564	-35.270992	115.161951	-91.672400
	0.041574	-35.561231	115.161951	-91.732000
	0.041583	-35.081740	115.161951	-91.732000
	0.041593	-34.884772	115.161951	-91.732000
	0.041602	-34.784595	115.161951	-91.791600
	0.041612	-34.442305	115.161951	-91.732000
	0.041621	-35.441386	115.161951	-91.791600
	0.041631	-35.577777	115.161951	-91.851200
	0.041640	-34.486278	115.161951	-91.910800
	0.041650	-34.905932	115.161951	-91.910800
	0.041659	-35.419133	115.161951	-91.970400
	0.041669	-35.683521	115.161951	-91.970400
	0.041678	-36.091037	115.161951	-91.970400
	0.041687	-35.423472	115.161951	-92.030000
	0.041697	-36.151038	115.161951	-92.208900
	0.041706	-36.008008	115.161951	-92.208900
	0.041716	-36.059185	115.161951	-92.208900
	0.041725	-36.159098	115.161951	-92.268500
	0.041735	-36.559218	115.161951	-92.328100
	0.041744	-35.834274	115.161951	-92.328100
	0.041754	-35.215160	115.161951	-92.387700
	0.041763	-34.748298	115.161951	-92.447300
	0.041773	-34.862100	115.161951	-92.447300
	0.041782	-35.639378	115.161951	-92.506900
	0.041792	-36.182411	115.161951	-92.447300
	0.041801	-35.718003	115.161951	-92.328100
	0.041811	-34.572238	115.161951	-92.268500
	0.041820	-35.026203	115.161951	-92.328100
	0.041829	-35.062742	115.161951	-92.328100
	0.041839	-35.704013	115.161951	-92.328100
	0.041848	-35.370358	115.161951	-92.328100
	0.041858	-34.875501	115.161951	-92.387700
	0.041867	-35.193643	115.161951	-92.447300
	0.041877	-36.077517	115.161951	-92.387700
	0.041886	-34.953418	115.161951	-92.447300
	0.041896	-35.017433	115.161951	-92.506900
	0.041905	-36.239703	115.161951	-92.566500
	0.041915	-35.484984	115.161951	-92.506900
	0.041924	-35.167643	115.161951	-92.506900
	0.041934	-35.126178	115.161951	-92.566500
	0.041943	-36.761308	115.161951	-92.626100
	0.041953	-36.086459	115.161951	-92.685700
	0.041962	-36.494749	115.161951	-92.626100
	0.041972	-36.227708	115.161951	-92.983700
	0.041981	-36.353634	115.161951	-93.281700
	0.041990	-36.457289	115.161951	-93.043300
	0.042000	-37.505753	115.161951	-92.804900
	0.042009	-37.052832	115.161951	-92.745300
	0.042019	-36.532410	115.161951	-92.685700
	0.042028	-36.525761	115.161951	-92.685700
	0.042038	-36.907586	115.161951	-92.685700
	0.042047	-36.391625	115.161951	-92.745300
	0.042057	-37.868650	115.161951	-92.804900
	0.042066	-37.133088	115.161951	-92.804900
	0.042076	-36.743203	115.161951	-92.745300
	0.042085	-36.054969	115.161951	-92.804900
	0.042095	-36.186889	115.161951	-92.804900
	0.042104	-35.991711	115.161951	-92.804900
	0.042114	-36.279185	115.161951	-92.745300
	0.042123	-37.310446	115.161951	-92.804900
	0.042132	-37.430831	115.161951	-92.804900
	0.042142	-37.152303	115.161951	-92.804900
	0.042151	-36.943419	115.161951	-92.864500
	0.042161	-38.667891	115.161951	-92.864500
	0.042170	-38.570430	115.161951	-92.924100
	0.042180	-37.478769	115.161951	-92.924100
	0.042189	-37.216607	115.161951	-92.983700
	0.042199	-37.122627	115.161951	-93.043300
	0.042208	-38.157667	115.161951	-93.043300
	0.042218	-37.348697	115.161951	-93.043300
	0.042227	-37.947743	115.161951	-93.102900
	0.042237	-38.023888	115.161951	-93.043300
	0.042246	-37.020871	115.161951	-92.983700
	0.042256	-37.368497	115.161951	-93.043300
	0.042265	-37.296447	115.161951	-93.162500
	0.042275	-37.781137	115.161951	-93.222100
	0.042284	-37.317814	115.161951	-93.281700
	0.042293	-37.626035	115.161951	-93.281700
	0.042303	-36.992155	115.161951	-93.341300
	0.042312	-39.007346	115.161951	-92.626100
	0.042322	-40.687247	115.161951	-91.493600
	0.042331	-40.690637	115.161951	-91.136000
	0.042341	-41.123095	115.161951	-91.195600
	0.042350	-41.247711	115.161951	-91.255200
	0.042360	-41.233894	115.161951	-91.255200
	0.042369	-41.235008	115.161951	-91.314800
	0.042379	-40.355344	115.161951	-91.374400
	0.042388	-40.832682	115.161951	-91.374400
	0.042398	-40.645244	115.161951	-91.434000
	0.042407	-41.248352	115.161951	-91.434000
	0.042417	-40.393953	115.161951	-91.434000
	0.042426	-41.602934	115.161951	-91.434000
	0.042435	-41.006059	115.161951	-91.493600
	0.042445	-41.707114	115.161951	-91.493600
	0.042454	-41.088078	115.161951	-91.553200
	0.042464	-41.156093	115.161951	-91.553200
	0.042473	-41.531059	115.161951	-91.493600
	0.042483	-46.481655	115.161951	-91.136000
	0.042492	-49.473495	115.161951	-89.705500
	0.042502	-49.669931	115.161951	-88.990200
	0.042511	-50.242232	115.161951	-88.811400
	0.042521	-49.808712	115.161951	-88.751800
	0.042530	-50.424403	115.161951	-88.751800
	0.042540	-49.611015	115.161951	-88.811400
	0.042549	-49.923390	115.161951	-88.811400
	0.042559	-49.883861	115.161951	-88.751800
	0.042568	-50.691729	115.161951	-88.811400
	0.042578	-49.572330	115.161951	-88.751800
	0.042587	-50.187537	115.161951	-88.632600
	0.042596	-50.870366	115.161951	-88.573000
	0.042606	-51.079736	115.161951	-88.513400
	0.042615	-49.742921	115.161951	-88.453800
	0.042625	-50.078292	115.161951	-88.453800
	0.042634	-49.721931	115.161951	-88.513400
	0.042644	-51.231097	115.161951	-88.573000
	0.042653	-51.530228	115.161951	-88.513400
	0.042663	-51.098736	115.161951	-88.453800
	0.042672	-50.131416	115.161951	-88.453800
	0.042682	-49.982470	115.161951	-88.513400
	0.042691	-50.669302	115.161951	-88.513400
	0.042701	-49.738090	115.161951	-88.513400
	0.042710	-50.605392	115.161951	-88.513400
	0.042720	-50.962796	115.161951	-88.513400
	0.042729	-49.261693	115.161951	-88.573000
	0.042738	-49.500478	115.161951	-88.632600
	0.042748	-49.099633	115.161951	-88.692200
	0.042757	-50.502586	115.161951	-88.751800
	0.042767	-49.433056	115.161951	-88.751800
	0.042776	-50.022825	115.161951	-88.811400
	0.042786	-51.720948	115.161951	-88.811400
	0.042795	-51.489928	115.161951	-88.871000
	0.042805	-51.051155	115.161951	-88.871000
	0.042814	-51.379483	115.161951	-88.871000
	0.042824	-51.729716	115.161951	-88.811400
	0.042833	-53.219376	115.161951	-88.394200
	0.042843	-54.642922	115.161951	-87.738500
	0.042852	-55.039013	115.161951	-87.559700
	0.042862	-55.804478	115.161951	-87.559700
	0.042871	-55.561016	115.161951	-87.500100
	0.042881	-55.571158	115.161951	-87.500100
	0.042890	-56.335383	115.161951	-87.619300
	0.042899	-55.964778	115.161951	-87.619300
	0.042909	-56.288249	115.161951	-87.619300
	0.042918	-56.391166	115.161951	-87.619300
	0.042928	-55.686250	115.161951	-87.619300
	0.042937	-56.962824	115.161951	-87.678900
	0.042947	-55.684591	115.161951	-87.738500
	0.042956	-56.916829	115.161951	-87.738500
	0.042966	-56.434676	115.161951	-87.738500
	0.042975	-55.560054	115.161951	-87.798100
	0.042985	-55.544236	115.161951	-87.798100
	0.042994	-56.645336	115.161951	-87.738500
	0.043004	-56.556642	115.161951	-87.738500
	0.043013	-55.962301	115.161951	-87.798100
	0.043023	-55.984143	115.161951	-87.798100
	0.043032	-56.111055	115.161951	-87.798100
	0.043041	-55.262681	115.161951	-87.798100
	0.043051	-55.690561	115.161951	-87.798100
	0.043060	-54.858219	115.161951	-87.798100
	0.043070	-56.400826	115.161951	-87.798100
	0.043079	-55.166170	115.161951	-87.798100
	0.043089	-55.387097	115.161951	-87.917300
	0.043098	-56.765335	115.161951	-87.917300
	0.043108	-56.521186	115.161951	-87.917300
	0.043117	-57.181460	115.161951	-87.917300
	0.043127	-56.535929	115.161951	-87.857700
	0.043136	-55.654083	115.161951	-87.917300
	0.043146	-57.866928	115.161951	-87.798100
	0.043155	-57.719093	115.161951	-87.500100
	0.043165	-58.899974	115.161951	-87.380900
	0.043174	-58.599091	115.161951	-87.380900
	0.043184	-57.118742	115.161951	-87.380900
	0.043193	-58.365620	115.161951	-87.321300
	0.043202	-58.385327	115.161951	-87.261700
	0.043212	-57.696942	115.161951	-87.202100
	0.043221	-57.335333	115.161951	-87.142500
	0.043231	-56.821582	115.161951	-87.082900
	0.043240	-57.906533	115.161951	-87.142500
	0.043250	-57.245525	115.161951	-87.261700
	0.043259	-58.440598	115.161951	-87.261700
	0.043269	-58.424124	115.161951	-87.202100
	0.043278	-57.032354	115.161951	-87.202100
	0.043288	-58.623697	115.161951	-87.202100
	0.043297	-57.593207	115.161951	-87.202100
	0.043307	-58.099133	115.161951	-87.202100
	0.043316	-58.482264	115.161951	-87.142500
	0.043326	-63.468518	115.161951	-85.950400
	0.043335	-62.717165	115.161951	-84.996700
	0.043344	-64.000148	115.161951	-84.758300
	0.043354	-64.886875	115.161951	-84.758300
	0.043363	-63.739795	115.161951	-84.698700
	0.043373	-64.700320	115.161951	-84.698700
	0.043382	-64.616080	115.161951	-84.698700
	0.043392	-64.428809	115.161951	-84.817900
	0.043401	-64.719525	115.161951	-84.758300
	0.043411	-65.554814	115.161951	-84.519900
	0.043420	-65.343164	115.161951	-84.341000
	0.043430	-66.331145	115.161951	-84.281400
	0.043439	-66.370194	115.161951	-84.281400
	0.043449	-65.376350	115.161951	-84.341000
	0.043458	-64.728028	115.161951	-84.341000
	0.043468	-64.966077	115.161951	-84.400600
	0.043477	-66.058862	115.161951	-84.460200
	0.043487	-65.713811	115.161951	-84.579500
	0.043496	-65.444037	115.161951	-84.579500
	0.043505	-65.444652	115.161951	-84.639100
	0.043515	-65.291814	115.161951	-84.639100
	0.043524	-65.071085	115.161951	-84.579500
	0.043534	-65.397751	115.161951	-84.519900
	0.043543	-65.530121	115.161951	-84.579500
	0.043553	-65.551154	115.161951	-84.579500
	0.043562	-66.505301	115.161951	-84.519900
	0.043572	-65.509590	115.161951	-84.639100
	0.043581	-67.360187	115.161951	-83.447000
	0.043591	-74.863530	115.161951	-77.784500
	0.043600	-75.894809	115.161951	-75.519600
	0.043610	-74.933488	115.161951	-74.983100
	0.043619	-75.688938	115.161951	-74.863900
	0.043629	-75.406314	115.161951	-74.804300
	0.043638	-75.672837	115.161951	-74.804300
	0.043647	-76.328650	115.161951	-74.804300
	0.043657	-76.044398	115.161951	-74.804300
	0.043666	-75.666404	115.161951	-74.863900
	0.043676	-75.812122	115.161951	-74.863900
	0.043685	-75.830573	115.161951	-74.863900
	0.043695	-75.680021	115.161951	-74.863900
	0.043704	-75.513806	115.161951	-74.863900
	0.043714	-74.996812	115.161951	-74.923500
	0.043723	-75.753500	115.161951	-74.983100
	0.043733	-76.874011	115.161951	-74.923500
	0.043742	-76.046948	115.161951	-74.923500
	0.043752	-75.928286	115.161951	-74.923500
	0.043761	-76.755237	115.161951	-74.863900
	0.043771	-77.279020	115.161951	-74.863900
	0.043780	-77.064362	115.161951	-74.923500
	0.043790	-78.036511	115.161951	-75.042700
	0.043799	-77.653150	115.161951	-75.042700
	0.043808	-77.551829	115.161951	-74.923500
	0.043818	-78.682106	115.161951	-74.863900
	0.043827	-77.998203	115.161951	-74.923500
	0.043837	-76.648597	115.161951	-74.983100
	0.043846	-77.705988	115.161951	-74.983100
	0.043856	-77.839025	115.161951	-74.983100
	0.043865	-77.847738	115.161951	-74.983100
	0.043875	-78.336956	115.161951	-74.923500
	0.043884	-80.192519	115.161951	-74.625500
	0.043894	-79.720034	115.161951	-74.267900
	0.043903	-80.726891	115.161951	-74.208200
	0.043913	-79.356157	115.161951	-74.208200
	0.043922	-79.738224	115.161951	-74.148600
	0.043932	-79.357801	115.161951	-74.148600
	0.043941	-84.396605	115.161951	-73.373800
	0.043950	-84.762350	115.161951	-71.466400
	0.043960	-84.408640	115.161951	-70.751200
	0.043969	-86.714541	115.161951	-70.572400
	0.043979	-87.606640	115.161951	-70.572400
	0.043988	-86.529062	115.161951	-70.632000
	0.043998	-87.501855	115.161951	-70.632000
	0.044007	-86.572933	115.161951	-70.632000
	0.044017	-86.502678	115.161951	-70.572400
	0.044026	-87.137685	115.161951	-70.572400
	0.044036	-86.902326	115.161951	-70.572400
	0.044045	-87.238686	115.161951	-70.632000
	0.044055	-87.838111	115.161951	-70.632000
	0.044064	-87.179762	115.161951	-70.632000
	0.044074	-86.058405	115.161951	-70.572400
	0.044083	-87.060011	115.161951	-70.572400
	0.044093	-86.817623	115.161951	-70.572400
	0.044102	-86.154252	115.161951	-70.572400
	0.044111	-87.028813	115.161951	-70.632000
	0.044121	-85.580073	115.161951	-70.572400
	0.044130	-85.982541	115.161951	-70.572400
	0.044140	-86.411051	115.161951	-70.632000
	0.044149	-86.588365	115.161951	-70.632000
	0.044159	-93.468854	115.161951	-69.320700
	0.044168	-94.394011	115.161951	-68.069000
	0.044178	-94.612409	115.161951	-67.294100
	0.044187	-94.663092	115.161951	-66.996100
	0.044197	-95.108597	115.161951	-66.936500
	0.044206	-94.936240	115.161951	-66.936500
	0.044216	-94.274650	115.161951	-66.936500
	0.044225	-94.524767	115.161951	-66.876900
	0.044235	-95.755223	115.161951	-66.578900
	0.044244	-97.482409	115.161951	-65.982800
	0.044253	-98.253587	115.161951	-65.804000
	0.044263	-96.909806	115.161951	-65.744400
	0.044272	-97.032435	115.161951	-65.744400
	0.044282	-96.767467	115.161951	-65.684800
	0.044291	-95.836537	115.161951	-65.684800
	0.044301	-96.728266	115.161951	-65.684800
	0.044310	-97.968307	115.161951	-65.744400
	0.044320	-97.783118	115.161951	-65.744400
	0.044329	-98.549340	115.161951	-65.744400
	0.044339	-99.404354	115.161951	-65.506000
	0.044348	-98.976881	115.161951	-65.267600
	0.044358	-98.806762	115.161951	-65.207900
	0.044367	-98.917954	115.161951	-65.267600
	0.044377	-99.875012	115.161951	-65.267600
	0.044386	-99.798278	115.161951	-65.267600
	0.044396	-99.145436	115.161951	-65.386800
	0.044405	-99.155053	115.161951	-65.267600
	0.044414	-99.242531	115.161951	-65.267600
	0.044424	-99.212866	115.161951	-65.267600
	0.044433	-100.091848	115.161951	-65.207900
	0.044443	-99.647247	115.161951	-65.207900
	0.044452	-98.242496	115.161951	-65.207900
	0.044462	-98.762261	115.161951	-65.267600
	0.044471	-98.273597	115.161951	-65.267600
	0.044481	-97.963970	115.161951	-65.327200
	0.044490	-99.394969	115.161951	-65.327200
	0.044500	-99.117190	115.161951	-65.267600
	0.044509	-98.557012	115.161951	-65.327200
	0.044519	-98.346423	115.161951	-65.327200
	0.044528	-98.647279	115.161951	-65.267600
	0.044538	-99.126326	115.161951	-65.386800
	0.044547	-100.265709	115.161951	-65.446400
	0.044556	-98.736056	115.161951	-65.446400
	0.044566	-98.512190	115.161951	-65.446400
	0.044575	-100.415433	115.161951	-65.386800
	0.044585	-101.443907	115.161951	-65.029100
	0.044594	-103.703478	115.161951	-64.552300
	0.044604	-104.916599	115.161951	-64.492700
	0.044613	-104.855980	115.161951	-64.611900
	0.044623	-104.996920	115.161951	-64.611900
	0.044632	-103.856214	115.161951	-64.611900
	0.044642	-104.634168	115.161951	-64.552300
	0.044651	-103.986779	115.161951	-64.552300
	0.044661	-104.847838	115.161951	-64.552300
	0.044670	-104.834451	115.161951	-64.552300
	0.044680	-105.306413	115.161951	-64.611900
	0.044689	-104.714144	115.161951	-64.671500
	0.044699	-104.406553	115.161951	-64.671500
	0.044708	-104.439681	115.161951	-64.611900
	0.044717	-104.447839	115.161951	-64.611900
	0.044727	-104.576696	115.161951	-64.671500
	0.044736	-104.739247	115.161951	-64.611900
	0.044746	-104.519321	115.161951	-64.611900
	0.044755	-104.800088	115.161951	-64.611900
	0.044765	-104.457727	115.161951	-64.671500
	0.044774	-104.656957	115.161951	-64.790700
	0.044784	-104.262062	115.161951	-64.790700
	0.044793	-105.379272	115.161951	-64.790700
	0.044803	-104.344383	115.161951	-64.790700
	0.044812	-105.236475	115.161951	-64.790700
	0.044822	-105.826263	115.161951	-64.790700
	0.044831	-104.998993	115.161951	-64.731100
	0.044841	-103.787372	115.161951	-64.850300
	0.044850	-104.435480	115.161951	-64.790700
	0.044859	-104.763960	115.161951	-64.790700
	0.044869	-104.919663	115.161951	-64.790700
	0.044878	-104.534663	115.161951	-64.731100
	0.044888	-103.906553	115.161951	-64.790700
	0.044897	-104.815904	115.161951	-64.850300
	0.044907	-105.115760	115.161951	-64.790700
	0.044916	-105.586667	115.161951	-64.731100
	0.044926	-104.892987	115.161951	-64.731100
	0.044935	-104.942963	115.161951	-64.731100
	0.044945	-104.284531	115.161951	-64.731100
	0.044954	-105.776504	115.161951	-64.790700
	0.044964	-105.914020	115.161951	-64.790700
	0.044973	-106.422158	115.161951	-64.850300
	0.044983	-105.909533	115.161951	-64.731100
	0.044992	-106.771225	115.161951	-64.731100
	0.045002	-106.329285	115.161951	-64.790700
	0.045011	-105.668860	115.161951	-64.731100
	0.045020	-105.885969	115.161951	-64.731100
	0.045030	-104.815320	115.161951	-64.671500
	0.045039	-105.343622	115.161951	-64.671500
	0.045049	-106.926109	115.161951	-64.671500
	0.045058	-106.782679	115.161951	-64.731100
	0.045068	-105.954467	115.161951	-64.731100
	0.045077	-105.605618	115.161951	-64.731100
	0.045087	-106.258347	115.161951	-64.671500
	0.045096	-105.301960	115.161951	-64.671500
	0.045106	-105.863948	115.161951	-64.611900
	0.045115	-105.468620	115.161951	-64.433100
	0.045125	-105.830460	115.161951	-64.313900
	0.045134	-106.450910	115.161951	-64.373500
	0.045144	-105.588373	115.161951	-64.373500
	0.045153	-106.369622	115.161951	-64.313900
	0.045162	-106.199867	115.161951	-64.194700
	0.045172	-107.427664	115.161951	-63.956200
	0.045181	-106.011310	115.161951	-63.837000
	0.045191	-107.398004	115.161951	-63.837000
	0.045200	-107.209041	115.161951	-63.837000
	0.045210	-107.682983	115.161951	-63.837000
	0.045219	-107.593318	115.161951	-63.777400
	0.045229	-108.978317	115.161951	-63.419800
	0.045238	-109.052096	115.161951	-63.181400
	0.045248	-109.310093	115.161951	-63.002600
	0.045257	-109.406967	115.161951	-63.002600
	0.045267	-110.272403	115.161951	-63.002600
	0.045276	-108.682275	115.161951	-63.002600
	0.045286	-108.865933	115.161951	-63.002600
	0.045295	-108.941282	115.161951	-62.943000
	0.045305	-109.830766	115.161951	-62.883400
	0.045314	-109.209151	115.161951	-62.883400
	0.045323	-109.119062	115.161951	-62.883400
	0.045333	-110.124685	115.161951	-62.943000
	0.045342	-110.303705	115.161951	-62.943000
	0.045352	-110.322584	115.161951	-62.943000
	0.045361	-111.157789	115.161951	-62.883400
	0.045371	-110.061631	115.161951	-62.883400
	0.045380	-109.629349	115.161951	-62.883400
	0.045390	-109.612528	115.161951	-62.883400
	0.045399	-110.710032	115.161951	-62.943000
	0.045409	-110.024783	115.161951	-62.943000
	0.045418	-109.783523	115.161951	-62.943000
	0.045428	-110.445188	115.161951	-62.943000
	0.045437	-111.112584	115.161951	-63.002600
	0.045447	-110.090704	115.161951	-63.002600
	0.045456	-110.167518	115.161951	-63.002600
	0.045465	-111.444166	115.161951	-63.002600
	0.045475	-110.362151	115.161951	-62.943000
	0.045484	-108.899560	115.161951	-62.943000
	0.045494	-109.696331	115.161951	-62.943000
	0.045503	-110.882404	115.161951	-63.002600
	0.045513	-110.545420	115.161951	-62.943000
	0.045522	-112.032572	115.161951	-62.644900
	0.045532	-114.497779	115.161951	-61.512500
	0.045541	-115.954828	115.161951	-60.916200
	0.045551	-115.628473	115.161951	-60.737400
	0.045560	-115.184897	115.161951	-60.677800
	0.045570	-116.045543	115.161951	-60.618200
	0.045579	-118.444917	115.161951	-60.081700
	0.045589	-118.461188	115.161951	-59.783700
	0.045598	-118.790937	115.161951	-59.664500
	0.045608	-118.099298	115.161951	-59.664500
	0.045617	-117.861390	115.161951	-59.843300
	0.045626	-118.234219	115.161951	-59.843300
	0.045636	-117.773096	115.161951	-59.843300
	0.045645	-118.001645	115.161951	-59.843300
	0.045655	-118.180353	115.161951	-59.783700
	0.045664	-118.828440	115.161951	-59.783700
	0.045674	-117.881472	115.161951	-59.664500
	0.045683	-119.211455	115.161951	-59.426100
	0.045693	-118.912354	115.161951	-59.306900
	0.045702	-118.387666	115.161951	-59.306900
	0.045712	-119.809595	115.161951	-59.306900
	0.045721	-119.674654	115.161951	-59.247200
	0.045731	-118.935972	115.161951	-59.187600
	0.045740	-118.693731	115.161951	-59.187600
	0.045750	-118.221194	115.161951	-59.187600
	0.045759	-119.979991	115.161951	-59.187600
	0.045768	-119.710042	115.161951	-59.187600
	0.045778	-118.937413	115.161951	-59.068400
	0.045787	-119.080029	115.161951	-59.068400
	0.045797	-121.495066	115.161951	-58.710800
	0.045806	-120.613817	115.161951	-58.472400
	0.045816	-120.632604	115.161951	-58.412800
	0.045825	-120.804750	115.161951	-58.412800
	0.045835	-125.628678	115.161951	-57.697500
	0.045844	-127.487032	115.161951	-56.922700
	0.045854	-127.126295	115.161951	-56.565000
	0.045863	-127.668149	115.161951	-56.445800
	0.045873	-127.543498	115.161951	-56.088200
	0.045882	-133.661517	115.161951	-54.419300
	0.045892	-134.121133	115.161951	-53.525200
	0.045901	-133.903544	115.161951	-53.406000
	0.045910	-134.670368	115.161951	-53.048400
	0.045920	-136.788095	115.161951	-52.392700
	0.045929	-137.761964	115.161951	-52.213900
	0.045939	-138.304186	115.161951	-52.154300
	0.045948	-138.483721	115.161951	-52.213900
	0.045958	-138.268967	115.161951	-52.809900
	0.045967	-138.093131	115.161951	-53.167600
	0.045977	-138.913253	115.161951	-53.227200
	0.045986	-139.116900	115.161951	-53.227200
	0.045996	-138.272980	115.161951	-53.167600
	0.046005	-138.696917	115.161951	-53.108000
	0.046015	-139.490733	115.161951	-53.108000
	0.046024	-139.491386	115.161951	-53.108000
	0.046034	-140.859617	115.161951	-53.108000
	0.046043	-140.408951	115.161951	-53.108000
	0.046053	-140.487721	115.161951	-53.048400
	0.046062	-140.373196	115.161951	-53.108000
	0.046071	-139.426734	115.161951	-53.048400
	0.046081	-140.204271	115.161951	-53.048400
	0.046090	-140.546923	115.161951	-53.108000
	0.046100	-139.885518	115.161951	-53.108000
	0.046109	-141.014126	115.161951	-53.048400
	0.046119	-140.418613	115.161951	-53.048400
	0.046128	-140.256112	115.161951	-52.988800
	0.046138	-138.771932	115.161951	-52.988800
	0.046147	-139.714585	115.161951	-53.048400
	0.046157	-139.788078	115.161951	-53.048400
	0.046166	-139.558001	115.161951	-53.048400
	0.046176	-141.013707	115.161951	-52.273500
	0.046185	-142.143052	115.161951	-51.260200
	0.046195	-142.009450	115.161951	-51.021800
	0.046204	-141.121457	115.161951	-51.021800
	0.046213	-141.679005	115.161951	-51.021800
	0.046223	-141.399157	115.161951	-51.021800
	0.046232	-141.177141	115.161951	-51.081400
	0.046242	-140.332313	115.161951	-51.081400
	0.046251	-141.285334	115.161951	-51.021800
	0.046261	-140.503033	115.161951	-50.962200
	0.046270	-140.296567	115.161951	-50.962200
	0.046280	-140.196257	115.161951	-50.902600
	0.046289	-140.392970	115.161951	-50.962200
	0.046299	-139.992943	115.161951	-50.902600
	0.046308	-139.366746	115.161951	-50.902600
	0.046318	-140.610125	115.161951	-50.902600
	0.046327	-138.854847	115.161951	-50.902600
	0.046337	-138.739982	115.161951	-50.962200
	0.046346	-139.996329	115.161951	-50.902600
	0.046356	-139.965939	115.161951	-50.962200
	0.046365	-140.897198	115.161951	-51.021800
	0.046374	-140.493826	115.161951	-50.962200
	0.046384	-141.250553	115.161951	-50.902600
	0.046393	-141.544597	115.161951	-50.962200
	0.046403	-141.226584	115.161951	-51.021800
	0.046412	-143.207675	115.161951	-50.783400
	0.046422	-141.909293	115.161951	-50.664200
	0.046431	-142.155299	115.161951	-50.664200
	0.046441	-143.199466	115.161951	-50.604600
	0.046450	-142.038517	115.161951	-50.604600
	0.046460	-142.846025	115.161951	-50.664200
	0.046469	-142.415253	115.161951	-50.664200
	0.046479	-142.231981	115.161951	-50.664200
	0.046488	-144.484146	115.161951	-49.770100
	0.046498	-145.549940	115.161951	-49.233700
	0.046507	-146.999275	115.161951	-49.114500
	0.046516	-146.757132	115.161951	-49.114500
	0.046526	-146.031646	115.161951	-49.054900
	0.046535	-145.336227	115.161951	-49.054900
	0.046545	-146.306805	115.161951	-48.935600
	0.046554	-146.290019	115.161951	-48.935600
	0.046564	-145.976256	115.161951	-48.995300
	0.046573	-146.243999	115.161951	-49.054900
	0.046583	-146.892125	115.161951	-49.114500
	0.046592	-147.019028	115.161951	-48.995300
	0.046602	-147.944496	115.161951	-48.756800
	0.046611	-149.149785	115.161951	-47.982000
	0.046621	-148.588525	115.161951	-47.385900
	0.046630	-149.173936	115.161951	-47.207100
	0.046640	-149.332590	115.161951	-47.147500
	0.046649	-149.136431	115.161951	-47.147500
	0.046659	-149.172702	115.161951	-47.147500
	0.046668	-150.533064	115.161951	-47.147500
	0.046677	-147.427590	115.161951	-47.147500
	0.046687	-147.691321	115.161951	-47.087900
	0.046696	-149.110314	115.161951	-47.147500
	0.046706	-150.009665	115.161951	-47.207100
	0.046715	-149.228616	115.161951	-47.207100
	0.046725	-149.883529	115.161951	-47.147500
	0.046734	-148.434461	115.161951	-47.147500
	0.046744	-149.247111	115.161951	-47.147500
	0.046753	-149.674599	115.161951	-47.147500
	0.046763	-150.388365	115.161951	-47.087900
	0.046772	-149.049405	115.161951	-47.087900
	0.046782	-149.253925	115.161951	-47.147500
	0.046791	-149.605424	115.161951	-47.087900
	0.046801	-149.681493	115.161951	-47.087900
	0.046810	-150.910247	115.161951	-47.147500
	0.046819	-150.559502	115.161951	-47.028300
	0.046829	-152.159864	115.161951	-46.849500
	0.046838	-152.393754	115.161951	-46.730300
	0.046848	-151.987678	115.161951	-46.670700
	0.046857	-153.081454	115.161951	-46.670700
	0.046867	-152.267669	115.161951	-46.670700
	0.046876	-152.841373	115.161951	-46.670700
	0.046886	-152.490345	115.161951	-46.670700
	0.046895	-152.796516	115.161951	-46.611100
	0.046905	-153.267167	115.161951	-46.611100
	0.046914	-152.842583	115.161951	-46.611100
	0.046924	-152.765425	115.161951	-46.611100
	0.046933	-152.344990	115.161951	-46.551500
	0.046943	-151.823715	115.161951	-46.551500
	0.046952	-153.199091	115.161951	-46.491900
	0.046962	-152.038464	115.161951	-46.432300
	0.046971	-152.834229	115.161951	-46.372600
	0.046980	-152.752451	115.161951	-46.313000
	0.046990	-152.759893	115.161951	-46.253400
	0.046999	-152.937665	115.161951	-46.193800
	0.047009	-153.365590	115.161951	-46.253400
	0.047018	-152.818989	115.161951	-46.193800
	0.047028	-151.346844	115.161951	-46.193800
	0.047037	-151.227997	115.161951	-46.253400
	0.047047	-151.305038	115.161951	-46.253400
	0.047056	-151.074865	115.161951	-46.253400
	0.047066	-152.524434	115.161951	-46.134200
	0.047075	-151.170368	115.161951	-46.134200
	0.047085	-151.515152	115.161951	-45.836200
	0.047094	-154.936418	115.161951	-45.240200
	0.047104	-157.202098	115.161951	-44.584500
	0.047113	-157.018994	115.161951	-44.286500
	0.047122	-157.624014	115.161951	-44.226900
	0.047132	-158.046978	115.161951	-44.167300
	0.047141	-156.936697	115.161951	-44.048100
	0.047151	-156.772334	115.161951	-44.048100
	0.047160	-157.682811	115.161951	-44.048100
	0.047170	-156.444805	115.161951	-43.988500
	0.047179	-158.037260	115.161951	-43.988500
	0.047189	-159.273602	115.161951	-44.048100
	0.047198	-158.936004	115.161951	-43.988500
	0.047208	-158.351783	115.161951	-43.988500
	0.047217	-158.375710	115.161951	-43.988500
	0.047227	-157.878286	115.161951	-43.988500
	0.047236	-158.085147	115.161951	-43.988500
	0.047246	-157.321544	115.161951	-43.988500
	0.047255	-159.251072	115.161951	-43.988500
	0.047265	-158.598403	115.161951	-43.988500
	0.047274	-158.041524	115.161951	-43.988500
	0.047283	-157.220418	115.161951	-43.988500
	0.047293	-157.869626	115.161951	-43.988500
	0.047302	-157.951697	115.161951	-43.988500
	0.047312	-158.006267	115.161951	-43.988500
	0.047321	-157.789973	115.161951	-43.988500
	0.047331	-157.893603	115.161951	-43.988500
	0.047340	-158.271658	115.161951	-43.988500
	0.047350	-159.008843	115.161951	-44.167300
	0.047359	-159.236266	115.161951	-44.286500
	0.047369	-158.008930	115.161951	-44.346100
	0.047378	-160.030364	115.161951	-44.346100
	0.047388	-159.039713	115.161951	-44.346100
	0.047397	-159.277873	115.161951	-44.226900
	0.047407	-158.570873	115.161951	-43.988500
	0.047416	-160.164908	115.161951	-43.630800
	0.047425	-160.112189	115.161951	-43.571200
	0.047435	-161.534903	115.161951	-43.571200
	0.047444	-160.655912	115.161951	-43.630800
	0.047454	-160.949515	115.161951	-43.571200
	0.047463	-160.706058	115.161951	-43.571200
	0.047473	-161.807245	115.161951	-43.630800
	0.047482	-160.099057	115.161951	-43.571200
	0.047492	-161.390313	115.161951	-43.571200
	0.047501	-161.010582	115.161951	-43.571200
	0.047511	-160.587890	115.161951	-43.571200
	0.047520	-160.973848	115.161951	-43.630800
	0.047530	-160.895488	115.161951	-43.571200
	0.047539	-160.817868	115.161951	-43.452000
	0.047549	-162.030065	115.161951	-43.273200
	0.047558	-161.508919	115.161951	-43.213600
	0.047568	-161.123282	115.161951	-43.273200
	0.047577	-160.598839	115.161951	-43.213600
	0.047586	-161.052551	115.161951	-43.213600
	0.047596	-159.705378	115.161951	-43.273200
	0.047605	-160.047268	115.161951	-43.332800
	0.047615	-161.375073	115.161951	-43.273200
	0.047624	-162.085811	115.161951	-43.213600
	0.047634	-161.998923	115.161951	-43.213600
	0.047643	-162.127157	115.161951	-43.273200
	0.047653	-162.136904	115.161951	-43.273200
	0.047662	-161.716447	115.161951	-43.273200
	0.047672	-161.061370	115.161951	-43.213600
	0.047681	-161.219753	115.161951	-43.213600
	0.047691	-161.890513	115.161951	-43.154000
	0.047700	-162.488629	115.161951	-43.154000
	0.047710	-161.765252	115.161951	-43.094400
	0.047719	-162.187404	115.161951	-43.154000
	0.047728	-161.699388	115.161951	-43.154000
	0.047738	-161.536040	115.161951	-43.154000
	0.047747	-161.892187	115.161951	-43.154000
	0.047757	-161.397237	115.161951	-43.213600
	0.047766	-162.407430	115.161951	-43.213600
	0.047776	-161.020335	115.161951	-43.213600
	0.047785	-161.471319	115.161951	-43.213600
	0.047795	-161.497825	115.161951	-43.273200
	0.047804	-161.850187	115.161951	-43.273200
	0.047814	-161.580551	115.161951	-43.154000
	0.047823	-162.262780	115.161951	-43.154000
	0.047833	-161.302605	115.161951	-43.154000
	0.047842	-162.461440	115.161951	-43.094400
	0.047852	-162.462509	115.161951	-43.094400
	0.047861	-162.700876	115.161951	-43.034800
	0.047871	-161.650044	115.161951	-43.094400
	0.047880	-162.457101	115.161951	-43.094400
	0.047889	-162.311977	115.161951	-43.034800
	0.047899	-163.143262	115.161951	-43.094400
	0.047908	-163.135023	115.161951	-43.154000
	0.047918	-163.062473	115.161951	-43.154000
	0.047927	-161.706149	115.161951	-43.154000
	0.047937	-161.762628	115.161951	-43.154000
	0.047946	-162.179183	115.161951	-43.154000
	0.047956	-161.690196	115.161951	-43.154000
	0.047965	-160.799121	115.161951	-43.034800
	0.047975	-160.987678	115.161951	-42.975200
	0.047984	-161.959701	115.161951	-43.034800
	0.047994	-160.700322	115.161951	-43.154000
	0.048003	-162.096048	115.161951	-42.915600
	0.048013	-164.080670	115.161951	-42.617600
	0.048022	-162.986652	115.161951	-42.557900
	0.048031	-164.126732	115.161951	-42.498300
	0.048041	-163.726470	115.161951	-42.498300
	0.048050	-163.618184	115.161951	-42.557900
	0.048060	-163.909763	115.161951	-42.617600
	0.048069	-163.278971	115.161951	-42.617600
	0.048079	-163.498779	115.161951	-42.677200
	0.048088	-164.657851	115.161951	-42.677200
	0.048098	-164.101147	115.161951	-42.677200
	0.048107	-164.192338	115.161951	-42.677200
	0.048117	-163.934070	115.161951	-42.796400
	0.048126	-164.082617	115.161951	-42.796400
	0.048136	-163.924504	115.161951	-42.736800
	0.048145	-164.759965	115.161951	-42.677200
	0.048155	-164.847415	115.161951	-42.677200
	0.048164	-164.756990	115.161951	-42.677200
	0.048174	-164.559754	115.161951	-42.677200
	0.048183	-164.791319	115.161951	-42.736800
	0.048192	-164.502445	115.161951	-42.796400
	0.048202	-164.288635	115.161951	-42.677200
	0.048211	-165.443093	115.161951	-42.677200
	0.048221	-163.334326	115.161951	-42.677200
	0.048230	-164.645363	115.161951	-42.677200
	0.048240	-165.678790	115.161951	-42.140700
	0.048249	-167.350009	115.161951	-41.723500
	0.048259	-166.763208	115.161951	-41.544700
	0.048268	-167.360383	115.161951	-41.485100
	0.048278	-166.955399	115.161951	-41.485100
	0.048287	-168.056006	115.161951	-41.485100
	0.048297	-168.349510	115.161951	-41.485100
	0.048306	-168.068062	115.161951	-41.306300
	0.048316	-168.293769	115.161951	-41.246600
	0.048325	-168.022737	115.161951	-41.306300
	0.048334	-168.521440	115.161951	-41.246600
	0.048344	-168.604949	115.161951	-41.246600
	0.048353	-169.641906	115.161951	-41.187000
	0.048363	-173.082975	115.161951	-40.233400
	0.048372	-173.795881	115.161951	-39.875700
	0.048382	-174.152152	115.161951	-39.875700
	0.048391	-173.021906	115.161951	-39.875700
	0.048401	-173.903075	115.161951	-39.875700
	0.048410	-173.687328	115.161951	-39.875700
	0.048420	-172.891385	115.161951	-39.875700
	0.048429	-172.384936	115.161951	-39.875700
	0.048439	-172.030374	115.161951	-39.875700
	0.048448	-172.228600	115.161951	-39.816100
	0.048458	-173.419428	115.161951	-39.756500
	0.048467	-174.164134	115.161951	-39.816100
	0.048477	-173.661852	115.161951	-39.816100
	0.048486	-173.025770	115.161951	-39.875700
	0.048495	-172.714422	115.161951	-39.875700
	0.048505	-172.934594	115.161951	-39.875700
	0.048514	-172.647956	115.161951	-39.935300
	0.048524	-172.396206	115.161951	-39.935300
	0.048533	-173.151895	115.161951	-39.935300
	0.048543	-172.558025	115.161951	-39.935300
	0.048552	-172.217435	115.161951	-39.935300
	0.048562	-172.208083	115.161951	-39.994900
	0.048571	-172.549016	115.161951	-39.994900
	0.048581	-172.468337	115.161951	-40.054600
	0.048590	-173.493850	115.161951	-39.994900
	0.048600	-172.402470	115.161951	-40.054600
	0.048609	-172.143506	115.161951	-40.054600
	0.048619	-172.645219	115.161951	-40.054600
	0.048628	-172.238032	115.161951	-40.054600
	0.048637	-173.251731	115.161951	-40.054600
	0.048647	-172.509585	115.161951	-40.114200
	0.048656	-172.857703	115.161951	-40.054600
	0.048666	-172.852044	115.161951	-40.054600
	0.048675	-173.645049	115.161951	-40.054600
	0.048685	-172.896817	115.161951	-39.994900
	0.048694	-173.705259	115.161951	-39.994900
	0.048704	-173.252714	115.161951	-39.994900
	0.048713	-173.351082	115.161951	-39.935300
	0.048723	-173.338780	115.161951	-39.994900
	0.048732	-172.371729	115.161951	-39.994900
	0.048742	-173.650774	115.161951	-39.994900
	0.048751	-172.498058	115.161951	-39.935300
	0.048761	-172.799275	115.161951	-39.935300
	0.048770	-173.044864	115.161951	-39.935300
	0.048780	-172.707103	115.161951	-39.875700
	0.048789	-172.318188	115.161951	-39.875700
	0.048798	-171.807577	115.161951	-39.816100
	0.048808	-175.377885	115.161951	-39.160500
	0.048817	-175.538621	115.161951	-38.922100
	0.048827	-175.876809	115.161951	-38.981700
	0.048836	-175.530418	115.161951	-38.922100
	0.048846	-176.327306	115.161951	-38.922100
	0.048855	-175.491806	115.161951	-38.862500
	0.048865	-175.020114	115.161951	-38.862500
	0.048874	-175.725061	115.161951	-38.922100
	0.048884	-175.835071	115.161951	-38.922100
	0.048893	-175.395065	115.161951	-38.862500
	0.048903	-174.952530	115.161951	-38.862500
	0.048912	-175.442924	115.161951	-38.862500
	0.048922	-175.485251	115.161951	-38.922100
	0.048931	-175.378348	115.161951	-38.802900
	0.048940	-175.581867	115.161951	-38.862500
	0.048950	-176.141377	115.161951	-38.862500
	0.048959	-176.436772	115.161951	-38.802900
	0.048969	-176.054013	115.161951	-38.802900
	0.048978	-175.803981	115.161951	-38.862500
	0.048988	-176.031462	115.161951	-38.922100
	0.048997	-176.299397	115.161951	-38.862500
	0.049007	-176.269356	115.161951	-38.922100
	0.049016	-176.594284	115.161951	-38.981700
	0.049026	-176.096462	115.161951	-38.922100
	0.049035	-177.139408	115.161951	-38.981700
	0.049045	-176.657141	115.161951	-38.981700
	0.049054	-177.948402	115.161951	-38.981700
	0.049064	-177.437694	115.161951	-38.922100
	0.049073	-176.959132	115.161951	-38.981700
	0.049083	-177.220770	115.161951	-39.041300
	0.049092	-176.858609	115.161951	-39.041300
	0.049101	-176.979507	115.161951	-39.100900
	0.049111	-176.513650	115.161951	-39.100900
	0.049120	-175.699421	115.161951	-39.100900
	0.049130	-176.309674	115.161951	-39.041300
	0.049139	-177.446201	115.161951	-39.041300
	0.049149	-177.213493	115.161951	-39.041300
	0.049158	-177.376735	115.161951	-39.041300
	0.049168	-176.806674	115.161951	-39.100900
	0.049177	-176.429541	115.161951	-39.100900
	0.049187	-176.104379	115.161951	-39.100900
	0.049196	-176.972985	115.161951	-39.100900
	0.049206	-176.593941	115.161951	-39.041300
	0.049215	-177.074459	115.161951	-39.041300
	0.049225	-176.472639	115.161951	-39.041300
	0.049234	-177.447708	115.161951	-38.981700
	0.049243	-176.725925	115.161951	-38.981700
	0.049253	-177.589134	115.161951	-38.981700
	0.049262	-177.400093	115.161951	-38.981700
	0.049272	-176.728887	115.161951	-38.981700
	0.049281	-176.860047	115.161951	-38.981700
	0.049291	-177.133479	115.161951	-38.981700
	0.049300	-177.659298	115.161951	-38.981700
	0.049310	-176.874845	115.161951	-38.922100
	0.049319	-178.780931	115.161951	-38.683600
	0.049329	-178.791939	115.161951	-38.266400
	0.049338	-179.152073	115.161951	-38.087600
	0.049348	-180.830848	115.161951	-37.670400
	0.049357	-182.591282	115.161951	-37.253100
	0.049367	-181.412960	115.161951	-37.133900
	0.049376	-181.733516	115.161951	-37.133900
	0.049386	-181.489118	115.161951	-37.074300
	0.049395	-181.752464	115.161951	-37.074300
	0.049404	-180.641672	115.161951	-37.074300
	0.049414	-179.416531	115.161951	-37.133900
	0.049423	-181.020594	115.161951	-37.074300
	0.049433	-181.832669	115.161951	-37.074300
	0.049442	-182.023304	115.161951	-37.074300
	0.049452	-182.056459	115.161951	-37.014700
	0.049461	-181.810153	115.161951	-36.955100
	0.049471	-180.364608	115.161951	-37.014700
	0.049480	-181.290935	115.161951	-37.014700
	0.049490	-180.556936	115.161951	-37.014700
	0.049499	-181.058986	115.161951	-37.014700
	0.049509	-181.398213	115.161951	-37.014700
	0.049518	-179.814620	115.161951	-37.014700
	0.049528	-181.111974	115.161951	-37.014700
	0.049537	-181.301855	115.161951	-36.955100
	0.049546	-180.898904	115.161951	-36.955100
	0.049556	-179.817102	115.161951	-37.014700
	0.049565	-180.726680	115.161951	-36.955100
	0.049575	-180.166194	115.161951	-36.955100
	0.049584	-180.390468	115.161951	-36.955100
	0.049594	-180.272988	115.161951	-36.955100
	0.049603	-180.192166	115.161951	-36.895500
	0.049613	-181.248629	115.161951	-36.895500
	0.049622	-181.592462	115.161951	-36.895500
	0.049632	-180.541522	115.161951	-36.895500
	0.049641	-180.903816	115.161951	-36.776300
	0.049651	-182.004982	115.161951	-36.776300
	0.049660	-180.436563	115.161951	-36.835900
	0.049670	-181.669292	115.161951	-36.716700
	0.049679	-181.687322	115.161951	-36.776300
	0.049689	-181.566416	115.161951	-36.716700
	0.049698	-181.100485	115.161951	-36.716700
	0.049707	-180.998358	115.161951	-36.776300
	0.049717	-180.760313	115.161951	-36.716700
	0.049726	-179.528693	115.161951	-36.716700
	0.049736	-181.031217	115.161951	-36.716700
	0.049745	-180.426003	115.161951	-36.716700
	0.049755	-181.721292	115.161951	-36.716700
	0.049764	-181.390094	115.161951	-36.716700
	0.049774	-181.207685	115.161951	-36.716700
	0.049783	-180.457651	115.161951	-36.776300
	0.049793	-180.897179	115.161951	-36.716700
	0.049802	-181.301847	115.161951	-36.657100
	0.049812	-180.545294	115.161951	-36.716700
	0.049821	-180.939285	115.161951	-36.716700
	0.049831	-181.854462	115.161951	-36.776300
	0.049840	-179.580659	115.161951	-36.776300
	0.049849	-180.942427	115.161951	-36.835900
	0.049859	-181.311129	115.161951	-36.776300
	0.049868	-181.975675	115.161951	-36.776300
	0.049878	-181.298303	115.161951	-36.716700
	0.049887	-181.692313	115.161951	-36.776300
	0.049897	-182.014321	115.161951	-36.835900
	0.049906	-180.994163	115.161951	-36.776300
	0.049916	-181.423779	115.161951	-36.776300
	0.049925	-181.220663	115.161951	-36.776300
	0.049935	-180.758658	115.161951	-36.776300
	0.049944	-181.279188	115.161951	-36.776300
	0.049954	-180.166878	115.161951	-36.776300
	0.049963	-179.954880	115.161951	-36.895500
	0.049973	-179.791360	115.161951	-36.835900
	0.049982	-180.451084	115.161951	-36.776300
	0.049991	-181.817777	115.161951	-36.776300
	0.050001	-180.393662	115.161951	-36.716700
	0.050010	-180.282238	115.161951	-36.716700
	0.050020	-181.068403	115.161951	-36.776300
	0.050029	-180.554522	115.161951	-36.776300
	0.050039	-181.199018	115.161951	-36.776300
	0.050048	-180.309537	115.161951	-36.835900
	0.050058	-181.092507	115.161951	-36.776300
	0.050067	-181.235054	115.161951	-36.776300
	0.050077	-180.296702	115.161951	-36.776300
	0.050086	-180.567807	115.161951	-36.776300
	0.050096	-180.383739	115.161951	-36.835900
	0.050105	-180.411725	115.161951	-36.835900
	0.050115	-180.793179	115.161951	-36.835900
	0.050124	-181.303524	115.161951	-36.895500
	0.050134	-181.254812	115.161951	-36.895500
	0.050143	-179.815141	115.161951	-36.895500
	0.050152	-181.026050	115.161951	-36.835900
	0.050162	-181.701126	115.161951	-36.776300
	0.050171	-180.948974	115.161951	-36.776300
	0.050181	-180.272322	115.161951	-36.835900
	0.050190	-181.619635	115.161951	-36.835900
	0.050200	-181.426576	115.161951	-36.835900
	0.050209	-181.198840	115.161951	-36.716700
	0.050219	-181.672654	115.161951	-36.776300
	0.050228	-181.381982	115.161951	-36.776300
	0.050238	-181.187071	115.161951	-36.776300
	0.050247	-181.311007	115.161951	-36.835900
	0.050257	-182.319793	115.161951	-36.835900
	0.050266	-182.229147	115.161951	-36.835900
	0.050276	-181.242065	115.161951	-36.895500
	0.050285	-181.590262	115.161951	-36.895500
	0.050294	-182.632666	115.161951	-36.835900
	0.050304	-181.237830	115.161951	-36.835900
	0.050313	-182.304538	115.161951	-36.835900
	0.050323	-182.274332	115.161951	-36.835900
	0.050332	-182.339465	115.161951	-36.835900
	0.050342	-181.186036	115.161951	-36.835900
	0.050351	-182.241151	115.161951	-36.835900
	0.050361	-180.926060	115.161951	-36.835900
	0.050370	-180.392454	115.161951	-36.835900
	0.050380	-180.547315	115.161951	-36.835900
	0.050389	-181.098607	115.161951	-36.776300
	0.050399	-181.070322	115.161951	-36.716700
	0.050408	-181.538757	115.161951	-36.657100
	0.050418	-180.274490	115.161951	-36.657100
	0.050427	-180.957004	115.161951	-36.657100
	0.050437	-180.925604	115.161951	-36.537900
	0.050446	-180.209316	115.161951	-36.478300
	0.050455	-180.789373	115.161951	-36.478300
	0.050465	-181.494252	115.161951	-36.537900
	0.050474	-181.922844	115.161951	-36.537900
	0.050484	-180.938392	115.161951	-36.478300
