	-0.071022	0.629218	115.161951	-19.669600
	-0.068270	0.866135	115.161951	-19.729300
	-0.065518	-0.540928	115.161951	-19.848500
	-0.062767	0.139098	115.161951	-20.086900
	-0.060015	-0.411598	115.161951	-20.146500
	-0.057264	-0.236935	115.161951	-20.384900
	-0.054512	0.132062	115.161951	-20.682900
	-0.051760	-0.866504	115.161951	-20.861700
	-0.049009	0.270590	115.161951	-21.219400
	-0.046257	0.280032	115.161951	-21.457800
	-0.043506	-0.263171	115.161951	-21.755800
	-0.040754	-0.776981	115.161951	-22.053800
	-0.038002	-0.834806	115.161951	-22.351900
	-0.035251	-0.884301	115.161951	-22.709500
	-0.032499	-1.276816	115.161951	-23.067100
	-0.029748	-1.732894	115.161951	-23.424700
	-0.026996	-2.579158	115.161951	-24.080400
	-0.024245	-1.595122	115.161951	-24.378400
	-0.021493	-2.689949	115.161951	-24.736000
	-0.018741	-2.406440	115.161951	-25.332100
	-0.015990	-4.184724	115.161951	-25.928100
	-0.013238	-2.102792	115.161951	-26.405000
	-0.010487	-3.741807	115.161951	-27.179800
	-0.007735	-4.750739	115.161951	-27.716300
	-0.004984	-4.652244	115.161951	-28.670000
	-0.002232	-4.323548	115.161951	-29.325600
	0.000520	-5.401723	115.161951	-30.100500
	0.003271	-5.303275	115.161951	-30.994600
	0.006023	-4.804153	115.161951	-32.246300
	0.008774	-6.296687	115.161951	-33.140400
	0.011526	-5.731443	115.161951	-34.630500
	0.014278	-7.058377	115.161951	-36.180300
	0.017029	-8.076795	115.161951	-37.670400
	0.019781	-8.912210	115.161951	-39.756500
	0.022532	-8.830330	115.161951	-41.961900
	0.025284	-10.501083	115.161951	-45.001700
	0.028036	-10.598015	115.161951	-47.564700
	0.030787	-13.372646	115.161951	-51.200600
	0.033539	-14.739705	115.161951	-56.505400
	0.036290	-17.020140	115.161951	-63.062200
	0.036290	-20.505513	115.161951	-67.770900
	0.036300	-19.532574	115.161951	-69.439900
	0.036309	-20.534406	115.161951	-69.797500
	0.036319	-20.040143	115.161951	-69.857100
	0.036328	-21.264515	115.161951	-69.916700
	0.036338	-20.570624	115.161951	-69.976300
	0.036347	-20.535732	115.161951	-69.976300
	0.036357	-19.119175	115.161951	-69.976300
	0.036366	-20.419385	115.161951	-69.976300
	0.036376	-20.465433	115.161951	-69.976300
	0.036385	-19.875386	115.161951	-70.035900
	0.036394	-21.096143	115.161951	-70.095500
	0.036404	-21.091884	115.161951	-70.155100
	0.036413	-20.236142	115.161951	-70.155100
	0.036423	-20.222883	115.161951	-70.155100
	0.036432	-20.268343	115.161951	-70.155100
	0.036442	-21.163482	115.161951	-70.155100
	0.036451	-20.128528	115.161951	-70.155100
	0.036461	-20.577162	115.161951	-70.155100
	0.036470	-20.537857	115.161951	-70.155100
	0.036480	-20.890711	115.161951	-70.095500
	0.036489	-19.134864	115.161951	-70.155100
	0.036499	-20.079584	115.161951	-70.155100
	0.036508	-21.424657	115.161951	-70.155100
	0.036518	-20.498527	115.161951	-70.155100
	0.036527	-19.603353	115.161951	-70.095500
	0.036537	-19.816849	115.161951	-70.214700
	0.036546	-20.995600	115.161951	-70.274300
	0.036555	-19.812240	115.161951	-70.274300
	0.036565	-19.959099	115.161951	-70.274300
	0.036574	-20.946829	115.161951	-70.274300
	0.036584	-21.432599	115.161951	-70.214700
	0.036593	-19.841207	115.161951	-70.274300
	0.036603	-21.404450	115.161951	-70.274300
	0.036612	-21.357556	115.161951	-70.333900
	0.036622	-20.957160	115.161951	-70.393600
	0.036631	-21.397983	115.161951	-70.393600
	0.036641	-21.086129	115.161951	-70.453200
	0.036650	-21.011267	115.161951	-70.453200
	0.036660	-21.485219	115.161951	-70.453200
	0.036669	-21.238447	115.161951	-70.333900
	0.036679	-21.409708	115.161951	-70.453200
	0.036688	-20.665052	115.161951	-70.453200
	0.036697	-21.602935	115.161951	-70.572400
	0.036707	-22.386216	115.161951	-70.572400
	0.036716	-22.370859	115.161951	-70.572400
	0.036726	-20.993687	115.161951	-70.512800
	0.036735	-20.887345	115.161951	-70.572400
	0.036745	-21.574548	115.161951	-70.632000
	0.036754	-22.109792	115.161951	-70.572400
	0.036764	-21.057651	115.161951	-70.572400
	0.036773	-21.143183	115.161951	-70.572400
	0.036783	-21.515907	115.161951	-70.632000
	0.036792	-22.371941	115.161951	-70.632000
	0.036802	-22.257626	115.161951	-70.572400
	0.036811	-22.224928	115.161951	-70.572400
	0.036821	-23.018126	115.161951	-70.572400
	0.036830	-21.409607	115.161951	-70.632000
	0.036840	-21.559535	115.161951	-70.691600
	0.036849	-22.778619	115.161951	-70.632000
	0.036858	-22.226298	115.161951	-70.632000
	0.036868	-22.373930	115.161951	-70.632000
	0.036877	-21.969083	115.161951	-70.632000
	0.036887	-21.914398	115.161951	-70.632000
	0.036896	-22.420459	115.161951	-70.632000
	0.036906	-20.887589	115.161951	-70.691600
	0.036915	-22.092206	115.161951	-70.691600
	0.036925	-21.926090	115.161951	-70.751200
	0.036934	-22.624064	115.161951	-70.810800
	0.036944	-23.010880	115.161951	-70.810800
	0.036953	-21.586330	115.161951	-70.751200
	0.036963	-22.703242	115.161951	-70.691600
	0.036972	-21.893479	115.161951	-70.751200
	0.036982	-23.203767	115.161951	-70.751200
	0.036991	-22.145012	115.161951	-70.810800
	0.037000	-22.321199	115.161951	-70.810800
	0.037010	-21.473671	115.161951	-70.870400
	0.037019	-21.449421	115.161951	-70.870400
	0.037029	-23.423135	115.161951	-70.870400
	0.037038	-21.914095	115.161951	-70.870400
	0.037048	-22.616317	115.161951	-70.870400
	0.037057	-22.452810	115.161951	-70.870400
	0.037067	-21.754233	115.161951	-70.870400
	0.037076	-22.424695	115.161951	-70.870400
	0.037086	-20.927456	115.161951	-70.930000
	0.037095	-21.770398	115.161951	-70.989600
	0.037105	-22.405859	115.161951	-70.870400
	0.037114	-21.442973	115.161951	-70.870400
	0.037124	-21.012147	115.161951	-70.870400
	0.037133	-20.227734	115.161951	-70.930000
	0.037143	-20.504778	115.161951	-70.930000
	0.037152	-21.478043	115.161951	-71.049200
	0.037161	-20.098455	115.161951	-71.049200
	0.037171	-19.913323	115.161951	-71.049200
	0.037180	-19.447732	115.161951	-71.108800
	0.037190	-20.770324	115.161951	-71.108800
	0.037199	-19.864077	115.161951	-71.168400
	0.037209	-21.139640	115.161951	-71.168400
	0.037218	-20.530610	115.161951	-71.168400
	0.037228	-21.613330	115.161951	-71.168400
	0.037237	-21.523137	115.161951	-71.228000
	0.037247	-21.168594	115.161951	-71.228000
	0.037256	-21.421843	115.161951	-71.228000
	0.037266	-22.250615	115.161951	-71.228000
	0.037275	-21.441420	115.161951	-71.287600
	0.037285	-21.986252	115.161951	-71.347200
	0.037294	-21.365469	115.161951	-71.347200
	0.037303	-21.899272	115.161951	-71.347200
	0.037313	-21.321606	115.161951	-71.347200
	0.037322	-21.698029	115.161951	-71.406800
	0.037332	-20.544096	115.161951	-71.406800
	0.037341	-21.108040	115.161951	-71.406800
	0.037351	-21.198333	115.161951	-71.466400
	0.037360	-21.280451	115.161951	-71.466400
	0.037370	-21.627267	115.161951	-71.466400
	0.037379	-21.871014	115.161951	-71.466400
	0.037389	-20.669550	115.161951	-71.585600
	0.037398	-21.896614	115.161951	-71.585600
	0.037408	-22.202127	115.161951	-71.645200
	0.037417	-21.020481	115.161951	-71.645200
	0.037427	-21.863149	115.161951	-71.645200
	0.037436	-21.126768	115.161951	-71.704900
	0.037446	-20.927621	115.161951	-71.764500
	0.037455	-21.724479	115.161951	-71.764500
	0.037464	-21.252583	115.161951	-71.764500
	0.037474	-22.765308	115.161951	-71.764500
	0.037483	-22.427326	115.161951	-71.883700
	0.037493	-21.544024	115.161951	-71.883700
	0.037502	-21.746190	115.161951	-71.883700
	0.037512	-20.854397	115.161951	-71.883700
	0.037521	-22.003551	115.161951	-71.883700
	0.037531	-21.785204	115.161951	-71.883700
	0.037540	-22.199044	115.161951	-71.883700
	0.037550	-22.041624	115.161951	-71.943300
	0.037559	-21.876223	115.161951	-71.943300
	0.037569	-22.002871	115.161951	-71.943300
	0.037578	-21.797387	115.161951	-71.943300
	0.037588	-22.606049	115.161951	-72.002900
	0.037597	-22.141411	115.161951	-72.002900
	0.037606	-21.529131	115.161951	-72.002900
	0.037616	-22.662809	115.161951	-72.062500
	0.037625	-22.748466	115.161951	-72.181700
	0.037635	-23.056753	115.161951	-72.181700
	0.037644	-22.634993	115.161951	-72.181700
	0.037654	-23.006081	115.161951	-72.241300
	0.037663	-23.455262	115.161951	-72.241300
	0.037673	-22.170806	115.161951	-72.241300
	0.037682	-22.378444	115.161951	-72.241300
	0.037692	-23.512107	115.161951	-72.300900
	0.037701	-22.910695	115.161951	-72.360500
	0.037711	-21.660437	115.161951	-72.300900
	0.037720	-22.386403	115.161951	-72.360500
	0.037730	-22.311050	115.161951	-72.420100
	0.037739	-21.368700	115.161951	-72.479700
	0.037748	-21.649612	115.161951	-72.479700
	0.037758	-22.521720	115.161951	-72.420100
	0.037767	-21.625142	115.161951	-72.420100
	0.037777	-22.901428	115.161951	-72.360500
	0.037786	-21.178238	115.161951	-72.420100
	0.037796	-21.217641	115.161951	-72.479700
	0.037805	-22.275281	115.161951	-72.479700
	0.037815	-22.386580	115.161951	-72.539300
	0.037824	-21.116299	115.161951	-72.479700
	0.037834	-21.752850	115.161951	-72.539300
	0.037843	-21.620232	115.161951	-72.598900
	0.037853	-21.493984	115.161951	-72.598900
	0.037862	-21.818732	115.161951	-72.598900
	0.037872	-22.741914	115.161951	-72.539300
	0.037881	-21.821920	115.161951	-72.598900
	0.037891	-22.287700	115.161951	-72.598900
	0.037900	-22.412774	115.161951	-72.598900
	0.037909	-21.175045	115.161951	-72.598900
	0.037919	-22.067479	115.161951	-72.598900
	0.037928	-22.536285	115.161951	-72.658500
	0.037938	-21.856425	115.161951	-72.718100
	0.037947	-22.056442	115.161951	-72.777700
	0.037957	-21.796600	115.161951	-72.777700
	0.037966	-22.646496	115.161951	-72.777700
	0.037976	-22.395973	115.161951	-72.777700
	0.037985	-23.071657	115.161951	-72.837300
	0.037995	-22.217822	115.161951	-72.837300
	0.038004	-22.902987	115.161951	-72.896900
	0.038014	-21.489044	115.161951	-72.896900
	0.038023	-22.679406	115.161951	-72.837300
	0.038033	-22.345718	115.161951	-72.837300
	0.038042	-21.549044	115.161951	-72.896900
	0.038051	-22.808851	115.161951	-72.896900
	0.038061	-22.694196	115.161951	-72.896900
	0.038070	-21.790968	115.161951	-72.896900
	0.038080	-22.026620	115.161951	-72.956600
	0.038089	-22.096974	115.161951	-72.956600
	0.038099	-22.876042	115.161951	-72.896900
	0.038108	-23.101323	115.161951	-72.896900
	0.038118	-23.657063	115.161951	-72.956600
	0.038127	-22.169145	115.161951	-72.956600
	0.038137	-22.664011	115.161951	-73.016200
	0.038146	-21.874590	115.161951	-73.075800
	0.038156	-22.578311	115.161951	-73.075800
	0.038165	-22.258569	115.161951	-73.075800
	0.038175	-22.586135	115.161951	-73.016200
	0.038184	-22.497504	115.161951	-73.075800
	0.038194	-22.991555	115.161951	-73.075800
	0.038203	-21.635746	115.161951	-73.075800
	0.038212	-23.349378	115.161951	-73.016200
	0.038222	-22.177785	115.161951	-73.075800
	0.038231	-22.310889	115.161951	-73.135400
	0.038241	-21.920651	115.161951	-73.135400
	0.038250	-22.111747	115.161951	-73.135400
	0.038260	-22.113342	115.161951	-73.195000
	0.038269	-22.617812	115.161951	-73.195000
	0.038279	-22.580919	115.161951	-73.195000
	0.038288	-21.683583	115.161951	-73.254600
	0.038298	-22.271944	115.161951	-73.254600
	0.038307	-23.031117	115.161951	-73.314200
	0.038317	-22.103363	115.161951	-73.314200
	0.038326	-21.482487	115.161951	-73.314200
	0.038336	-22.698545	115.161951	-73.314200
	0.038345	-22.323259	115.161951	-73.373800
	0.038354	-22.455262	115.161951	-73.314200
	0.038364	-21.580214	115.161951	-73.314200
	0.038373	-22.391822	115.161951	-73.314200
	0.038383	-22.406978	115.161951	-73.314200
	0.038392	-22.346149	115.161951	-73.373800
	0.038402	-23.099273	115.161951	-73.373800
	0.038411	-22.103031	115.161951	-73.373800
	0.038421	-21.923236	115.161951	-73.433400
	0.038430	-22.298764	115.161951	-73.433400
	0.038440	-23.347145	115.161951	-73.493000
	0.038449	-22.231670	115.161951	-73.552600
	0.038459	-22.918969	115.161951	-73.493000
	0.038468	-23.327180	115.161951	-73.552600
	0.038478	-22.763531	115.161951	-73.612200
	0.038487	-21.798306	115.161951	-73.552600
	0.038497	-21.970723	115.161951	-73.552600
	0.038506	-22.564273	115.161951	-73.612200
	0.038515	-22.689238	115.161951	-73.612200
	0.038525	-22.467955	115.161951	-73.612200
	0.038534	-22.300473	115.161951	-73.612200
	0.038544	-22.049438	115.161951	-73.671800
	0.038553	-23.708566	115.161951	-73.671800
	0.038563	-23.134166	115.161951	-73.731400
	0.038572	-21.924545	115.161951	-73.731400
	0.038582	-23.065204	115.161951	-73.731400
	0.038591	-22.813673	115.161951	-73.791000
	0.038601	-23.344411	115.161951	-73.910200
	0.038610	-22.870307	115.161951	-73.910200
	0.038620	-23.518623	115.161951	-73.850600
	0.038629	-23.605261	115.161951	-73.850600
	0.038639	-22.814151	115.161951	-73.910200
	0.038648	-22.955255	115.161951	-73.969800
	0.038657	-22.730946	115.161951	-73.969800
	0.038667	-23.042960	115.161951	-73.969800
	0.038676	-22.614486	115.161951	-73.969800
	0.038686	-22.633506	115.161951	-73.969800
	0.038695	-22.890538	115.161951	-74.029400
	0.038705	-23.430238	115.161951	-74.029400
	0.038714	-22.815497	115.161951	-74.148600
	0.038724	-23.913419	115.161951	-74.148600
	0.038733	-23.474913	115.161951	-74.208200
	0.038743	-23.144642	115.161951	-74.208200
	0.038752	-23.282821	115.161951	-74.267900
	0.038762	-23.295029	115.161951	-74.327500
	0.038771	-23.473482	115.161951	-74.267900
	0.038781	-22.838222	115.161951	-74.327500
	0.038790	-22.784733	115.161951	-74.387100
	0.038800	-23.372108	115.161951	-74.387100
	0.038809	-22.506743	115.161951	-74.387100
	0.038818	-23.486987	115.161951	-74.446700
	0.038828	-23.972327	115.161951	-74.446700
	0.038837	-21.682066	115.161951	-74.446700
	0.038847	-23.136327	115.161951	-74.506300
	0.038856	-22.572631	115.161951	-74.506300
	0.038866	-21.889222	115.161951	-74.565900
	0.038875	-23.163931	115.161951	-74.565900
	0.038885	-22.359809	115.161951	-74.625500
	0.038894	-22.560418	115.161951	-74.565900
	0.038904	-23.017951	115.161951	-74.565900
	0.038913	-23.128451	115.161951	-74.625500
	0.038923	-22.833386	115.161951	-74.625500
	0.038932	-23.035036	115.161951	-74.685100
	0.038942	-24.636585	115.161951	-74.685100
	0.038951	-24.220310	115.161951	-74.685100
	0.038960	-24.011387	115.161951	-74.744700
	0.038970	-23.672595	115.161951	-74.804300
	0.038979	-24.188747	115.161951	-74.804300
	0.038989	-23.502197	115.161951	-74.804300
	0.038998	-23.824158	115.161951	-74.804300
	0.039008	-23.569752	115.161951	-74.804300
	0.039017	-23.066216	115.161951	-74.804300
	0.039027	-24.014910	115.161951	-74.804300
	0.039036	-24.606116	115.161951	-74.863900
	0.039046	-24.053868	115.161951	-74.923500
	0.039055	-24.159797	115.161951	-74.923500
	0.039065	-24.258324	115.161951	-74.923500
	0.039074	-23.674649	115.161951	-74.923500
	0.039084	-24.360773	115.161951	-74.923500
	0.039093	-23.796669	115.161951	-74.983100
	0.039103	-24.574664	115.161951	-74.983100
	0.039112	-24.162909	115.161951	-74.983100
	0.039121	-23.939100	115.161951	-75.042700
	0.039131	-24.050729	115.161951	-75.042700
	0.039140	-23.181864	115.161951	-75.102300
	0.039150	-22.988197	115.161951	-75.161900
	0.039159	-23.308434	115.161951	-75.161900
	0.039169	-22.971851	115.161951	-75.221500
	0.039178	-23.220182	115.161951	-75.221500
	0.039188	-22.739226	115.161951	-75.281100
	0.039197	-23.158402	115.161951	-75.340700
	0.039207	-23.264190	115.161951	-75.281100
	0.039216	-23.300314	115.161951	-75.281100
	0.039226	-23.090838	115.161951	-75.340700
	0.039235	-22.861188	115.161951	-75.400300
	0.039245	-22.637520	115.161951	-75.400300
	0.039254	-22.953790	115.161951	-75.519600
	0.039263	-21.241960	115.161951	-75.519600
	0.039273	-22.458005	115.161951	-75.519600
	0.039282	-22.544271	115.161951	-75.519600
	0.039292	-22.438070	115.161951	-75.579200
	0.039301	-21.520649	115.161951	-75.579200
	0.039311	-22.163694	115.161951	-75.579200
	0.039320	-22.599501	115.161951	-75.579200
	0.039330	-22.417765	115.161951	-75.579200
	0.039339	-22.846947	115.161951	-75.698400
	0.039349	-22.765601	115.161951	-75.817600
	0.039358	-23.812076	115.161951	-75.817600
	0.039368	-24.519559	115.161951	-75.817600
	0.039377	-24.423114	115.161951	-75.877200
	0.039387	-24.634976	115.161951	-75.877200
	0.039396	-23.879710	115.161951	-75.936800
	0.039406	-24.279060	115.161951	-75.996400
	0.039415	-24.608683	115.161951	-76.056000
	0.039424	-23.776066	115.161951	-76.056000
	0.039434	-23.411039	115.161951	-76.056000
	0.039443	-25.268132	115.161951	-76.115600
	0.039453	-23.754943	115.161951	-76.115600
	0.039462	-24.150232	115.161951	-76.175200
	0.039472	-23.999881	115.161951	-76.175200
	0.039481	-23.727645	115.161951	-76.175200
	0.039491	-24.171450	115.161951	-76.294400
	0.039500	-24.310821	115.161951	-76.354000
	0.039510	-24.077081	115.161951	-76.354000
	0.039519	-22.843266	115.161951	-76.294400
	0.039529	-24.690214	115.161951	-76.354000
	0.039538	-24.016162	115.161951	-76.354000
	0.039548	-24.226498	115.161951	-76.413600
	0.039557	-24.330535	115.161951	-76.473200
	0.039566	-23.825351	115.161951	-76.532800
	0.039576	-23.197597	115.161951	-76.532800
	0.039585	-24.543063	115.161951	-76.532800
	0.039595	-24.485190	115.161951	-76.592400
	0.039604	-23.470473	115.161951	-76.652000
	0.039614	-24.084693	115.161951	-76.711600
	0.039623	-24.733437	115.161951	-76.711600
	0.039633	-24.427139	115.161951	-76.711600
	0.039642	-24.474868	115.161951	-76.771200
	0.039652	-24.737427	115.161951	-76.830900
	0.039661	-25.689993	115.161951	-76.771200
	0.039671	-24.901681	115.161951	-76.771200
	0.039680	-24.692630	115.161951	-76.771200
	0.039690	-24.926186	115.161951	-76.771200
	0.039699	-24.495364	115.161951	-76.830900
	0.039709	-25.314828	115.161951	-76.830900
	0.039718	-25.283416	115.161951	-76.830900
	0.039727	-24.311801	115.161951	-76.950100
	0.039737	-24.028364	115.161951	-77.009700
	0.039746	-24.484173	115.161951	-77.009700
	0.039756	-25.308799	115.161951	-77.009700
	0.039765	-24.155606	115.161951	-77.069300
	0.039775	-24.019512	115.161951	-77.069300
	0.039784	-25.220352	115.161951	-77.069300
	0.039794	-24.689881	115.161951	-77.009700
	0.039803	-24.277224	115.161951	-77.009700
	0.039813	-24.914067	115.161951	-77.069300
	0.039822	-24.938972	115.161951	-77.069300
	0.039832	-24.126413	115.161951	-77.009700
	0.039841	-24.583849	115.161951	-77.069300
	0.039851	-25.565249	115.161951	-77.128900
	0.039860	-24.520312	115.161951	-77.128900
	0.039869	-23.870737	115.161951	-77.188500
	0.039879	-23.872751	115.161951	-77.248100
	0.039888	-24.200946	115.161951	-77.367300
	0.039898	-24.624337	115.161951	-77.486500
	0.039907	-24.918891	115.161951	-77.546100
	0.039917	-24.954797	115.161951	-77.605700
	0.039926	-24.708469	115.161951	-77.605700
	0.039936	-24.029283	115.161951	-77.665300
	0.039945	-24.702624	115.161951	-77.665300
	0.039955	-23.318581	115.161951	-77.605700
	0.039964	-23.492802	115.161951	-77.605700
	0.039974	-24.709209	115.161951	-77.605700
	0.039983	-23.233527	115.161951	-77.665300
	0.039993	-24.348551	115.161951	-77.784500
	0.040002	-24.415865	115.161951	-77.784500
	0.040012	-23.323639	115.161951	-77.784500
	0.040021	-24.701504	115.161951	-77.724900
	0.040030	-23.906803	115.161951	-77.665300
	0.040040	-24.721655	115.161951	-77.665300
	0.040049	-23.477976	115.161951	-77.665300
	0.040059	-24.235247	115.161951	-77.665300
	0.040068	-24.779028	115.161951	-77.665300
	0.040078	-25.161242	115.161951	-77.665300
	0.040087	-24.812051	115.161951	-77.665300
	0.040097	-25.010689	115.161951	-77.665300
	0.040106	-24.080301	115.161951	-77.665300
	0.040116	-23.973025	115.161951	-77.784500
	0.040125	-24.288375	115.161951	-77.844100
	0.040135	-24.415678	115.161951	-77.903700
	0.040144	-24.927867	115.161951	-77.844100
	0.040154	-24.070158	115.161951	-77.844100
	0.040163	-25.023669	115.161951	-77.844100
	0.040172	-23.857209	115.161951	-77.844100
	0.040182	-24.800244	115.161951	-77.903700
	0.040191	-24.850061	115.161951	-77.903700
	0.040201	-23.747030	115.161951	-77.963300
	0.040210	-24.114203	115.161951	-77.963300
	0.040220	-23.664670	115.161951	-78.022900
	0.040229	-24.366584	115.161951	-78.082600
	0.040239	-24.008498	115.161951	-78.142200
	0.040248	-23.502982	115.161951	-78.142200
	0.040258	-23.554279	115.161951	-78.201800
	0.040267	-23.446198	115.161951	-78.201800
	0.040277	-24.069709	115.161951	-78.201800
	0.040286	-22.669973	115.161951	-78.261400
	0.040296	-22.299099	115.161951	-78.261400
	0.040305	-23.241156	115.161951	-78.261400
	0.040315	-23.638552	115.161951	-78.261400
	0.040324	-23.750838	115.161951	-78.380600
	0.040333	-24.503832	115.161951	-78.380600
	0.040343	-24.292437	115.161951	-78.499800
	0.040352	-22.890535	115.161951	-78.619000
	0.040362	-24.234217	115.161951	-78.619000
	0.040371	-23.339582	115.161951	-78.678600
	0.040381	-24.731320	115.161951	-78.678600
	0.040390	-22.980283	115.161951	-78.678600
	0.040400	-23.765338	115.161951	-78.678600
	0.040409	-24.296926	115.161951	-78.619000
	0.040419	-24.443906	115.161951	-78.499800
	0.040428	-23.776158	115.161951	-78.499800
	0.040438	-24.782927	115.161951	-78.559400
	0.040447	-23.944024	115.161951	-78.499800
	0.040457	-25.546320	115.161951	-78.499800
	0.040466	-26.194423	115.161951	-78.678600
	0.040475	-25.737701	115.161951	-78.738200
	0.040485	-25.356551	115.161951	-78.738200
	0.040494	-24.060384	115.161951	-78.738200
	0.040504	-25.078756	115.161951	-78.738200
	0.040513	-25.291292	115.161951	-78.797800
	0.040523	-26.091587	115.161951	-78.797800
	0.040532	-26.854143	115.161951	-78.797800
	0.040542	-27.162936	115.161951	-78.857400
	0.040551	-25.803691	115.161951	-78.917000
	0.040561	-26.355016	115.161951	-78.917000
	0.040570	-26.318727	115.161951	-78.917000
	0.040580	-27.961759	115.161951	-78.917000
	0.040589	-26.386209	115.161951	-78.917000
	0.040599	-26.106377	115.161951	-78.976600
	0.040608	-26.445759	115.161951	-79.036200
	0.040618	-26.317781	115.161951	-78.976600
	0.040627	-25.752194	115.161951	-79.036200
	0.040636	-26.402791	115.161951	-79.036200
	0.040646	-26.213176	115.161951	-79.036200
	0.040655	-25.328098	115.161951	-79.095800
	0.040665	-26.365228	115.161951	-79.155400
	0.040674	-28.325847	115.161951	-79.215000
	0.040684	-26.804209	115.161951	-79.215000
	0.040693	-27.023121	115.161951	-79.215000
	0.040703	-26.921667	115.161951	-79.274600
	0.040712	-27.235677	115.161951	-79.334200
	0.040722	-26.362165	115.161951	-79.393900
	0.040731	-27.571644	115.161951	-79.393900
	0.040741	-26.786904	115.161951	-79.393900
	0.040750	-26.045848	115.161951	-79.453500
	0.040760	-27.255473	115.161951	-79.453500
	0.040769	-27.061986	115.161951	-79.453500
	0.040778	-26.366496	115.161951	-79.453500
	0.040788	-27.238191	115.161951	-79.513100
	0.040797	-26.727293	115.161951	-79.572700
	0.040807	-25.950086	115.161951	-79.632300
	0.040816	-25.316962	115.161951	-79.632300
	0.040826	-26.326515	115.161951	-79.632300
	0.040835	-27.080355	115.161951	-79.632300
	0.040845	-26.150828	115.161951	-79.632300
	0.040854	-25.897155	115.161951	-79.691900
	0.040864	-26.210158	115.161951	-79.632300
	0.040873	-26.257485	115.161951	-79.691900
	0.040883	-25.894190	115.161951	-79.751500
	0.040892	-26.509667	115.161951	-79.751500
	0.040902	-26.999958	115.161951	-79.811100
	0.040911	-26.810158	115.161951	-79.811100
	0.040921	-26.631093	115.161951	-79.811100
	0.040930	-26.964025	115.161951	-79.811100
	0.040939	-26.978958	115.161951	-79.811100
	0.040949	-27.989175	115.161951	-79.870700
	0.040958	-27.119901	115.161951	-79.870700
	0.040968	-27.266986	115.161951	-79.930300
	0.040977	-27.174333	115.161951	-79.989900
	0.040987	-27.627828	115.161951	-80.049500
	0.040996	-26.968676	115.161951	-80.168700
	0.041006	-27.969551	115.161951	-80.168700
	0.041015	-27.560390	115.161951	-80.168700
	0.041025	-27.153869	115.161951	-80.228300
	0.041034	-26.802052	115.161951	-80.228300
	0.041044	-25.891396	115.161951	-80.168700
	0.041053	-27.146562	115.161951	-80.109100
	0.041063	-27.007965	115.161951	-80.109100
	0.041072	-26.025711	115.161951	-80.168700
	0.041081	-26.566121	115.161951	-80.168700
	0.041091	-27.065906	115.161951	-80.168700
	0.041100	-26.526587	115.161951	-80.109100
	0.041110	-26.770095	115.161951	-80.109100
	0.041119	-28.285954	115.161951	-80.109100
	0.041129	-26.648792	115.161951	-80.109100
	0.041138	-26.724472	115.161951	-80.109100
	0.041148	-27.788164	115.161951	-80.168700
	0.041157	-27.764992	115.161951	-80.168700
	0.041167	-27.519816	115.161951	-80.168700
	0.041176	-28.385502	115.161951	-80.228300
	0.041186	-27.655143	115.161951	-80.287900
	0.041195	-27.994220	115.161951	-80.347500
	0.041205	-26.515918	115.161951	-80.347500
	0.041214	-27.786523	115.161951	-80.407100
	0.041224	-29.020037	115.161951	-80.347500
	0.041233	-28.108375	115.161951	-80.407100
	0.041242	-28.082407	115.161951	-80.466700
	0.041252	-28.196625	115.161951	-80.466700
	0.041261	-27.590763	115.161951	-80.585900
	0.041271	-28.301011	115.161951	-80.585900
	0.041280	-27.942885	115.161951	-80.645600
	0.041290	-28.307725	115.161951	-80.705200
	0.041299	-28.992319	115.161951	-80.764800
	0.041309	-28.930463	115.161951	-80.764800
	0.041318	-28.154108	115.161951	-80.705200
	0.041328	-28.501203	115.161951	-80.764800
	0.041337	-28.229565	115.161951	-80.764800
	0.041347	-27.257074	115.161951	-80.764800
	0.041356	-27.649110	115.161951	-80.764800
	0.041366	-28.048979	115.161951	-80.764800
	0.041375	-28.641675	115.161951	-80.884000
	0.041384	-27.606458	115.161951	-80.884000
	0.041394	-28.244608	115.161951	-80.884000
	0.041403	-27.436661	115.161951	-80.943600
	0.041413	-28.571382	115.161951	-81.003200
	0.041422	-28.597848	115.161951	-81.003200
	0.041432	-28.655745	115.161951	-81.003200
	0.041441	-28.644056	115.161951	-81.062800
	0.041451	-29.079738	115.161951	-81.062800
	0.041460	-28.867487	115.161951	-81.122400
	0.041470	-27.900870	115.161951	-81.182000
	0.041479	-30.358385	115.161951	-81.122400
	0.041489	-28.884071	115.161951	-81.003200
	0.041498	-29.703827	115.161951	-80.943600
	0.041508	-28.961983	115.161951	-80.943600
	0.041517	-29.455075	115.161951	-80.943600
	0.041527	-29.753409	115.161951	-80.943600
	0.041536	-29.057613	115.161951	-81.062800
	0.041545	-28.758945	115.161951	-81.003200
	0.041555	-30.823007	115.161951	-81.003200
	0.041564	-30.267565	115.161951	-81.003200
	0.041574	-29.154572	115.161951	-81.062800
	0.041583	-29.127285	115.161951	-81.122400
	0.041593	-30.653399	115.161951	-81.241600
	0.041602	-29.710793	115.161951	-81.241600
	0.041612	-29.146717	115.161951	-81.360800
	0.041621	-28.708840	115.161951	-81.420400
	0.041631	-29.874141	115.161951	-81.360800
	0.041640	-30.923083	115.161951	-81.360800
	0.041650	-30.876848	115.161951	-81.360800
	0.041659	-29.453708	115.161951	-81.420400
	0.041669	-29.876999	115.161951	-81.301200
	0.041678	-30.617715	115.161951	-81.301200
	0.041687	-31.634624	115.161951	-81.480000
	0.041697	-30.743731	115.161951	-81.480000
	0.041706	-31.189008	115.161951	-81.480000
	0.041716	-31.715322	115.161951	-81.480000
	0.041725	-30.689681	115.161951	-81.599200
	0.041735	-29.587592	115.161951	-81.599200
	0.041744	-31.314402	115.161951	-81.599200
	0.041754	-31.845367	115.161951	-81.718400
	0.041763	-31.137747	115.161951	-81.658800
	0.041773	-31.308220	115.161951	-81.658800
	0.041782	-31.564658	115.161951	-81.480000
	0.041792	-30.926357	115.161951	-81.182000
	0.041801	-32.620323	115.161951	-81.062800
	0.041811	-32.793726	115.161951	-81.062800
	0.041820	-30.948931	115.161951	-81.003200
	0.041829	-31.416068	115.161951	-80.943600
	0.041839	-31.652404	115.161951	-81.003200
	0.041848	-32.385239	115.161951	-81.062800
	0.041858	-31.541119	115.161951	-81.122400
	0.041867	-32.189126	115.161951	-81.182000
	0.041877	-31.891843	115.161951	-81.182000
	0.041886	-30.981125	115.161951	-81.241600
	0.041896	-31.360063	115.161951	-81.241600
	0.041905	-32.117167	115.161951	-81.182000
	0.041915	-31.566441	115.161951	-81.241600
	0.041924	-31.914481	115.161951	-81.241600
	0.041934	-31.303388	115.161951	-81.360800
	0.041943	-31.607527	115.161951	-81.360800
	0.041953	-31.157921	115.161951	-81.360800
	0.041962	-31.798155	115.161951	-81.360800
	0.041972	-31.205215	115.161951	-81.420400
	0.041981	-32.501750	115.161951	-81.182000
	0.041990	-31.698682	115.161951	-80.764800
	0.042000	-33.261118	115.161951	-80.645600
	0.042009	-33.367570	115.161951	-80.585900
	0.042019	-35.288618	115.161951	-79.274600
	0.042028	-37.339195	115.161951	-78.321000
	0.042038	-38.122413	115.161951	-77.963300
	0.042047	-39.477711	115.161951	-77.903700
	0.042057	-38.541911	115.161951	-77.903700
	0.042066	-38.274151	115.161951	-77.903700
	0.042076	-38.622452	115.161951	-77.903700
	0.042085	-38.466736	115.161951	-77.963300
	0.042095	-38.844177	115.161951	-78.022900
	0.042104	-39.116119	115.161951	-78.022900
	0.042114	-38.312409	115.161951	-78.082600
	0.042123	-38.964571	115.161951	-78.201800
	0.042132	-39.173567	115.161951	-78.261400
	0.042142	-39.896532	115.161951	-78.321000
	0.042151	-40.399196	115.161951	-78.321000
	0.042161	-39.834491	115.161951	-78.201800
	0.042170	-40.273795	115.161951	-78.201800
	0.042180	-39.905966	115.161951	-78.201800
	0.042189	-39.417668	115.161951	-78.201800
	0.042199	-39.748289	115.161951	-78.201800
	0.042208	-38.653801	115.161951	-78.142200
	0.042218	-39.222865	115.161951	-78.142200
	0.042227	-39.605144	115.161951	-78.201800
	0.042237	-40.600212	115.161951	-78.261400
	0.042246	-40.045949	115.161951	-78.380600
	0.042256	-39.032069	115.161951	-78.380600
	0.042265	-38.747231	115.161951	-78.380600
	0.042275	-38.754830	115.161951	-78.261400
	0.042284	-40.137210	115.161951	-77.307700
	0.042293	-41.243165	115.161951	-76.711600
	0.042303	-40.382920	115.161951	-76.473200
	0.042312	-40.285781	115.161951	-76.473200
	0.042322	-40.301558	115.161951	-76.532800
	0.042331	-40.920254	115.161951	-76.473200
	0.042341	-40.053031	115.161951	-76.532800
	0.042350	-38.739081	115.161951	-76.532800
	0.042360	-40.050247	115.161951	-76.532800
	0.042369	-40.330234	115.161951	-76.473200
	0.042379	-39.291232	115.161951	-76.473200
	0.042388	-40.090206	115.161951	-76.532800
	0.042398	-39.901083	115.161951	-76.652000
	0.042407	-41.766940	115.161951	-76.532800
	0.042417	-39.373245	115.161951	-76.592400
	0.042426	-40.368582	115.161951	-76.592400
	0.042435	-40.472466	115.161951	-76.652000
	0.042445	-39.674294	115.161951	-76.711600
	0.042454	-40.761874	115.161951	-76.771200
	0.042464	-40.172200	115.161951	-76.771200
	0.042473	-40.295419	115.161951	-76.711600
	0.042483	-39.833569	115.161951	-76.711600
	0.042492	-41.014072	115.161951	-76.711600
	0.042502	-40.081626	115.161951	-76.771200
	0.042511	-41.043555	115.161951	-76.771200
	0.042521	-41.621644	115.161951	-76.711600
	0.042530	-40.637530	115.161951	-76.711600
	0.042540	-41.721720	115.161951	-76.771200
	0.042549	-40.992596	115.161951	-76.830900
	0.042559	-40.999260	115.161951	-76.950100
	0.042568	-39.436182	115.161951	-76.950100
	0.042578	-41.634642	115.161951	-76.950100
	0.042587	-40.767600	115.161951	-77.009700
	0.042596	-40.989361	115.161951	-77.009700
	0.042606	-41.001020	115.161951	-77.009700
	0.042615	-41.327435	115.161951	-77.009700
	0.042625	-41.920556	115.161951	-77.009700
	0.042634	-41.942863	115.161951	-77.009700
	0.042644	-42.231945	115.161951	-76.890500
	0.042653	-41.961060	115.161951	-76.890500
	0.042663	-42.669976	115.161951	-76.950100
	0.042672	-41.428229	115.161951	-76.950100
	0.042682	-43.783034	115.161951	-76.950100
	0.042691	-42.305250	115.161951	-77.069300
	0.042701	-42.632637	115.161951	-77.069300
	0.042710	-42.786524	115.161951	-77.069300
	0.042720	-43.261011	115.161951	-77.069300
	0.042729	-42.806412	115.161951	-77.069300
	0.042738	-42.043427	115.161951	-77.009700
	0.042748	-42.610352	115.161951	-77.069300
	0.042757	-42.733091	115.161951	-77.069300
	0.042767	-42.156710	115.161951	-77.069300
	0.042776	-41.978981	115.161951	-77.069300
	0.042786	-41.214179	115.161951	-77.128900
	0.042795	-42.794529	115.161951	-77.069300
	0.042805	-41.523323	115.161951	-77.069300
	0.042814	-41.938566	115.161951	-77.128900
	0.042824	-41.819043	115.161951	-77.128900
	0.042833	-42.121106	115.161951	-77.128900
	0.042843	-42.625746	115.161951	-77.248100
	0.042852	-41.480474	115.161951	-77.307700
	0.042862	-42.294824	115.161951	-77.307700
	0.042871	-42.003480	115.161951	-77.248100
	0.042881	-40.927873	115.161951	-77.248100
	0.042890	-41.949018	115.161951	-77.248100
	0.042899	-42.417779	115.161951	-77.248100
	0.042909	-42.163904	115.161951	-77.307700
	0.042918	-41.751365	115.161951	-77.367300
	0.042928	-42.502219	115.161951	-77.426900
	0.042937	-41.842029	115.161951	-77.486500
	0.042947	-41.285230	115.161951	-77.486500
	0.042956	-41.288765	115.161951	-77.546100
	0.042966	-41.457469	115.161951	-77.546100
	0.042975	-40.969482	115.161951	-77.486500
	0.042985	-41.644079	115.161951	-77.486500
	0.042994	-41.037280	115.161951	-77.486500
	0.043004	-42.697329	115.161951	-77.367300
	0.043013	-47.160483	115.161951	-73.612200
	0.043023	-50.768841	115.161951	-71.168400
	0.043032	-50.527803	115.161951	-70.333900
	0.043041	-50.080742	115.161951	-70.274300
	0.043051	-50.310350	115.161951	-70.274300
	0.043060	-50.330408	115.161951	-70.214700
	0.043070	-50.212241	115.161951	-70.155100
	0.043079	-50.617571	115.161951	-70.035900
	0.043089	-51.503726	115.161951	-70.155100
	0.043098	-50.116173	115.161951	-70.155100
	0.043108	-51.740531	115.161951	-70.214700
	0.043117	-50.984306	115.161951	-70.155100
	0.043127	-52.202605	115.161951	-70.214700
	0.043136	-50.352006	115.161951	-70.214700
	0.043146	-50.390241	115.161951	-70.274300
	0.043155	-51.043229	115.161951	-70.274300
	0.043165	-52.281741	115.161951	-70.214700
	0.043174	-51.465773	115.161951	-70.214700
	0.043184	-51.771842	115.161951	-70.214700
	0.043193	-51.823703	115.161951	-70.274300
	0.043202	-51.337741	115.161951	-70.333900
	0.043212	-53.190016	115.161951	-70.274300
	0.043221	-52.288621	115.161951	-70.274300
	0.043231	-52.896534	115.161951	-70.274300
	0.043240	-52.239657	115.161951	-70.155100
	0.043250	-51.658438	115.161951	-70.035900
	0.043259	-51.831625	115.161951	-69.976300
	0.043269	-51.741416	115.161951	-69.976300
	0.043278	-51.991557	115.161951	-69.976300
	0.043288	-52.239069	115.161951	-70.035900
	0.043297	-52.665823	115.161951	-70.095500
	0.043307	-51.525192	115.161951	-70.155100
	0.043316	-52.008335	115.161951	-70.095500
	0.043326	-52.850889	115.161951	-69.439900
	0.043335	-57.507883	115.161951	-68.128600
	0.043344	-57.336709	115.161951	-67.413300
	0.043354	-56.835012	115.161951	-67.234500
	0.043363	-57.588323	115.161951	-67.174900
	0.043373	-57.859525	115.161951	-67.174900
	0.043382	-58.495283	115.161951	-66.996100
	0.043392	-61.033799	115.161951	-66.638500
	0.043401	-61.215032	115.161951	-66.459600
	0.043411	-61.692161	115.161951	-66.459600
	0.043420	-60.668374	115.161951	-66.400000
	0.043430	-61.189218	115.161951	-66.400000
	0.043439	-60.695633	115.161951	-66.459600
	0.043449	-60.980582	115.161951	-66.459600
	0.043458	-60.348087	115.161951	-66.400000
	0.043468	-61.069797	115.161951	-66.340400
	0.043477	-60.659710	115.161951	-66.400000
	0.043487	-61.028497	115.161951	-66.400000
	0.043496	-61.294870	115.161951	-66.459600
	0.043505	-61.558324	115.161951	-66.400000
	0.043515	-62.148656	115.161951	-66.340400
	0.043524	-60.900139	115.161951	-66.340400
	0.043534	-60.848005	115.161951	-66.340400
	0.043543	-61.083050	115.161951	-66.340400
	0.043553	-61.793572	115.161951	-66.340400
	0.043562	-60.417442	115.161951	-66.340400
	0.043572	-60.360275	115.161951	-66.400000
	0.043581	-60.791220	115.161951	-66.400000
	0.043591	-59.802529	115.161951	-66.459600
	0.043600	-60.065889	115.161951	-66.459600
	0.043610	-60.678087	115.161951	-66.459600
	0.043619	-68.083389	115.161951	-65.088700
	0.043629	-70.618583	115.161951	-63.717800
	0.043638	-70.841073	115.161951	-63.300600
	0.043647	-70.411634	115.161951	-63.241000
	0.043657	-70.347541	115.161951	-63.241000
	0.043666	-71.905132	115.161951	-63.241000
	0.043676	-71.615326	115.161951	-63.241000
	0.043685	-70.347460	115.161951	-63.300600
	0.043695	-70.629767	115.161951	-63.300600
	0.043704	-71.072647	115.161951	-63.300600
	0.043714	-71.883811	115.161951	-63.300600
	0.043723	-71.287994	115.161951	-63.241000
	0.043733	-71.375384	115.161951	-63.062200
	0.043742	-74.766737	115.161951	-62.227700
	0.043752	-73.574712	115.161951	-61.750900
	0.043761	-74.382060	115.161951	-61.750900
	0.043771	-74.274457	115.161951	-61.691300
	0.043780	-73.626666	115.161951	-61.691300
	0.043790	-74.666047	115.161951	-61.750900
	0.043799	-73.226227	115.161951	-61.750900
	0.043808	-74.261510	115.161951	-61.750900
	0.043818	-73.076124	115.161951	-61.750900
	0.043827	-73.156942	115.161951	-61.631700
	0.043837	-74.213379	115.161951	-61.691300
	0.043846	-73.509254	115.161951	-61.750900
	0.043856	-75.734615	115.161951	-61.452900
	0.043865	-75.391785	115.161951	-61.154800
	0.043875	-75.536246	115.161951	-61.035600
	0.043884	-75.764258	115.161951	-61.154800
	0.043894	-75.698466	115.161951	-61.095200
	0.043903	-74.186837	115.161951	-61.095200
	0.043913	-75.081986	115.161951	-61.035600
	0.043922	-75.721430	115.161951	-60.975800
	0.043932	-75.268236	115.161951	-60.856600
	0.043941	-77.053016	115.161951	-60.677800
	0.043950	-76.859277	115.161951	-60.618200
	0.043960	-76.848981	115.161951	-60.677800
	0.043969	-76.951983	115.161951	-60.677800
	0.043979	-78.337614	115.161951	-61.154800
	0.043988	-81.768589	115.161951	-61.810500
	0.043998	-81.278664	115.161951	-61.870100
	0.044007	-80.924163	115.161951	-61.870100
	0.044017	-81.642896	115.161951	-61.929700
	0.044026	-82.103454	115.161951	-61.989300
	0.044036	-83.041400	115.161951	-62.048900
	0.044045	-82.177022	115.161951	-61.274000
	0.044055	-82.646114	115.161951	-60.260500
	0.044064	-83.144750	115.161951	-59.783700
	0.044074	-83.306902	115.161951	-59.783700
	0.044083	-82.726723	115.161951	-59.664500
	0.044093	-92.777674	115.161951	-58.055200
	0.044102	-96.010641	115.161951	-55.074900
	0.044111	-94.847114	115.161951	-55.015300
	0.044121	-94.899100	115.161951	-55.015300
	0.044130	-94.230651	115.161951	-55.074900
	0.044140	-95.055601	115.161951	-55.074900
	0.044149	-95.272353	115.161951	-55.074900
	0.044159	-95.305063	115.161951	-55.134500
	0.044168	-95.521673	115.161951	-55.253700
	0.044178	-94.362639	115.161951	-55.253700
	0.044187	-95.346345	115.161951	-55.253700
	0.044197	-94.646793	115.161951	-55.194100
	0.044206	-95.578809	115.161951	-55.015300
	0.044216	-95.943656	115.161951	-54.836500
	0.044225	-95.197890	115.161951	-54.836500
	0.044235	-97.862285	115.161951	-54.836500
	0.044244	-97.041774	115.161951	-54.776900
	0.044253	-96.412326	115.161951	-54.776900
	0.044263	-97.217359	115.161951	-54.776900
	0.044272	-96.671905	115.161951	-54.717300
	0.044282	-97.160551	115.161951	-54.776900
	0.044291	-96.524449	115.161951	-54.776900
	0.044301	-96.365675	115.161951	-54.776900
	0.044310	-95.539304	115.161951	-54.776900
	0.044320	-96.843245	115.161951	-54.836500
	0.044329	-96.144769	115.161951	-54.836500
	0.044339	-94.528694	115.161951	-54.836500
	0.044348	-96.166930	115.161951	-54.776900
	0.044358	-97.007507	115.161951	-54.657700
	0.044367	-96.924020	115.161951	-54.538500
	0.044377	-96.854379	115.161951	-54.478900
	0.044386	-95.462869	115.161951	-54.538500
	0.044396	-96.538894	115.161951	-54.538500
	0.044405	-96.792382	115.161951	-54.598100
	0.044414	-96.283635	115.161951	-54.598100
	0.044424	-96.396064	115.161951	-54.598100
	0.044433	-96.689270	115.161951	-54.598100
	0.044443	-97.682831	115.161951	-54.538500
	0.044452	-96.766383	115.161951	-54.478900
	0.044462	-96.930239	115.161951	-54.300100
	0.044471	-97.819220	115.161951	-54.300100
	0.044481	-98.924309	115.161951	-54.300100
	0.044490	-96.836057	115.161951	-54.300100
	0.044500	-97.302769	115.161951	-54.359700
	0.044509	-97.015842	115.161951	-54.419300
	0.044519	-98.009148	115.161951	-54.359700
	0.044528	-97.614817	115.161951	-54.419300
	0.044538	-97.276608	115.161951	-54.359700
	0.044547	-97.152725	115.161951	-54.359700
	0.044556	-97.250341	115.161951	-54.419300
	0.044566	-97.969210	115.161951	-54.419300
	0.044575	-96.649721	115.161951	-54.478900
	0.044585	-96.074032	115.161951	-54.538500
	0.044594	-97.346563	115.161951	-54.538500
	0.044604	-96.930071	115.161951	-54.538500
	0.044613	-96.581465	115.161951	-54.538500
	0.044623	-97.471457	115.161951	-54.538500
	0.044632	-97.525075	115.161951	-54.359700
	0.044642	-97.075367	115.161951	-54.240500
	0.044651	-98.206694	115.161951	-54.180900
	0.044661	-97.941872	115.161951	-54.121300
	0.044670	-99.326615	115.161951	-54.121300
	0.044680	-98.214777	115.161951	-54.180900
	0.044689	-97.956271	115.161951	-54.180900
	0.044699	-98.992263	115.161951	-54.180900
	0.044708	-97.816272	115.161951	-54.180900
	0.044717	-97.991946	115.161951	-54.180900
	0.044727	-97.864919	115.161951	-54.180900
	0.044736	-99.149901	115.161951	-54.180900
	0.044746	-98.871503	115.161951	-54.061600
	0.044755	-98.844674	115.161951	-54.061600
	0.044765	-99.266055	115.161951	-54.061600
	0.044774	-99.313958	115.161951	-54.121300
	0.044784	-98.866414	115.161951	-54.121300
	0.044793	-99.509356	115.161951	-54.121300
	0.044803	-99.025153	115.161951	-54.121300
	0.044812	-98.827222	115.161951	-54.002000
	0.044822	-99.791929	115.161951	-53.942400
	0.044831	-99.907226	115.161951	-53.942400
	0.044841	-99.881801	115.161951	-53.942400
	0.044850	-100.370867	115.161951	-53.525200
	0.044859	-101.152702	115.161951	-52.869600
	0.044869	-101.008318	115.161951	-52.690700
	0.044878	-100.989838	115.161951	-52.690700
	0.044888	-102.415844	115.161951	-52.631100
	0.044897	-104.035299	115.161951	-52.094700
	0.044907	-105.044365	115.161951	-51.677500
	0.044916	-104.056327	115.161951	-51.558300
	0.044926	-103.972571	115.161951	-51.498600
	0.044935	-109.267353	115.161951	-50.485400
	0.044945	-111.957428	115.161951	-49.472100
	0.044954	-111.565808	115.161951	-49.054900
	0.044964	-112.038271	115.161951	-48.876000
	0.044973	-111.514499	115.161951	-48.816400
	0.044983	-112.834467	115.161951	-48.816400
	0.044992	-115.602810	115.161951	-46.611100
	0.045002	-118.654398	115.161951	-44.465300
	0.045011	-119.378437	115.161951	-44.107700
	0.045020	-118.925042	115.161951	-43.988500
	0.045030	-119.006703	115.161951	-43.928900
	0.045039	-119.002929	115.161951	-43.809600
	0.045049	-120.644583	115.161951	-43.332800
	0.045058	-119.445814	115.161951	-43.213600
	0.045068	-119.149243	115.161951	-43.154000
	0.045077	-119.180564	115.161951	-43.154000
	0.045087	-118.747556	115.161951	-43.213600
	0.045096	-118.120308	115.161951	-43.213600
	0.045106	-118.409977	115.161951	-43.273200
	0.045115	-118.627975	115.161951	-43.273200
	0.045125	-118.928079	115.161951	-43.273200
	0.045134	-118.316060	115.161951	-43.213600
	0.045144	-117.820251	115.161951	-43.213600
	0.045153	-117.715364	115.161951	-43.213600
	0.045162	-119.217811	115.161951	-43.273200
	0.045172	-119.486863	115.161951	-43.273200
	0.045181	-119.621272	115.161951	-43.213600
	0.045191	-118.626573	115.161951	-43.213600
	0.045200	-117.817593	115.161951	-43.213600
	0.045210	-119.124882	115.161951	-43.213600
	0.045219	-119.494048	115.161951	-43.273200
	0.045229	-118.291868	115.161951	-43.273200
	0.045238	-118.951562	115.161951	-43.273200
	0.045248	-119.992061	115.161951	-43.332800
	0.045257	-119.615624	115.161951	-43.332800
	0.045267	-120.326989	115.161951	-43.332800
	0.045276	-120.429564	115.161951	-43.332800
	0.045286	-119.944917	115.161951	-43.332800
	0.045295	-120.189183	115.161951	-43.332800
	0.045305	-118.959317	115.161951	-43.452000
	0.045314	-120.472178	115.161951	-43.452000
	0.045323	-120.418323	115.161951	-43.392400
	0.045333	-119.554727	115.161951	-43.392400
	0.045342	-120.330517	115.161951	-43.213600
	0.045352	-123.853029	115.161951	-42.617600
	0.045361	-124.117013	115.161951	-42.081100
	0.045371	-124.389535	115.161951	-42.021500
	0.045380	-124.266511	115.161951	-42.021500
	0.045390	-124.139948	115.161951	-42.021500
	0.045399	-123.669359	115.161951	-41.902300
	0.045409	-123.536143	115.161951	-41.902300
	0.045418	-125.573541	115.161951	-41.783100
	0.045428	-125.354310	115.161951	-41.604300
	0.045437	-125.005008	115.161951	-41.544700
	0.045447	-124.474539	115.161951	-41.604300
	0.045456	-125.284963	115.161951	-41.544700
	0.045465	-123.971514	115.161951	-41.544700
	0.045475	-124.139631	115.161951	-41.485100
	0.045484	-125.660144	115.161951	-41.485100
	0.045494	-124.616509	115.161951	-41.485100
	0.045503	-124.792182	115.161951	-41.485100
	0.045513	-124.491071	115.161951	-41.544700
	0.045522	-123.445579	115.161951	-41.544700
	0.045532	-124.283951	115.161951	-41.544700
	0.045541	-124.417723	115.161951	-41.544700
	0.045551	-124.245735	115.161951	-41.485100
	0.045560	-124.105462	115.161951	-41.544700
	0.045570	-124.522410	115.161951	-41.544700
	0.045579	-124.505157	115.161951	-41.604300
	0.045589	-126.465745	115.161951	-41.544700
	0.045598	-126.497884	115.161951	-41.544700
	0.045608	-126.569781	115.161951	-41.485100
	0.045617	-126.027315	115.161951	-41.425500
	0.045626	-126.601890	115.161951	-41.425500
	0.045636	-126.391114	115.161951	-41.425500
	0.045645	-131.816311	115.161951	-39.994900
	0.045655	-134.531490	115.161951	-38.028000
	0.045664	-134.723774	115.161951	-37.491600
	0.045674	-135.096642	115.161951	-37.431900
	0.045683	-134.085804	115.161951	-37.431900
	0.045693	-135.164073	115.161951	-37.491600
	0.045702	-134.578446	115.161951	-37.491600
	0.045712	-134.437113	115.161951	-37.431900
	0.045721	-132.809965	115.161951	-37.372300
	0.045731	-135.189604	115.161951	-37.431900
	0.045740	-134.430507	115.161951	-37.431900
	0.045750	-135.034223	115.161951	-37.372300
	0.045759	-133.911291	115.161951	-37.372300
	0.045768	-133.889435	115.161951	-37.431900
	0.045778	-135.275461	115.161951	-37.491600
	0.045787	-134.052624	115.161951	-37.551200
	0.045797	-134.027468	115.161951	-37.610800
	0.045806	-135.056823	115.161951	-37.551200
	0.045816	-134.441868	115.161951	-37.610800
	0.045825	-134.112055	115.161951	-37.670400
	0.045835	-134.281953	115.161951	-37.670400
	0.045844	-135.340755	115.161951	-37.670400
	0.045854	-135.237207	115.161951	-37.670400
	0.045863	-135.668456	115.161951	-37.610800
	0.045873	-135.517878	115.161951	-37.551200
	0.045882	-135.699194	115.161951	-37.551200
	0.045892	-135.696123	115.161951	-37.610800
	0.045901	-135.227434	115.161951	-37.610800
	0.045910	-135.462428	115.161951	-37.491600
	0.045920	-135.102888	115.161951	-37.431900
	0.045929	-135.254363	115.161951	-37.372300
	0.045939	-134.914960	115.161951	-37.431900
	0.045948	-135.034851	115.161951	-37.431900
	0.045958	-135.806834	115.161951	-37.431900
	0.045967	-134.618516	115.161951	-37.372300
	0.045977	-135.885245	115.161951	-37.312700
	0.045986	-135.892251	115.161951	-37.312700
	0.045996	-136.233339	115.161951	-37.372300
	0.046005	-135.817736	115.161951	-37.312700
	0.046015	-136.247525	115.161951	-37.312700
	0.046024	-135.325936	115.161951	-37.253100
	0.046034	-136.028886	115.161951	-37.253100
	0.046043	-135.644376	115.161951	-37.312700
	0.046053	-136.276127	115.161951	-37.312700
	0.046062	-135.931774	115.161951	-37.312700
	0.046071	-134.592039	115.161951	-37.312700
	0.046081	-135.847127	115.161951	-37.372300
	0.046090	-135.019036	115.161951	-37.372300
	0.046100	-135.810855	115.161951	-37.312700
	0.046109	-136.000735	115.161951	-37.193500
	0.046119	-135.724728	115.161951	-37.014700
	0.046128	-136.258202	115.161951	-36.955100
	0.046138	-141.842342	115.161951	-36.180300
	0.046147	-143.554165	115.161951	-35.465000
	0.046157	-143.377860	115.161951	-35.286200
	0.046166	-144.236819	115.161951	-35.167000
	0.046176	-143.824335	115.161951	-35.107400
	0.046185	-143.636460	115.161951	-35.107400
	0.046195	-144.111410	115.161951	-35.107400
	0.046204	-142.631791	115.161951	-35.167000
	0.046213	-143.336837	115.161951	-35.167000
	0.046223	-142.934226	115.161951	-35.167000
	0.046232	-142.974043	115.161951	-35.107400
	0.046242	-142.695351	115.161951	-35.047800
	0.046251	-143.203214	115.161951	-35.047800
	0.046261	-144.393933	115.161951	-35.047800
	0.046270	-144.032243	115.161951	-35.107400
	0.046280	-143.439561	115.161951	-35.107400
	0.046289	-144.148994	115.161951	-35.107400
	0.046299	-143.974375	115.161951	-35.047800
	0.046308	-143.703387	115.161951	-34.988200
	0.046318	-142.565794	115.161951	-34.928600
	0.046327	-143.428542	115.161951	-34.928600
	0.046337	-143.598401	115.161951	-34.869000
	0.046346	-143.018008	115.161951	-34.988200
	0.046356	-143.987147	115.161951	-34.928600
	0.046365	-143.142230	115.161951	-34.988200
	0.046374	-143.846680	115.161951	-34.988200
	0.046384	-143.502056	115.161951	-34.988200
	0.046393	-143.385778	115.161951	-34.988200
	0.046403	-142.890124	115.161951	-34.988200
	0.046412	-143.075144	115.161951	-34.928600
	0.046422	-143.462621	115.161951	-34.988200
	0.046431	-143.987742	115.161951	-34.988200
	0.046441	-142.943226	115.161951	-34.988200
	0.046450	-144.003471	115.161951	-35.047800
	0.046460	-142.241489	115.161951	-34.988200
	0.046469	-142.619858	115.161951	-34.988200
	0.046479	-144.078601	115.161951	-34.988200
	0.046488	-143.789604	115.161951	-34.928600
	0.046498	-143.189730	115.161951	-34.869000
	0.046507	-143.362718	115.161951	-34.869000
	0.046516	-143.673327	115.161951	-34.809300
	0.046526	-142.297316	115.161951	-34.809300
	0.046535	-143.684351	115.161951	-34.809300
	0.046545	-143.533747	115.161951	-34.869000
	0.046554	-143.918416	115.161951	-34.869000
	0.046564	-144.372937	115.161951	-34.869000
	0.046573	-143.203562	115.161951	-34.869000
	0.046583	-143.119401	115.161951	-34.869000
	0.046592	-146.838065	115.161951	-34.749700
	0.046602	-146.505035	115.161951	-34.511300
	0.046611	-146.808012	115.161951	-34.332500
	0.046621	-146.705673	115.161951	-34.272900
	0.046630	-147.114221	115.161951	-34.213300
	0.046640	-146.226802	115.161951	-34.213300
	0.046649	-146.527253	115.161951	-34.213300
	0.046659	-145.589738	115.161951	-34.213300
	0.046668	-145.193995	115.161951	-34.213300
	0.046677	-145.911166	115.161951	-34.213300
	0.046687	-144.217677	115.161951	-34.272900
	0.046696	-145.917044	115.161951	-34.272900
	0.046706	-145.081201	115.161951	-34.213300
	0.046715	-145.450122	115.161951	-34.213300
	0.046725	-144.595422	115.161951	-34.153700
	0.046734	-145.302875	115.161951	-34.153700
	0.046744	-144.842863	115.161951	-34.094100
	0.046753	-145.466937	115.161951	-34.153700
	0.046763	-145.917956	115.161951	-34.213300
	0.046772	-145.843380	115.161951	-34.153700
	0.046782	-146.130734	115.161951	-34.213300
	0.046791	-145.493574	115.161951	-34.272900
	0.046801	-146.106006	115.161951	-34.272900
	0.046810	-146.632401	115.161951	-34.272900
	0.046819	-146.530662	115.161951	-34.213300
	0.046829	-146.468444	115.161951	-34.272900
	0.046838	-146.573319	115.161951	-34.272900
	0.046848	-146.722231	115.161951	-34.332500
	0.046857	-146.451730	115.161951	-34.332500
	0.046867	-146.957325	115.161951	-34.332500
	0.046876	-146.025149	115.161951	-34.332500
	0.046886	-147.080453	115.161951	-34.153700
	0.046895	-149.156730	115.161951	-33.736500
	0.046905	-147.316649	115.161951	-33.676900
	0.046914	-148.920018	115.161951	-33.676900
	0.046924	-147.398151	115.161951	-33.617300
	0.046933	-147.616805	115.161951	-33.557600
	0.046943	-147.742987	115.161951	-33.557600
	0.046952	-146.958025	115.161951	-33.557600
	0.046962	-147.330640	115.161951	-33.557600
	0.046971	-147.950806	115.161951	-33.498000
	0.046980	-148.547994	115.161951	-33.498000
	0.046990	-148.557007	115.161951	-33.498000
	0.046999	-146.961978	115.161951	-33.438400
	0.047009	-148.005715	115.161951	-33.557600
	0.047018	-147.324990	115.161951	-33.557600
	0.047028	-147.196467	115.161951	-33.498000
	0.047037	-146.949507	115.161951	-33.438400
	0.047047	-150.683912	115.161951	-33.021200
	0.047056	-149.721073	115.161951	-32.544400
	0.047066	-149.973779	115.161951	-32.544400
	0.047075	-150.734600	115.161951	-32.544400
	0.047085	-150.288237	115.161951	-32.484800
	0.047094	-149.767610	115.161951	-32.544400
	0.047104	-150.488270	115.161951	-32.544400
	0.047113	-150.533733	115.161951	-32.544400
	0.047122	-150.153664	115.161951	-32.544400
	0.047132	-150.366756	115.161951	-32.544400
	0.047141	-151.294953	115.161951	-32.544400
	0.047151	-151.811955	115.161951	-32.544400
	0.047160	-151.332176	115.161951	-32.604000
	0.047170	-151.189926	115.161951	-32.604000
	0.047179	-151.164441	115.161951	-32.604000
	0.047189	-151.131651	115.161951	-32.604000
	0.047198	-150.742228	115.161951	-32.604000
	0.047208	-150.228563	115.161951	-32.604000
	0.047217	-151.486237	115.161951	-32.604000
	0.047227	-151.102911	115.161951	-32.544400
	0.047236	-150.438831	115.161951	-32.425200
	0.047246	-150.824959	115.161951	-32.365600
	0.047255	-153.947714	115.161951	-31.709900
	0.047265	-153.238542	115.161951	-31.352300
	0.047274	-154.480861	115.161951	-31.233100
	0.047283	-153.943073	115.161951	-31.233100
	0.047293	-153.863378	115.161951	-31.233100
	0.047302	-153.943720	115.161951	-31.173500
	0.047312	-153.841309	115.161951	-31.173500
	0.047321	-152.847690	115.161951	-31.233100
	0.047331	-154.113190	115.161951	-31.173500
	0.047340	-155.505072	115.161951	-30.994600
	0.047350	-154.750844	115.161951	-30.756200
	0.047359	-154.420321	115.161951	-30.637000
	0.047369	-154.876274	115.161951	-30.577400
	0.047378	-154.547858	115.161951	-30.577400
	0.047388	-155.645586	115.161951	-30.637000
	0.047397	-156.329554	115.161951	-30.577400
	0.047407	-156.634230	115.161951	-30.577400
	0.047416	-156.297001	115.161951	-30.637000
	0.047425	-156.740124	115.161951	-30.696600
	0.047435	-155.960959	115.161951	-30.637000
	0.047444	-156.974451	115.161951	-30.577400
	0.047454	-156.622296	115.161951	-30.517800
	0.047463	-156.046111	115.161951	-30.517800
	0.047473	-156.794689	115.161951	-30.517800
	0.047482	-155.764704	115.161951	-30.458100
	0.047492	-154.843576	115.161951	-30.398500
	0.047501	-155.900009	115.161951	-30.398500
	0.047511	-155.449981	115.161951	-30.398500
	0.047520	-155.529886	115.161951	-30.398500
	0.047530	-156.607335	115.161951	-29.742800
	0.047539	-162.040215	115.161951	-28.491100
	0.047549	-161.402267	115.161951	-27.954700
	0.047558	-160.330785	115.161951	-27.895100
	0.047568	-161.781906	115.161951	-27.775900
	0.047577	-161.797495	115.161951	-27.775900
	0.047586	-161.180152	115.161951	-27.775900
	0.047596	-160.986064	115.161951	-27.775900
	0.047605	-161.286623	115.161951	-27.775900
	0.047615	-161.601551	115.161951	-27.775900
	0.047624	-162.176144	115.161951	-27.775900
	0.047634	-160.713340	115.161951	-27.835500
	0.047643	-161.845279	115.161951	-27.835500
	0.047653	-163.234472	115.161951	-27.477900
	0.047662	-163.647165	115.161951	-27.179800
	0.047672	-163.660870	115.161951	-27.120200
	0.047681	-165.116901	115.161951	-27.060600
	0.047691	-163.560320	115.161951	-27.060600
	0.047700	-165.279735	115.161951	-27.001000
	0.047710	-163.701589	115.161951	-27.001000
	0.047719	-165.138796	115.161951	-26.941400
	0.047728	-165.211270	115.161951	-26.941400
	0.047738	-166.106115	115.161951	-26.941400
	0.047747	-164.924248	115.161951	-26.941400
	0.047757	-164.911272	115.161951	-26.941400
	0.047766	-166.134374	115.161951	-26.941400
	0.047776	-165.619578	115.161951	-26.941400
	0.047785	-164.635223	115.161951	-26.881800
	0.047795	-164.776238	115.161951	-26.881800
	0.047804	-164.369868	115.161951	-26.822200
	0.047814	-163.452601	115.161951	-26.822200
	0.047823	-164.414174	115.161951	-26.822200
	0.047833	-163.122790	115.161951	-26.762600
	0.047842	-165.226412	115.161951	-26.762600
	0.047852	-164.669348	115.161951	-26.762600
	0.047861	-166.474000	115.161951	-26.822200
	0.047871	-163.963321	115.161951	-26.881800
	0.047880	-163.936327	115.161951	-26.881800
	0.047889	-163.246323	115.161951	-26.881800
	0.047899	-164.914183	115.161951	-26.822200
	0.047908	-165.255126	115.161951	-26.822200
	0.047918	-163.648034	115.161951	-26.881800
	0.047927	-164.591316	115.161951	-26.941400
	0.047937	-165.913080	115.161951	-26.941400
	0.047946	-164.940609	115.161951	-26.941400
	0.047956	-166.383465	115.161951	-26.643400
	0.047965	-168.001143	115.161951	-25.868500
	0.047975	-169.704625	115.161951	-25.570500
	0.047984	-169.496882	115.161951	-25.570500
	0.047994	-169.541390	115.161951	-25.570500
	0.048003	-168.892802	115.161951	-25.570500
	0.048013	-169.015829	115.161951	-25.510900
	0.048022	-169.375078	115.161951	-25.510900
	0.048031	-168.927117	115.161951	-25.570500
	0.048041	-167.612874	115.161951	-25.630100
	0.048050	-169.169191	115.161951	-25.570500
	0.048060	-168.673262	115.161951	-25.570500
	0.048069	-167.888966	115.161951	-25.510900
	0.048079	-168.578240	115.161951	-25.570500
	0.048088	-169.286946	115.161951	-25.689700
	0.048098	-167.779448	115.161951	-25.689700
	0.048107	-169.454854	115.161951	-25.630100
	0.048117	-168.511828	115.161951	-25.570500
	0.048126	-167.518337	115.161951	-25.570500
	0.048136	-167.545771	115.161951	-25.570500
	0.048145	-167.692720	115.161951	-25.570500
	0.048155	-168.012091	115.161951	-25.570500
	0.048164	-167.794029	115.161951	-25.570500
	0.048174	-168.273263	115.161951	-25.570500
	0.048183	-168.443285	115.161951	-25.570500
	0.048192	-167.823414	115.161951	-25.570500
	0.048202	-168.519820	115.161951	-25.510900
	0.048211	-168.323276	115.161951	-25.510900
	0.048221	-167.950124	115.161951	-25.272500
	0.048230	-167.979387	115.161951	-25.153300
	0.048240	-168.966670	115.161951	-25.034100
	0.048249	-168.062614	115.161951	-25.034100
	0.048259	-167.813121	115.161951	-25.034100
	0.048268	-168.171642	115.161951	-25.034100
	0.048278	-167.497274	115.161951	-24.974500
	0.048287	-167.779823	115.161951	-24.974500
	0.048297	-167.467055	115.161951	-24.974500
	0.048306	-168.826483	115.161951	-24.974500
	0.048316	-167.385754	115.161951	-24.974500
	0.048325	-166.292691	115.161951	-24.974500
	0.048334	-169.643126	115.161951	-24.676400
	0.048344	-171.081931	115.161951	-24.199600
	0.048353	-171.260334	115.161951	-24.080400
	0.048363	-172.051676	115.161951	-24.080400
	0.048372	-172.497103	115.161951	-24.080400
	0.048382	-171.836771	115.161951	-24.080400
	0.048391	-171.844630	115.161951	-24.020800
	0.048401	-171.597825	115.161951	-23.961200
	0.048410	-172.039664	115.161951	-23.961200
	0.048420	-171.870387	115.161951	-24.020800
	0.048429	-171.257545	115.161951	-24.080400
	0.048439	-170.410227	115.161951	-24.080400
	0.048448	-171.623573	115.161951	-24.020800
	0.048458	-171.432348	115.161951	-24.020800
	0.048467	-171.979844	115.161951	-24.080400
	0.048477	-171.491000	115.161951	-24.140000
	0.048486	-171.665200	115.161951	-24.140000
	0.048495	-172.602400	115.161951	-24.140000
	0.048505	-173.643326	115.161951	-23.663200
	0.048514	-175.112996	115.161951	-23.245900
	0.048524	-173.983141	115.161951	-23.067100
	0.048533	-175.263262	115.161951	-23.007500
	0.048543	-175.369427	115.161951	-23.067100
	0.048552	-174.585334	115.161951	-23.067100
	0.048562	-174.091281	115.161951	-23.007500
	0.048571	-174.135296	115.161951	-23.007500
	0.048581	-174.142879	115.161951	-23.067100
	0.048590	-174.776713	115.161951	-23.067100
	0.048600	-174.107130	115.161951	-23.067100
	0.048609	-175.022289	115.161951	-23.067100
	0.048619	-174.761923	115.161951	-23.067100
	0.048628	-174.204054	115.161951	-23.126700
	0.048637	-175.492491	115.161951	-23.186300
	0.048647	-173.789746	115.161951	-23.126700
	0.048656	-175.199914	115.161951	-23.067100
	0.048666	-173.645018	115.161951	-23.067100
	0.048675	-174.170116	115.161951	-23.067100
	0.048685	-175.454584	115.161951	-23.067100
	0.048694	-174.792301	115.161951	-23.007500
	0.048704	-174.733950	115.161951	-23.007500
	0.048713	-174.289024	115.161951	-23.067100
	0.048723	-174.485440	115.161951	-23.067100
	0.048732	-174.280048	115.161951	-23.067100
	0.048742	-174.760839	115.161951	-23.067100
	0.048751	-174.563220	115.161951	-23.067100
	0.048761	-175.012851	115.161951	-23.126700
	0.048770	-173.635267	115.161951	-23.126700
	0.048780	-174.808655	115.161951	-23.186300
	0.048789	-175.059854	115.161951	-23.067100
	0.048798	-174.914838	115.161951	-23.067100
	0.048808	-175.631465	115.161951	-23.067100
	0.048817	-173.543384	115.161951	-23.126700
	0.048827	-173.825496	115.161951	-23.126700
	0.048836	-174.678612	115.161951	-23.067100
	0.048846	-175.468304	115.161951	-23.007500
	0.048855	-175.411333	115.161951	-23.007500
	0.048865	-175.736376	115.161951	-23.007500
	0.048874	-175.441730	115.161951	-23.126700
	0.048884	-174.807085	115.161951	-23.067100
	0.048893	-174.546031	115.161951	-23.067100
	0.048903	-174.106800	115.161951	-23.007500
	0.048912	-174.341977	115.161951	-23.067100
	0.048922	-174.812103	115.161951	-23.067100
	0.048931	-174.964849	115.161951	-23.067100
	0.048940	-174.124945	115.161951	-23.126700
	0.048950	-173.982131	115.161951	-23.126700
	0.048959	-174.782008	115.161951	-23.067100
	0.048969	-174.639043	115.161951	-23.067100
	0.048978	-174.555956	115.161951	-23.067100
	0.048988	-174.651993	115.161951	-23.126700
	0.048997	-174.615942	115.161951	-23.067100
	0.049007	-174.937158	115.161951	-23.067100
	0.049016	-176.065166	115.161951	-23.067100
	0.049026	-175.084249	115.161951	-23.126700
	0.049035	-174.039706	115.161951	-23.067100
	0.049045	-174.611441	115.161951	-23.007500
	0.049054	-175.318584	115.161951	-23.067100
	0.049064	-174.505329	115.161951	-23.067100
	0.049073	-173.542372	115.161951	-23.067100
	0.049083	-175.316999	115.161951	-23.067100
	0.049092	-174.185096	115.161951	-23.067100
	0.049101	-174.404880	115.161951	-23.067100
	0.049111	-174.036790	115.161951	-23.067100
	0.049120	-174.306453	115.161951	-23.067100
	0.049130	-174.620842	115.161951	-23.067100
	0.049139	-174.138278	115.161951	-23.067100
	0.049149	-176.440386	115.161951	-23.067100
	0.049158	-175.475107	115.161951	-23.007500
	0.049168	-174.564420	115.161951	-23.007500
	0.049177	-173.627274	115.161951	-23.007500
	0.049187	-175.020856	115.161951	-22.947900
	0.049196	-174.758006	115.161951	-22.888300
	0.049206	-174.912823	115.161951	-22.888300
	0.049215	-175.334218	115.161951	-22.888300
	0.049225	-174.880163	115.161951	-22.888300
	0.049234	-176.124949	115.161951	-22.828700
	0.049243	-174.545056	115.161951	-22.888300
	0.049253	-174.764459	115.161951	-22.828700
	0.049262	-174.755788	115.161951	-22.828700
	0.049272	-173.891627	115.161951	-22.769100
	0.049281	-175.867279	115.161951	-22.649900
	0.049291	-175.242827	115.161951	-22.649900
	0.049300	-175.659818	115.161951	-22.649900
	0.049310	-176.047470	115.161951	-22.471100
	0.049319	-177.039797	115.161951	-22.411500
	0.049329	-177.792454	115.161951	-22.173000
	0.049338	-179.786996	115.161951	-21.755800
	0.049348	-179.782576	115.161951	-21.636600
	0.049357	-180.149915	115.161951	-21.577000
	0.049367	-180.523677	115.161951	-21.577000
	0.049376	-180.509309	115.161951	-21.577000
	0.049386	-179.481170	115.161951	-21.517400
	0.049395	-179.596706	115.161951	-21.577000
	0.049404	-179.241654	115.161951	-21.577000
	0.049414	-181.144387	115.161951	-21.517400
	0.049423	-180.356298	115.161951	-21.577000
	0.049433	-178.846486	115.161951	-21.517400
	0.049442	-179.120073	115.161951	-21.457800
	0.049452	-179.653640	115.161951	-21.457800
	0.049461	-179.938660	115.161951	-21.517400
	0.049471	-179.789755	115.161951	-21.517400
	0.049480	-179.918850	115.161951	-21.577000
	0.049490	-180.179912	115.161951	-21.517400
	0.049499	-180.005048	115.161951	-21.517400
	0.049509	-180.036648	115.161951	-21.517400
	0.049518	-179.792579	115.161951	-21.457800
	0.049528	-180.002762	115.161951	-21.457800
	0.049537	-179.764384	115.161951	-21.457800
	0.049546	-179.400816	115.161951	-21.338600
	0.049556	-179.842590	115.161951	-21.159800
	0.049565	-179.741143	115.161951	-21.040600
	0.049575	-180.079287	115.161951	-21.040600
	0.049584	-178.998224	115.161951	-21.100200
	0.049594	-179.099320	115.161951	-21.100200
	0.049603	-178.649759	115.161951	-21.100200
	0.049613	-178.736682	115.161951	-21.100200
	0.049622	-178.814253	115.161951	-21.100200
	0.049632	-179.009844	115.161951	-21.100200
	0.049641	-179.082733	115.161951	-20.981000
	0.049651	-178.732160	115.161951	-20.981000
	0.049660	-178.845451	115.161951	-20.981000
	0.049670	-179.246930	115.161951	-20.981000
	0.049679	-179.143032	115.161951	-20.921300
	0.049689	-179.554323	115.161951	-20.861700
	0.049698	-179.166461	115.161951	-20.861700
	0.049707	-178.573683	115.161951	-20.861700
	0.049717	-179.192740	115.161951	-20.861700
	0.049726	-179.785076	115.161951	-20.802100
	0.049736	-179.313903	115.161951	-20.742500
	0.049745	-180.533750	115.161951	-20.742500
	0.049755	-180.427551	115.161951	-20.742500
	0.049764	-180.643730	115.161951	-20.742500
	0.049774	-180.915941	115.161951	-20.682900
	0.049783	-180.633200	115.161951	-20.682900
	0.049793	-180.330034	115.161951	-20.742500
	0.049802	-180.243296	115.161951	-20.742500
	0.049812	-179.919651	115.161951	-20.802100
	0.049821	-180.165962	115.161951	-20.861700
	0.049831	-180.746279	115.161951	-20.921300
	0.049840	-181.270898	115.161951	-20.921300
	0.049849	-180.613607	115.161951	-20.921300
	0.049859	-179.438604	115.161951	-20.861700
	0.049868	-180.941756	115.161951	-20.802100
	0.049878	-179.733446	115.161951	-20.802100
	0.049887	-181.370617	115.161951	-20.742500
	0.049897	-179.735709	115.161951	-20.742500
	0.049906	-179.829503	115.161951	-20.802100
	0.049916	-179.852669	115.161951	-20.802100
	0.049925	-179.170434	115.161951	-20.921300
	0.049935	-179.629316	115.161951	-20.921300
	0.049944	-179.944613	115.161951	-20.921300
	0.049954	-179.994814	115.161951	-20.921300
	0.049963	-180.018407	115.161951	-20.921300
	0.049973	-179.502429	115.161951	-20.921300
	0.049982	-179.840517	115.161951	-20.981000
	0.049991	-180.526812	115.161951	-20.981000
	0.050001	-180.842156	115.161951	-20.981000
	0.050010	-179.862047	115.161951	-21.040600
	0.050020	-180.300583	115.161951	-21.100200
	0.050029	-181.254677	115.161951	-21.100200
	0.050039	-180.090051	115.161951	-21.159800
	0.050048	-179.639275	115.161951	-21.159800
	0.050058	-179.917197	115.161951	-21.219400
	0.050067	-179.922020	115.161951	-21.219400
	0.050077	-180.138459	115.161951	-21.279000
	0.050086	-179.541308	115.161951	-21.279000
	0.050096	-180.703138	115.161951	-21.279000
	0.050105	-180.824637	115.161951	-21.279000
	0.050115	-181.077872	115.161951	-21.338600
	0.050124	-181.241050	115.161951	-21.279000
	0.050134	-180.555325	115.161951	-21.279000
	0.050143	-179.902989	115.161951	-21.219400
	0.050152	-180.806620	115.161951	-21.159800
	0.050162	-180.966523	115.161951	-21.100200
	0.050171	-181.350597	115.161951	-21.159800
	0.050181	-181.286881	115.161951	-21.219400
	0.050190	-181.106265	115.161951	-21.219400
	0.050200	-180.989386	115.161951	-21.219400
	0.050209	-180.362108	115.161951	-21.219400
	0.050219	-179.941681	115.161951	-21.279000
	0.050228	-179.427942	115.161951	-21.338600
	0.050238	-180.760728	115.161951	-21.219400
	0.050247	-180.078255	115.161951	-21.219400
	0.050257	-178.900588	115.161951	-21.219400
	0.050266	-181.261915	115.161951	-21.219400
	0.050276	-179.696545	115.161951	-21.219400
	0.050285	-179.269047	115.161951	-21.219400
	0.050294	-180.670585	115.161951	-21.159800
	0.050304	-181.199119	115.161951	-21.219400
	0.050313	-181.247973	115.161951	-21.279000
	0.050323	-180.899407	115.161951	-21.338600
	0.050332	-180.762182	115.161951	-21.338600
	0.050342	-181.207369	115.161951	-21.338600
	0.050351	-180.467344	115.161951	-21.338600
	0.050361	-181.825103	115.161951	-21.338600
	0.050370	-180.913581	115.161951	-21.279000
	0.050380	-181.132277	115.161951	-21.279000
	0.050389	-180.915837	115.161951	-21.279000
	0.050399	-181.314983	115.161951	-21.279000
	0.050408	-180.077173	115.161951	-21.279000
	0.050418	-179.705138	115.161951	-21.279000
	0.050427	-179.625620	115.161951	-21.279000
	0.050437	-180.542621	115.161951	-21.219400
	0.050446	-179.886470	115.161951	-21.279000
	0.050455	-179.519797	115.161951	-21.338600
	0.050465	-179.913643	115.161951	-21.338600
	0.050474	-179.634330	115.161951	-21.338600
	0.050484	-181.010605	115.161951	-21.338600
