	-0.071022	-0.323379	115.161951	-35.047800
	-0.068270	0.119688	115.161951	-35.047800
	-0.065518	-0.476223	115.161951	-35.167000
	-0.062767	-0.481055	115.161951	-35.345800
	-0.060015	0.689727	115.161951	-35.584200
	-0.057264	-0.767181	115.161951	-35.703400
	-0.054512	-0.147740	115.161951	-35.941800
	-0.051760	-0.710288	115.161951	-36.120600
	-0.049009	0.601933	115.161951	-36.597500
	-0.046257	0.257573	115.161951	-36.835900
	-0.043506	1.156421	115.161951	-37.014700
	-0.040754	-0.936920	115.161951	-37.133900
	-0.038002	-1.241662	115.161951	-37.670400
	-0.035251	-0.857598	115.161951	-38.028000
	-0.032499	-0.646705	115.161951	-38.385600
	-0.029748	-1.416545	115.161951	-38.743300
	-0.026996	-0.924174	115.161951	-39.100900
	-0.024245	-1.417959	115.161951	-39.637300
	-0.021493	-1.835088	115.161951	-40.173800
	-0.018741	-2.656249	115.161951	-40.710200
	-0.015990	-2.230236	115.161951	-41.246600
	-0.013238	-3.651703	115.161951	-41.783100
	-0.010487	-3.711193	115.161951	-42.200300
	-0.007735	-4.291191	115.161951	-43.094400
	-0.004984	-3.727111	115.161951	-43.809600
	-0.002232	-4.702428	115.161951	-44.524900
	0.000520	-4.077214	115.161951	-45.299800
	0.003271	-5.037111	115.161951	-46.253400
	0.006023	-4.827008	115.161951	-47.147500
	0.008774	-6.372661	115.161951	-48.399200
	0.011526	-6.244237	115.161951	-49.770100
	0.014278	-7.303386	115.161951	-51.260200
	0.017029	-8.739575	115.161951	-53.108000
	0.019781	-8.336284	115.161951	-54.836500
	0.022532	-9.618964	115.161951	-56.803500
	0.025284	-10.782386	115.161951	-59.008800
	0.028036	-12.596915	115.161951	-63.181400
	0.030787	-12.753630	115.161951	-66.459600
	0.033539	-15.246829	115.161951	-70.274300
	0.036290	-15.799535	115.161951	-77.546100
	0.036290	-21.259233	115.161951	-82.791300
	0.036300	-20.235727	115.161951	-84.400600
	0.036309	-19.677674	115.161951	-84.817900
	0.036319	-21.174701	115.161951	-84.877500
	0.036328	-20.177833	115.161951	-84.877500
	0.036338	-20.795674	115.161951	-84.937100
	0.036347	-20.432682	115.161951	-84.996700
	0.036357	-20.894996	115.161951	-85.056300
	0.036366	-20.930582	115.161951	-85.056300
	0.036376	-20.911557	115.161951	-85.115900
	0.036385	-21.304525	115.161951	-85.115900
	0.036394	-20.424048	115.161951	-85.115900
	0.036404	-21.344983	115.161951	-85.056300
	0.036413	-21.008651	115.161951	-85.115900
	0.036423	-20.776798	115.161951	-85.175500
	0.036432	-21.283168	115.161951	-85.235100
	0.036442	-21.514098	115.161951	-85.235100
	0.036451	-20.039112	115.161951	-85.235100
	0.036461	-21.942183	115.161951	-85.235100
	0.036470	-20.786284	115.161951	-85.235100
	0.036480	-21.475448	115.161951	-85.235100
	0.036489	-20.811962	115.161951	-85.235100
	0.036499	-20.829218	115.161951	-85.294700
	0.036508	-20.589352	115.161951	-85.354300
	0.036518	-20.880743	115.161951	-85.354300
	0.036527	-21.058776	115.161951	-85.413900
	0.036537	-20.851629	115.161951	-85.413900
	0.036546	-20.119839	115.161951	-85.413900
	0.036555	-20.644257	115.161951	-85.413900
	0.036565	-21.518242	115.161951	-85.413900
	0.036574	-20.379258	115.161951	-85.413900
	0.036584	-20.782175	115.161951	-85.354300
	0.036593	-20.730320	115.161951	-85.354300
	0.036603	-20.727798	115.161951	-85.413900
	0.036612	-20.661569	115.161951	-85.413900
	0.036622	-21.531812	115.161951	-85.354300
	0.036631	-21.069230	115.161951	-85.354300
	0.036641	-20.960171	115.161951	-85.413900
	0.036650	-21.036904	115.161951	-85.413900
	0.036660	-21.191427	115.161951	-85.413900
	0.036669	-20.361730	115.161951	-85.413900
	0.036679	-20.555466	115.161951	-85.413900
	0.036688	-21.281075	115.161951	-85.473500
	0.036697	-20.824741	115.161951	-85.473500
	0.036707	-20.471751	115.161951	-85.473500
	0.036716	-20.774986	115.161951	-85.413900
	0.036726	-20.938374	115.161951	-85.413900
	0.036735	-21.537172	115.161951	-85.473500
	0.036745	-22.063477	115.161951	-85.473500
	0.036754	-21.560189	115.161951	-85.473500
	0.036764	-21.218594	115.161951	-85.413900
	0.036773	-22.126908	115.161951	-85.413900
	0.036783	-21.020965	115.161951	-85.413900
	0.036792	-22.011787	115.161951	-85.354300
	0.036802	-19.824244	115.161951	-85.413900
	0.036811	-21.672846	115.161951	-85.413900
	0.036821	-21.827292	115.161951	-85.413900
	0.036830	-21.451213	115.161951	-85.413900
	0.036840	-22.234800	115.161951	-85.473500
	0.036849	-21.496216	115.161951	-85.533100
	0.036858	-21.586122	115.161951	-85.533100
	0.036868	-20.926926	115.161951	-85.473500
	0.036877	-22.117647	115.161951	-85.413900
	0.036887	-21.721854	115.161951	-85.413900
	0.036896	-20.729978	115.161951	-85.473500
	0.036906	-20.897356	115.161951	-85.473500
	0.036915	-21.047632	115.161951	-85.473500
	0.036925	-20.951337	115.161951	-85.533100
	0.036934	-21.694713	115.161951	-85.592700
	0.036944	-22.169725	115.161951	-85.592700
	0.036953	-21.454201	115.161951	-85.652300
	0.036963	-22.959180	115.161951	-85.711900
	0.036972	-21.971641	115.161951	-85.652300
	0.036982	-21.941479	115.161951	-85.592700
	0.036991	-22.104255	115.161951	-85.652300
	0.037000	-21.328171	115.161951	-85.652300
	0.037010	-21.909407	115.161951	-85.652300
	0.037019	-22.271142	115.161951	-85.711900
	0.037029	-22.195547	115.161951	-85.771500
	0.037038	-20.999023	115.161951	-85.771500
	0.037048	-22.688553	115.161951	-85.771500
	0.037057	-21.930736	115.161951	-85.771500
	0.037067	-21.715965	115.161951	-85.771500
	0.037076	-21.476532	115.161951	-85.831200
	0.037086	-22.450940	115.161951	-85.831200
	0.037095	-21.810673	115.161951	-85.890800
	0.037105	-21.408299	115.161951	-85.950400
	0.037114	-22.296768	115.161951	-85.890800
	0.037124	-22.441227	115.161951	-85.890800
	0.037133	-22.753462	115.161951	-85.890800
	0.037143	-22.420573	115.161951	-85.950400
	0.037152	-22.365508	115.161951	-85.890800
	0.037161	-21.795284	115.161951	-85.890800
	0.037171	-21.530204	115.161951	-85.950400
	0.037180	-21.605229	115.161951	-86.010000
	0.037190	-21.935745	115.161951	-86.069600
	0.037199	-22.669331	115.161951	-86.069600
	0.037209	-22.854631	115.161951	-86.069600
	0.037218	-22.348327	115.161951	-86.069600
	0.037228	-23.273997	115.161951	-86.069600
	0.037237	-21.783006	115.161951	-86.069600
	0.037247	-22.106050	115.161951	-86.129200
	0.037256	-21.520010	115.161951	-86.188800
	0.037266	-22.958427	115.161951	-86.129200
	0.037275	-21.545172	115.161951	-86.129200
	0.037285	-21.679131	115.161951	-86.188800
	0.037294	-21.467995	115.161951	-86.188800
	0.037303	-21.333612	115.161951	-86.248400
	0.037313	-21.804139	115.161951	-86.248400
	0.037322	-21.513736	115.161951	-86.248400
	0.037332	-21.702289	115.161951	-86.248400
	0.037341	-21.007147	115.161951	-86.308000
	0.037351	-21.238008	115.161951	-86.367600
	0.037360	-21.454779	115.161951	-86.308000
	0.037370	-21.152948	115.161951	-86.308000
	0.037379	-21.387966	115.161951	-86.308000
	0.037389	-21.440189	115.161951	-86.367600
	0.037398	-21.576045	115.161951	-86.367600
	0.037408	-20.721239	115.161951	-86.367600
	0.037417	-21.908381	115.161951	-86.367600
	0.037427	-21.956979	115.161951	-86.486800
	0.037436	-21.951081	115.161951	-86.486800
	0.037446	-22.674565	115.161951	-86.486800
	0.037455	-22.259915	115.161951	-86.486800
	0.037464	-23.275026	115.161951	-86.486800
	0.037474	-22.825944	115.161951	-86.486800
	0.037483	-23.708191	115.161951	-86.546400
	0.037493	-21.899076	115.161951	-86.546400
	0.037502	-21.505182	115.161951	-86.546400
	0.037512	-21.224944	115.161951	-86.546400
	0.037521	-22.361741	115.161951	-86.606000
	0.037531	-21.076869	115.161951	-86.606000
	0.037540	-21.844438	115.161951	-86.606000
	0.037550	-21.863782	115.161951	-86.606000
	0.037559	-22.273644	115.161951	-86.546400
	0.037569	-21.330020	115.161951	-86.546400
	0.037578	-21.945530	115.161951	-86.546400
	0.037588	-20.761599	115.161951	-86.606000
	0.037597	-22.506906	115.161951	-86.665600
	0.037606	-21.710428	115.161951	-86.665600
	0.037616	-21.128657	115.161951	-86.606000
	0.037625	-22.542531	115.161951	-86.606000
	0.037635	-21.904441	115.161951	-86.665600
	0.037644	-21.949720	115.161951	-86.725200
	0.037654	-21.793607	115.161951	-86.784800
	0.037663	-22.517454	115.161951	-86.784800
	0.037673	-21.214884	115.161951	-86.784800
	0.037682	-20.730942	115.161951	-86.784800
	0.037692	-21.896821	115.161951	-86.784800
	0.037701	-21.733223	115.161951	-86.784800
	0.037711	-21.464566	115.161951	-86.784800
	0.037720	-22.097240	115.161951	-86.665600
	0.037730	-20.820739	115.161951	-86.665600
	0.037739	-22.361607	115.161951	-86.725200
	0.037748	-22.025765	115.161951	-86.665600
	0.037758	-21.177925	115.161951	-86.725200
	0.037767	-20.777156	115.161951	-86.725200
	0.037777	-20.782863	115.161951	-86.725200
	0.037786	-21.646412	115.161951	-86.844400
	0.037796	-21.694395	115.161951	-86.904000
	0.037805	-20.655182	115.161951	-86.904000
	0.037815	-22.570767	115.161951	-86.904000
	0.037824	-21.932884	115.161951	-86.904000
	0.037834	-22.383681	115.161951	-86.904000
	0.037843	-21.660428	115.161951	-86.963600
	0.037853	-21.183464	115.161951	-86.963600
	0.037862	-21.695293	115.161951	-86.963600
	0.037872	-21.685039	115.161951	-87.023200
	0.037881	-20.873295	115.161951	-87.082900
	0.037891	-21.226802	115.161951	-87.142500
	0.037900	-21.585441	115.161951	-87.202100
	0.037909	-21.369378	115.161951	-87.202100
	0.037919	-21.918345	115.161951	-87.261700
	0.037928	-21.117446	115.161951	-87.202100
	0.037938	-22.019267	115.161951	-87.261700
	0.037947	-21.499745	115.161951	-87.321300
	0.037957	-21.065780	115.161951	-87.261700
	0.037966	-22.451890	115.161951	-87.321300
	0.037976	-21.826617	115.161951	-87.380900
	0.037985	-21.698559	115.161951	-87.380900
	0.037995	-21.445951	115.161951	-87.380900
	0.038004	-22.176511	115.161951	-87.380900
	0.038014	-21.136761	115.161951	-87.380900
	0.038023	-20.445794	115.161951	-87.380900
	0.038033	-21.853527	115.161951	-87.380900
	0.038042	-21.287876	115.161951	-87.380900
	0.038051	-21.961702	115.161951	-87.440500
	0.038061	-22.424296	115.161951	-87.440500
	0.038070	-21.715485	115.161951	-87.500100
	0.038080	-21.769925	115.161951	-87.500100
	0.038089	-21.217819	115.161951	-87.619300
	0.038099	-20.980194	115.161951	-87.619300
	0.038108	-22.665700	115.161951	-87.619300
	0.038118	-21.956760	115.161951	-87.619300
	0.038127	-21.826410	115.161951	-87.619300
	0.038137	-21.902835	115.161951	-87.678900
	0.038146	-22.275450	115.161951	-87.738500
	0.038156	-22.891047	115.161951	-87.738500
	0.038165	-22.129959	115.161951	-87.798100
	0.038175	-21.891966	115.161951	-87.798100
	0.038184	-21.922182	115.161951	-87.798100
	0.038194	-22.174104	115.161951	-87.798100
	0.038203	-22.808448	115.161951	-87.738500
	0.038212	-22.343721	115.161951	-87.738500
	0.038222	-21.943765	115.161951	-87.738500
	0.038231	-22.494401	115.161951	-87.738500
	0.038241	-22.451043	115.161951	-87.857700
	0.038250	-21.638782	115.161951	-87.917300
	0.038260	-22.098285	115.161951	-87.917300
	0.038269	-22.617342	115.161951	-87.917300
	0.038279	-22.402533	115.161951	-87.976900
	0.038288	-21.916204	115.161951	-87.976900
	0.038298	-22.533641	115.161951	-87.976900
	0.038307	-22.650260	115.161951	-87.917300
	0.038317	-22.110603	115.161951	-87.976900
	0.038326	-21.646268	115.161951	-87.976900
	0.038336	-20.773668	115.161951	-88.036500
	0.038345	-21.610101	115.161951	-88.036500
	0.038354	-21.757995	115.161951	-87.976900
	0.038364	-21.013493	115.161951	-88.036500
	0.038373	-22.996879	115.161951	-88.036500
	0.038383	-22.184369	115.161951	-88.036500
	0.038392	-21.104245	115.161951	-88.096100
	0.038402	-21.907677	115.161951	-88.036500
	0.038411	-21.202425	115.161951	-88.036500
	0.038421	-22.249493	115.161951	-88.036500
	0.038430	-23.758724	115.161951	-88.036500
	0.038440	-22.658897	115.161951	-88.096100
	0.038449	-23.344849	115.161951	-88.096100
	0.038459	-23.151891	115.161951	-88.096100
	0.038468	-22.526566	115.161951	-88.096100
	0.038478	-21.855049	115.161951	-88.096100
	0.038487	-22.843578	115.161951	-88.215300
	0.038497	-21.709310	115.161951	-88.274900
	0.038506	-22.178306	115.161951	-88.334500
	0.038515	-22.784983	115.161951	-88.334500
	0.038525	-22.397242	115.161951	-88.334500
	0.038534	-22.245695	115.161951	-88.334500
	0.038544	-22.802590	115.161951	-88.334500
	0.038553	-22.982778	115.161951	-88.453800
	0.038563	-22.444776	115.161951	-88.453800
	0.038572	-22.571827	115.161951	-88.513400
	0.038582	-21.299354	115.161951	-88.513400
	0.038591	-21.680686	115.161951	-88.513400
	0.038601	-22.575071	115.161951	-88.573000
	0.038610	-23.334037	115.161951	-88.573000
	0.038620	-22.455460	115.161951	-88.573000
	0.038629	-22.336639	115.161951	-88.573000
	0.038639	-23.196198	115.161951	-88.573000
	0.038648	-21.509925	115.161951	-88.573000
	0.038657	-21.945947	115.161951	-88.632600
	0.038667	-22.149999	115.161951	-88.692200
	0.038676	-21.949869	115.161951	-88.751800
	0.038686	-22.991647	115.161951	-88.751800
	0.038695	-22.402804	115.161951	-88.751800
	0.038705	-22.686008	115.161951	-88.751800
	0.038714	-22.205072	115.161951	-88.751800
	0.038724	-22.036771	115.161951	-88.811400
	0.038733	-22.669381	115.161951	-88.871000
	0.038743	-21.213134	115.161951	-88.930600
	0.038752	-22.552987	115.161951	-88.930600
	0.038762	-21.577322	115.161951	-88.871000
	0.038771	-21.807110	115.161951	-88.930600
	0.038781	-23.293615	115.161951	-88.930600
	0.038790	-22.170246	115.161951	-88.930600
	0.038800	-22.514064	115.161951	-88.990200
	0.038809	-22.895601	115.161951	-88.990200
	0.038818	-22.416407	115.161951	-88.930600
	0.038828	-22.953617	115.161951	-88.990200
	0.038837	-23.448657	115.161951	-89.049800
	0.038847	-22.914064	115.161951	-89.109400
	0.038856	-22.615474	115.161951	-89.109400
	0.038866	-23.397701	115.161951	-89.109400
	0.038875	-23.167833	115.161951	-89.169000
	0.038885	-23.077557	115.161951	-89.169000
	0.038894	-23.224981	115.161951	-89.169000
	0.038904	-23.141582	115.161951	-89.169000
	0.038913	-23.681885	115.161951	-89.169000
	0.038923	-22.944889	115.161951	-89.109400
	0.038932	-23.328590	115.161951	-89.169000
	0.038942	-23.792614	115.161951	-89.228600
	0.038951	-23.036495	115.161951	-89.228600
	0.038960	-22.933182	115.161951	-89.288200
	0.038970	-21.878271	115.161951	-89.347800
	0.038979	-22.893691	115.161951	-89.347800
	0.038989	-22.771119	115.161951	-89.407400
	0.038998	-22.169770	115.161951	-89.467000
	0.039008	-22.608514	115.161951	-89.526600
	0.039017	-22.044981	115.161951	-89.526600
	0.039027	-22.345412	115.161951	-89.526600
	0.039036	-23.421876	115.161951	-89.586200
	0.039046	-22.729959	115.161951	-89.645900
	0.039055	-23.196498	115.161951	-89.645900
	0.039065	-24.039956	115.161951	-89.586200
	0.039074	-23.143969	115.161951	-89.586200
	0.039084	-23.161885	115.161951	-89.705500
	0.039093	-24.301166	115.161951	-89.705500
	0.039103	-25.393738	115.161951	-89.705500
	0.039112	-23.329591	115.161951	-89.705500
	0.039121	-23.828831	115.161951	-89.705500
	0.039131	-23.302742	115.161951	-89.705500
	0.039140	-22.334457	115.161951	-89.765100
	0.039150	-24.064449	115.161951	-89.824700
	0.039159	-22.882254	115.161951	-89.824700
	0.039169	-23.955150	115.161951	-89.943900
	0.039178	-23.876100	115.161951	-89.943900
	0.039188	-24.527430	115.161951	-90.003500
	0.039197	-24.122769	115.161951	-90.063100
	0.039207	-23.807208	115.161951	-90.063100
	0.039216	-23.022890	115.161951	-90.122700
	0.039226	-23.905568	115.161951	-90.182300
	0.039235	-23.740699	115.161951	-90.182300
	0.039245	-22.939757	115.161951	-90.241900
	0.039254	-22.244641	115.161951	-90.241900
	0.039263	-23.272922	115.161951	-90.241900
	0.039273	-22.450166	115.161951	-90.301500
	0.039282	-22.450721	115.161951	-90.241900
	0.039292	-23.117914	115.161951	-90.361100
	0.039301	-22.235751	115.161951	-90.361100
	0.039311	-21.937216	115.161951	-90.480300
	0.039320	-23.085664	115.161951	-90.480300
	0.039330	-23.238384	115.161951	-90.420700
	0.039339	-22.589423	115.161951	-90.480300
	0.039349	-23.371814	115.161951	-90.480300
	0.039358	-22.281176	115.161951	-90.480300
	0.039368	-21.942528	115.161951	-90.539900
	0.039377	-22.141956	115.161951	-90.539900
	0.039387	-23.195400	115.161951	-90.599500
	0.039396	-20.682797	115.161951	-90.599500
	0.039406	-23.042111	115.161951	-90.599500
	0.039415	-22.968177	115.161951	-90.599500
	0.039424	-24.111882	115.161951	-90.659100
	0.039434	-23.628157	115.161951	-90.718700
	0.039443	-23.807423	115.161951	-90.718700
	0.039453	-23.539681	115.161951	-90.778300
	0.039462	-22.395804	115.161951	-90.778300
	0.039472	-22.950979	115.161951	-90.778300
	0.039481	-23.615662	115.161951	-90.778300
	0.039491	-23.222204	115.161951	-90.778300
	0.039500	-22.682373	115.161951	-90.837900
	0.039510	-22.634576	115.161951	-90.837900
	0.039519	-22.241874	115.161951	-90.837900
	0.039529	-22.559376	115.161951	-90.837900
	0.039538	-23.173606	115.161951	-90.778300
	0.039548	-22.877008	115.161951	-90.778300
	0.039557	-22.925634	115.161951	-90.778300
	0.039566	-22.117116	115.161951	-90.778300
	0.039576	-21.854841	115.161951	-90.837900
	0.039585	-22.791142	115.161951	-90.957200
	0.039595	-22.544488	115.161951	-91.076400
	0.039604	-22.819288	115.161951	-91.076400
	0.039614	-23.172930	115.161951	-91.076400
	0.039623	-23.231417	115.161951	-91.136000
	0.039633	-23.986934	115.161951	-91.195600
	0.039642	-24.305065	115.161951	-91.314800
	0.039652	-23.382559	115.161951	-91.434000
	0.039661	-22.469239	115.161951	-91.493600
	0.039671	-23.108312	115.161951	-91.553200
	0.039680	-24.382562	115.161951	-91.553200
	0.039690	-24.443071	115.161951	-91.612800
	0.039699	-23.943423	115.161951	-91.672400
	0.039709	-24.666936	115.161951	-91.672400
	0.039718	-24.952350	115.161951	-91.672400
	0.039727	-23.428151	115.161951	-91.672400
	0.039737	-24.574527	115.161951	-91.732000
	0.039746	-24.437090	115.161951	-91.791600
	0.039756	-24.774915	115.161951	-91.791600
	0.039765	-25.076232	115.161951	-91.672400
	0.039775	-24.525871	115.161951	-91.612800
	0.039784	-24.760787	115.161951	-91.672400
	0.039794	-25.044286	115.161951	-91.672400
	0.039803	-25.826487	115.161951	-91.612800
	0.039813	-25.447205	115.161951	-91.612800
	0.039822	-24.238990	115.161951	-91.672400
	0.039832	-25.097615	115.161951	-91.732000
	0.039841	-24.943710	115.161951	-91.851200
	0.039851	-24.660195	115.161951	-91.910800
	0.039860	-24.471079	115.161951	-91.970400
	0.039869	-24.401573	115.161951	-91.910800
	0.039879	-24.308034	115.161951	-91.910800
	0.039888	-25.015932	115.161951	-91.910800
	0.039898	-24.526833	115.161951	-91.791600
	0.039907	-25.182192	115.161951	-91.612800
	0.039917	-24.800431	115.161951	-91.553200
	0.039926	-24.951647	115.161951	-91.553200
	0.039936	-24.975266	115.161951	-91.612800
	0.039945	-24.780314	115.161951	-91.612800
	0.039955	-24.674030	115.161951	-91.612800
	0.039964	-25.131585	115.161951	-91.672400
	0.039974	-24.809886	115.161951	-91.612800
	0.039983	-24.926111	115.161951	-91.612800
	0.039993	-25.148810	115.161951	-91.612800
	0.040002	-24.785717	115.161951	-91.612800
	0.040012	-23.998419	115.161951	-91.612800
	0.040021	-25.301363	115.161951	-91.553200
	0.040030	-24.917490	115.161951	-91.493600
	0.040040	-23.936479	115.161951	-91.612800
	0.040049	-24.763660	115.161951	-91.672400
	0.040059	-24.877576	115.161951	-91.732000
	0.040068	-25.173386	115.161951	-91.672400
	0.040078	-24.293997	115.161951	-91.612800
	0.040087	-26.124336	115.161951	-91.612800
	0.040097	-25.361695	115.161951	-91.672400
	0.040106	-25.054405	115.161951	-91.732000
	0.040116	-26.289426	115.161951	-91.732000
	0.040125	-26.000745	115.161951	-91.732000
	0.040135	-24.793980	115.161951	-91.791600
	0.040144	-24.976547	115.161951	-91.851200
	0.040154	-25.000064	115.161951	-91.851200
	0.040163	-25.177987	115.161951	-91.851200
	0.040172	-25.343819	115.161951	-91.851200
	0.040182	-25.410023	115.161951	-91.851200
	0.040191	-25.401028	115.161951	-91.910800
	0.040201	-24.943693	115.161951	-91.970400
	0.040210	-24.480423	115.161951	-91.970400
	0.040220	-24.686396	115.161951	-92.030000
	0.040229	-24.865841	115.161951	-92.089600
	0.040239	-25.383276	115.161951	-92.149200
	0.040248	-25.434284	115.161951	-92.149200
	0.040258	-25.794964	115.161951	-92.149200
	0.040267	-26.419201	115.161951	-92.149200
	0.040277	-25.509403	115.161951	-92.149200
	0.040286	-25.261255	115.161951	-92.208900
	0.040296	-26.167446	115.161951	-92.268500
	0.040305	-26.148619	115.161951	-92.268500
	0.040315	-26.368414	115.161951	-92.268500
	0.040324	-26.316060	115.161951	-92.328100
	0.040333	-25.962562	115.161951	-92.387700
	0.040343	-27.193549	115.161951	-92.506900
	0.040352	-26.407459	115.161951	-92.566500
	0.040362	-25.757640	115.161951	-92.566500
	0.040371	-26.800514	115.161951	-92.566500
	0.040381	-26.071482	115.161951	-92.566500
	0.040390	-26.631976	115.161951	-92.685700
	0.040400	-27.043642	115.161951	-92.685700
	0.040409	-26.898584	115.161951	-92.685700
	0.040419	-26.316803	115.161951	-92.685700
	0.040428	-27.596523	115.161951	-92.804900
	0.040438	-26.340438	115.161951	-92.804900
	0.040447	-26.058275	115.161951	-92.864500
	0.040457	-25.196556	115.161951	-92.804900
	0.040466	-25.850239	115.161951	-92.685700
	0.040475	-26.252057	115.161951	-91.851200
	0.040485	-26.243056	115.161951	-91.612800
	0.040494	-27.380942	115.161951	-91.255200
	0.040504	-27.646537	115.161951	-90.837900
	0.040513	-27.534420	115.161951	-90.718700
	0.040523	-27.733247	115.161951	-90.659100
	0.040532	-27.393794	115.161951	-90.659100
	0.040542	-28.205192	115.161951	-90.778300
	0.040551	-28.304968	115.161951	-90.778300
	0.040561	-28.495390	115.161951	-90.778300
	0.040570	-28.124038	115.161951	-90.837900
	0.040580	-28.419759	115.161951	-90.837900
	0.040589	-29.279362	115.161951	-90.837900
	0.040599	-29.170610	115.161951	-90.837900
	0.040608	-28.437683	115.161951	-90.897500
	0.040618	-27.832559	115.161951	-91.016800
	0.040627	-29.413496	115.161951	-90.957200
	0.040636	-28.884544	115.161951	-90.957200
	0.040646	-28.042988	115.161951	-91.016800
	0.040655	-27.787476	115.161951	-91.016800
	0.040665	-28.197662	115.161951	-91.016800
	0.040674	-27.524355	115.161951	-90.837900
	0.040684	-28.547204	115.161951	-90.599500
	0.040693	-28.557824	115.161951	-90.480300
	0.040703	-29.340744	115.161951	-90.480300
	0.040712	-29.621098	115.161951	-90.480300
	0.040722	-30.199808	115.161951	-90.420700
	0.040731	-29.053750	115.161951	-90.420700
	0.040741	-29.145376	115.161951	-90.539900
	0.040750	-29.524510	115.161951	-90.599500
	0.040760	-29.151362	115.161951	-90.659100
	0.040769	-29.807216	115.161951	-90.718700
	0.040778	-29.447130	115.161951	-90.718700
	0.040788	-29.040670	115.161951	-90.718700
	0.040797	-29.588445	115.161951	-90.778300
	0.040807	-29.795859	115.161951	-90.718700
	0.040816	-29.653063	115.161951	-90.420700
	0.040826	-29.182476	115.161951	-90.420700
	0.040835	-29.141550	115.161951	-90.420700
	0.040845	-30.339345	115.161951	-90.480300
	0.040854	-30.631922	115.161951	-90.599500
	0.040864	-29.687570	115.161951	-90.659100
	0.040873	-29.894067	115.161951	-90.718700
	0.040883	-29.652721	115.161951	-90.718700
	0.040892	-30.392176	115.161951	-90.659100
	0.040902	-30.691736	115.161951	-90.659100
	0.040911	-30.814566	115.161951	-90.718700
	0.040921	-29.650543	115.161951	-90.718700
	0.040930	-31.195241	115.161951	-90.778300
	0.040939	-30.296927	115.161951	-90.897500
	0.040949	-29.740509	115.161951	-90.897500
	0.040958	-29.789915	115.161951	-90.837900
	0.040968	-30.124856	115.161951	-90.897500
	0.040977	-29.600392	115.161951	-90.897500
	0.040987	-30.392129	115.161951	-91.016800
	0.040996	-29.131814	115.161951	-91.076400
	0.041006	-30.089271	115.161951	-91.136000
	0.041015	-29.361763	115.161951	-91.136000
	0.041025	-29.174136	115.161951	-91.136000
	0.041034	-28.977713	115.161951	-91.195600
	0.041044	-28.455560	115.161951	-91.255200
	0.041053	-29.019883	115.161951	-91.314800
	0.041063	-30.510083	115.161951	-91.314800
	0.041072	-29.218957	115.161951	-91.374400
	0.041081	-29.871804	115.161951	-91.314800
	0.041091	-30.265857	115.161951	-91.374400
	0.041100	-30.524393	115.161951	-91.493600
	0.041110	-29.489387	115.161951	-91.493600
	0.041119	-30.177167	115.161951	-91.553200
	0.041129	-29.245805	115.161951	-91.493600
	0.041138	-30.141082	115.161951	-91.493600
	0.041148	-30.457271	115.161951	-91.553200
	0.041157	-29.455295	115.161951	-91.553200
	0.041167	-29.640074	115.161951	-91.493600
	0.041176	-30.426940	115.161951	-91.434000
	0.041186	-31.387872	115.161951	-91.314800
	0.041195	-30.623317	115.161951	-91.255200
	0.041205	-31.414199	115.161951	-91.195600
	0.041214	-30.769404	115.161951	-91.136000
	0.041224	-30.482104	115.161951	-91.136000
	0.041233	-29.837637	115.161951	-91.136000
	0.041242	-30.011330	115.161951	-91.195600
	0.041252	-29.605035	115.161951	-91.136000
	0.041261	-31.048834	115.161951	-91.016800
	0.041271	-30.476769	115.161951	-90.957200
	0.041280	-30.947288	115.161951	-91.016800
	0.041290	-32.747211	115.161951	-90.897500
	0.041299	-32.716001	115.161951	-90.718700
	0.041309	-33.292260	115.161951	-90.659100
	0.041318	-32.434704	115.161951	-90.659100
	0.041328	-33.348796	115.161951	-90.659100
	0.041337	-33.757139	115.161951	-90.718700
	0.041347	-34.190834	115.161951	-90.778300
	0.041356	-34.398943	115.161951	-90.778300
	0.041366	-33.335145	115.161951	-90.718700
	0.041375	-34.880915	115.161951	-90.778300
	0.041384	-34.295912	115.161951	-90.837900
	0.041394	-33.574377	115.161951	-90.837900
	0.041403	-33.880172	115.161951	-90.778300
	0.041413	-33.930897	115.161951	-90.778300
	0.041422	-34.473561	115.161951	-90.718700
	0.041432	-34.446490	115.161951	-90.718700
	0.041441	-34.075557	115.161951	-90.718700
	0.041451	-33.791772	115.161951	-90.718700
	0.041460	-32.561166	115.161951	-90.718700
	0.041470	-34.337885	115.161951	-90.778300
	0.041479	-33.191231	115.161951	-90.837900
	0.041489	-33.132715	115.161951	-90.837900
	0.041498	-34.005419	115.161951	-90.957200
	0.041508	-33.686371	115.161951	-91.016800
	0.041517	-34.250873	115.161951	-91.016800
	0.041527	-34.045637	115.161951	-90.957200
	0.041536	-33.734912	115.161951	-90.897500
	0.041545	-34.253500	115.161951	-90.837900
	0.041555	-34.384067	115.161951	-90.897500
	0.041564	-34.482427	115.161951	-90.957200
	0.041574	-33.219638	115.161951	-90.957200
	0.041583	-34.615439	115.161951	-90.778300
	0.041593	-34.862638	115.161951	-90.182300
	0.041602	-34.985917	115.161951	-90.003500
	0.041612	-36.124400	115.161951	-89.943900
	0.041621	-34.918098	115.161951	-89.884300
	0.041631	-34.224030	115.161951	-89.943900
	0.041640	-35.176508	115.161951	-90.003500
	0.041650	-34.270733	115.161951	-90.003500
	0.041659	-34.518814	115.161951	-90.003500
	0.041669	-35.497906	115.161951	-90.063100
	0.041678	-34.629330	115.161951	-90.063100
	0.041687	-34.789526	115.161951	-90.182300
	0.041697	-34.202791	115.161951	-90.182300
	0.041706	-34.643659	115.161951	-90.182300
	0.041716	-35.365379	115.161951	-90.122700
	0.041725	-35.562190	115.161951	-89.407400
	0.041735	-34.982383	115.161951	-89.169000
	0.041744	-35.744100	115.161951	-89.049800
	0.041754	-36.232101	115.161951	-88.930600
	0.041763	-35.774631	115.161951	-88.811400
	0.041773	-36.568252	115.161951	-88.811400
	0.041782	-35.962428	115.161951	-88.811400
	0.041792	-36.366975	115.161951	-88.871000
	0.041801	-35.331996	115.161951	-88.930600
	0.041811	-35.741858	115.161951	-88.871000
	0.041820	-35.673542	115.161951	-88.871000
	0.041829	-35.492982	115.161951	-88.871000
	0.041839	-35.285038	115.161951	-88.990200
	0.041848	-36.355311	115.161951	-89.109400
	0.041858	-36.048847	115.161951	-89.109400
	0.041867	-34.808473	115.161951	-89.049800
	0.041877	-35.188157	115.161951	-89.049800
	0.041886	-35.126087	115.161951	-89.109400
	0.041896	-35.037551	115.161951	-89.109400
	0.041905	-35.503898	115.161951	-89.109400
	0.041915	-35.558966	115.161951	-89.228600
	0.041924	-34.310901	115.161951	-89.228600
	0.041934	-35.275826	115.161951	-89.347800
	0.041943	-35.238458	115.161951	-89.407400
	0.041953	-35.818695	115.161951	-89.526600
	0.041962	-35.419156	115.161951	-89.586200
	0.041972	-35.459111	115.161951	-89.586200
	0.041981	-35.727610	115.161951	-89.586200
	0.041990	-36.247844	115.161951	-89.586200
	0.042000	-36.751408	115.161951	-89.645900
	0.042009	-36.031395	115.161951	-89.645900
	0.042019	-36.171629	115.161951	-89.645900
	0.042028	-37.181257	115.161951	-89.645900
	0.042038	-36.724560	115.161951	-89.645900
	0.042047	-36.825311	115.161951	-89.705500
	0.042057	-36.535220	115.161951	-89.765100
	0.042066	-37.775038	115.161951	-89.705500
	0.042076	-37.166496	115.161951	-89.705500
	0.042085	-36.743709	115.161951	-89.824700
	0.042095	-35.769536	115.161951	-89.824700
	0.042104	-36.607344	115.161951	-89.824700
	0.042114	-35.307690	115.161951	-89.824700
	0.042123	-36.116392	115.161951	-89.884300
	0.042132	-36.352247	115.161951	-90.003500
	0.042142	-35.411518	115.161951	-90.003500
	0.042151	-37.224089	115.161951	-90.003500
	0.042161	-36.058980	115.161951	-90.003500
	0.042170	-36.333123	115.161951	-90.003500
	0.042180	-36.615935	115.161951	-90.003500
	0.042189	-36.887479	115.161951	-90.063100
	0.042199	-36.976499	115.161951	-90.003500
	0.042208	-35.295729	115.161951	-90.003500
	0.042218	-36.109683	115.161951	-90.063100
	0.042227	-36.239934	115.161951	-90.003500
	0.042237	-36.810579	115.161951	-90.063100
	0.042246	-36.198462	115.161951	-90.182300
	0.042256	-36.157216	115.161951	-90.241900
	0.042265	-37.633569	115.161951	-90.301500
	0.042275	-36.986467	115.161951	-90.301500
	0.042284	-36.096110	115.161951	-90.361100
	0.042293	-36.299487	115.161951	-90.420700
	0.042303	-36.350855	115.161951	-90.361100
	0.042312	-35.448293	115.161951	-90.301500
	0.042322	-36.408512	115.161951	-90.301500
	0.042331	-35.324675	115.161951	-90.301500
	0.042341	-36.435029	115.161951	-90.420700
	0.042350	-38.116236	115.161951	-90.063100
	0.042360	-39.339923	115.161951	-89.228600
	0.042369	-43.842297	115.161951	-87.500100
	0.042379	-43.737513	115.161951	-86.844400
	0.042388	-44.411175	115.161951	-86.784800
	0.042398	-44.324698	115.161951	-86.725200
	0.042407	-43.900616	115.161951	-86.784800
	0.042417	-45.025622	115.161951	-86.784800
	0.042426	-44.042999	115.161951	-86.665600
	0.042435	-44.585439	115.161951	-86.427200
	0.042445	-46.095352	115.161951	-86.248400
	0.042454	-45.771434	115.161951	-86.129200
	0.042464	-45.735751	115.161951	-86.069600
	0.042473	-46.024731	115.161951	-86.010000
	0.042483	-44.718450	115.161951	-86.010000
	0.042492	-45.444152	115.161951	-86.010000
	0.042502	-45.565090	115.161951	-86.069600
	0.042511	-45.863084	115.161951	-86.069600
	0.042521	-47.230904	115.161951	-86.129200
	0.042530	-47.454265	115.161951	-86.188800
	0.042540	-47.712292	115.161951	-86.308000
	0.042549	-47.079702	115.161951	-86.308000
	0.042559	-46.906565	115.161951	-86.367600
	0.042568	-48.062793	115.161951	-86.308000
	0.042578	-46.037772	115.161951	-86.308000
	0.042587	-47.484286	115.161951	-86.367600
	0.042596	-47.084037	115.161951	-86.486800
	0.042606	-49.161343	115.161951	-85.890800
	0.042615	-49.737258	115.161951	-85.413900
	0.042625	-48.895254	115.161951	-85.354300
	0.042634	-49.970780	115.161951	-85.354300
	0.042644	-49.438417	115.161951	-85.354300
	0.042653	-49.878609	115.161951	-85.354300
	0.042663	-49.766609	115.161951	-85.294700
	0.042672	-50.271765	115.161951	-85.294700
	0.042682	-50.782578	115.161951	-85.235100
	0.042691	-49.935483	115.161951	-85.354300
	0.042701	-50.203869	115.161951	-85.592700
	0.042710	-50.830945	115.161951	-85.711900
	0.042720	-50.328885	115.161951	-85.771500
	0.042729	-50.632855	115.161951	-85.771500
	0.042738	-51.026982	115.161951	-85.652300
	0.042748	-51.918736	115.161951	-84.758300
	0.042757	-52.333889	115.161951	-84.281400
	0.042767	-51.961998	115.161951	-84.162200
	0.042776	-51.393359	115.161951	-84.162200
	0.042786	-52.886489	115.161951	-84.162200
	0.042795	-52.822738	115.161951	-84.162200
	0.042805	-51.596588	115.161951	-84.162200
	0.042814	-51.679261	115.161951	-84.281400
	0.042824	-51.419801	115.161951	-84.221800
	0.042833	-52.096400	115.161951	-84.162200
	0.042843	-52.309289	115.161951	-84.162200
	0.042852	-52.363584	115.161951	-84.281400
	0.042862	-51.252519	115.161951	-84.341000
	0.042871	-52.072520	115.161951	-84.341000
	0.042881	-52.270705	115.161951	-84.400600
	0.042890	-52.493974	115.161951	-84.400600
	0.042899	-51.957032	115.161951	-84.341000
	0.042909	-52.424392	115.161951	-84.341000
	0.042918	-52.530119	115.161951	-84.400600
	0.042928	-51.666967	115.161951	-84.460200
	0.042937	-52.043744	115.161951	-84.519900
	0.042947	-52.370316	115.161951	-84.579500
	0.042956	-53.712153	115.161951	-84.579500
	0.042966	-51.889295	115.161951	-84.579500
	0.042975	-51.926065	115.161951	-84.639100
	0.042985	-52.719177	115.161951	-84.698700
	0.042994	-52.410870	115.161951	-84.698700
	0.043004	-52.639812	115.161951	-84.758300
	0.043013	-52.511159	115.161951	-84.758300
	0.043023	-52.906602	115.161951	-84.698700
	0.043032	-53.804096	115.161951	-84.698700
	0.043041	-53.035926	115.161951	-84.758300
	0.043051	-52.934194	115.161951	-84.877500
	0.043060	-52.733215	115.161951	-85.235100
	0.043070	-52.573222	115.161951	-85.294700
	0.043079	-53.530171	115.161951	-85.354300
	0.043089	-54.108510	115.161951	-85.235100
	0.043098	-53.783081	115.161951	-85.175500
	0.043108	-53.778748	115.161951	-85.235100
	0.043117	-53.135731	115.161951	-85.235100
	0.043127	-53.250772	115.161951	-85.235100
	0.043136	-54.780210	115.161951	-85.175500
	0.043146	-54.051797	115.161951	-85.175500
	0.043155	-53.234130	115.161951	-84.817900
	0.043165	-55.714004	115.161951	-83.983400
	0.043174	-56.135220	115.161951	-83.506600
	0.043184	-56.114495	115.161951	-83.506600
	0.043193	-55.182325	115.161951	-83.506600
	0.043202	-56.252782	115.161951	-83.506600
	0.043212	-55.364613	115.161951	-83.506600
	0.043221	-56.371281	115.161951	-83.447000
	0.043231	-56.461747	115.161951	-83.327800
	0.043240	-55.831285	115.161951	-83.387400
	0.043250	-56.273158	115.161951	-83.387400
	0.043259	-56.102285	115.161951	-83.387400
	0.043269	-56.868458	115.161951	-83.268200
	0.043278	-56.379993	115.161951	-83.268200
	0.043288	-57.828139	115.161951	-83.685400
	0.043297	-59.195675	115.161951	-83.804600
	0.043307	-58.054579	115.161951	-83.864200
	0.043316	-57.923277	115.161951	-83.864200
	0.043326	-58.646812	115.161951	-83.864200
	0.043335	-59.585320	115.161951	-83.983400
	0.043344	-60.352319	115.161951	-83.983400
	0.043354	-58.356355	115.161951	-83.983400
	0.043363	-59.018472	115.161951	-83.864200
	0.043373	-60.579153	115.161951	-83.804600
	0.043382	-60.584174	115.161951	-83.685400
	0.043392	-60.463030	115.161951	-83.506600
	0.043401	-60.490504	115.161951	-83.447000
	0.043411	-60.764131	115.161951	-83.447000
	0.043420	-59.365402	115.161951	-83.387400
	0.043430	-60.604817	115.161951	-83.387400
	0.043439	-60.937321	115.161951	-83.447000
	0.043449	-59.848423	115.161951	-83.447000
	0.043458	-60.791167	115.161951	-83.506600
	0.043468	-60.267001	115.161951	-83.506600
	0.043477	-60.080421	115.161951	-83.506600
	0.043487	-60.028945	115.161951	-83.506600
	0.043496	-60.235995	115.161951	-83.566200
	0.043505	-60.298064	115.161951	-83.506600
	0.043515	-60.316784	115.161951	-83.506600
	0.043524	-59.587934	115.161951	-83.447000
	0.043534	-59.822625	115.161951	-83.447000
	0.043543	-59.422905	115.161951	-83.447000
	0.043553	-60.082834	115.161951	-83.506600
	0.043562	-60.572136	115.161951	-83.506600
	0.043572	-60.565926	115.161951	-83.506600
	0.043581	-61.786366	115.161951	-83.566200
	0.043591	-59.511418	115.161951	-83.566200
	0.043600	-60.499405	115.161951	-83.447000
	0.043610	-61.080564	115.161951	-83.208500
	0.043619	-61.091919	115.161951	-83.089300
	0.043629	-61.054432	115.161951	-83.029700
	0.043638	-64.718658	115.161951	-81.897200
	0.043647	-65.577642	115.161951	-81.062800
	0.043657	-65.417212	115.161951	-80.764800
	0.043666	-66.299117	115.161951	-80.764800
	0.043676	-65.306763	115.161951	-80.764800
	0.043685	-66.462105	115.161951	-80.764800
	0.043695	-66.714255	115.161951	-80.764800
	0.043704	-64.799788	115.161951	-80.824400
	0.043714	-64.919451	115.161951	-80.824400
	0.043723	-65.647028	115.161951	-80.764800
	0.043733	-65.850329	115.161951	-80.764800
	0.043742	-66.103908	115.161951	-80.764800
	0.043752	-65.847816	115.161951	-80.705200
	0.043761	-66.551517	115.161951	-80.705200
	0.043771	-65.803276	115.161951	-80.705200
	0.043780	-66.229826	115.161951	-80.645600
	0.043790	-65.449814	115.161951	-80.645600
	0.043799	-66.668078	115.161951	-80.645600
	0.043808	-66.675166	115.161951	-80.645600
	0.043818	-66.206601	115.161951	-80.585900
	0.043827	-66.633963	115.161951	-80.645600
	0.043837	-66.440929	115.161951	-80.705200
	0.043846	-65.857578	115.161951	-80.705200
	0.043856	-66.537014	115.161951	-80.705200
	0.043865	-67.369749	115.161951	-80.705200
	0.043875	-66.316089	115.161951	-80.705200
	0.043884	-67.134371	115.161951	-80.824400
	0.043894	-68.615873	115.161951	-80.705200
	0.043903	-68.010941	115.161951	-80.466700
	0.043913	-68.236877	115.161951	-80.347500
	0.043922	-69.561070	115.161951	-79.989900
	0.043932	-73.616017	115.161951	-78.678600
	0.043941	-74.631702	115.161951	-78.082600
	0.043950	-74.399253	115.161951	-77.903700
	0.043960	-73.665943	115.161951	-77.903700
	0.043969	-74.727253	115.161951	-77.963300
	0.043979	-73.296351	115.161951	-77.963300
	0.043988	-75.417861	115.161951	-77.963300
	0.043998	-74.376974	115.161951	-78.022900
	0.044007	-74.786880	115.161951	-78.082600
	0.044017	-74.681531	115.161951	-78.082600
	0.044026	-75.169559	115.161951	-77.963300
	0.044036	-75.211834	115.161951	-77.963300
	0.044045	-74.162332	115.161951	-78.022900
	0.044055	-74.948198	115.161951	-78.082600
	0.044064	-75.476533	115.161951	-78.082600
	0.044074	-75.314473	115.161951	-78.082600
	0.044083	-75.888446	115.161951	-78.082600
	0.044093	-74.462942	115.161951	-78.142200
	0.044102	-75.098967	115.161951	-78.142200
	0.044111	-75.292106	115.161951	-78.201800
	0.044121	-75.635068	115.161951	-78.201800
	0.044130	-75.776081	115.161951	-78.082600
	0.044140	-74.978504	115.161951	-78.022900
	0.044149	-76.273057	115.161951	-78.082600
	0.044159	-75.169053	115.161951	-78.022900
	0.044168	-79.278308	115.161951	-77.128900
	0.044178	-78.797126	115.161951	-76.652000
	0.044187	-79.743777	115.161951	-76.473200
	0.044197	-81.215955	115.161951	-76.473200
	0.044206	-81.559232	115.161951	-76.473200
	0.044216	-80.692546	115.161951	-76.473200
	0.044225	-80.229162	115.161951	-76.473200
	0.044235	-80.320253	115.161951	-76.473200
	0.044244	-80.075323	115.161951	-76.532800
	0.044253	-79.140756	115.161951	-76.473200
	0.044263	-79.049527	115.161951	-76.473200
	0.044272	-79.544189	115.161951	-76.234800
	0.044282	-84.694350	115.161951	-74.446700
	0.044291	-85.214173	115.161951	-73.195000
	0.044301	-84.140945	115.161951	-72.896900
	0.044310	-85.916319	115.161951	-72.837300
	0.044320	-85.540641	115.161951	-72.896900
	0.044329	-85.443184	115.161951	-72.896900
	0.044339	-88.827708	115.161951	-72.539300
	0.044348	-96.411367	115.161951	-71.228000
	0.044358	-95.535409	115.161951	-70.512800
	0.044367	-96.895006	115.161951	-70.453200
	0.044377	-96.950551	115.161951	-70.333900
	0.044386	-95.236431	115.161951	-70.333900
	0.044396	-96.574457	115.161951	-70.333900
	0.044405	-95.649528	115.161951	-70.333900
	0.044414	-96.202125	115.161951	-70.393600
	0.044424	-96.279857	115.161951	-70.453200
	0.044433	-96.800839	115.161951	-70.512800
	0.044443	-96.071768	115.161951	-70.512800
	0.044452	-96.230445	115.161951	-70.453200
	0.044462	-96.878648	115.161951	-70.453200
	0.044471	-96.423704	115.161951	-70.333900
	0.044481	-97.241648	115.161951	-70.333900
	0.044490	-98.118167	115.161951	-70.274300
	0.044500	-98.116604	115.161951	-70.155100
	0.044509	-96.290842	115.161951	-70.095500
	0.044519	-101.100250	115.161951	-69.439900
	0.044528	-102.045946	115.161951	-68.963000
	0.044538	-101.033692	115.161951	-68.843800
	0.044547	-102.868875	115.161951	-68.545800
	0.044556	-102.645001	115.161951	-68.247800
	0.044566	-103.463498	115.161951	-68.128600
	0.044575	-103.805017	115.161951	-68.188200
	0.044585	-104.257113	115.161951	-68.247800
	0.044594	-102.873372	115.161951	-68.247800
	0.044604	-102.426374	115.161951	-68.307400
	0.044613	-102.661162	115.161951	-68.307400
	0.044623	-102.880787	115.161951	-68.247800
	0.044632	-102.657352	115.161951	-68.247800
	0.044642	-103.228215	115.161951	-68.247800
	0.044651	-103.963058	115.161951	-68.247800
	0.044661	-102.858154	115.161951	-68.247800
	0.044670	-102.442006	115.161951	-68.247800
	0.044680	-102.018914	115.161951	-68.247800
	0.044689	-103.527723	115.161951	-68.247800
	0.044699	-102.568692	115.161951	-68.188200
	0.044708	-102.562725	115.161951	-68.128600
	0.044717	-101.860765	115.161951	-68.128600
	0.044727	-102.677782	115.161951	-68.128600
	0.044736	-102.047447	115.161951	-68.188200
	0.044746	-102.369512	115.161951	-68.247800
	0.044755	-101.940918	115.161951	-68.188200
	0.044765	-101.710121	115.161951	-68.069000
	0.044774	-101.550911	115.161951	-68.069000
	0.044784	-101.323424	115.161951	-68.069000
	0.044793	-102.499394	115.161951	-68.128600
	0.044803	-102.063744	115.161951	-68.069000
	0.044812	-102.074222	115.161951	-68.069000
	0.044822	-101.485755	115.161951	-68.009400
	0.044831	-101.997335	115.161951	-68.069000
	0.044841	-102.499881	115.161951	-68.069000
	0.044850	-103.483694	115.161951	-68.069000
	0.044859	-101.562399	115.161951	-68.069000
	0.044869	-102.213990	115.161951	-68.069000
	0.044878	-102.722322	115.161951	-68.069000
	0.044888	-102.512595	115.161951	-68.128600
	0.044897	-102.838467	115.161951	-68.128600
	0.044907	-103.646337	115.161951	-68.128600
	0.044916	-102.433300	115.161951	-68.188200
	0.044926	-102.819450	115.161951	-68.128600
	0.044935	-103.445067	115.161951	-68.069000
	0.044945	-104.498987	115.161951	-68.128600
	0.044954	-103.460688	115.161951	-68.069000
	0.044964	-102.551457	115.161951	-68.128600
	0.044973	-103.789317	115.161951	-68.188200
	0.044983	-103.007664	115.161951	-68.188200
	0.044992	-103.460710	115.161951	-68.188200
	0.045002	-103.960393	115.161951	-68.247800
	0.045011	-103.708544	115.161951	-68.307400
	0.045020	-103.801600	115.161951	-68.307400
	0.045030	-103.850592	115.161951	-68.307400
	0.045039	-104.346991	115.161951	-68.307400
	0.045049	-102.226535	115.161951	-68.307400
	0.045058	-103.450126	115.161951	-68.247800
	0.045068	-103.534414	115.161951	-68.247800
	0.045077	-103.538768	115.161951	-68.188200
	0.045087	-103.239805	115.161951	-68.247800
	0.045096	-104.101546	115.161951	-68.247800
	0.045106	-111.206790	115.161951	-67.055700
	0.045115	-117.405877	115.161951	-64.492700
	0.045125	-117.684144	115.161951	-63.479400
	0.045134	-117.006281	115.161951	-63.300600
	0.045144	-116.755863	115.161951	-63.241000
	0.045153	-116.501715	115.161951	-63.181400
	0.045162	-117.383038	115.161951	-63.181400
	0.045172	-117.605513	115.161951	-63.181400
	0.045181	-117.577612	115.161951	-63.121800
	0.045191	-122.184644	115.161951	-62.108500
	0.045200	-124.175865	115.161951	-61.274000
	0.045210	-123.899948	115.161951	-61.035600
	0.045219	-124.900040	115.161951	-60.975800
	0.045229	-124.572877	115.161951	-60.975800
	0.045238	-124.596850	115.161951	-60.975800
	0.045248	-125.145737	115.161951	-60.975800
	0.045257	-124.954694	115.161951	-60.916200
	0.045267	-125.113413	115.161951	-60.856600
	0.045276	-124.565151	115.161951	-60.856600
	0.045286	-125.658005	115.161951	-60.677800
	0.045295	-124.767623	115.161951	-60.618200
	0.045305	-124.650950	115.161951	-60.618200
	0.045314	-125.525600	115.161951	-60.558600
	0.045323	-126.036212	115.161951	-60.558600
	0.045333	-126.694432	115.161951	-60.498900
	0.045342	-124.677965	115.161951	-60.558600
	0.045352	-125.480681	115.161951	-60.618200
	0.045361	-125.804552	115.161951	-60.618200
	0.045371	-126.041052	115.161951	-60.618200
	0.045380	-126.430583	115.161951	-60.558600
	0.045390	-124.321112	115.161951	-60.141300
	0.045399	-134.287616	115.161951	-57.637900
	0.045409	-135.041218	115.161951	-56.505400
	0.045418	-134.698415	115.161951	-56.267000
	0.045428	-134.901929	115.161951	-56.267000
	0.045437	-134.980254	115.161951	-56.267000
	0.045447	-134.406191	115.161951	-56.267000
	0.045456	-135.491858	115.161951	-56.207400
	0.045465	-135.464381	115.161951	-56.207400
	0.045475	-136.899887	115.161951	-55.969000
	0.045484	-135.921596	115.161951	-55.671000
	0.045494	-136.267601	115.161951	-55.611400
	0.045503	-135.760340	115.161951	-55.611400
	0.045513	-135.607659	115.161951	-55.671000
	0.045522	-137.186765	115.161951	-55.671000
	0.045532	-136.640440	115.161951	-55.671000
	0.045541	-137.048652	115.161951	-55.671000
	0.045551	-135.670684	115.161951	-55.671000
	0.045560	-136.295999	115.161951	-55.671000
	0.045570	-135.746186	115.161951	-55.671000
	0.045579	-137.159696	115.161951	-55.671000
	0.045589	-136.287832	115.161951	-55.492200
	0.045598	-135.875352	115.161951	-55.372900
	0.045608	-136.644487	115.161951	-55.372900
	0.045617	-136.121148	115.161951	-55.432600
	0.045626	-136.774142	115.161951	-55.432600
	0.045636	-135.948906	115.161951	-55.432600
	0.045645	-135.292078	115.161951	-55.432600
	0.045655	-136.649072	115.161951	-55.492200
	0.045664	-136.169371	115.161951	-55.432600
	0.045674	-134.900889	115.161951	-55.432600
	0.045683	-137.121877	115.161951	-55.432600
	0.045693	-135.571973	115.161951	-55.432600
	0.045702	-136.453851	115.161951	-55.432600
	0.045712	-136.660132	115.161951	-55.492200
	0.045721	-135.445397	115.161951	-55.492200
	0.045731	-136.711019	115.161951	-55.551800
	0.045740	-135.879089	115.161951	-55.492200
	0.045750	-138.816953	115.161951	-53.048400
	0.045759	-140.808860	115.161951	-51.677500
	0.045768	-140.703979	115.161951	-51.081400
	0.045778	-142.269405	115.161951	-50.962200
	0.045787	-141.890206	115.161951	-50.545000
	0.045797	-142.242121	115.161951	-50.366200
	0.045806	-141.428689	115.161951	-50.306600
	0.045816	-142.284279	115.161951	-50.306600
	0.045825	-141.972278	115.161951	-50.306600
	0.045835	-142.475254	115.161951	-50.306600
	0.045844	-142.349860	115.161951	-50.366200
	0.045854	-142.717124	115.161951	-50.366200
	0.045863	-141.860185	115.161951	-50.366200
	0.045873	-141.828344	115.161951	-50.366200
	0.045882	-142.344741	115.161951	-50.425800
	0.045892	-142.461495	115.161951	-50.485400
	0.045901	-142.687721	115.161951	-50.545000
	0.045910	-143.805503	115.161951	-50.545000
	0.045920	-142.187683	115.161951	-50.545000
	0.045929	-143.141133	115.161951	-50.604600
	0.045939	-142.254850	115.161951	-50.664200
	0.045948	-143.326919	115.161951	-50.664200
	0.045958	-142.821300	115.161951	-50.664200
	0.045967	-142.279604	115.161951	-50.664200
	0.045977	-143.345994	115.161951	-50.664200
	0.045986	-143.176465	115.161951	-50.664200
	0.045996	-142.959898	115.161951	-50.723800
	0.046005	-142.465639	115.161951	-50.664200
	0.046015	-142.868954	115.161951	-50.664200
	0.046024	-142.669455	115.161951	-50.604600
	0.046034	-143.745794	115.161951	-50.604600
	0.046043	-142.893580	115.161951	-50.604600
	0.046053	-143.238998	115.161951	-50.604600
	0.046062	-143.471017	115.161951	-50.604600
	0.046071	-143.120107	115.161951	-50.604600
	0.046081	-143.510093	115.161951	-50.366200
	0.046090	-146.426153	115.161951	-49.948900
	0.046100	-146.008629	115.161951	-49.710500
	0.046109	-145.862393	115.161951	-49.710500
	0.046119	-146.511996	115.161951	-49.710500
	0.046128	-146.812081	115.161951	-49.650900
	0.046138	-146.117166	115.161951	-49.650900
	0.046147	-146.966731	115.161951	-49.650900
	0.046157	-146.716730	115.161951	-49.591300
	0.046166	-145.811725	115.161951	-49.531700
	0.046176	-146.493358	115.161951	-49.472100
	0.046185	-146.016206	115.161951	-49.472100
	0.046195	-146.783329	115.161951	-49.472100
	0.046204	-146.236524	115.161951	-49.472100
	0.046213	-145.171608	115.161951	-49.472100
	0.046223	-145.059660	115.161951	-49.412500
	0.046232	-145.803423	115.161951	-49.352900
	0.046242	-144.646728	115.161951	-49.352900
	0.046251	-145.490562	115.161951	-49.352900
	0.046261	-146.283998	115.161951	-49.293300
	0.046270	-144.833135	115.161951	-49.293300
	0.046280	-145.235731	115.161951	-49.293300
	0.046289	-145.078130	115.161951	-49.293300
	0.046299	-146.145392	115.161951	-49.233700
	0.046308	-146.399387	115.161951	-49.233700
	0.046318	-146.040895	115.161951	-48.935600
	0.046327	-146.460108	115.161951	-48.816400
	0.046337	-147.363525	115.161951	-48.756800
	0.046346	-147.837574	115.161951	-48.756800
	0.046356	-148.621628	115.161951	-48.697200
	0.046365	-147.474713	115.161951	-48.697200
	0.046374	-147.771781	115.161951	-48.697200
	0.046384	-147.553989	115.161951	-48.697200
	0.046393	-148.372667	115.161951	-48.697200
	0.046403	-147.611715	115.161951	-48.697200
	0.046412	-148.137160	115.161951	-48.756800
	0.046422	-148.410203	115.161951	-48.697200
	0.046431	-149.088150	115.161951	-48.637600
	0.046441	-147.290571	115.161951	-48.637600
	0.046450	-148.837918	115.161951	-48.637600
	0.046460	-148.632949	115.161951	-48.637600
	0.046469	-148.772395	115.161951	-48.637600
	0.046479	-148.004433	115.161951	-48.578000
	0.046488	-148.542651	115.161951	-48.578000
	0.046498	-148.506507	115.161951	-48.578000
	0.046507	-148.374410	115.161951	-48.578000
	0.046516	-148.222859	115.161951	-48.637600
	0.046526	-148.921559	115.161951	-48.637600
	0.046535	-147.981886	115.161951	-48.578000
	0.046545	-148.994417	115.161951	-48.518400
	0.046554	-148.486507	115.161951	-48.518400
	0.046564	-147.697887	115.161951	-48.518400
	0.046573	-147.624646	115.161951	-48.578000
	0.046583	-149.029343	115.161951	-48.578000
	0.046592	-148.256736	115.161951	-48.578000
	0.046602	-147.346693	115.161951	-48.637600
	0.046611	-147.801549	115.161951	-48.637600
	0.046621	-148.444907	115.161951	-48.637600
	0.046630	-148.015338	115.161951	-48.518400
	0.046640	-150.820099	115.161951	-48.101200
	0.046649	-149.894912	115.161951	-47.922400
	0.046659	-152.647066	115.161951	-47.564700
	0.046668	-154.873371	115.161951	-47.028300
	0.046677	-155.059725	115.161951	-46.789900
	0.046687	-152.932282	115.161951	-46.789900
	0.046696	-155.498109	115.161951	-46.789900
	0.046706	-154.584088	115.161951	-46.789900
	0.046715	-155.832670	115.161951	-46.789900
	0.046725	-155.253733	115.161951	-46.789900
	0.046734	-154.788769	115.161951	-46.789900
	0.046744	-155.517669	115.161951	-46.670700
	0.046753	-155.238224	115.161951	-46.611100
	0.046763	-155.201668	115.161951	-46.551500
	0.046772	-155.659402	115.161951	-46.491900
	0.046782	-153.926424	115.161951	-46.372600
	0.046791	-155.574198	115.161951	-46.372600
	0.046801	-155.430507	115.161951	-46.372600
	0.046810	-155.016274	115.161951	-46.432300
	0.046819	-154.928891	115.161951	-46.432300
	0.046829	-155.810678	115.161951	-46.432300
	0.046838	-154.233643	115.161951	-46.491900
	0.046848	-156.236015	115.161951	-46.432300
	0.046857	-156.257913	115.161951	-46.432300
	0.046867	-156.851747	115.161951	-46.432300
	0.046876	-156.320176	115.161951	-46.432300
	0.046886	-155.411239	115.161951	-46.432300
	0.046895	-155.139531	115.161951	-46.432300
	0.046905	-155.937017	115.161951	-46.491900
	0.046914	-156.587638	115.161951	-46.432300
	0.046924	-155.961323	115.161951	-46.432300
	0.046933	-155.524847	115.161951	-46.491900
	0.046943	-155.815475	115.161951	-46.432300
	0.046952	-155.026243	115.161951	-46.372600
	0.046962	-156.487461	115.161951	-46.432300
	0.046971	-155.139212	115.161951	-46.432300
	0.046980	-156.398904	115.161951	-46.491900
	0.046990	-155.160211	115.161951	-46.432300
	0.046999	-155.669573	115.161951	-46.372600
	0.047009	-156.301026	115.161951	-46.372600
	0.047018	-155.999139	115.161951	-46.432300
	0.047028	-155.220609	115.161951	-46.432300
	0.047037	-155.548994	115.161951	-46.432300
	0.047047	-155.142391	115.161951	-46.491900
	0.047056	-155.812819	115.161951	-46.432300
	0.047066	-156.092417	115.161951	-46.372600
	0.047075	-155.412753	115.161951	-46.372600
	0.047085	-156.097197	115.161951	-46.372600
	0.047094	-154.885587	115.161951	-46.313000
	0.047104	-156.503887	115.161951	-46.313000
	0.047113	-156.380908	115.161951	-46.372600
	0.047122	-156.439467	115.161951	-46.372600
	0.047132	-155.898048	115.161951	-46.372600
	0.047141	-156.008649	115.161951	-46.372600
	0.047151	-155.520979	115.161951	-46.313000
	0.047160	-155.554150	115.161951	-46.313000
	0.047170	-156.217700	115.161951	-46.253400
	0.047179	-156.467043	115.161951	-46.253400
	0.047189	-156.082385	115.161951	-46.253400
	0.047198	-156.406566	115.161951	-46.253400
	0.047208	-155.280720	115.161951	-46.253400
	0.047217	-155.317059	115.161951	-46.253400
	0.047227	-156.776207	115.161951	-46.253400
	0.047236	-155.817879	115.161951	-46.253400
	0.047246	-156.565940	115.161951	-46.253400
	0.047255	-155.798711	115.161951	-46.253400
	0.047265	-155.979914	115.161951	-46.193800
	0.047274	-155.972643	115.161951	-46.134200
	0.047283	-156.669131	115.161951	-46.134200
	0.047293	-155.895562	115.161951	-46.134200
	0.047302	-154.443167	115.161951	-46.134200
	0.047312	-155.343238	115.161951	-46.134200
	0.047321	-155.668109	115.161951	-46.134200
	0.047331	-154.837325	115.161951	-46.074600
	0.047340	-154.103695	115.161951	-46.074600
	0.047350	-154.761130	115.161951	-46.134200
	0.047359	-155.597130	115.161951	-46.134200
	0.047369	-155.297114	115.161951	-46.134200
	0.047378	-156.608109	115.161951	-46.074600
	0.047388	-157.202888	115.161951	-46.015000
	0.047397	-156.530161	115.161951	-46.074600
	0.047407	-156.483119	115.161951	-46.015000
	0.047416	-156.638042	115.161951	-46.015000
	0.047425	-157.175117	115.161951	-46.015000
	0.047435	-155.888822	115.161951	-46.074600
	0.047444	-155.990193	115.161951	-46.134200
	0.047454	-155.265035	115.161951	-46.134200
	0.047463	-155.189988	115.161951	-46.074600
	0.047473	-155.878255	115.161951	-46.015000
	0.047482	-156.038909	115.161951	-46.015000
	0.047492	-156.064933	115.161951	-45.955400
	0.047501	-155.487654	115.161951	-45.955400
	0.047511	-156.851533	115.161951	-46.015000
	0.047520	-156.445682	115.161951	-46.015000
	0.047530	-155.827545	115.161951	-45.955400
	0.047539	-157.200186	115.161951	-45.955400
	0.047549	-157.026357	115.161951	-45.955400
	0.047558	-157.755206	115.161951	-45.955400
	0.047568	-157.464028	115.161951	-45.955400
	0.047577	-157.165225	115.161951	-45.955400
	0.047586	-156.768949	115.161951	-45.955400
	0.047596	-155.842245	115.161951	-45.895800
	0.047605	-158.678055	115.161951	-45.180600
	0.047615	-160.424766	115.161951	-44.346100
	0.047624	-159.825112	115.161951	-43.988500
	0.047634	-160.181162	115.161951	-43.809600
	0.047643	-161.267033	115.161951	-43.809600
	0.047653	-161.586360	115.161951	-43.750000
	0.047662	-160.942979	115.161951	-43.750000
	0.047672	-161.294902	115.161951	-43.750000
	0.047681	-161.822177	115.161951	-43.750000
	0.047691	-161.508627	115.161951	-43.750000
	0.047700	-160.788677	115.161951	-43.750000
	0.047710	-161.557217	115.161951	-43.750000
	0.047719	-160.283396	115.161951	-43.750000
	0.047728	-161.507301	115.161951	-43.750000
	0.047738	-162.567339	115.161951	-43.809600
	0.047747	-161.582018	115.161951	-43.809600
	0.047757	-161.112157	115.161951	-43.809600
	0.047766	-161.503460	115.161951	-43.809600
	0.047776	-159.952573	115.161951	-43.809600
	0.047785	-160.649607	115.161951	-43.869300
	0.047795	-161.528954	115.161951	-43.869300
	0.047804	-161.103475	115.161951	-43.928900
	0.047814	-161.704837	115.161951	-43.928900
	0.047823	-161.787982	115.161951	-43.928900
	0.047833	-161.007700	115.161951	-43.988500
	0.047842	-161.777554	115.161951	-43.988500
	0.047852	-161.745366	115.161951	-43.928900
	0.047861	-161.360702	115.161951	-43.869300
	0.047871	-162.676722	115.161951	-43.750000
	0.047880	-161.923512	115.161951	-43.690400
	0.047889	-162.301296	115.161951	-43.511600
	0.047899	-163.147647	115.161951	-43.452000
	0.047908	-163.028523	115.161951	-43.332800
	0.047918	-162.601273	115.161951	-43.332800
	0.047927	-162.582720	115.161951	-43.332800
	0.047937	-163.855121	115.161951	-43.392400
	0.047946	-163.051610	115.161951	-43.452000
	0.047956	-163.061153	115.161951	-43.452000
	0.047965	-163.614172	115.161951	-43.392400
	0.047975	-163.513936	115.161951	-43.154000
	0.047984	-168.706418	115.161951	-42.021500
	0.047994	-171.973126	115.161951	-40.948600
	0.048003	-170.475057	115.161951	-40.769800
	0.048013	-169.969349	115.161951	-40.710200
	0.048022	-169.291322	115.161951	-40.710200
	0.048031	-168.945416	115.161951	-40.769800
	0.048041	-169.840222	115.161951	-40.710200
	0.048050	-169.897863	115.161951	-40.650600
	0.048060	-170.263288	115.161951	-40.650600
	0.048069	-171.616605	115.161951	-40.650600
	0.048079	-169.609458	115.161951	-40.650600
	0.048088	-170.101491	115.161951	-40.531400
	0.048098	-170.580314	115.161951	-40.591000
	0.048107	-170.751784	115.161951	-40.591000
	0.048117	-170.668436	115.161951	-40.531400
	0.048126	-170.356857	115.161951	-40.531400
	0.048136	-170.892991	115.161951	-40.531400
	0.048145	-171.050737	115.161951	-40.531400
	0.048155	-171.338912	115.161951	-40.591000
	0.048164	-171.285565	115.161951	-40.591000
	0.048174	-171.201753	115.161951	-40.531400
	0.048183	-170.872158	115.161951	-40.650600
	0.048192	-170.494414	115.161951	-40.591000
	0.048202	-170.018598	115.161951	-40.531400
	0.048211	-169.502797	115.161951	-40.471800
	0.048221	-170.802411	115.161951	-40.471800
	0.048230	-170.235191	115.161951	-40.471800
	0.048240	-169.979946	115.161951	-40.471800
	0.048249	-170.039683	115.161951	-40.531400
	0.048259	-168.748285	115.161951	-40.471800
	0.048268	-169.893281	115.161951	-40.471800
	0.048278	-170.313457	115.161951	-40.531400
	0.048287	-169.818192	115.161951	-40.531400
	0.048297	-173.481904	115.161951	-40.173800
	0.048306	-174.011089	115.161951	-39.875700
	0.048316	-174.086257	115.161951	-39.816100
	0.048325	-173.953274	115.161951	-39.756500
	0.048334	-174.764568	115.161951	-39.756500
	0.048344	-174.093327	115.161951	-39.756500
	0.048353	-173.825600	115.161951	-39.696900
	0.048363	-174.841368	115.161951	-39.696900
	0.048372	-173.760896	115.161951	-39.637300
	0.048382	-173.898737	115.161951	-39.577700
	0.048391	-173.866828	115.161951	-39.577700
	0.048401	-173.478945	115.161951	-39.637300
	0.048410	-173.141849	115.161951	-39.577700
	0.048420	-174.009224	115.161951	-39.577700
	0.048429	-173.445512	115.161951	-39.518100
	0.048439	-172.699521	115.161951	-39.518100
	0.048448	-173.378638	115.161951	-39.518100
	0.048458	-173.889375	115.161951	-39.518100
	0.048467	-173.469045	115.161951	-39.518100
	0.048477	-173.790815	115.161951	-39.518100
	0.048486	-173.823529	115.161951	-39.577700
	0.048495	-172.904242	115.161951	-39.577700
	0.048505	-175.377377	115.161951	-39.339300
	0.048514	-175.718435	115.161951	-38.981700
	0.048524	-175.321855	115.161951	-38.802900
	0.048533	-175.736420	115.161951	-38.802900
	0.048543	-175.700954	115.161951	-38.802900
	0.048552	-177.331124	115.161951	-38.802900
	0.048562	-176.723722	115.161951	-38.802900
	0.048571	-175.520212	115.161951	-38.743300
	0.048581	-176.257699	115.161951	-38.683600
	0.048590	-176.449028	115.161951	-38.683600
	0.048600	-176.207430	115.161951	-38.683600
	0.048609	-177.336765	115.161951	-38.564400
	0.048619	-177.644141	115.161951	-38.624000
	0.048628	-176.929612	115.161951	-38.683600
	0.048637	-177.358805	115.161951	-38.683600
	0.048647	-177.112503	115.161951	-38.683600
	0.048656	-176.915200	115.161951	-38.683600
	0.048666	-176.540051	115.161951	-38.683600
	0.048675	-178.194210	115.161951	-38.683600
	0.048685	-176.558574	115.161951	-38.683600
	0.048694	-176.187507	115.161951	-38.683600
	0.048704	-176.692676	115.161951	-38.683600
	0.048713	-177.389743	115.161951	-38.624000
	0.048723	-177.265449	115.161951	-38.683600
	0.048732	-177.149942	115.161951	-38.624000
	0.048742	-175.943875	115.161951	-38.564400
	0.048751	-176.241334	115.161951	-38.624000
	0.048761	-177.001314	115.161951	-38.564400
	0.048770	-175.255425	115.161951	-38.683600
	0.048780	-175.398491	115.161951	-38.683600
	0.048789	-176.036284	115.161951	-38.683600
	0.048798	-177.467996	115.161951	-38.683600
	0.048808	-177.169208	115.161951	-38.564400
	0.048817	-176.802216	115.161951	-38.683600
	0.048827	-176.432176	115.161951	-38.683600
	0.048836	-176.878619	115.161951	-38.683600
	0.048846	-177.496633	115.161951	-38.683600
	0.048855	-177.662969	115.161951	-38.743300
	0.048865	-177.087325	115.161951	-38.802900
	0.048874	-177.370869	115.161951	-38.743300
	0.048884	-177.360469	115.161951	-38.743300
	0.048893	-176.192501	115.161951	-38.743300
	0.048903	-177.487547	115.161951	-38.743300
	0.048912	-177.489185	115.161951	-38.743300
	0.048922	-177.128501	115.161951	-38.743300
	0.048931	-176.519425	115.161951	-38.743300
	0.048940	-176.932957	115.161951	-38.743300
	0.048950	-176.503528	115.161951	-38.743300
	0.048959	-177.045875	115.161951	-38.743300
	0.048969	-177.639014	115.161951	-38.743300
	0.048978	-177.459166	115.161951	-38.743300
	0.048988	-177.697627	115.161951	-38.743300
	0.048997	-177.325921	115.161951	-38.743300
	0.049007	-176.675941	115.161951	-38.743300
	0.049016	-177.275500	115.161951	-38.743300
	0.049026	-177.393457	115.161951	-38.683600
	0.049035	-177.306642	115.161951	-38.683600
	0.049045	-177.300898	115.161951	-38.743300
	0.049054	-176.998228	115.161951	-38.743300
	0.049064	-179.651819	115.161951	-38.624000
	0.049073	-178.534990	115.161951	-38.445200
	0.049083	-177.870334	115.161951	-38.445200
	0.049092	-177.782098	115.161951	-38.385600
	0.049101	-178.026829	115.161951	-38.385600
	0.049111	-177.882418	115.161951	-38.385600
	0.049120	-178.129323	115.161951	-38.445200
	0.049130	-177.693636	115.161951	-38.445200
	0.049139	-178.319713	115.161951	-38.385600
	0.049149	-177.847321	115.161951	-38.445200
	0.049158	-178.559412	115.161951	-38.445200
	0.049168	-177.479792	115.161951	-38.504800
	0.049177	-177.167947	115.161951	-38.445200
	0.049187	-178.991244	115.161951	-38.445200
	0.049196	-178.135718	115.161951	-38.504800
	0.049206	-178.254020	115.161951	-38.564400
	0.049215	-178.111767	115.161951	-38.504800
	0.049225	-177.920843	115.161951	-38.504800
	0.049234	-177.654458	115.161951	-38.504800
	0.049243	-178.114662	115.161951	-38.504800
	0.049253	-178.638473	115.161951	-38.504800
	0.049262	-177.709614	115.161951	-38.504800
	0.049272	-178.014730	115.161951	-38.504800
	0.049281	-177.383315	115.161951	-38.504800
	0.049291	-176.777910	115.161951	-38.564400
	0.049300	-177.541296	115.161951	-38.624000
	0.049310	-177.731792	115.161951	-38.683600
	0.049319	-177.754739	115.161951	-38.683600
	0.049329	-177.106019	115.161951	-38.683600
	0.049338	-176.646774	115.161951	-38.624000
	0.049348	-176.795467	115.161951	-38.624000
	0.049357	-177.213554	115.161951	-38.564400
	0.049367	-177.564736	115.161951	-38.624000
	0.049376	-177.507465	115.161951	-38.683600
	0.049386	-177.466725	115.161951	-38.624000
	0.049395	-177.181717	115.161951	-38.624000
	0.049404	-177.457952	115.161951	-38.564400
	0.049414	-177.489797	115.161951	-38.504800
	0.049423	-177.164397	115.161951	-38.504800
	0.049433	-177.609389	115.161951	-38.445200
	0.049442	-178.189194	115.161951	-38.385600
	0.049452	-178.374579	115.161951	-38.385600
	0.049461	-178.540158	115.161951	-38.385600
	0.049471	-179.104187	115.161951	-38.385600
	0.049480	-177.729845	115.161951	-38.385600
	0.049490	-177.589379	115.161951	-38.385600
	0.049499	-178.825251	115.161951	-38.385600
	0.049509	-178.582323	115.161951	-38.385600
	0.049518	-178.369040	115.161951	-38.266400
	0.049528	-178.239571	115.161951	-38.266400
	0.049537	-178.545186	115.161951	-38.266400
	0.049546	-178.695846	115.161951	-38.266400
	0.049556	-178.494114	115.161951	-38.266400
	0.049565	-178.537483	115.161951	-38.266400
	0.049575	-179.643133	115.161951	-38.385600
	0.049584	-178.830686	115.161951	-38.326000
	0.049594	-178.823101	115.161951	-38.266400
	0.049603	-177.989045	115.161951	-38.326000
	0.049613	-177.558098	115.161951	-38.266400
	0.049622	-177.633491	115.161951	-38.326000
	0.049632	-179.785639	115.161951	-38.326000
	0.049641	-177.247166	115.161951	-38.326000
	0.049651	-178.682708	115.161951	-38.266400
	0.049660	-177.989177	115.161951	-38.266400
	0.049670	-178.331922	115.161951	-38.266400
	0.049679	-177.658085	115.161951	-38.326000
	0.049689	-176.712327	115.161951	-38.326000
	0.049698	-178.281732	115.161951	-38.385600
	0.049707	-177.830863	115.161951	-38.385600
	0.049717	-178.355583	115.161951	-38.385600
	0.049726	-177.317505	115.161951	-38.445200
	0.049736	-178.129315	115.161951	-38.445200
	0.049745	-177.571787	115.161951	-38.385600
	0.049755	-178.350909	115.161951	-38.385600
	0.049764	-178.930232	115.161951	-38.385600
	0.049774	-177.768844	115.161951	-38.326000
	0.049783	-179.068571	115.161951	-38.326000
	0.049793	-177.729996	115.161951	-38.266400
	0.049802	-177.403222	115.161951	-38.266400
	0.049812	-177.962681	115.161951	-38.206800
	0.049821	-177.686687	115.161951	-38.206800
	0.049831	-178.167240	115.161951	-38.206800
	0.049840	-178.143656	115.161951	-38.147200
	0.049849	-178.839121	115.161951	-38.147200
	0.049859	-178.031577	115.161951	-38.147200
	0.049868	-177.298404	115.161951	-38.147200
	0.049878	-177.453755	115.161951	-38.087600
	0.049887	-177.236686	115.161951	-38.087600
	0.049897	-178.023046	115.161951	-38.028000
	0.049906	-178.544351	115.161951	-37.968400
	0.049916	-178.258149	115.161951	-38.087600
	0.049925	-177.774407	115.161951	-38.147200
	0.049935	-177.336340	115.161951	-38.147200
	0.049944	-178.513081	115.161951	-38.087600
	0.049954	-178.121620	115.161951	-38.087600
	0.049963	-177.676764	115.161951	-38.087600
	0.049973	-178.396545	115.161951	-38.087600
	0.049982	-178.330839	115.161951	-38.087600
	0.049991	-178.556579	115.161951	-38.087600
	0.050001	-178.099788	115.161951	-38.028000
	0.050010	-177.509210	115.161951	-38.087600
	0.050020	-177.465521	115.161951	-38.087600
	0.050029	-178.371568	115.161951	-38.087600
	0.050039	-178.920842	115.161951	-38.087600
	0.050048	-178.105457	115.161951	-38.028000
	0.050058	-177.573432	115.161951	-37.968400
	0.050067	-178.348430	115.161951	-37.968400
	0.050077	-178.148104	115.161951	-38.087600
	0.050086	-177.944681	115.161951	-38.087600
	0.050096	-178.444952	115.161951	-38.087600
	0.050105	-177.398754	115.161951	-38.087600
	0.050115	-178.076306	115.161951	-38.087600
	0.050124	-178.301972	115.161951	-38.087600
	0.050134	-178.371559	115.161951	-38.147200
	0.050143	-177.963396	115.161951	-38.147200
	0.050152	-177.312317	115.161951	-38.206800
	0.050162	-177.755545	115.161951	-38.206800
	0.050171	-177.874280	115.161951	-38.206800
	0.050181	-177.867938	115.161951	-38.147200
	0.050190	-178.671533	115.161951	-38.147200
	0.050200	-178.474244	115.161951	-38.087600
	0.050209	-178.171880	115.161951	-38.087600
	0.050219	-178.695031	115.161951	-38.147200
	0.050228	-178.642822	115.161951	-38.028000
	0.050238	-179.852737	115.161951	-37.610800
	0.050247	-179.807907	115.161951	-37.431900
	0.050257	-179.897942	115.161951	-37.491600
	0.050266	-179.971955	115.161951	-37.551200
	0.050276	-180.921429	115.161951	-37.551200
	0.050285	-180.557388	115.161951	-37.491600
	0.050294	-180.637255	115.161951	-37.551200
	0.050304	-180.035033	115.161951	-37.551200
	0.050313	-180.962706	115.161951	-37.551200
	0.050323	-181.033637	115.161951	-37.551200
	0.050332	-180.223941	115.161951	-37.551200
	0.050342	-180.452344	115.161951	-37.551200
	0.050351	-180.229534	115.161951	-37.551200
	0.050361	-180.708549	115.161951	-37.431900
	0.050370	-180.470460	115.161951	-37.431900
	0.050380	-180.049716	115.161951	-37.431900
	0.050389	-180.776663	115.161951	-37.372300
	0.050399	-179.945337	115.161951	-37.372300
	0.050408	-180.393479	115.161951	-37.431900
	0.050418	-179.491359	115.161951	-37.372300
	0.050427	-179.080665	115.161951	-37.372300
	0.050437	-180.131615	115.161951	-37.312700
	0.050446	-180.184958	115.161951	-37.372300
	0.050455	-180.015933	115.161951	-37.431900
	0.050465	-179.071210	115.161951	-37.491600
	0.050474	-180.258282	115.161951	-37.491600
	0.050484	-179.245122	115.161951	-37.431900
