	-0.071022	-0.716505	115.161951	-24.914900
	-0.068270	-1.576970	115.161951	-24.974500
	-0.065518	-0.372845	115.161951	-25.034100
	-0.062767	-0.275706	115.161951	-25.212900
	-0.060015	-1.293551	115.161951	-25.451300
	-0.057264	-0.575944	115.161951	-25.570500
	-0.054512	-2.118821	115.161951	-25.808900
	-0.051760	-1.191100	115.161951	-25.928100
	-0.049009	-1.518437	115.161951	-26.166600
	-0.046257	-1.733094	115.161951	-26.524200
	-0.043506	-1.003581	115.161951	-26.822200
	-0.040754	-0.353493	115.161951	-27.120200
	-0.038002	-0.434256	115.161951	-27.418300
	-0.035251	-2.258805	115.161951	-27.775900
	-0.032499	-1.583537	115.161951	-28.133500
	-0.029748	-1.528683	115.161951	-28.550700
	-0.026996	-1.179449	115.161951	-28.968000
	-0.024245	-1.431311	115.161951	-29.385200
	-0.021493	-2.276716	115.161951	-29.742800
	-0.018741	-2.565425	115.161951	-30.219700
	-0.015990	-2.825322	115.161951	-30.815800
	-0.013238	-2.695560	115.161951	-31.411900
	-0.010487	-2.902742	115.161951	-32.007900
	-0.007735	-3.311558	115.161951	-32.544400
	-0.004984	-3.925565	115.161951	-33.200000
	-0.002232	-4.523916	115.161951	-34.034500
	0.000520	-5.707858	115.161951	-34.511300
	0.003271	-5.305399	115.161951	-35.703400
	0.006023	-6.750813	115.161951	-36.835900
	0.008774	-7.575151	115.161951	-37.849200
	0.011526	-6.700944	115.161951	-39.100900
	0.014278	-8.712191	115.161951	-40.531400
	0.017029	-8.560473	115.161951	-42.498300
	0.019781	-9.298810	115.161951	-43.750000
	0.022532	-10.102041	115.161951	-45.717000
	0.025284	-11.172958	115.161951	-48.637600
	0.028036	-12.231836	115.161951	-51.677500
	0.030787	-12.606748	115.161951	-54.955700
	0.033539	-16.200572	115.161951	-58.889600
	0.036290	-20.023239	115.161951	-67.115300
	0.036290	-20.791991	115.161951	-71.704900
	0.036300	-20.266804	115.161951	-72.241300
	0.036309	-21.052797	115.161951	-72.360500
	0.036319	-20.829283	115.161951	-72.420100
	0.036328	-19.301984	115.161951	-72.420100
	0.036338	-20.104619	115.161951	-72.420100
	0.036347	-20.998515	115.161951	-72.420100
	0.036357	-19.983809	115.161951	-72.479700
	0.036366	-20.147643	115.161951	-72.479700
	0.036376	-20.532750	115.161951	-72.539300
	0.036385	-20.113194	115.161951	-72.539300
	0.036394	-21.003964	115.161951	-72.539300
	0.036404	-20.624963	115.161951	-72.539300
	0.036413	-20.633826	115.161951	-72.539300
	0.036423	-20.300164	115.161951	-72.598900
	0.036432	-20.607723	115.161951	-72.598900
	0.036442	-19.409857	115.161951	-72.718100
	0.036451	-19.954212	115.161951	-72.777700
	0.036461	-19.080164	115.161951	-72.718100
	0.036470	-18.684567	115.161951	-72.777700
	0.036480	-20.196245	115.161951	-72.837300
	0.036489	-20.648931	115.161951	-72.837300
	0.036499	-20.171710	115.161951	-72.837300
	0.036508	-19.385865	115.161951	-72.837300
	0.036518	-19.646175	115.161951	-72.837300
	0.036527	-19.527413	115.161951	-72.837300
	0.036537	-19.286277	115.161951	-72.896900
	0.036546	-19.222234	115.161951	-72.896900
	0.036555	-20.277774	115.161951	-72.956600
	0.036565	-20.008766	115.161951	-73.016200
	0.036574	-19.745129	115.161951	-73.016200
	0.036584	-19.176566	115.161951	-73.016200
	0.036593	-20.255592	115.161951	-73.075800
	0.036603	-19.919876	115.161951	-73.016200
	0.036612	-19.487640	115.161951	-72.956600
	0.036622	-19.984149	115.161951	-73.016200
	0.036631	-20.726587	115.161951	-73.075800
	0.036641	-20.082705	115.161951	-73.135400
	0.036650	-18.479034	115.161951	-73.135400
	0.036660	-19.898107	115.161951	-73.135400
	0.036669	-19.868265	115.161951	-73.135400
	0.036679	-20.354432	115.161951	-73.135400
	0.036688	-18.902856	115.161951	-73.135400
	0.036697	-20.099043	115.161951	-73.135400
	0.036707	-19.338603	115.161951	-73.075800
	0.036716	-19.525172	115.161951	-73.075800
	0.036726	-20.002302	115.161951	-73.075800
	0.036735	-20.396670	115.161951	-73.135400
	0.036745	-21.112102	115.161951	-73.254600
	0.036754	-19.610829	115.161951	-73.254600
	0.036764	-19.823181	115.161951	-73.314200
	0.036773	-20.172312	115.161951	-73.314200
	0.036783	-19.437504	115.161951	-73.314200
	0.036792	-18.963159	115.161951	-73.433400
	0.036802	-19.346904	115.161951	-73.433400
	0.036811	-19.794612	115.161951	-73.433400
	0.036821	-18.927417	115.161951	-73.373800
	0.036830	-20.375269	115.161951	-73.433400
	0.036840	-18.975133	115.161951	-73.552600
	0.036849	-20.108719	115.161951	-73.552600
	0.036858	-19.099984	115.161951	-73.433400
	0.036868	-20.364821	115.161951	-73.433400
	0.036877	-21.272083	115.161951	-73.433400
	0.036887	-20.715035	115.161951	-73.433400
	0.036896	-20.104008	115.161951	-73.433400
	0.036906	-19.999098	115.161951	-73.373800
	0.036915	-19.431557	115.161951	-73.433400
	0.036925	-19.434217	115.161951	-73.433400
	0.036934	-18.727206	115.161951	-73.552600
	0.036944	-20.254012	115.161951	-73.612200
	0.036953	-19.125455	115.161951	-73.612200
	0.036963	-20.182560	115.161951	-73.552600
	0.036972	-20.319286	115.161951	-73.671800
	0.036982	-20.025185	115.161951	-73.612200
	0.036991	-19.526738	115.161951	-73.671800
	0.037000	-20.775158	115.161951	-73.731400
	0.037010	-19.683013	115.161951	-73.671800
	0.037019	-20.222085	115.161951	-73.731400
	0.037029	-20.466813	115.161951	-73.791000
	0.037038	-19.472983	115.161951	-73.850600
	0.037048	-19.900823	115.161951	-73.731400
	0.037057	-20.636822	115.161951	-73.731400
	0.037067	-20.833542	115.161951	-73.671800
	0.037076	-21.370575	115.161951	-73.731400
	0.037086	-21.159303	115.161951	-73.850600
	0.037095	-21.411533	115.161951	-73.910200
	0.037105	-20.084158	115.161951	-73.910200
	0.037114	-20.815744	115.161951	-73.850600
	0.037124	-21.721291	115.161951	-73.850600
	0.037133	-21.223234	115.161951	-73.910200
	0.037143	-21.250873	115.161951	-73.850600
	0.037152	-20.807017	115.161951	-73.850600
	0.037161	-20.374950	115.161951	-73.850600
	0.037171	-19.834881	115.161951	-73.850600
	0.037180	-20.268577	115.161951	-73.850600
	0.037190	-20.428402	115.161951	-73.850600
	0.037199	-20.177675	115.161951	-73.791000
	0.037209	-18.302254	115.161951	-73.850600
	0.037218	-20.286882	115.161951	-73.850600
	0.037228	-21.662304	115.161951	-73.850600
	0.037237	-21.272525	115.161951	-73.969800
	0.037247	-21.447942	115.161951	-73.969800
	0.037256	-21.162456	115.161951	-73.910200
	0.037266	-20.521132	115.161951	-73.910200
	0.037275	-20.976428	115.161951	-73.910200
	0.037285	-19.987891	115.161951	-73.910200
	0.037294	-20.131577	115.161951	-73.969800
	0.037303	-20.478231	115.161951	-73.969800
	0.037313	-20.088802	115.161951	-74.029400
	0.037322	-20.468732	115.161951	-74.089000
	0.037332	-20.269164	115.161951	-74.089000
	0.037341	-20.850814	115.161951	-74.148600
	0.037351	-20.732280	115.161951	-74.089000
	0.037360	-20.049365	115.161951	-74.029400
	0.037370	-20.331921	115.161951	-74.148600
	0.037379	-20.982177	115.161951	-74.148600
	0.037389	-20.805348	115.161951	-74.148600
	0.037398	-20.450194	115.161951	-74.208200
	0.037408	-20.454847	115.161951	-74.208200
	0.037417	-20.193178	115.161951	-74.208200
	0.037427	-21.198445	115.161951	-74.208200
	0.037436	-19.633586	115.161951	-74.208200
	0.037446	-20.732204	115.161951	-74.267900
	0.037455	-20.271482	115.161951	-74.267900
	0.037464	-19.532191	115.161951	-74.267900
	0.037474	-20.318369	115.161951	-74.327500
	0.037483	-19.530743	115.161951	-74.387100
	0.037493	-20.751398	115.161951	-74.387100
	0.037502	-20.853511	115.161951	-74.327500
	0.037512	-21.374668	115.161951	-74.387100
	0.037521	-21.139992	115.161951	-74.387100
	0.037531	-20.945483	115.161951	-74.387100
	0.037540	-21.017896	115.161951	-74.446700
	0.037550	-21.898688	115.161951	-74.446700
	0.037559	-20.891142	115.161951	-74.446700
	0.037569	-20.756610	115.161951	-74.565900
	0.037578	-20.553046	115.161951	-74.565900
	0.037588	-21.236420	115.161951	-74.625500
	0.037597	-20.878425	115.161951	-74.625500
	0.037606	-20.538024	115.161951	-74.625500
	0.037616	-19.796742	115.161951	-74.565900
	0.037625	-19.952158	115.161951	-74.565900
	0.037635	-20.905522	115.161951	-74.565900
	0.037644	-21.248256	115.161951	-74.565900
	0.037654	-21.449404	115.161951	-74.625500
	0.037663	-20.636472	115.161951	-74.625500
	0.037673	-20.195391	115.161951	-74.625500
	0.037682	-20.602238	115.161951	-74.625500
	0.037692	-20.972864	115.161951	-74.625500
	0.037701	-20.556054	115.161951	-74.685100
	0.037711	-20.289830	115.161951	-74.625500
	0.037720	-20.499665	115.161951	-74.625500
	0.037730	-21.802153	115.161951	-74.685100
	0.037739	-21.614627	115.161951	-74.685100
	0.037748	-21.733968	115.161951	-74.685100
	0.037758	-21.908965	115.161951	-74.625500
	0.037767	-22.407645	115.161951	-74.685100
	0.037777	-21.676607	115.161951	-74.744700
	0.037786	-22.274424	115.161951	-74.744700
	0.037796	-21.698883	115.161951	-74.744700
	0.037805	-21.937059	115.161951	-74.804300
	0.037815	-21.216580	115.161951	-74.744700
	0.037824	-21.333272	115.161951	-74.804300
	0.037834	-21.191403	115.161951	-74.804300
	0.037843	-20.618104	115.161951	-74.863900
	0.037853	-21.074038	115.161951	-74.863900
	0.037862	-20.716574	115.161951	-74.804300
	0.037872	-21.136478	115.161951	-74.804300
	0.037881	-20.099776	115.161951	-74.863900
	0.037891	-20.872163	115.161951	-74.804300
	0.037900	-21.374175	115.161951	-74.804300
	0.037909	-22.208126	115.161951	-74.983100
	0.037919	-21.640707	115.161951	-74.983100
	0.037928	-21.553898	115.161951	-74.923500
	0.037938	-21.900715	115.161951	-74.983100
	0.037947	-20.350149	115.161951	-74.983100
	0.037957	-21.602562	115.161951	-74.983100
	0.037966	-20.937022	115.161951	-74.983100
	0.037976	-21.014702	115.161951	-75.042700
	0.037985	-20.809221	115.161951	-75.102300
	0.037995	-21.115079	115.161951	-75.102300
	0.038004	-20.652072	115.161951	-75.042700
	0.038014	-19.997782	115.161951	-75.102300
	0.038023	-20.436980	115.161951	-75.102300
	0.038033	-21.496645	115.161951	-75.102300
	0.038042	-20.608229	115.161951	-75.102300
	0.038051	-20.847376	115.161951	-75.221500
	0.038061	-20.497731	115.161951	-75.102300
	0.038070	-20.731362	115.161951	-75.102300
	0.038080	-20.589887	115.161951	-75.221500
	0.038089	-19.457406	115.161951	-75.340700
	0.038099	-20.700281	115.161951	-75.340700
	0.038108	-20.713286	115.161951	-75.400300
	0.038118	-21.006822	115.161951	-75.400300
	0.038127	-20.288866	115.161951	-75.459900
	0.038137	-20.768486	115.161951	-75.519600
	0.038146	-21.963290	115.161951	-75.519600
	0.038156	-22.008359	115.161951	-75.519600
	0.038165	-21.855026	115.161951	-75.579200
	0.038175	-21.449810	115.161951	-75.519600
	0.038184	-21.979144	115.161951	-75.519600
	0.038194	-21.939844	115.161951	-75.579200
	0.038203	-21.232594	115.161951	-75.579200
	0.038212	-21.609560	115.161951	-75.579200
	0.038222	-21.581075	115.161951	-75.638800
	0.038231	-22.906768	115.161951	-75.638800
	0.038241	-21.768881	115.161951	-75.758000
	0.038250	-21.667582	115.161951	-75.758000
	0.038260	-22.134870	115.161951	-75.877200
	0.038269	-21.236258	115.161951	-75.877200
	0.038279	-21.800481	115.161951	-75.877200
	0.038288	-20.673351	115.161951	-75.936800
	0.038298	-22.182981	115.161951	-75.996400
	0.038307	-21.765885	115.161951	-75.996400
	0.038317	-21.250422	115.161951	-75.996400
	0.038326	-21.484174	115.161951	-75.996400
	0.038336	-21.804720	115.161951	-76.115600
	0.038345	-22.330599	115.161951	-76.175200
	0.038354	-22.392123	115.161951	-76.175200
	0.038364	-21.276822	115.161951	-76.234800
	0.038373	-22.363104	115.161951	-76.294400
	0.038383	-21.703056	115.161951	-76.234800
	0.038392	-20.837423	115.161951	-76.234800
	0.038402	-21.744507	115.161951	-76.175200
	0.038411	-22.783897	115.161951	-76.175200
	0.038421	-21.173322	115.161951	-76.234800
	0.038430	-22.165076	115.161951	-76.234800
	0.038440	-22.218802	115.161951	-76.354000
	0.038449	-22.563755	115.161951	-76.354000
	0.038459	-22.152792	115.161951	-76.413600
	0.038468	-21.061331	115.161951	-76.413600
	0.038478	-21.816355	115.161951	-76.413600
	0.038487	-20.524808	115.161951	-76.413600
	0.038497	-21.922813	115.161951	-76.413600
	0.038506	-21.358050	115.161951	-76.354000
	0.038515	-21.350142	115.161951	-76.413600
	0.038525	-21.267487	115.161951	-76.473200
	0.038534	-20.900714	115.161951	-76.413600
	0.038544	-21.509666	115.161951	-76.473200
	0.038553	-21.553845	115.161951	-76.473200
	0.038563	-22.534740	115.161951	-76.532800
	0.038572	-22.146418	115.161951	-76.592400
	0.038582	-21.293303	115.161951	-76.652000
	0.038591	-22.749522	115.161951	-76.711600
	0.038601	-21.579262	115.161951	-76.771200
	0.038610	-20.809952	115.161951	-76.771200
	0.038620	-22.297804	115.161951	-76.771200
	0.038629	-22.754119	115.161951	-76.771200
	0.038639	-21.693861	115.161951	-76.771200
	0.038648	-22.185781	115.161951	-76.771200
	0.038657	-22.397009	115.161951	-76.771200
	0.038667	-22.490420	115.161951	-76.771200
	0.038676	-21.802564	115.161951	-76.771200
	0.038686	-21.916103	115.161951	-76.830900
	0.038695	-20.663447	115.161951	-76.830900
	0.038705	-20.777870	115.161951	-76.711600
	0.038714	-20.521129	115.161951	-76.652000
	0.038724	-21.821372	115.161951	-76.592400
	0.038733	-22.729260	115.161951	-76.473200
	0.038743	-22.249224	115.161951	-76.473200
	0.038752	-20.729396	115.161951	-76.354000
	0.038762	-21.896556	115.161951	-76.294400
	0.038771	-20.608908	115.161951	-76.234800
	0.038781	-22.283849	115.161951	-76.175200
	0.038790	-21.425607	115.161951	-76.234800
	0.038800	-22.541490	115.161951	-76.234800
	0.038809	-21.505394	115.161951	-76.294400
	0.038818	-21.652930	115.161951	-76.354000
	0.038828	-22.511328	115.161951	-76.413600
	0.038837	-21.559805	115.161951	-76.532800
	0.038847	-22.888809	115.161951	-76.413600
	0.038856	-21.955129	115.161951	-76.473200
	0.038866	-22.397957	115.161951	-76.532800
	0.038875	-22.959346	115.161951	-76.592400
	0.038885	-22.788952	115.161951	-76.652000
	0.038894	-23.382525	115.161951	-76.592400
	0.038904	-20.259781	115.161951	-76.711600
	0.038913	-23.078346	115.161951	-76.771200
	0.038923	-21.314290	115.161951	-76.771200
	0.038932	-22.978116	115.161951	-76.711600
	0.038942	-22.905690	115.161951	-76.830900
	0.038951	-20.136460	115.161951	-76.890500
	0.038960	-22.141469	115.161951	-76.950100
	0.038970	-22.382842	115.161951	-76.950100
	0.038979	-22.821785	115.161951	-77.009700
	0.038989	-24.357532	115.161951	-77.128900
	0.038998	-21.922353	115.161951	-77.128900
	0.039008	-22.015525	115.161951	-77.128900
	0.039017	-22.677067	115.161951	-77.188500
	0.039027	-21.483066	115.161951	-77.307700
	0.039036	-24.224606	115.161951	-77.367300
	0.039046	-22.352541	115.161951	-77.367300
	0.039055	-22.848299	115.161951	-77.486500
	0.039065	-23.373717	115.161951	-77.486500
	0.039074	-23.100012	115.161951	-77.546100
	0.039084	-22.775666	115.161951	-77.724900
	0.039093	-23.310267	115.161951	-77.784500
	0.039103	-21.689346	115.161951	-77.784500
	0.039112	-22.644857	115.161951	-77.844100
	0.039121	-22.663398	115.161951	-77.963300
	0.039131	-20.837426	115.161951	-77.963300
	0.039140	-23.108517	115.161951	-78.082600
	0.039150	-23.149845	115.161951	-78.201800
	0.039159	-21.328525	115.161951	-78.201800
	0.039169	-22.688094	115.161951	-78.142200
	0.039178	-23.287683	115.161951	-78.201800
	0.039188	-22.432294	115.161951	-78.321000
	0.039197	-22.860491	115.161951	-78.380600
	0.039207	-21.514130	115.161951	-78.499800
	0.039216	-22.890399	115.161951	-78.499800
	0.039226	-22.192526	115.161951	-78.499800
	0.039235	-22.807820	115.161951	-78.619000
	0.039245	-22.665455	115.161951	-78.678600
	0.039254	-23.579180	115.161951	-78.738200
	0.039263	-23.564813	115.161951	-78.797800
	0.039273	-22.110870	115.161951	-78.797800
	0.039282	-22.240449	115.161951	-78.917000
	0.039292	-22.933256	115.161951	-78.917000
	0.039301	-22.665762	115.161951	-78.976600
	0.039311	-21.902704	115.161951	-79.036200
	0.039320	-23.005363	115.161951	-79.095800
	0.039330	-22.687130	115.161951	-79.095800
	0.039339	-21.322720	115.161951	-79.215000
	0.039349	-23.333634	115.161951	-79.274600
	0.039358	-23.148584	115.161951	-79.274600
	0.039368	-23.982212	115.161951	-79.274600
	0.039377	-22.946326	115.161951	-79.334200
	0.039387	-21.216718	115.161951	-79.453500
	0.039396	-22.626134	115.161951	-79.453500
	0.039406	-23.726012	115.161951	-79.453500
	0.039415	-23.765355	115.161951	-79.393900
	0.039424	-23.312887	115.161951	-79.453500
	0.039434	-23.784518	115.161951	-79.513100
	0.039443	-23.636918	115.161951	-79.513100
	0.039453	-23.037289	115.161951	-79.572700
	0.039462	-23.351075	115.161951	-79.632300
	0.039472	-23.044781	115.161951	-79.572700
	0.039481	-22.974683	115.161951	-79.632300
	0.039491	-24.277053	115.161951	-79.811100
	0.039500	-22.877923	115.161951	-79.811100
	0.039510	-22.826556	115.161951	-79.870700
	0.039519	-24.075369	115.161951	-79.930300
	0.039529	-23.547222	115.161951	-79.989900
	0.039538	-23.940095	115.161951	-80.109100
	0.039548	-24.647187	115.161951	-80.168700
	0.039557	-23.459794	115.161951	-80.228300
	0.039566	-23.745915	115.161951	-80.287900
	0.039576	-22.650531	115.161951	-80.347500
	0.039585	-23.511119	115.161951	-80.466700
	0.039595	-23.730607	115.161951	-80.585900
	0.039604	-24.098291	115.161951	-80.466700
	0.039614	-24.113068	115.161951	-80.466700
	0.039623	-23.539562	115.161951	-80.526300
	0.039633	-23.920033	115.161951	-80.526300
	0.039642	-24.304512	115.161951	-80.705200
	0.039652	-23.337043	115.161951	-80.705200
	0.039661	-23.503075	115.161951	-80.764800
	0.039671	-24.059708	115.161951	-80.705200
	0.039680	-23.063211	115.161951	-80.645600
	0.039690	-23.638757	115.161951	-80.585900
	0.039699	-24.308947	115.161951	-80.645600
	0.039709	-24.707215	115.161951	-80.705200
	0.039718	-24.799084	115.161951	-80.705200
	0.039727	-24.397826	115.161951	-80.764800
	0.039737	-23.786570	115.161951	-80.824400
	0.039746	-24.061209	115.161951	-80.884000
	0.039756	-23.934579	115.161951	-80.824400
	0.039765	-25.258144	115.161951	-80.705200
	0.039775	-23.327849	115.161951	-80.645600
	0.039784	-22.718702	115.161951	-80.764800
	0.039794	-24.005669	115.161951	-80.884000
	0.039803	-23.681771	115.161951	-80.884000
	0.039813	-24.283070	115.161951	-80.884000
	0.039822	-23.511796	115.161951	-80.943600
	0.039832	-23.185530	115.161951	-80.943600
	0.039841	-24.929212	115.161951	-81.062800
	0.039851	-24.236001	115.161951	-81.062800
	0.039860	-25.125940	115.161951	-81.062800
	0.039869	-24.809168	115.161951	-81.182000
	0.039879	-24.204030	115.161951	-81.182000
	0.039888	-24.346691	115.161951	-81.241600
	0.039898	-23.522901	115.161951	-81.360800
	0.039907	-25.191241	115.161951	-81.360800
	0.039917	-24.679429	115.161951	-81.420400
	0.039926	-24.806899	115.161951	-81.420400
	0.039936	-24.356522	115.161951	-81.420400
	0.039945	-24.764589	115.161951	-81.420400
	0.039955	-24.448159	115.161951	-81.480000
	0.039964	-24.268239	115.161951	-81.599200
	0.039974	-22.977211	115.161951	-81.599200
	0.039983	-24.560680	115.161951	-81.778000
	0.039993	-24.304903	115.161951	-81.718400
	0.040002	-24.728294	115.161951	-81.718400
	0.040012	-24.762174	115.161951	-81.658800
	0.040021	-24.831339	115.161951	-81.539600
	0.040030	-25.067281	115.161951	-81.539600
	0.040040	-25.733393	115.161951	-81.658800
	0.040049	-25.226071	115.161951	-81.778000
	0.040059	-25.014524	115.161951	-81.718400
	0.040068	-26.383321	115.161951	-81.658800
	0.040078	-24.835553	115.161951	-81.599200
	0.040087	-25.185288	115.161951	-81.599200
	0.040097	-25.414261	115.161951	-81.539600
	0.040106	-25.744453	115.161951	-81.599200
	0.040116	-25.128271	115.161951	-81.539600
	0.040125	-25.078600	115.161951	-81.539600
	0.040135	-24.362923	115.161951	-81.599200
	0.040144	-25.284151	115.161951	-81.599200
	0.040154	-25.441479	115.161951	-81.599200
	0.040163	-25.450630	115.161951	-81.539600
	0.040172	-25.336659	115.161951	-81.539600
	0.040182	-25.108190	115.161951	-81.539600
	0.040191	-24.610124	115.161951	-81.480000
	0.040201	-25.886297	115.161951	-81.539600
	0.040210	-25.975155	115.161951	-81.539600
	0.040220	-25.435258	115.161951	-81.539600
	0.040229	-25.871374	115.161951	-81.599200
	0.040239	-25.182366	115.161951	-81.658800
	0.040248	-25.596409	115.161951	-81.778000
	0.040258	-25.041760	115.161951	-81.778000
	0.040267	-25.576100	115.161951	-81.718400
	0.040277	-25.543557	115.161951	-81.778000
	0.040286	-24.930460	115.161951	-81.778000
	0.040296	-24.762104	115.161951	-81.897200
	0.040305	-25.708696	115.161951	-81.837600
	0.040315	-27.558876	115.161951	-81.837600
	0.040324	-26.564996	115.161951	-81.897200
	0.040333	-25.151630	115.161951	-81.956900
	0.040343	-26.664368	115.161951	-82.016500
	0.040352	-24.214889	115.161951	-82.076100
	0.040362	-25.474149	115.161951	-82.076100
	0.040371	-25.167904	115.161951	-82.076100
	0.040381	-26.043367	115.161951	-82.076100
	0.040390	-26.089155	115.161951	-82.195300
	0.040400	-25.097652	115.161951	-82.135700
	0.040409	-25.926967	115.161951	-82.135700
	0.040419	-25.850274	115.161951	-82.076100
	0.040428	-24.630674	115.161951	-82.254900
	0.040438	-25.112781	115.161951	-82.374100
	0.040447	-26.089425	115.161951	-82.374100
	0.040457	-25.534677	115.161951	-82.374100
	0.040466	-25.851862	115.161951	-82.433700
	0.040475	-25.473512	115.161951	-82.374100
	0.040485	-26.162136	115.161951	-82.314500
	0.040494	-27.553678	115.161951	-82.314500
	0.040504	-24.994827	115.161951	-82.433700
	0.040513	-24.964290	115.161951	-82.433700
	0.040523	-25.648050	115.161951	-82.552900
	0.040532	-25.367729	115.161951	-82.552900
	0.040542	-25.356915	115.161951	-82.672100
	0.040551	-25.401661	115.161951	-82.672100
	0.040561	-24.779012	115.161951	-82.672100
	0.040570	-26.902043	115.161951	-81.778000
	0.040580	-26.994856	115.161951	-81.241600
	0.040589	-26.297255	115.161951	-79.691900
	0.040599	-27.062093	115.161951	-79.274600
	0.040608	-26.486230	115.161951	-79.274600
	0.040618	-26.777546	115.161951	-79.274600
	0.040627	-26.990174	115.161951	-79.334200
	0.040636	-27.575312	115.161951	-79.334200
	0.040646	-26.230544	115.161951	-79.334200
	0.040655	-26.258539	115.161951	-79.453500
	0.040665	-27.682011	115.161951	-79.453500
	0.040674	-27.965630	115.161951	-79.513100
	0.040684	-26.952837	115.161951	-79.572700
	0.040693	-27.770245	115.161951	-79.632300
	0.040703	-26.821161	115.161951	-79.393900
	0.040712	-28.039146	115.161951	-79.095800
	0.040722	-29.687209	115.161951	-79.036200
	0.040731	-27.443820	115.161951	-79.095800
	0.040741	-27.655907	115.161951	-79.036200
	0.040750	-27.675349	115.161951	-79.095800
	0.040760	-28.004367	115.161951	-79.095800
	0.040769	-28.489694	115.161951	-79.036200
	0.040778	-27.671118	115.161951	-79.036200
	0.040788	-28.691411	115.161951	-79.036200
	0.040797	-28.493145	115.161951	-79.095800
	0.040807	-26.967322	115.161951	-79.036200
	0.040816	-26.993305	115.161951	-79.036200
	0.040826	-27.018772	115.161951	-79.036200
	0.040835	-27.058943	115.161951	-79.155400
	0.040845	-26.390880	115.161951	-79.155400
	0.040854	-27.627210	115.161951	-79.155400
	0.040864	-27.649180	115.161951	-79.215000
	0.040873	-26.580490	115.161951	-79.155400
	0.040883	-27.203308	115.161951	-79.215000
	0.040892	-27.550694	115.161951	-79.274600
	0.040902	-28.078699	115.161951	-79.155400
	0.040911	-27.152101	115.161951	-79.215000
	0.040921	-27.005953	115.161951	-79.274600
	0.040930	-27.867444	115.161951	-79.274600
	0.040939	-26.546100	115.161951	-79.215000
	0.040949	-27.725669	115.161951	-79.274600
	0.040958	-27.829204	115.161951	-79.274600
	0.040968	-26.850659	115.161951	-79.215000
	0.040977	-26.092238	115.161951	-79.274600
	0.040987	-27.745098	115.161951	-79.453500
	0.040996	-27.687280	115.161951	-79.513100
	0.041006	-27.779922	115.161951	-79.513100
	0.041015	-28.522676	115.161951	-79.513100
	0.041025	-28.075303	115.161951	-79.572700
	0.041034	-28.732108	115.161951	-79.632300
	0.041044	-28.504931	115.161951	-79.632300
	0.041053	-28.408907	115.161951	-79.572700
	0.041063	-27.650649	115.161951	-79.572700
	0.041072	-28.914939	115.161951	-79.632300
	0.041081	-28.791456	115.161951	-79.751500
	0.041091	-28.722476	115.161951	-79.811100
	0.041100	-29.001123	115.161951	-79.811100
	0.041110	-28.639989	115.161951	-79.870700
	0.041119	-27.753315	115.161951	-79.870700
	0.041129	-29.077457	115.161951	-79.870700
	0.041138	-27.609181	115.161951	-79.870700
	0.041148	-28.007276	115.161951	-79.870700
	0.041157	-27.759827	115.161951	-79.930300
	0.041167	-27.970496	115.161951	-79.930300
	0.041176	-28.751452	115.161951	-79.930300
	0.041186	-29.040065	115.161951	-80.109100
	0.041195	-28.378251	115.161951	-80.049500
	0.041205	-28.843751	115.161951	-80.287900
	0.041214	-27.892392	115.161951	-80.347500
	0.041224	-29.029822	115.161951	-80.347500
	0.041233	-28.922664	115.161951	-80.407100
	0.041242	-28.294225	115.161951	-80.407100
	0.041252	-27.902584	115.161951	-80.526300
	0.041261	-27.858909	115.161951	-80.466700
	0.041271	-29.821025	115.161951	-80.347500
	0.041280	-29.765119	115.161951	-80.228300
	0.041290	-30.321835	115.161951	-80.168700
	0.041299	-30.793331	115.161951	-80.287900
	0.041309	-30.850472	115.161951	-80.347500
	0.041318	-30.962782	115.161951	-80.347500
	0.041328	-31.192411	115.161951	-80.466700
	0.041337	-31.372999	115.161951	-80.526300
	0.041347	-30.849171	115.161951	-80.645600
	0.041356	-30.323782	115.161951	-80.585900
	0.041366	-30.894252	115.161951	-80.526300
	0.041375	-30.514751	115.161951	-80.645600
	0.041384	-31.195328	115.161951	-80.764800
	0.041394	-30.819405	115.161951	-80.884000
	0.041403	-29.717216	115.161951	-80.884000
	0.041413	-31.430250	115.161951	-80.824400
	0.041422	-30.829766	115.161951	-80.764800
	0.041432	-31.153446	115.161951	-80.884000
	0.041441	-30.200759	115.161951	-80.884000
	0.041451	-34.028154	115.161951	-80.705200
	0.041460	-34.183406	115.161951	-80.585900
	0.041470	-34.122993	115.161951	-80.585900
	0.041479	-35.935560	115.161951	-80.585900
	0.041489	-33.427191	115.161951	-80.645600
	0.041498	-33.920473	115.161951	-80.705200
	0.041508	-34.171298	115.161951	-80.824400
	0.041517	-34.494726	115.161951	-80.764800
	0.041527	-34.635332	115.161951	-80.764800
	0.041536	-34.526253	115.161951	-80.884000
	0.041545	-35.157682	115.161951	-80.824400
	0.041555	-34.968704	115.161951	-80.824400
	0.041564	-34.312485	115.161951	-80.824400
	0.041574	-35.704895	115.161951	-80.884000
	0.041583	-35.177041	115.161951	-80.943600
	0.041593	-35.381987	115.161951	-80.943600
	0.041602	-35.047128	115.161951	-80.884000
	0.041612	-35.293032	115.161951	-80.943600
	0.041621	-35.972102	115.161951	-81.003200
	0.041631	-35.917898	115.161951	-80.943600
	0.041640	-35.233787	115.161951	-81.003200
	0.041650	-35.404158	115.161951	-81.062800
	0.041659	-35.356444	115.161951	-81.062800
	0.041669	-34.957824	115.161951	-81.182000
	0.041678	-34.479875	115.161951	-81.122400
	0.041687	-34.586900	115.161951	-81.241600
	0.041697	-34.930664	115.161951	-81.241600
	0.041706	-34.864983	115.161951	-81.241600
	0.041716	-35.130287	115.161951	-81.182000
	0.041725	-35.515981	115.161951	-81.241600
	0.041735	-33.873670	115.161951	-81.480000
	0.041744	-35.940503	115.161951	-81.420400
	0.041754	-36.583058	115.161951	-81.420400
	0.041763	-36.115724	115.161951	-81.420400
	0.041773	-34.775225	115.161951	-81.360800
	0.041782	-34.657921	115.161951	-81.420400
	0.041792	-35.083938	115.161951	-81.480000
	0.041801	-35.112475	115.161951	-81.599200
	0.041811	-35.302121	115.161951	-81.539600
	0.041820	-36.080179	115.161951	-81.599200
	0.041829	-35.199684	115.161951	-81.658800
	0.041839	-35.610321	115.161951	-81.778000
	0.041848	-35.579492	115.161951	-81.778000
	0.041858	-35.767311	115.161951	-81.778000
	0.041867	-38.160637	115.161951	-81.897200
	0.041877	-37.173886	115.161951	-81.897200
	0.041886	-36.534688	115.161951	-81.956900
	0.041896	-35.915278	115.161951	-82.016500
	0.041905	-36.147864	115.161951	-82.016500
	0.041915	-36.046722	115.161951	-82.076100
	0.041924	-37.285244	115.161951	-82.135700
	0.041934	-36.778979	115.161951	-82.135700
	0.041943	-35.561601	115.161951	-82.195300
	0.041953	-36.585228	115.161951	-82.254900
	0.041962	-36.304830	115.161951	-82.254900
	0.041972	-36.116592	115.161951	-82.314500
	0.041981	-36.499055	115.161951	-82.314500
	0.041990	-36.681922	115.161951	-82.314500
	0.042000	-35.804427	115.161951	-82.374100
	0.042009	-35.967501	115.161951	-82.433700
	0.042019	-35.319165	115.161951	-82.552900
	0.042028	-36.948986	115.161951	-82.552900
	0.042038	-35.919626	115.161951	-82.552900
	0.042047	-34.950143	115.161951	-82.552900
	0.042057	-36.655196	115.161951	-82.612500
	0.042066	-36.415103	115.161951	-82.552900
	0.042076	-37.364221	115.161951	-82.552900
	0.042085	-35.816624	115.161951	-82.552900
	0.042095	-37.773441	115.161951	-82.433700
	0.042104	-36.658935	115.161951	-81.837600
	0.042114	-37.501512	115.161951	-81.718400
	0.042123	-37.602129	115.161951	-81.658800
	0.042132	-38.319552	115.161951	-81.599200
	0.042142	-38.711248	115.161951	-81.420400
	0.042151	-40.784051	115.161951	-80.824400
	0.042161	-40.617420	115.161951	-80.764800
	0.042170	-39.703897	115.161951	-80.705200
	0.042180	-40.179099	115.161951	-80.645600
	0.042189	-40.064418	115.161951	-80.645600
	0.042199	-39.604537	115.161951	-80.764800
	0.042208	-39.186869	115.161951	-80.764800
	0.042218	-39.406295	115.161951	-80.764800
	0.042227	-40.105003	115.161951	-80.824400
	0.042237	-38.985843	115.161951	-80.884000
	0.042246	-39.342215	115.161951	-80.884000
	0.042256	-39.901949	115.161951	-80.943600
	0.042265	-40.298063	115.161951	-80.884000
	0.042275	-40.232936	115.161951	-80.824400
	0.042284	-40.914097	115.161951	-80.884000
	0.042293	-40.329533	115.161951	-80.764800
	0.042303	-40.246796	115.161951	-80.824400
	0.042312	-40.200288	115.161951	-80.884000
	0.042322	-40.525094	115.161951	-80.884000
	0.042331	-39.398527	115.161951	-80.884000
	0.042341	-41.030738	115.161951	-80.049500
	0.042350	-43.614982	115.161951	-79.632300
	0.042360	-44.024007	115.161951	-79.691900
	0.042369	-43.256370	115.161951	-79.632300
	0.042379	-43.497122	115.161951	-79.691900
	0.042388	-43.046623	115.161951	-79.811100
	0.042398	-43.856809	115.161951	-79.691900
	0.042407	-43.702676	115.161951	-79.751500
	0.042417	-43.140478	115.161951	-79.751500
	0.042426	-42.634561	115.161951	-79.751500
	0.042435	-44.338150	115.161951	-79.751500
	0.042445	-42.965910	115.161951	-79.751500
	0.042454	-42.668264	115.161951	-79.751500
	0.042464	-44.533188	115.161951	-79.691900
	0.042473	-43.462298	115.161951	-79.572700
	0.042483	-43.525093	115.161951	-79.632300
	0.042492	-44.371479	115.161951	-79.632300
	0.042502	-42.890361	115.161951	-79.751500
	0.042511	-44.182725	115.161951	-79.751500
	0.042521	-43.890309	115.161951	-79.811100
	0.042530	-42.310459	115.161951	-79.811100
	0.042540	-42.055511	115.161951	-79.870700
	0.042549	-42.531410	115.161951	-79.811100
	0.042559	-44.643461	115.161951	-79.870700
	0.042568	-43.467824	115.161951	-79.930300
	0.042578	-43.747943	115.161951	-79.930300
	0.042587	-43.874765	115.161951	-80.049500
	0.042596	-44.073709	115.161951	-79.989900
	0.042606	-43.451943	115.161951	-80.049500
	0.042615	-43.842445	115.161951	-80.049500
	0.042625	-45.835312	115.161951	-80.049500
	0.042634	-45.597699	115.161951	-80.109100
	0.042644	-44.784512	115.161951	-80.109100
	0.042653	-44.831592	115.161951	-80.109100
	0.042663	-43.977478	115.161951	-80.109100
	0.042672	-43.860971	115.161951	-80.109100
	0.042682	-43.341297	115.161951	-80.049500
	0.042691	-44.309720	115.161951	-80.109100
	0.042701	-43.090071	115.161951	-79.930300
	0.042710	-42.861029	115.161951	-79.691900
	0.042720	-44.288787	115.161951	-79.632300
	0.042729	-43.754049	115.161951	-79.751500
	0.042738	-43.910083	115.161951	-79.751500
	0.042748	-43.650193	115.161951	-79.751500
	0.042757	-43.153071	115.161951	-79.751500
	0.042767	-43.702470	115.161951	-79.811100
	0.042776	-43.442638	115.161951	-79.870700
	0.042786	-43.195199	115.161951	-79.870700
	0.042795	-43.946485	115.161951	-79.870700
	0.042805	-44.336710	115.161951	-79.870700
	0.042814	-43.546206	115.161951	-79.870700
	0.042824	-43.711193	115.161951	-80.049500
	0.042833	-44.168657	115.161951	-79.989900
	0.042843	-42.978751	115.161951	-79.989900
	0.042852	-44.061063	115.161951	-79.930300
	0.042862	-43.914821	115.161951	-79.930300
	0.042871	-45.002509	115.161951	-79.989900
	0.042881	-44.464728	115.161951	-80.109100
	0.042890	-43.475808	115.161951	-80.109100
	0.042899	-45.072414	115.161951	-80.228300
	0.042909	-43.608262	115.161951	-80.168700
	0.042918	-43.792136	115.161951	-80.168700
	0.042928	-43.384417	115.161951	-80.168700
	0.042937	-44.091350	115.161951	-80.109100
	0.042947	-44.532503	115.161951	-80.168700
	0.042956	-43.781826	115.161951	-80.049500
	0.042966	-46.809897	115.161951	-79.632300
	0.042975	-44.920837	115.161951	-79.632300
	0.042985	-45.212053	115.161951	-79.632300
	0.042994	-44.582180	115.161951	-79.691900
	0.043004	-50.201137	115.161951	-79.334200
	0.043013	-50.458057	115.161951	-78.917000
	0.043023	-49.985823	115.161951	-78.678600
	0.043032	-51.039767	115.161951	-78.678600
	0.043041	-50.781893	115.161951	-78.738200
	0.043051	-49.978678	115.161951	-78.797800
	0.043060	-51.047033	115.161951	-78.797800
	0.043070	-51.142474	115.161951	-78.797800
	0.043079	-51.797162	115.161951	-78.797800
	0.043089	-51.383357	115.161951	-78.797800
	0.043098	-50.529582	115.161951	-78.857400
	0.043108	-51.732895	115.161951	-78.917000
	0.043117	-51.133500	115.161951	-78.917000
	0.043127	-51.584496	115.161951	-78.917000
	0.043136	-51.318443	115.161951	-78.917000
	0.043146	-52.422611	115.161951	-78.917000
	0.043155	-53.426207	115.161951	-78.797800
	0.043165	-52.289564	115.161951	-78.738200
	0.043174	-53.245408	115.161951	-78.678600
	0.043184	-52.031639	115.161951	-78.738200
	0.043193	-52.090152	115.161951	-78.857400
	0.043202	-52.380997	115.161951	-78.857400
	0.043212	-52.239002	115.161951	-78.797800
	0.043221	-52.960266	115.161951	-78.857400
	0.043231	-53.143205	115.161951	-78.917000
	0.043240	-56.037610	115.161951	-75.996400
	0.043250	-57.414951	115.161951	-75.400300
	0.043259	-59.225021	115.161951	-75.400300
	0.043269	-57.812978	115.161951	-75.400300
	0.043278	-57.921532	115.161951	-75.400300
	0.043288	-58.488261	115.161951	-75.400300
	0.043297	-58.494775	115.161951	-75.400300
	0.043307	-57.631868	115.161951	-75.400300
	0.043316	-58.228336	115.161951	-75.340700
	0.043326	-58.950557	115.161951	-75.340700
	0.043335	-58.387427	115.161951	-75.459900
	0.043344	-58.686858	115.161951	-75.519600
	0.043354	-58.474593	115.161951	-75.519600
	0.043363	-58.740142	115.161951	-75.459900
	0.043373	-58.002099	115.161951	-75.579200
	0.043382	-58.548372	115.161951	-75.638800
	0.043392	-57.595472	115.161951	-75.698400
	0.043401	-57.627059	115.161951	-75.698400
	0.043411	-57.707937	115.161951	-75.698400
	0.043420	-56.649655	115.161951	-75.758000
	0.043430	-57.898066	115.161951	-75.877200
	0.043439	-57.174453	115.161951	-75.996400
	0.043449	-57.668574	115.161951	-75.996400
	0.043458	-57.514072	115.161951	-75.996400
	0.043468	-56.903123	115.161951	-75.996400
	0.043477	-57.953168	115.161951	-75.996400
	0.043487	-58.411069	115.161951	-75.996400
	0.043496	-58.538299	115.161951	-75.996400
	0.043505	-59.363174	115.161951	-75.996400
	0.043515	-58.014493	115.161951	-76.056000
	0.043524	-59.443150	115.161951	-75.996400
	0.043534	-59.018868	115.161951	-76.056000
	0.043543	-59.026012	115.161951	-76.115600
	0.043553	-58.949706	115.161951	-76.115600
	0.043562	-59.229577	115.161951	-76.115600
	0.043572	-60.762261	115.161951	-76.115600
	0.043581	-59.407345	115.161951	-76.115600
	0.043591	-58.871875	115.161951	-76.175200
	0.043600	-58.816994	115.161951	-76.175200
	0.043610	-59.154914	115.161951	-76.234800
	0.043619	-58.813805	115.161951	-76.234800
	0.043629	-60.181902	115.161951	-76.234800
	0.043638	-70.134549	115.161951	-73.135400
	0.043647	-71.341814	115.161951	-70.810800
	0.043657	-71.722541	115.161951	-70.274300
	0.043666	-71.274971	115.161951	-70.214700
	0.043676	-71.108410	115.161951	-70.214700
	0.043685	-71.521950	115.161951	-69.797500
	0.043695	-72.773027	115.161951	-69.082200
	0.043704	-72.885777	115.161951	-68.963000
	0.043714	-72.940801	115.161951	-69.022600
	0.043723	-73.550614	115.161951	-68.963000
	0.043733	-72.188364	115.161951	-69.022600
	0.043742	-72.589522	115.161951	-68.903400
	0.043752	-73.520352	115.161951	-68.903400
	0.043761	-72.054364	115.161951	-68.903400
	0.043771	-71.799221	115.161951	-68.903400
	0.043780	-72.351475	115.161951	-68.903400
	0.043790	-71.669712	115.161951	-69.022600
	0.043799	-72.309115	115.161951	-69.022600
	0.043808	-73.242525	115.161951	-68.963000
	0.043818	-72.865099	115.161951	-68.963000
	0.043827	-72.937430	115.161951	-69.082200
	0.043837	-72.718339	115.161951	-69.082200
	0.043846	-73.245434	115.161951	-69.082200
	0.043856	-73.420119	115.161951	-69.141900
	0.043865	-73.747926	115.161951	-69.201500
	0.043875	-72.973810	115.161951	-69.141900
	0.043884	-72.757817	115.161951	-69.141900
	0.043894	-72.902615	115.161951	-68.843800
	0.043903	-74.697909	115.161951	-68.843800
	0.043913	-73.191384	115.161951	-68.784200
	0.043922	-74.211444	115.161951	-68.665000
	0.043932	-73.840002	115.161951	-68.307400
	0.043941	-73.719971	115.161951	-68.307400
	0.043950	-73.783450	115.161951	-68.307400
	0.043960	-74.049854	115.161951	-68.247800
	0.043969	-74.103744	115.161951	-68.247800
	0.043979	-74.487368	115.161951	-68.247800
	0.043988	-74.104759	115.161951	-68.188200
	0.043998	-73.865305	115.161951	-68.128600
	0.044007	-73.841525	115.161951	-68.069000
	0.044017	-79.795690	115.161951	-66.757700
	0.044026	-83.615057	115.161951	-64.373500
	0.044036	-83.528323	115.161951	-64.373500
	0.044045	-82.764852	115.161951	-64.433100
	0.044055	-83.207391	115.161951	-64.433100
	0.044064	-84.374098	115.161951	-64.492700
	0.044074	-83.815290	115.161951	-64.492700
	0.044083	-83.888361	115.161951	-64.552300
	0.044093	-84.210107	115.161951	-64.611900
	0.044102	-83.667105	115.161951	-64.671500
	0.044111	-84.965369	115.161951	-64.611900
	0.044121	-84.257090	115.161951	-64.611900
	0.044130	-85.340775	115.161951	-64.731100
	0.044140	-84.935785	115.161951	-64.731100
	0.044149	-84.536249	115.161951	-64.671500
	0.044159	-84.566928	115.161951	-64.492700
	0.044168	-83.895194	115.161951	-64.373500
	0.044178	-84.106017	115.161951	-64.492700
	0.044187	-84.920823	115.161951	-64.611900
	0.044197	-84.797653	115.161951	-64.611900
	0.044206	-84.087889	115.161951	-64.731100
	0.044216	-84.074013	115.161951	-64.850300
	0.044225	-84.148523	115.161951	-64.850300
	0.044235	-84.410403	115.161951	-64.969500
	0.044244	-84.729674	115.161951	-65.029100
	0.044253	-83.682484	115.161951	-64.969500
	0.044263	-84.152674	115.161951	-65.148300
	0.044272	-84.799931	115.161951	-65.148300
	0.044282	-84.811180	115.161951	-64.850300
	0.044291	-86.797945	115.161951	-63.181400
	0.044301	-86.716876	115.161951	-62.883400
	0.044310	-86.228028	115.161951	-62.883400
	0.044320	-86.938335	115.161951	-63.002600
	0.044329	-87.034565	115.161951	-62.943000
	0.044339	-87.377556	115.161951	-62.943000
	0.044348	-87.528456	115.161951	-63.062200
	0.044358	-86.127199	115.161951	-63.121800
	0.044367	-86.561844	115.161951	-63.002600
	0.044377	-86.274726	115.161951	-63.062200
	0.044386	-86.558515	115.161951	-63.121800
	0.044396	-87.704542	115.161951	-63.062200
	0.044405	-88.076100	115.161951	-63.062200
	0.044414	-87.787585	115.161951	-63.002600
	0.044424	-88.420122	115.161951	-62.406500
	0.044433	-91.092703	115.161951	-61.154800
	0.044443	-90.182116	115.161951	-60.975800
	0.044452	-91.208215	115.161951	-60.916200
	0.044462	-90.968815	115.161951	-60.916200
	0.044471	-91.423320	115.161951	-60.916200
	0.044481	-90.938442	115.161951	-60.916200
	0.044490	-91.949409	115.161951	-60.916200
	0.044500	-91.770590	115.161951	-60.916200
	0.044509	-91.047463	115.161951	-60.975800
	0.044519	-90.997487	115.161951	-60.916200
	0.044528	-90.241599	115.161951	-60.856600
	0.044538	-91.374495	115.161951	-60.618200
	0.044547	-94.691427	115.161951	-59.664500
	0.044556	-94.731119	115.161951	-59.604900
	0.044566	-97.409735	115.161951	-59.426100
	0.044575	-98.611944	115.161951	-59.128000
	0.044585	-98.423626	115.161951	-59.008800
	0.044594	-98.662086	115.161951	-58.949200
	0.044604	-98.951642	115.161951	-58.949200
	0.044613	-98.541386	115.161951	-58.889600
	0.044623	-98.746740	115.161951	-58.889600
	0.044632	-97.567854	115.161951	-58.889600
	0.044642	-98.787741	115.161951	-58.889600
	0.044651	-97.915592	115.161951	-58.949200
	0.044661	-98.210583	115.161951	-58.889600
	0.044670	-98.064483	115.161951	-58.889600
	0.044680	-98.687325	115.161951	-58.830000
	0.044689	-98.171479	115.161951	-58.830000
	0.044699	-97.751681	115.161951	-58.889600
	0.044708	-98.275321	115.161951	-58.949200
	0.044717	-96.587873	115.161951	-58.830000
	0.044727	-98.010926	115.161951	-58.830000
	0.044736	-98.683227	115.161951	-58.830000
	0.044746	-98.298173	115.161951	-58.889600
	0.044755	-98.131711	115.161951	-58.889600
	0.044765	-97.338080	115.161951	-58.889600
	0.044774	-98.612741	115.161951	-58.830000
	0.044784	-97.750159	115.161951	-58.830000
	0.044793	-97.494544	115.161951	-58.770400
	0.044803	-97.553269	115.161951	-58.830000
	0.044812	-96.693153	115.161951	-58.770400
	0.044822	-96.870333	115.161951	-58.889600
	0.044831	-97.238391	115.161951	-58.889600
	0.044841	-98.067502	115.161951	-58.830000
	0.044850	-96.906090	115.161951	-58.830000
	0.044859	-97.683990	115.161951	-58.889600
	0.044869	-99.092175	115.161951	-58.770400
	0.044878	-98.861316	115.161951	-58.770400
	0.044888	-99.235623	115.161951	-58.949200
	0.044897	-98.674339	115.161951	-58.889600
	0.044907	-99.324062	115.161951	-58.830000
	0.044916	-98.615855	115.161951	-58.889600
	0.044926	-98.539033	115.161951	-58.949200
	0.044935	-97.892151	115.161951	-58.949200
	0.044945	-98.864670	115.161951	-58.949200
	0.044954	-98.945358	115.161951	-58.949200
	0.044964	-98.141155	115.161951	-58.949200
	0.044973	-98.097965	115.161951	-58.830000
	0.044983	-98.086071	115.161951	-58.830000
	0.044992	-97.561112	115.161951	-58.830000
	0.045002	-98.129815	115.161951	-58.830000
	0.045011	-97.898901	115.161951	-58.830000
	0.045020	-98.328656	115.161951	-58.710800
	0.045030	-98.194647	115.161951	-58.710800
	0.045039	-101.520691	115.161951	-57.637900
	0.045049	-101.011107	115.161951	-57.518700
	0.045058	-101.906558	115.161951	-57.518700
	0.045068	-100.782748	115.161951	-57.518700
	0.045077	-100.646879	115.161951	-57.637900
	0.045087	-100.646408	115.161951	-57.637900
	0.045096	-102.042233	115.161951	-56.922700
	0.045106	-102.748752	115.161951	-56.386200
	0.045115	-102.233119	115.161951	-56.445800
	0.045125	-103.008866	115.161951	-56.445800
	0.045134	-103.051335	115.161951	-56.505400
	0.045144	-102.068148	115.161951	-56.505400
	0.045153	-103.891223	115.161951	-56.445800
	0.045162	-102.943245	115.161951	-56.445800
	0.045172	-103.061798	115.161951	-56.386200
	0.045181	-102.728803	115.161951	-56.267000
	0.045191	-102.795322	115.161951	-56.267000
	0.045200	-102.797240	115.161951	-56.267000
	0.045210	-103.561576	115.161951	-56.326600
	0.045219	-103.666746	115.161951	-56.386200
	0.045229	-104.142064	115.161951	-56.386200
	0.045238	-104.349317	115.161951	-56.326600
	0.045248	-104.058403	115.161951	-56.386200
	0.045257	-104.026736	115.161951	-56.386200
	0.045267	-104.014798	115.161951	-56.326600
	0.045276	-103.329486	115.161951	-56.386200
	0.045286	-103.233421	115.161951	-56.326600
	0.045295	-103.324841	115.161951	-56.386200
	0.045305	-103.613480	115.161951	-56.267000
	0.045314	-104.257744	115.161951	-56.445800
	0.045323	-103.364091	115.161951	-56.386200
	0.045333	-103.785525	115.161951	-56.445800
	0.045342	-103.047055	115.161951	-56.445800
	0.045352	-103.985345	115.161951	-56.147800
	0.045361	-104.115107	115.161951	-56.147800
	0.045371	-104.113754	115.161951	-56.147800
	0.045380	-104.142855	115.161951	-56.088200
	0.045390	-103.541329	115.161951	-56.147800
	0.045399	-105.526029	115.161951	-55.969000
	0.045409	-112.397881	115.161951	-52.750300
	0.045418	-110.659676	115.161951	-52.511900
	0.045428	-111.126017	115.161951	-52.511900
	0.045437	-110.920261	115.161951	-52.571500
	0.045447	-111.287771	115.161951	-52.511900
	0.045456	-111.818582	115.161951	-52.571500
	0.045465	-110.726397	115.161951	-52.571500
	0.045475	-111.291190	115.161951	-52.631100
	0.045484	-110.100222	115.161951	-52.631100
	0.045494	-110.897060	115.161951	-52.631100
	0.045503	-111.637229	115.161951	-52.571500
	0.045513	-111.552750	115.161951	-52.571500
	0.045522	-111.153207	115.161951	-52.511900
	0.045532	-111.188019	115.161951	-52.511900
	0.045541	-112.055957	115.161951	-52.511900
	0.045551	-111.686596	115.161951	-52.571500
	0.045560	-110.859251	115.161951	-52.571500
	0.045570	-112.211613	115.161951	-52.631100
	0.045579	-111.873852	115.161951	-52.631100
	0.045589	-121.602671	115.161951	-49.710500
	0.045598	-121.644871	115.161951	-49.174100
	0.045608	-122.514496	115.161951	-49.114500
	0.045617	-120.863866	115.161951	-49.114500
	0.045626	-120.851835	115.161951	-49.114500
	0.045636	-121.697970	115.161951	-49.114500
	0.045645	-121.781241	115.161951	-49.114500
	0.045655	-121.993172	115.161951	-49.114500
	0.045664	-122.866901	115.161951	-49.174100
	0.045674	-122.453907	115.161951	-49.233700
	0.045683	-122.457963	115.161951	-49.114500
	0.045693	-123.299741	115.161951	-49.174100
	0.045702	-122.872940	115.161951	-49.054900
	0.045712	-126.751008	115.161951	-46.134200
	0.045721	-133.282738	115.161951	-45.597800
	0.045731	-132.145435	115.161951	-45.597800
	0.045740	-132.215953	115.161951	-45.597800
	0.045750	-131.718383	115.161951	-45.657400
	0.045759	-132.217834	115.161951	-45.657400
	0.045768	-133.255585	115.161951	-45.597800
	0.045778	-133.234310	115.161951	-45.597800
	0.045787	-133.819123	115.161951	-45.597800
	0.045797	-134.302604	115.161951	-45.538200
	0.045806	-137.113874	115.161951	-44.942100
	0.045816	-137.386787	115.161951	-44.882500
	0.045825	-135.257412	115.161951	-44.942100
	0.045835	-136.823848	115.161951	-44.703700
	0.045844	-135.747836	115.161951	-44.822900
	0.045854	-136.848004	115.161951	-44.882500
	0.045863	-135.377644	115.161951	-44.763300
	0.045873	-135.785697	115.161951	-44.763300
	0.045882	-135.505384	115.161951	-44.822900
	0.045892	-135.552892	115.161951	-44.822900
	0.045901	-135.912185	115.161951	-44.822900
	0.045910	-136.400176	115.161951	-44.763300
	0.045920	-136.579963	115.161951	-44.703700
	0.045929	-135.972052	115.161951	-44.763300
	0.045939	-136.251256	115.161951	-44.703700
	0.045948	-136.118426	115.161951	-44.763300
	0.045958	-135.882494	115.161951	-44.763300
	0.045967	-136.440186	115.161951	-44.763300
	0.045977	-135.542421	115.161951	-44.644100
	0.045986	-136.860063	115.161951	-44.644100
	0.045996	-136.482041	115.161951	-44.644100
	0.046005	-136.733800	115.161951	-44.584500
	0.046015	-137.412062	115.161951	-44.644100
	0.046024	-138.302363	115.161951	-44.644100
	0.046034	-138.477314	115.161951	-44.644100
	0.046043	-138.988718	115.161951	-43.511600
	0.046053	-139.053168	115.161951	-42.915600
	0.046062	-141.774563	115.161951	-41.663900
	0.046071	-145.142664	115.161951	-41.067800
	0.046081	-145.167661	115.161951	-41.008200
	0.046090	-144.406625	115.161951	-41.067800
	0.046100	-144.806681	115.161951	-41.127400
	0.046109	-145.397600	115.161951	-41.067800
	0.046119	-146.599196	115.161951	-40.889000
	0.046128	-147.316507	115.161951	-40.650600
	0.046138	-146.538726	115.161951	-40.650600
	0.046147	-147.325241	115.161951	-40.650600
	0.046157	-146.165015	115.161951	-40.650600
	0.046166	-145.558423	115.161951	-40.710200
	0.046176	-145.787997	115.161951	-40.710200
	0.046185	-145.968301	115.161951	-40.650600
	0.046195	-146.046564	115.161951	-40.591000
	0.046204	-145.666950	115.161951	-40.650600
	0.046213	-145.989696	115.161951	-40.650600
	0.046223	-145.846245	115.161951	-40.650600
	0.046232	-146.736229	115.161951	-40.650600
	0.046242	-147.154807	115.161951	-40.650600
	0.046251	-147.194163	115.161951	-40.710200
	0.046261	-147.792455	115.161951	-40.710200
	0.046270	-148.398250	115.161951	-40.710200
	0.046280	-148.459474	115.161951	-40.650600
	0.046289	-147.971761	115.161951	-40.710200
	0.046299	-147.360048	115.161951	-40.710200
	0.046308	-147.892692	115.161951	-40.710200
	0.046318	-147.426715	115.161951	-40.710200
	0.046327	-147.390434	115.161951	-40.710200
	0.046337	-147.036585	115.161951	-40.769800
	0.046346	-146.930119	115.161951	-40.769800
	0.046356	-147.401938	115.161951	-40.769800
	0.046365	-147.508581	115.161951	-40.710200
	0.046374	-147.422684	115.161951	-40.710200
	0.046384	-148.128813	115.161951	-40.769800
	0.046393	-147.857177	115.161951	-40.769800
	0.046403	-147.398317	115.161951	-40.769800
	0.046412	-147.094116	115.161951	-40.769800
	0.046422	-146.979270	115.161951	-40.769800
	0.046431	-147.185708	115.161951	-40.769800
	0.046441	-147.390547	115.161951	-40.710200
	0.046450	-146.893391	115.161951	-40.710200
	0.046460	-145.765984	115.161951	-40.710200
	0.046469	-147.829301	115.161951	-40.412200
	0.046479	-149.213862	115.161951	-39.756500
	0.046488	-151.005343	115.161951	-38.743300
	0.046498	-153.090171	115.161951	-38.028000
	0.046507	-152.669486	115.161951	-38.028000
	0.046516	-153.216852	115.161951	-37.968400
	0.046526	-153.103441	115.161951	-38.028000
	0.046535	-153.962757	115.161951	-38.147200
	0.046545	-153.334346	115.161951	-38.147200
	0.046554	-153.176035	115.161951	-38.087600
	0.046564	-154.793825	115.161951	-38.147200
	0.046573	-153.473259	115.161951	-38.028000
	0.046583	-153.609312	115.161951	-38.087600
	0.046592	-152.529202	115.161951	-38.087600
	0.046602	-152.030007	115.161951	-38.028000
	0.046611	-152.286418	115.161951	-38.028000
	0.046621	-152.712216	115.161951	-38.087600
	0.046630	-154.030007	115.161951	-38.087600
	0.046640	-152.407052	115.161951	-38.087600
	0.046649	-151.985295	115.161951	-38.206800
	0.046659	-152.047396	115.161951	-38.147200
	0.046668	-152.427586	115.161951	-38.087600
	0.046677	-152.169329	115.161951	-37.849200
	0.046687	-153.398607	115.161951	-37.789600
	0.046696	-152.952297	115.161951	-37.849200
	0.046706	-157.898536	115.161951	-36.001400
	0.046715	-158.560806	115.161951	-35.941800
	0.046725	-157.999598	115.161951	-36.001400
	0.046734	-158.802671	115.161951	-36.120600
	0.046744	-157.798792	115.161951	-36.001400
	0.046753	-158.918302	115.161951	-36.061000
	0.046763	-157.724825	115.161951	-36.001400
	0.046772	-159.172659	115.161951	-36.001400
	0.046782	-159.109203	115.161951	-36.120600
	0.046791	-159.122052	115.161951	-36.180300
	0.046801	-158.851611	115.161951	-36.180300
	0.046810	-159.485175	115.161951	-36.120600
	0.046819	-158.959833	115.161951	-36.120600
	0.046829	-159.619421	115.161951	-36.120600
	0.046838	-159.595939	115.161951	-36.180300
	0.046848	-159.775008	115.161951	-36.061000
	0.046857	-160.106300	115.161951	-36.120600
	0.046867	-160.393475	115.161951	-36.120600
	0.046876	-159.934793	115.161951	-36.180300
	0.046886	-161.549282	115.161951	-35.584200
	0.046895	-161.753208	115.161951	-35.345800
	0.046905	-161.023891	115.161951	-35.345800
	0.046914	-161.155784	115.161951	-35.405400
	0.046924	-160.845886	115.161951	-35.405400
	0.046933	-160.967051	115.161951	-35.584200
	0.046943	-160.351421	115.161951	-35.643800
	0.046952	-161.537061	115.161951	-35.703400
	0.046962	-161.610613	115.161951	-35.822600
	0.046971	-162.858970	115.161951	-35.822600
	0.046980	-162.505232	115.161951	-35.822600
	0.046990	-162.345230	115.161951	-35.882200
	0.046999	-161.775000	115.161951	-35.763000
	0.047009	-162.968556	115.161951	-35.822600
	0.047018	-162.051502	115.161951	-35.822600
	0.047028	-162.629455	115.161951	-35.822600
	0.047037	-164.261314	115.161951	-35.822600
	0.047047	-162.891004	115.161951	-35.763000
	0.047056	-162.382624	115.161951	-35.763000
	0.047066	-162.999708	115.161951	-35.822600
	0.047075	-162.986795	115.161951	-35.703400
	0.047085	-162.479580	115.161951	-35.643800
	0.047094	-162.373907	115.161951	-35.524600
	0.047104	-162.380972	115.161951	-35.465000
	0.047113	-162.471438	115.161951	-35.465000
	0.047122	-161.615305	115.161951	-35.524600
	0.047132	-162.360753	115.161951	-35.584200
	0.047141	-162.113806	115.161951	-35.584200
	0.047151	-162.576144	115.161951	-35.584200
	0.047160	-161.228875	115.161951	-35.763000
	0.047170	-161.438119	115.161951	-35.822600
	0.047179	-161.950672	115.161951	-35.703400
	0.047189	-161.894196	115.161951	-35.703400
	0.047198	-161.348899	115.161951	-35.703400
	0.047208	-161.159162	115.161951	-35.584200
	0.047217	-162.500849	115.161951	-35.703400
	0.047227	-162.355475	115.161951	-35.643800
	0.047236	-162.651888	115.161951	-35.643800
	0.047246	-161.765347	115.161951	-35.584200
	0.047255	-162.582778	115.161951	-35.584200
	0.047265	-163.961400	115.161951	-35.167000
	0.047274	-164.729530	115.161951	-34.809300
	0.047283	-165.369993	115.161951	-34.749700
	0.047293	-164.353194	115.161951	-34.749700
	0.047302	-164.884063	115.161951	-34.690100
	0.047312	-164.771057	115.161951	-34.690100
	0.047321	-165.915631	115.161951	-34.570900
	0.047331	-164.780097	115.161951	-34.511300
	0.047340	-165.668472	115.161951	-34.570900
	0.047350	-165.359939	115.161951	-34.630500
	0.047359	-165.376586	115.161951	-34.630500
	0.047369	-164.656269	115.161951	-34.630500
	0.047378	-164.614669	115.161951	-34.570900
	0.047388	-165.104088	115.161951	-34.511300
	0.047397	-164.139186	115.161951	-34.451700
	0.047407	-165.238427	115.161951	-34.511300
	0.047416	-164.472278	115.161951	-34.570900
	0.047425	-164.228665	115.161951	-34.511300
	0.047435	-165.405868	115.161951	-34.511300
	0.047444	-164.685867	115.161951	-34.451700
	0.047454	-165.031116	115.161951	-34.451700
	0.047463	-165.646739	115.161951	-34.451700
	0.047473	-166.698702	115.161951	-34.451700
	0.047482	-165.669332	115.161951	-34.392100
	0.047492	-165.054011	115.161951	-34.451700
	0.047501	-165.276025	115.161951	-34.511300
	0.047511	-165.506998	115.161951	-34.451700
	0.047520	-165.736349	115.161951	-34.511300
	0.047530	-165.290108	115.161951	-34.570900
	0.047539	-165.634190	115.161951	-34.511300
	0.047549	-165.330711	115.161951	-34.451700
	0.047558	-165.925969	115.161951	-34.451700
	0.047568	-166.430475	115.161951	-34.511300
	0.047577	-165.972305	115.161951	-34.451700
	0.047586	-165.781553	115.161951	-34.511300
	0.047596	-166.204801	115.161951	-34.511300
	0.047605	-165.951136	115.161951	-34.511300
	0.047615	-165.360921	115.161951	-34.511300
	0.047624	-166.502584	115.161951	-34.392100
	0.047634	-166.110026	115.161951	-34.392100
	0.047643	-165.972807	115.161951	-34.272900
	0.047653	-166.032005	115.161951	-34.272900
	0.047662	-166.110920	115.161951	-34.272900
	0.047672	-166.009262	115.161951	-34.153700
	0.047681	-165.200912	115.161951	-34.153700
	0.047691	-164.786826	115.161951	-34.153700
	0.047700	-165.213191	115.161951	-34.272900
	0.047710	-166.164935	115.161951	-34.332500
	0.047719	-165.241338	115.161951	-34.272900
	0.047728	-165.672772	115.161951	-34.332500
	0.047738	-165.376956	115.161951	-34.272900
	0.047747	-165.082515	115.161951	-34.272900
	0.047757	-165.648827	115.161951	-34.332500
	0.047766	-165.921718	115.161951	-34.272900
	0.047776	-165.924918	115.161951	-34.153700
	0.047785	-166.391114	115.161951	-34.034500
	0.047795	-166.027141	115.161951	-34.094100
	0.047804	-167.363756	115.161951	-34.034500
	0.047814	-167.468909	115.161951	-34.034500
	0.047823	-166.599802	115.161951	-34.034500
	0.047833	-167.714586	115.161951	-33.974900
	0.047842	-167.004584	115.161951	-33.974900
	0.047852	-167.300160	115.161951	-33.974900
	0.047861	-167.326499	115.161951	-33.915300
	0.047871	-167.142781	115.161951	-33.855700
	0.047880	-166.321368	115.161951	-33.855700
	0.047889	-166.623448	115.161951	-33.855700
	0.047899	-165.964353	115.161951	-33.915300
	0.047908	-165.372800	115.161951	-33.855700
	0.047918	-166.213420	115.161951	-33.796100
	0.047927	-166.285648	115.161951	-33.796100
	0.047937	-165.285065	115.161951	-33.855700
	0.047946	-165.353355	115.161951	-33.736500
	0.047956	-166.742800	115.161951	-33.617300
	0.047965	-164.882702	115.161951	-33.676900
	0.047975	-166.861381	115.161951	-33.617300
	0.047984	-165.180387	115.161951	-33.557600
	0.047994	-166.339926	115.161951	-33.676900
	0.048003	-167.100798	115.161951	-33.557600
	0.048013	-166.636845	115.161951	-33.498000
	0.048022	-167.473283	115.161951	-33.498000
	0.048031	-167.033939	115.161951	-33.557600
	0.048041	-167.005070	115.161951	-33.498000
	0.048050	-167.527087	115.161951	-33.438400
	0.048060	-166.992518	115.161951	-33.438400
	0.048069	-167.024306	115.161951	-33.557600
	0.048079	-167.045532	115.161951	-33.498000
	0.048088	-166.575160	115.161951	-33.378800
	0.048098	-166.706922	115.161951	-33.438400
	0.048107	-166.814744	115.161951	-33.438400
	0.048117	-169.280116	115.161951	-33.200000
	0.048126	-167.866216	115.161951	-33.319200
	0.048136	-167.636360	115.161951	-33.438400
	0.048145	-169.376061	115.161951	-33.080800
	0.048155	-169.455295	115.161951	-33.140400
	0.048164	-170.704606	115.161951	-33.080800
	0.048174	-172.590068	115.161951	-31.769500
	0.048183	-174.440528	115.161951	-31.650300
	0.048192	-173.198893	115.161951	-31.650300
	0.048202	-174.028919	115.161951	-31.650300
	0.048211	-173.112050	115.161951	-31.709900
	0.048221	-173.714918	115.161951	-31.709900
	0.048230	-173.488698	115.161951	-31.709900
	0.048240	-174.003697	115.161951	-31.709900
	0.048249	-174.015839	115.161951	-31.709900
	0.048259	-173.852243	115.161951	-31.709900
	0.048268	-174.284744	115.161951	-31.709900
	0.048278	-173.562842	115.161951	-31.829100
	0.048287	-174.982273	115.161951	-31.769500
	0.048297	-173.768847	115.161951	-31.829100
	0.048306	-174.319706	115.161951	-31.888700
	0.048316	-173.595667	115.161951	-31.769500
	0.048325	-173.254092	115.161951	-31.888700
	0.048334	-174.036227	115.161951	-31.769500
	0.048344	-174.554692	115.161951	-31.709900
	0.048353	-175.382584	115.161951	-31.590700
	0.048363	-173.577122	115.161951	-31.531100
	0.048372	-175.736772	115.161951	-31.590700
	0.048382	-175.068845	115.161951	-31.531100
	0.048391	-174.573880	115.161951	-31.411900
	0.048401	-176.510604	115.161951	-31.352300
	0.048410	-175.197428	115.161951	-31.411900
	0.048420	-175.166484	115.161951	-31.352300
	0.048429	-174.845604	115.161951	-31.292700
	0.048439	-175.850538	115.161951	-31.233100
	0.048448	-175.438501	115.161951	-31.173500
	0.048458	-175.934778	115.161951	-31.173500
	0.048467	-175.572736	115.161951	-31.173500
	0.048477	-174.954040	115.161951	-31.173500
	0.048486	-175.223930	115.161951	-31.173500
	0.048495	-175.391238	115.161951	-31.173500
	0.048505	-175.928880	115.161951	-31.292700
	0.048514	-175.284636	115.161951	-31.173500
	0.048524	-176.409194	115.161951	-31.233100
	0.048533	-174.850199	115.161951	-31.173500
	0.048543	-176.065676	115.161951	-31.054300
	0.048552	-175.810242	115.161951	-31.113900
	0.048562	-176.414332	115.161951	-31.113900
	0.048571	-176.255103	115.161951	-30.935000
	0.048581	-175.673963	115.161951	-30.994600
	0.048590	-175.973121	115.161951	-31.054300
	0.048600	-176.570433	115.161951	-31.054300
	0.048609	-176.197151	115.161951	-31.173500
	0.048619	-176.477966	115.161951	-31.054300
	0.048628	-176.532587	115.161951	-31.054300
	0.048637	-175.627478	115.161951	-30.994600
	0.048647	-175.885986	115.161951	-30.935000
	0.048656	-176.579798	115.161951	-31.054300
	0.048666	-175.852854	115.161951	-30.994600
	0.048675	-175.545975	115.161951	-30.935000
	0.048685	-175.281426	115.161951	-30.875400
	0.048694	-176.719238	115.161951	-30.815800
	0.048704	-175.758124	115.161951	-30.875400
	0.048713	-176.061975	115.161951	-30.756200
	0.048723	-176.978577	115.161951	-30.756200
	0.048732	-175.378566	115.161951	-30.637000
	0.048742	-175.254871	115.161951	-30.637000
	0.048751	-174.746784	115.161951	-30.637000
	0.048761	-175.799156	115.161951	-30.577400
	0.048770	-175.520426	115.161951	-30.637000
	0.048780	-176.342171	115.161951	-30.637000
	0.048789	-175.200520	115.161951	-30.696600
	0.048798	-175.783408	115.161951	-30.637000
	0.048808	-175.309399	115.161951	-30.637000
	0.048817	-175.480382	115.161951	-30.756200
	0.048827	-177.010787	115.161951	-30.815800
	0.048836	-176.011486	115.161951	-30.875400
	0.048846	-176.280796	115.161951	-30.875400
	0.048855	-175.867105	115.161951	-30.875400
	0.048865	-176.454245	115.161951	-30.935000
	0.048874	-175.891469	115.161951	-30.994600
	0.048884	-175.799318	115.161951	-30.935000
	0.048893	-176.227324	115.161951	-30.875400
	0.048903	-176.504644	115.161951	-30.756200
	0.048912	-177.064172	115.161951	-30.577400
	0.048922	-176.401865	115.161951	-30.458100
	0.048931	-177.259072	115.161951	-30.398500
	0.048940	-177.523884	115.161951	-30.338900
	0.048950	-177.023130	115.161951	-30.398500
	0.048959	-176.821571	115.161951	-30.279300
	0.048969	-177.979736	115.161951	-30.398500
	0.048978	-176.568138	115.161951	-30.279300
	0.048988	-178.362264	115.161951	-30.219700
	0.048997	-180.449614	115.161951	-29.564000
	0.049007	-180.856818	115.161951	-29.444800
	0.049016	-179.939658	115.161951	-29.444800
	0.049026	-179.479558	115.161951	-29.444800
	0.049035	-179.782724	115.161951	-29.504400
	0.049045	-181.135707	115.161951	-29.623600
	0.049054	-180.202372	115.161951	-29.564000
	0.049064	-179.926793	115.161951	-29.564000
	0.049073	-180.143294	115.161951	-29.623600
	0.049083	-179.078998	115.161951	-29.623600
	0.049092	-179.057970	115.161951	-29.623600
	0.049101	-179.134013	115.161951	-29.564000
	0.049111	-179.368006	115.161951	-29.623600
	0.049120	-180.256642	115.161951	-29.683200
	0.049130	-179.999607	115.161951	-29.683200
	0.049139	-178.252110	115.161951	-29.683200
	0.049149	-178.493248	115.161951	-29.623600
	0.049158	-179.138034	115.161951	-29.742800
	0.049168	-181.032867	115.161951	-29.623600
	0.049177	-179.559707	115.161951	-29.623600
	0.049187	-179.623807	115.161951	-29.623600
	0.049196	-179.738844	115.161951	-29.623600
	0.049206	-179.929950	115.161951	-29.623600
	0.049215	-179.393514	115.161951	-29.504400
	0.049225	-180.011028	115.161951	-29.504400
	0.049234	-179.557896	115.161951	-29.504400
	0.049243	-178.531779	115.161951	-29.504400
	0.049253	-179.004719	115.161951	-29.504400
	0.049262	-179.867880	115.161951	-29.444800
	0.049272	-179.744470	115.161951	-29.444800
	0.049281	-180.210991	115.161951	-29.504400
	0.049291	-180.305433	115.161951	-29.504400
	0.049300	-180.855008	115.161951	-29.623600
	0.049310	-179.179992	115.161951	-29.623600
	0.049319	-180.750760	115.161951	-29.683200
	0.049329	-180.135204	115.161951	-29.564000
	0.049338	-179.438394	115.161951	-29.623600
	0.049348	-179.943282	115.161951	-29.623600
	0.049357	-179.497956	115.161951	-29.742800
	0.049367	-179.670251	115.161951	-29.683200
	0.049376	-180.226328	115.161951	-29.802400
	0.049386	-179.998695	115.161951	-29.742800
	0.049395	-179.705879	115.161951	-29.623600
	0.049404	-179.664067	115.161951	-29.623600
	0.049414	-180.060427	115.161951	-29.623600
	0.049423	-180.646897	115.161951	-29.564000
	0.049433	-180.159997	115.161951	-29.504400
	0.049442	-178.759510	115.161951	-29.444800
	0.049452	-179.129369	115.161951	-29.564000
	0.049461	-178.502839	115.161951	-29.504400
	0.049471	-178.826655	115.161951	-29.444800
	0.049480	-179.126363	115.161951	-29.266000
	0.049490	-178.423115	115.161951	-29.266000
	0.049499	-179.593716	115.161951	-29.266000
	0.049509	-179.735823	115.161951	-29.266000
	0.049518	-179.098495	115.161951	-29.266000
	0.049528	-177.968625	115.161951	-29.206400
	0.049537	-179.581636	115.161951	-29.206400
	0.049546	-179.941840	115.161951	-29.206400
	0.049556	-180.689352	115.161951	-29.266000
	0.049565	-181.158191	115.161951	-29.146800
	0.049575	-180.381117	115.161951	-29.146800
	0.049584	-181.683831	115.161951	-29.146800
	0.049594	-179.723029	115.161951	-29.087200
	0.049603	-180.599975	115.161951	-29.027600
	0.049613	-180.254317	115.161951	-28.968000
	0.049622	-180.971361	115.161951	-28.968000
	0.049632	-181.625851	115.161951	-28.968000
	0.049641	-179.786781	115.161951	-28.968000
	0.049651	-180.675892	115.161951	-28.968000
	0.049660	-181.232397	115.161951	-28.968000
	0.049670	-180.315218	115.161951	-29.146800
	0.049679	-179.669030	115.161951	-29.146800
	0.049689	-181.365046	115.161951	-29.146800
	0.049698	-180.738329	115.161951	-29.206400
	0.049707	-180.544902	115.161951	-29.266000
	0.049717	-180.471117	115.161951	-29.206400
	0.049726	-181.467006	115.161951	-29.325600
	0.049736	-181.585014	115.161951	-29.325600
	0.049745	-180.346153	115.161951	-29.325600
	0.049755	-180.450928	115.161951	-29.385200
	0.049764	-181.496392	115.161951	-29.385200
	0.049774	-179.725998	115.161951	-29.564000
	0.049783	-180.709728	115.161951	-29.623600
	0.049793	-181.369355	115.161951	-29.742800
	0.049802	-180.583809	115.161951	-29.802400
	0.049812	-180.528827	115.161951	-29.802400
	0.049821	-180.263004	115.161951	-29.862000
	0.049831	-180.783317	115.161951	-29.802400
	0.049840	-180.692485	115.161951	-29.742800
	0.049849	-180.209174	115.161951	-29.802400
	0.049859	-180.718038	115.161951	-29.981300
	0.049868	-180.284887	115.161951	-29.981300
	0.049878	-180.382758	115.161951	-29.981300
	0.049887	-180.450433	115.161951	-29.981300
	0.049897	-181.510794	115.161951	-29.981300
	0.049906	-180.899849	115.161951	-30.160100
	0.049916	-179.905990	115.161951	-30.279300
	0.049925	-181.015581	115.161951	-30.279300
	0.049935	-179.794728	115.161951	-30.219700
	0.049944	-180.340609	115.161951	-30.219700
	0.049954	-178.734869	115.161951	-30.279300
	0.049963	-179.690367	115.161951	-30.279300
	0.049973	-178.809246	115.161951	-30.219700
	0.049982	-178.517159	115.161951	-30.219700
	0.049991	-180.481419	115.161951	-30.219700
	0.050001	-182.949384	115.161951	-29.683200
	0.050010	-181.724025	115.161951	-29.623600
	0.050020	-181.304141	115.161951	-29.564000
	0.050029	-181.942557	115.161951	-29.683200
	0.050039	-181.184579	115.161951	-29.742800
	0.050048	-180.984168	115.161951	-29.683200
	0.050058	-182.218687	115.161951	-29.623600
	0.050067	-181.164273	115.161951	-29.683200
	0.050077	-182.650270	115.161951	-29.623600
	0.050086	-181.061095	115.161951	-29.504400
	0.050096	-181.836498	115.161951	-29.504400
	0.050105	-180.935663	115.161951	-29.444800
	0.050115	-180.889749	115.161951	-29.325600
	0.050124	-181.625281	115.161951	-29.385200
	0.050134	-181.956026	115.161951	-29.206400
	0.050143	-181.722845	115.161951	-29.206400
	0.050152	-181.448242	115.161951	-29.146800
	0.050162	-181.735335	115.161951	-29.206400
	0.050171	-182.246153	115.161951	-29.325600
	0.050181	-182.423027	115.161951	-29.266000
	0.050190	-182.009222	115.161951	-29.206400
	0.050200	-181.255463	115.161951	-29.206400
	0.050209	-182.582572	115.161951	-29.266000
	0.050219	-182.719261	115.161951	-29.206400
	0.050228	-182.157443	115.161951	-29.146800
	0.050238	-181.937913	115.161951	-29.206400
	0.050247	-182.709923	115.161951	-29.266000
	0.050257	-182.226397	115.161951	-29.266000
	0.050266	-183.186204	115.161951	-29.385200
	0.050276	-182.745919	115.161951	-29.266000
	0.050285	-182.496501	115.161951	-29.206400
	0.050294	-183.094236	115.161951	-29.266000
	0.050304	-182.440307	115.161951	-29.266000
	0.050313	-183.403055	115.161951	-29.266000
	0.050323	-183.417302	115.161951	-29.206400
	0.050332	-183.204569	115.161951	-29.266000
	0.050342	-183.638019	115.161951	-29.266000
	0.050351	-184.331575	115.161951	-29.146800
	0.050361	-183.387191	115.161951	-29.206400
	0.050370	-183.711113	115.161951	-29.146800
	0.050380	-185.153838	115.161951	-29.206400
	0.050389	-184.177934	115.161951	-29.146800
	0.050399	-183.947160	115.161951	-29.087200
	0.050408	-184.471298	115.161951	-29.146800
	0.050418	-184.312184	115.161951	-29.146800
	0.050427	-183.498695	115.161951	-29.146800
	0.050437	-184.147502	115.161951	-29.027600
	0.050446	-183.837688	115.161951	-29.087200
	0.050455	-183.255095	115.161951	-29.087200
	0.050465	-183.169760	115.161951	-29.087200
	0.050474	-182.852547	115.161951	-29.027600
	0.050484	-182.926314	115.161951	-28.968000
