	-0.071022	1.518677	115.161951	-34.153700
	-0.068270	-0.904284	115.161951	-34.153700
	-0.065518	0.102626	115.161951	-34.272900
	-0.062767	0.898629	115.161951	-34.570900
	-0.060015	0.733199	115.161951	-34.809300
	-0.057264	-0.417824	115.161951	-34.988200
	-0.054512	-0.174528	115.161951	-35.107400
	-0.051760	-0.531161	115.161951	-35.345800
	-0.049009	-0.518006	115.161951	-35.643800
	-0.046257	-0.307962	115.161951	-35.882200
	-0.043506	-0.736455	115.161951	-36.120600
	-0.040754	0.926098	115.161951	-36.418700
	-0.038002	0.297414	115.161951	-36.776300
	-0.035251	0.775119	115.161951	-37.074300
	-0.032499	-0.724936	115.161951	-37.431900
	-0.029748	-0.657650	115.161951	-38.028000
	-0.026996	-0.145392	115.161951	-38.385600
	-0.024245	-0.602953	115.161951	-38.743300
	-0.021493	-0.509461	115.161951	-39.220100
	-0.018741	-0.980502	115.161951	-39.816100
	-0.015990	-1.301371	115.161951	-40.352600
	-0.013238	-2.369385	115.161951	-40.948600
	-0.010487	-2.065479	115.161951	-41.544700
	-0.007735	-2.746237	115.161951	-42.259900
	-0.004984	-3.296715	115.161951	-43.094400
	-0.002232	-3.808644	115.161951	-43.750000
	0.000520	-3.177556	115.161951	-44.524900
	0.003271	-3.655607	115.161951	-45.478600
	0.006023	-3.449668	115.161951	-46.909100
	0.008774	-5.011807	115.161951	-47.803200
	0.011526	-4.926120	115.161951	-48.935600
	0.014278	-6.500396	115.161951	-50.187300
	0.017029	-7.094822	115.161951	-52.869600
	0.019781	-7.406685	115.161951	-54.240500
	0.022532	-8.907566	115.161951	-56.147800
	0.025284	-9.433793	115.161951	-59.247200
	0.028036	-10.027301	115.161951	-61.750900
	0.030787	-13.017965	115.161951	-65.386800
	0.033539	-15.168039	115.161951	-69.201500
	0.036290	-17.297507	115.161951	-77.784500
	0.036290	-18.797766	115.161951	-82.254900
	0.036300	-19.776096	115.161951	-83.685400
	0.036309	-19.953999	115.161951	-84.102600
	0.036319	-19.744854	115.161951	-84.162200
	0.036328	-19.445802	115.161951	-84.221800
	0.036338	-18.155332	115.161951	-84.281400
	0.036347	-19.502232	115.161951	-84.281400
	0.036357	-18.386257	115.161951	-84.281400
	0.036366	-18.936562	115.161951	-84.341000
	0.036376	-19.571947	115.161951	-84.341000
	0.036385	-19.297986	115.161951	-84.400600
	0.036394	-18.493664	115.161951	-84.400600
	0.036404	-19.090617	115.161951	-84.400600
	0.036413	-20.059488	115.161951	-84.400600
	0.036423	-18.950000	115.161951	-84.400600
	0.036432	-18.510603	115.161951	-84.400600
	0.036442	-18.372310	115.161951	-84.400600
	0.036451	-18.866360	115.161951	-84.460200
	0.036461	-19.636232	115.161951	-84.460200
	0.036470	-19.858220	115.161951	-84.460200
	0.036480	-19.191430	115.161951	-84.460200
	0.036489	-19.307819	115.161951	-84.460200
	0.036499	-19.619218	115.161951	-84.400600
	0.036508	-19.895411	115.161951	-84.460200
	0.036518	-19.936058	115.161951	-84.460200
	0.036527	-20.834042	115.161951	-84.460200
	0.036537	-20.121461	115.161951	-84.579500
	0.036546	-18.972427	115.161951	-84.579500
	0.036555	-20.417937	115.161951	-84.579500
	0.036565	-18.450508	115.161951	-84.579500
	0.036574	-19.512018	115.161951	-84.579500
	0.036584	-20.266715	115.161951	-84.519900
	0.036593	-19.870085	115.161951	-84.519900
	0.036603	-19.418805	115.161951	-84.519900
	0.036612	-19.541539	115.161951	-84.519900
	0.036622	-19.836153	115.161951	-84.579500
	0.036631	-19.208257	115.161951	-84.579500
	0.036641	-19.296233	115.161951	-84.639100
	0.036650	-19.176396	115.161951	-84.579500
	0.036660	-19.101317	115.161951	-84.579500
	0.036669	-21.505894	115.161951	-84.579500
	0.036679	-20.469820	115.161951	-84.639100
	0.036688	-21.129347	115.161951	-84.639100
	0.036697	-20.408433	115.161951	-84.639100
	0.036707	-19.426265	115.161951	-84.639100
	0.036716	-19.965472	115.161951	-84.579500
	0.036726	-21.022747	115.161951	-84.639100
	0.036735	-20.168348	115.161951	-84.698700
	0.036745	-20.610111	115.161951	-84.639100
	0.036754	-20.618742	115.161951	-84.639100
	0.036764	-21.113465	115.161951	-84.698700
	0.036773	-20.259876	115.161951	-84.639100
	0.036783	-20.474049	115.161951	-84.698700
	0.036792	-20.506801	115.161951	-84.758300
	0.036802	-21.309230	115.161951	-84.698700
	0.036811	-21.245376	115.161951	-84.698700
	0.036821	-21.406413	115.161951	-84.698700
	0.036830	-19.474712	115.161951	-84.817900
	0.036840	-19.626808	115.161951	-84.817900
	0.036849	-19.917324	115.161951	-84.817900
	0.036858	-19.860203	115.161951	-84.758300
	0.036868	-19.697556	115.161951	-84.758300
	0.036877	-19.135870	115.161951	-84.817900
	0.036887	-19.963742	115.161951	-84.937100
	0.036896	-20.277321	115.161951	-84.937100
	0.036906	-20.484808	115.161951	-84.937100
	0.036915	-20.613952	115.161951	-84.937100
	0.036925	-19.414987	115.161951	-84.996700
	0.036934	-20.366058	115.161951	-85.056300
	0.036944	-20.873357	115.161951	-85.115900
	0.036953	-19.736825	115.161951	-85.175500
	0.036963	-20.302372	115.161951	-85.235100
	0.036972	-20.620968	115.161951	-85.235100
	0.036982	-20.288908	115.161951	-85.175500
	0.036991	-19.533481	115.161951	-85.235100
	0.037000	-19.780923	115.161951	-85.235100
	0.037010	-19.294308	115.161951	-85.175500
	0.037019	-18.947591	115.161951	-85.175500
	0.037029	-19.539255	115.161951	-85.235100
	0.037038	-19.830468	115.161951	-85.235100
	0.037048	-20.006174	115.161951	-85.294700
	0.037057	-19.752611	115.161951	-85.235100
	0.037067	-20.094500	115.161951	-85.235100
	0.037076	-19.651127	115.161951	-85.235100
	0.037086	-21.237219	115.161951	-85.235100
	0.037095	-19.348184	115.161951	-85.294700
	0.037105	-19.559545	115.161951	-85.294700
	0.037114	-20.105047	115.161951	-85.354300
	0.037124	-19.742568	115.161951	-85.413900
	0.037133	-20.212890	115.161951	-85.413900
	0.037143	-19.884383	115.161951	-85.473500
	0.037152	-18.726505	115.161951	-85.473500
	0.037161	-19.546754	115.161951	-85.413900
	0.037171	-19.911144	115.161951	-85.354300
	0.037180	-20.053584	115.161951	-85.354300
	0.037190	-19.420102	115.161951	-85.413900
	0.037199	-20.444706	115.161951	-85.413900
	0.037209	-19.276771	115.161951	-85.354300
	0.037218	-20.011743	115.161951	-85.354300
	0.037228	-19.472478	115.161951	-85.413900
	0.037237	-19.473271	115.161951	-85.473500
	0.037247	-20.101062	115.161951	-85.533100
	0.037256	-20.092783	115.161951	-85.533100
	0.037266	-18.871690	115.161951	-85.533100
	0.037275	-19.256563	115.161951	-85.533100
	0.037285	-20.812050	115.161951	-85.533100
	0.037294	-20.315942	115.161951	-85.473500
	0.037303	-19.628181	115.161951	-85.473500
	0.037313	-20.838200	115.161951	-85.413900
	0.037322	-21.215901	115.161951	-85.413900
	0.037332	-20.233019	115.161951	-85.473500
	0.037341	-20.467775	115.161951	-85.533100
	0.037351	-19.792947	115.161951	-85.473500
	0.037360	-19.838170	115.161951	-85.473500
	0.037370	-20.404746	115.161951	-85.533100
	0.037379	-20.006630	115.161951	-85.473500
	0.037389	-19.201375	115.161951	-85.533100
	0.037398	-19.348227	115.161951	-85.533100
	0.037408	-19.575108	115.161951	-85.592700
	0.037417	-19.274479	115.161951	-85.533100
	0.037427	-20.126347	115.161951	-85.473500
	0.037436	-19.234612	115.161951	-85.533100
	0.037446	-19.399844	115.161951	-85.592700
	0.037455	-19.549262	115.161951	-85.652300
	0.037464	-18.876476	115.161951	-85.711900
	0.037474	-19.799100	115.161951	-85.652300
	0.037483	-20.104392	115.161951	-85.652300
	0.037493	-20.291152	115.161951	-85.652300
	0.037502	-20.358812	115.161951	-85.652300
	0.037512	-18.756123	115.161951	-85.652300
	0.037521	-19.826389	115.161951	-85.652300
	0.037531	-20.480101	115.161951	-85.652300
	0.037540	-19.913414	115.161951	-85.771500
	0.037550	-19.453955	115.161951	-85.890800
	0.037559	-18.772594	115.161951	-85.890800
	0.037569	-20.048113	115.161951	-85.771500
	0.037578	-19.659395	115.161951	-85.771500
	0.037588	-19.294726	115.161951	-85.831200
	0.037597	-21.263613	115.161951	-85.831200
	0.037606	-19.790961	115.161951	-85.890800
	0.037616	-20.989392	115.161951	-85.890800
	0.037625	-21.267715	115.161951	-85.890800
	0.037635	-20.730456	115.161951	-86.010000
	0.037644	-21.198010	115.161951	-86.069600
	0.037654	-20.624370	115.161951	-86.069600
	0.037663	-20.978750	115.161951	-86.069600
	0.037673	-20.159549	115.161951	-86.069600
	0.037682	-20.280136	115.161951	-86.069600
	0.037692	-21.146648	115.161951	-86.069600
	0.037701	-21.256810	115.161951	-86.129200
	0.037711	-21.281585	115.161951	-86.129200
	0.037720	-20.574906	115.161951	-86.129200
	0.037730	-20.442868	115.161951	-86.188800
	0.037739	-20.713432	115.161951	-86.188800
	0.037748	-20.050284	115.161951	-86.188800
	0.037758	-21.331930	115.161951	-86.188800
	0.037767	-20.698617	115.161951	-86.129200
	0.037777	-21.037013	115.161951	-86.129200
	0.037786	-20.110213	115.161951	-86.188800
	0.037796	-20.795554	115.161951	-86.248400
	0.037805	-21.065097	115.161951	-86.248400
	0.037815	-20.730433	115.161951	-86.248400
	0.037824	-21.522044	115.161951	-86.248400
	0.037834	-21.268647	115.161951	-86.308000
	0.037843	-20.151940	115.161951	-86.308000
	0.037853	-21.379126	115.161951	-86.308000
	0.037862	-20.952551	115.161951	-86.308000
	0.037872	-20.290930	115.161951	-86.308000
	0.037881	-21.546844	115.161951	-86.308000
	0.037891	-21.012722	115.161951	-86.308000
	0.037900	-20.904139	115.161951	-86.367600
	0.037909	-20.512205	115.161951	-86.486800
	0.037919	-20.985203	115.161951	-86.486800
	0.037928	-21.183642	115.161951	-86.546400
	0.037938	-20.220211	115.161951	-86.546400
	0.037947	-21.508681	115.161951	-86.546400
	0.037957	-20.717734	115.161951	-86.546400
	0.037966	-20.975323	115.161951	-86.486800
	0.037976	-20.870676	115.161951	-86.546400
	0.037985	-21.666249	115.161951	-86.546400
	0.037995	-21.252844	115.161951	-86.546400
	0.038004	-20.851658	115.161951	-86.606000
	0.038014	-20.945721	115.161951	-86.606000
	0.038023	-21.794494	115.161951	-86.606000
	0.038033	-20.672089	115.161951	-86.606000
	0.038042	-20.874861	115.161951	-86.725200
	0.038051	-21.006392	115.161951	-86.844400
	0.038061	-20.691064	115.161951	-86.844400
	0.038070	-21.234684	115.161951	-86.844400
	0.038080	-21.335826	115.161951	-86.844400
	0.038089	-20.402518	115.161951	-86.844400
	0.038099	-20.255723	115.161951	-86.904000
	0.038108	-21.068596	115.161951	-86.963600
	0.038118	-20.502371	115.161951	-86.963600
	0.038127	-19.995859	115.161951	-86.963600
	0.038137	-19.566393	115.161951	-86.963600
	0.038146	-20.581237	115.161951	-87.023200
	0.038156	-21.692309	115.161951	-87.023200
	0.038165	-21.254972	115.161951	-87.082900
	0.038175	-20.396316	115.161951	-87.142500
	0.038184	-20.108415	115.161951	-87.202100
	0.038194	-20.550661	115.161951	-87.261700
	0.038203	-20.395052	115.161951	-87.261700
	0.038212	-20.690574	115.161951	-87.261700
	0.038222	-20.374932	115.161951	-87.261700
	0.038231	-20.633802	115.161951	-87.380900
	0.038241	-20.906999	115.161951	-87.440500
	0.038250	-20.740735	115.161951	-87.440500
	0.038260	-22.569667	115.161951	-87.440500
	0.038269	-20.142274	115.161951	-87.440500
	0.038279	-20.353428	115.161951	-87.500100
	0.038288	-20.150611	115.161951	-87.500100
	0.038298	-20.423725	115.161951	-87.500100
	0.038307	-19.902332	115.161951	-87.500100
	0.038317	-20.727129	115.161951	-87.559700
	0.038326	-20.825146	115.161951	-87.559700
	0.038336	-20.409443	115.161951	-87.619300
	0.038345	-20.321089	115.161951	-87.678900
	0.038354	-19.492965	115.161951	-87.738500
	0.038364	-20.698198	115.161951	-87.678900
	0.038373	-20.498783	115.161951	-87.678900
	0.038383	-20.632977	115.161951	-87.678900
	0.038392	-20.941618	115.161951	-87.678900
	0.038402	-20.264011	115.161951	-87.678900
	0.038411	-20.480321	115.161951	-87.738500
	0.038421	-20.465846	115.161951	-87.738500
	0.038430	-21.489869	115.161951	-87.798100
	0.038440	-20.214692	115.161951	-87.857700
	0.038449	-21.023331	115.161951	-87.917300
	0.038459	-19.916447	115.161951	-87.917300
	0.038468	-21.083394	115.161951	-87.917300
	0.038478	-21.016183	115.161951	-87.976900
	0.038487	-22.307343	115.161951	-88.036500
	0.038497	-20.444252	115.161951	-88.096100
	0.038506	-20.481679	115.161951	-88.096100
	0.038515	-20.389198	115.161951	-88.096100
	0.038525	-20.929434	115.161951	-88.036500
	0.038534	-22.331413	115.161951	-88.096100
	0.038544	-21.732663	115.161951	-88.215300
	0.038553	-21.754510	115.161951	-88.274900
	0.038563	-21.585980	115.161951	-88.215300
	0.038572	-21.444469	115.161951	-88.274900
	0.038582	-22.082873	115.161951	-88.274900
	0.038591	-21.537352	115.161951	-88.394200
	0.038601	-21.721871	115.161951	-88.453800
	0.038610	-20.334993	115.161951	-88.453800
	0.038620	-22.423234	115.161951	-88.513400
	0.038629	-20.994645	115.161951	-88.513400
	0.038639	-21.256516	115.161951	-88.513400
	0.038648	-21.600947	115.161951	-88.573000
	0.038657	-21.220234	115.161951	-88.632600
	0.038667	-20.744413	115.161951	-88.632600
	0.038676	-20.394444	115.161951	-88.632600
	0.038686	-20.563108	115.161951	-88.811400
	0.038695	-21.055885	115.161951	-88.871000
	0.038705	-20.387498	115.161951	-88.930600
	0.038714	-20.023780	115.161951	-88.871000
	0.038724	-20.217576	115.161951	-88.751800
	0.038733	-21.267570	115.161951	-88.632600
	0.038743	-19.861677	115.161951	-88.692200
	0.038752	-21.649859	115.161951	-88.751800
	0.038762	-20.368619	115.161951	-88.811400
	0.038771	-20.877165	115.161951	-88.811400
	0.038781	-21.474274	115.161951	-88.811400
	0.038790	-21.813329	115.161951	-88.871000
	0.038800	-21.538478	115.161951	-88.930600
	0.038809	-21.263812	115.161951	-88.930600
	0.038818	-20.805339	115.161951	-88.930600
	0.038828	-20.892540	115.161951	-89.049800
	0.038837	-21.837866	115.161951	-89.109400
	0.038847	-22.635974	115.161951	-89.109400
	0.038856	-21.596300	115.161951	-89.109400
	0.038866	-20.587109	115.161951	-89.049800
	0.038875	-21.498446	115.161951	-89.109400
	0.038885	-21.070843	115.161951	-89.109400
	0.038894	-21.065487	115.161951	-89.109400
	0.038904	-21.078316	115.161951	-89.109400
	0.038913	-21.938157	115.161951	-89.169000
	0.038923	-20.915415	115.161951	-89.169000
	0.038932	-21.559998	115.161951	-89.228600
	0.038942	-22.473339	115.161951	-89.347800
	0.038951	-21.610464	115.161951	-89.407400
	0.038960	-22.492878	115.161951	-89.407400
	0.038970	-21.598229	115.161951	-89.407400
	0.038979	-21.208639	115.161951	-89.407400
	0.038989	-21.679727	115.161951	-89.467000
	0.038998	-21.942639	115.161951	-89.526600
	0.039008	-21.884332	115.161951	-89.586200
	0.039017	-20.907134	115.161951	-89.526600
	0.039027	-22.027676	115.161951	-89.467000
	0.039036	-21.486753	115.161951	-89.586200
	0.039046	-20.935187	115.161951	-89.586200
	0.039055	-22.015912	115.161951	-89.586200
	0.039065	-21.479243	115.161951	-89.645900
	0.039074	-21.180119	115.161951	-89.645900
	0.039084	-20.087032	115.161951	-89.645900
	0.039093	-20.102142	115.161951	-89.705500
	0.039103	-22.034252	115.161951	-89.765100
	0.039112	-21.076532	115.161951	-89.765100
	0.039121	-20.545957	115.161951	-89.765100
	0.039131	-20.897701	115.161951	-89.765100
	0.039140	-20.759171	115.161951	-89.824700
	0.039150	-21.027662	115.161951	-89.884300
	0.039159	-20.445030	115.161951	-89.824700
	0.039169	-21.010961	115.161951	-89.943900
	0.039178	-20.441361	115.161951	-89.943900
	0.039188	-20.464282	115.161951	-89.943900
	0.039197	-20.799208	115.161951	-89.943900
	0.039207	-21.186240	115.161951	-90.003500
	0.039216	-21.212935	115.161951	-90.003500
	0.039226	-21.743763	115.161951	-90.063100
	0.039235	-21.318233	115.161951	-90.063100
	0.039245	-21.393424	115.161951	-90.122700
	0.039254	-21.660918	115.161951	-90.122700
	0.039263	-21.233406	115.161951	-90.122700
	0.039273	-21.909121	115.161951	-90.182300
	0.039282	-22.128579	115.161951	-90.122700
	0.039292	-22.299805	115.161951	-90.241900
	0.039301	-21.986807	115.161951	-90.241900
	0.039311	-22.030266	115.161951	-90.361100
	0.039320	-21.691415	115.161951	-90.420700
	0.039330	-23.086930	115.161951	-90.420700
	0.039339	-22.554730	115.161951	-90.420700
	0.039349	-22.192656	115.161951	-90.420700
	0.039358	-21.817334	115.161951	-90.420700
	0.039368	-22.041912	115.161951	-90.420700
	0.039377	-22.028996	115.161951	-90.480300
	0.039387	-21.887754	115.161951	-90.420700
	0.039396	-21.990132	115.161951	-90.420700
	0.039406	-22.421322	115.161951	-90.480300
	0.039415	-21.874717	115.161951	-90.480300
	0.039424	-21.790539	115.161951	-90.539900
	0.039434	-21.702206	115.161951	-90.420700
	0.039443	-21.670200	115.161951	-90.420700
	0.039453	-21.780184	115.161951	-90.420700
	0.039462	-22.705632	115.161951	-90.420700
	0.039472	-21.533613	115.161951	-90.361100
	0.039481	-21.937959	115.161951	-90.480300
	0.039491	-22.608536	115.161951	-90.539900
	0.039500	-22.306017	115.161951	-90.599500
	0.039510	-22.958577	115.161951	-90.599500
	0.039519	-23.449771	115.161951	-90.599500
	0.039529	-22.680096	115.161951	-90.539900
	0.039538	-22.118246	115.161951	-90.539900
	0.039548	-23.003332	115.161951	-90.539900
	0.039557	-23.279244	115.161951	-90.599500
	0.039566	-22.431748	115.161951	-90.599500
	0.039576	-23.073565	115.161951	-90.599500
	0.039585	-22.693827	115.161951	-90.599500
	0.039595	-22.236946	115.161951	-90.718700
	0.039604	-22.958837	115.161951	-90.718700
	0.039614	-22.923858	115.161951	-90.718700
	0.039623	-22.990592	115.161951	-90.718700
	0.039633	-23.130789	115.161951	-90.718700
	0.039642	-22.999847	115.161951	-90.718700
	0.039652	-22.516018	115.161951	-90.539900
	0.039661	-23.168910	115.161951	-90.480300
	0.039671	-23.586953	115.161951	-90.539900
	0.039680	-22.716203	115.161951	-90.480300
	0.039690	-23.243197	115.161951	-90.539900
	0.039699	-23.102097	115.161951	-90.599500
	0.039709	-22.795038	115.161951	-90.659100
	0.039718	-24.171590	115.161951	-90.599500
	0.039727	-24.897143	115.161951	-90.599500
	0.039737	-23.312159	115.161951	-90.659100
	0.039746	-23.728364	115.161951	-90.718700
	0.039756	-24.020753	115.161951	-90.718700
	0.039765	-23.845678	115.161951	-90.778300
	0.039775	-24.690155	115.161951	-90.778300
	0.039784	-23.816103	115.161951	-90.897500
	0.039794	-22.917421	115.161951	-90.897500
	0.039803	-22.827101	115.161951	-90.897500
	0.039813	-22.126895	115.161951	-90.897500
	0.039822	-21.998730	115.161951	-90.897500
	0.039832	-23.320021	115.161951	-90.897500
	0.039841	-22.847547	115.161951	-90.897500
	0.039851	-23.673102	115.161951	-90.897500
	0.039860	-21.890880	115.161951	-90.897500
	0.039869	-22.592945	115.161951	-90.897500
	0.039879	-22.474504	115.161951	-90.957200
	0.039888	-23.208941	115.161951	-91.076400
	0.039898	-23.885046	115.161951	-91.076400
	0.039907	-21.719111	115.161951	-91.136000
	0.039917	-23.518556	115.161951	-91.136000
	0.039926	-22.941116	115.161951	-91.136000
	0.039936	-22.334727	115.161951	-91.255200
	0.039945	-23.008714	115.161951	-91.314800
	0.039955	-23.354401	115.161951	-91.374400
	0.039964	-22.547720	115.161951	-91.374400
	0.039974	-22.793134	115.161951	-91.374400
	0.039983	-23.092220	115.161951	-91.374400
	0.039993	-22.671005	115.161951	-91.493600
	0.040002	-23.447067	115.161951	-91.493600
	0.040012	-23.773583	115.161951	-91.553200
	0.040021	-22.855074	115.161951	-91.553200
	0.040030	-23.285945	115.161951	-91.553200
	0.040040	-23.856044	115.161951	-91.612800
	0.040049	-23.895982	115.161951	-91.612800
	0.040059	-24.820568	115.161951	-91.612800
	0.040068	-24.125162	115.161951	-91.612800
	0.040078	-22.338987	115.161951	-91.672400
	0.040087	-23.208657	115.161951	-91.672400
	0.040097	-22.988603	115.161951	-91.732000
	0.040106	-22.644241	115.161951	-91.791600
	0.040116	-23.041615	115.161951	-91.791600
	0.040125	-23.874028	115.161951	-91.851200
	0.040135	-23.284596	115.161951	-91.851200
	0.040144	-23.733280	115.161951	-91.851200
	0.040154	-22.762571	115.161951	-91.910800
	0.040163	-22.718508	115.161951	-91.970400
	0.040172	-24.303209	115.161951	-92.030000
	0.040182	-23.298994	115.161951	-92.030000
	0.040191	-22.363887	115.161951	-92.089600
	0.040201	-22.888625	115.161951	-92.149200
	0.040210	-22.843734	115.161951	-92.149200
	0.040220	-23.346038	115.161951	-92.149200
	0.040229	-22.363555	115.161951	-92.208900
	0.040239	-23.115111	115.161951	-92.268500
	0.040248	-23.805117	115.161951	-92.268500
	0.040258	-24.435242	115.161951	-92.268500
	0.040267	-24.187971	115.161951	-92.268500
	0.040277	-23.488488	115.161951	-92.208900
	0.040286	-22.851803	115.161951	-92.208900
	0.040296	-23.425575	115.161951	-92.208900
	0.040305	-23.529847	115.161951	-92.208900
	0.040315	-23.691403	115.161951	-92.268500
	0.040324	-24.899773	115.161951	-92.268500
	0.040333	-23.827232	115.161951	-92.328100
	0.040343	-23.813312	115.161951	-92.447300
	0.040352	-24.362538	115.161951	-92.506900
	0.040362	-23.956324	115.161951	-92.506900
	0.040371	-22.352311	115.161951	-92.506900
	0.040381	-23.623092	115.161951	-92.506900
	0.040390	-24.219460	115.161951	-92.566500
	0.040400	-24.088802	115.161951	-92.566500
	0.040409	-23.442788	115.161951	-92.566500
	0.040419	-23.884627	115.161951	-92.626100
	0.040428	-23.206209	115.161951	-92.685700
	0.040438	-23.191262	115.161951	-92.685700
	0.040447	-24.185148	115.161951	-92.626100
	0.040457	-23.281352	115.161951	-92.685700
	0.040466	-23.369371	115.161951	-92.685700
	0.040475	-23.022675	115.161951	-92.685700
	0.040485	-23.233381	115.161951	-92.745300
	0.040494	-23.655270	115.161951	-92.804900
	0.040504	-23.078798	115.161951	-92.804900
	0.040513	-23.462868	115.161951	-92.804900
	0.040523	-23.647835	115.161951	-92.745300
	0.040532	-23.437900	115.161951	-92.745300
	0.040542	-23.513340	115.161951	-92.804900
	0.040551	-24.479417	115.161951	-92.804900
	0.040561	-24.703227	115.161951	-92.864500
	0.040570	-24.451092	115.161951	-92.804900
	0.040580	-24.173282	115.161951	-92.804900
	0.040589	-23.549698	115.161951	-92.804900
	0.040599	-23.843527	115.161951	-92.626100
	0.040608	-24.800368	115.161951	-92.506900
	0.040618	-24.292300	115.161951	-92.447300
	0.040627	-23.673340	115.161951	-92.447300
	0.040636	-23.739795	115.161951	-92.447300
	0.040646	-23.517151	115.161951	-92.447300
	0.040655	-24.925803	115.161951	-92.447300
	0.040665	-24.736517	115.161951	-92.447300
	0.040674	-24.223971	115.161951	-92.506900
	0.040684	-24.753349	115.161951	-92.506900
	0.040693	-24.703835	115.161951	-92.566500
	0.040703	-25.292618	115.161951	-92.566500
	0.040712	-23.042800	115.161951	-92.566500
	0.040722	-24.913252	115.161951	-92.566500
	0.040731	-23.496883	115.161951	-92.566500
	0.040741	-25.207274	115.161951	-92.626100
	0.040750	-22.953953	115.161951	-92.685700
	0.040760	-24.487152	115.161951	-92.626100
	0.040769	-23.508746	115.161951	-92.328100
	0.040778	-25.324749	115.161951	-91.851200
	0.040788	-24.791959	115.161951	-91.672400
	0.040797	-25.888575	115.161951	-91.672400
	0.040807	-25.228095	115.161951	-91.732000
	0.040816	-25.220459	115.161951	-91.791600
	0.040826	-26.753231	115.161951	-91.791600
	0.040835	-25.658866	115.161951	-91.851200
	0.040845	-25.828337	115.161951	-91.910800
	0.040854	-24.651886	115.161951	-91.970400
	0.040864	-25.073793	115.161951	-91.970400
	0.040873	-24.859504	115.161951	-92.030000
	0.040883	-24.882282	115.161951	-91.970400
	0.040892	-25.409808	115.161951	-91.612800
	0.040902	-26.306950	115.161951	-91.374400
	0.040911	-26.158007	115.161951	-91.374400
	0.040921	-25.078904	115.161951	-91.374400
	0.040930	-25.432092	115.161951	-91.434000
	0.040939	-25.579423	115.161951	-91.434000
	0.040949	-25.067104	115.161951	-91.434000
	0.040958	-24.756430	115.161951	-91.434000
	0.040968	-25.220928	115.161951	-91.553200
	0.040977	-25.548370	115.161951	-91.553200
	0.040987	-25.601452	115.161951	-91.612800
	0.040996	-26.464053	115.161951	-91.612800
	0.041006	-25.794198	115.161951	-91.612800
	0.041015	-25.450446	115.161951	-91.612800
	0.041025	-26.541724	115.161951	-91.672400
	0.041034	-26.415319	115.161951	-91.732000
	0.041044	-26.215409	115.161951	-91.732000
	0.041053	-26.410412	115.161951	-91.672400
	0.041063	-25.195120	115.161951	-91.791600
	0.041072	-26.072852	115.161951	-91.910800
	0.041081	-26.925535	115.161951	-91.970400
	0.041091	-26.262195	115.161951	-92.030000
	0.041100	-25.024440	115.161951	-92.030000
	0.041110	-27.221706	115.161951	-92.089600
	0.041119	-27.080586	115.161951	-92.089600
	0.041129	-26.361634	115.161951	-92.030000
	0.041138	-27.081839	115.161951	-92.149200
	0.041148	-26.567371	115.161951	-92.149200
	0.041157	-26.013558	115.161951	-92.089600
	0.041167	-26.621623	115.161951	-92.149200
	0.041176	-26.345339	115.161951	-92.208900
	0.041186	-25.053860	115.161951	-92.268500
	0.041195	-25.088992	115.161951	-92.268500
	0.041205	-25.992483	115.161951	-92.268500
	0.041214	-25.439928	115.161951	-92.268500
	0.041224	-27.114519	115.161951	-92.328100
	0.041233	-25.884135	115.161951	-92.387700
	0.041242	-25.588494	115.161951	-92.328100
	0.041252	-24.819199	115.161951	-92.268500
	0.041261	-26.047057	115.161951	-92.268500
	0.041271	-25.835141	115.161951	-92.208900
	0.041280	-25.444300	115.161951	-92.268500
	0.041290	-26.902177	115.161951	-92.328100
	0.041299	-26.866147	115.161951	-92.387700
	0.041309	-25.869367	115.161951	-92.387700
	0.041318	-26.024518	115.161951	-92.447300
	0.041328	-26.318648	115.161951	-92.506900
	0.041337	-26.466796	115.161951	-92.566500
	0.041347	-26.356631	115.161951	-92.566500
	0.041356	-26.968077	115.161951	-92.566500
	0.041366	-26.258311	115.161951	-92.566500
	0.041375	-25.934704	115.161951	-92.566500
	0.041384	-25.015933	115.161951	-92.685700
	0.041394	-25.131515	115.161951	-92.745300
	0.041403	-25.613996	115.161951	-92.745300
	0.041413	-26.268211	115.161951	-92.745300
	0.041422	-25.781572	115.161951	-92.745300
	0.041432	-25.684256	115.161951	-92.804900
	0.041441	-27.102480	115.161951	-92.566500
	0.041451	-26.805849	115.161951	-92.268500
	0.041460	-27.835450	115.161951	-92.208900
	0.041470	-28.463623	115.161951	-92.149200
	0.041479	-26.168159	115.161951	-92.149200
	0.041489	-26.527962	115.161951	-92.208900
	0.041498	-27.182416	115.161951	-92.268500
	0.041508	-28.165027	115.161951	-92.268500
	0.041517	-27.713154	115.161951	-92.328100
	0.041527	-26.435175	115.161951	-92.506900
	0.041536	-28.868339	115.161951	-92.685700
	0.041545	-28.079464	115.161951	-92.685700
	0.041555	-27.787730	115.161951	-92.745300
	0.041564	-28.194426	115.161951	-92.506900
	0.041574	-28.776828	115.161951	-92.089600
	0.041583	-29.784115	115.161951	-91.970400
	0.041593	-29.452246	115.161951	-92.030000
	0.041602	-28.528263	115.161951	-92.089600
	0.041612	-29.543475	115.161951	-92.030000
	0.041621	-29.166883	115.161951	-92.030000
	0.041631	-30.528650	115.161951	-91.970400
	0.041640	-30.534031	115.161951	-91.970400
	0.041650	-30.619213	115.161951	-91.970400
	0.041659	-29.411542	115.161951	-91.970400
	0.041669	-30.269832	115.161951	-92.030000
	0.041678	-29.015607	115.161951	-92.030000
	0.041687	-31.030366	115.161951	-92.030000
	0.041697	-30.084032	115.161951	-92.030000
	0.041706	-30.480865	115.161951	-91.910800
	0.041716	-30.444604	115.161951	-91.970400
	0.041725	-31.044540	115.161951	-92.030000
	0.041735	-30.956367	115.161951	-92.149200
	0.041744	-29.819663	115.161951	-92.208900
	0.041754	-30.896072	115.161951	-92.208900
	0.041763	-30.504332	115.161951	-92.208900
	0.041773	-30.702104	115.161951	-92.208900
	0.041782	-31.239397	115.161951	-92.149200
	0.041792	-33.189746	115.161951	-91.910800
	0.041801	-32.637968	115.161951	-91.910800
	0.041811	-32.731565	115.161951	-91.851200
	0.041820	-32.774394	115.161951	-91.851200
	0.041829	-33.254325	115.161951	-91.851200
	0.041839	-32.683966	115.161951	-91.851200
	0.041848	-32.136995	115.161951	-91.851200
	0.041858	-32.454808	115.161951	-91.910800
	0.041867	-32.510330	115.161951	-91.851200
	0.041877	-33.273671	115.161951	-91.851200
	0.041886	-32.427137	115.161951	-91.910800
	0.041896	-33.505047	115.161951	-91.910800
	0.041905	-33.435551	115.161951	-91.910800
	0.041915	-32.509361	115.161951	-91.910800
	0.041924	-33.989433	115.161951	-91.910800
	0.041934	-33.425876	115.161951	-91.136000
	0.041943	-33.956609	115.161951	-90.718700
	0.041953	-34.586542	115.161951	-90.539900
	0.041962	-35.208312	115.161951	-90.539900
	0.041972	-35.395482	115.161951	-90.539900
	0.041981	-34.607214	115.161951	-90.480300
	0.041990	-34.579177	115.161951	-90.539900
	0.042000	-35.032809	115.161951	-90.599500
	0.042009	-34.333073	115.161951	-90.539900
	0.042019	-37.387713	115.161951	-90.420700
	0.042028	-37.340438	115.161951	-90.241900
	0.042038	-37.766385	115.161951	-90.182300
	0.042047	-37.099621	115.161951	-90.063100
	0.042057	-37.008062	115.161951	-90.003500
	0.042066	-37.227091	115.161951	-90.003500
	0.042076	-36.771227	115.161951	-90.063100
	0.042085	-36.571226	115.161951	-90.182300
	0.042095	-37.108816	115.161951	-90.182300
	0.042104	-36.770325	115.161951	-90.182300
	0.042114	-36.823734	115.161951	-90.182300
	0.042123	-36.458539	115.161951	-90.182300
	0.042132	-37.190753	115.161951	-90.182300
	0.042142	-37.188562	115.161951	-90.241900
	0.042151	-37.589096	115.161951	-90.241900
	0.042161	-36.517141	115.161951	-90.182300
	0.042170	-36.579592	115.161951	-90.182300
	0.042180	-37.029216	115.161951	-90.182300
	0.042189	-37.201983	115.161951	-90.241900
	0.042199	-37.002654	115.161951	-90.301500
	0.042208	-36.651638	115.161951	-90.301500
	0.042218	-37.797084	115.161951	-90.301500
	0.042227	-37.907959	115.161951	-90.301500
	0.042237	-36.660334	115.161951	-90.301500
	0.042246	-37.162947	115.161951	-90.301500
	0.042256	-37.230136	115.161951	-90.361100
	0.042265	-38.071917	115.161951	-90.361100
	0.042275	-37.451927	115.161951	-90.361100
	0.042284	-37.266892	115.161951	-90.420700
	0.042293	-37.490806	115.161951	-90.480300
	0.042303	-37.135721	115.161951	-90.539900
	0.042312	-37.121065	115.161951	-90.539900
	0.042322	-37.686491	115.161951	-89.824700
	0.042331	-40.514754	115.161951	-88.573000
	0.042341	-40.890922	115.161951	-87.976900
	0.042350	-41.353540	115.161951	-87.857700
	0.042360	-40.510629	115.161951	-87.857700
	0.042369	-40.935899	115.161951	-87.917300
	0.042379	-41.185767	115.161951	-87.917300
	0.042388	-40.832826	115.161951	-87.976900
	0.042398	-40.158834	115.161951	-87.917300
	0.042407	-40.859174	115.161951	-87.917300
	0.042417	-40.668172	115.161951	-87.917300
	0.042426	-41.868280	115.161951	-87.917300
	0.042435	-40.995456	115.161951	-87.917300
	0.042445	-42.195946	115.161951	-87.917300
	0.042454	-42.114384	115.161951	-87.976900
	0.042464	-42.775054	115.161951	-88.036500
	0.042473	-42.929382	115.161951	-88.036500
	0.042483	-43.118895	115.161951	-88.036500
	0.042492	-42.135840	115.161951	-87.976900
	0.042502	-42.664057	115.161951	-88.036500
	0.042511	-40.988285	115.161951	-88.096100
	0.042521	-40.997718	115.161951	-88.096100
	0.042530	-41.446217	115.161951	-88.215300
	0.042540	-42.331539	115.161951	-88.215300
	0.042549	-41.634520	115.161951	-88.215300
	0.042559	-42.437835	115.161951	-88.274900
	0.042568	-41.735824	115.161951	-88.215300
	0.042578	-41.080463	115.161951	-88.215300
	0.042587	-42.080410	115.161951	-88.274900
	0.042596	-42.383165	115.161951	-88.274900
	0.042606	-43.719742	115.161951	-88.334500
	0.042615	-42.578853	115.161951	-88.394200
	0.042625	-42.894919	115.161951	-88.394200
	0.042634	-42.639232	115.161951	-88.453800
	0.042644	-42.235834	115.161951	-88.394200
	0.042653	-41.933298	115.161951	-88.394200
	0.042663	-42.050228	115.161951	-88.334500
	0.042672	-41.889078	115.161951	-88.334500
	0.042682	-43.299499	115.161951	-87.976900
	0.042691	-43.486261	115.161951	-87.619300
	0.042701	-44.072036	115.161951	-87.500100
	0.042710	-43.885882	115.161951	-87.500100
	0.042720	-43.487048	115.161951	-87.500100
	0.042729	-44.287696	115.161951	-87.500100
	0.042738	-43.158737	115.161951	-87.619300
	0.042748	-43.770016	115.161951	-87.619300
	0.042757	-44.286163	115.161951	-87.500100
	0.042767	-45.932675	115.161951	-86.904000
	0.042776	-46.538793	115.161951	-86.486800
	0.042786	-46.317429	115.161951	-86.248400
	0.042795	-45.712364	115.161951	-86.188800
	0.042805	-46.140867	115.161951	-86.188800
	0.042814	-46.894838	115.161951	-86.069600
	0.042824	-47.254604	115.161951	-85.175500
	0.042833	-50.381559	115.161951	-83.447000
	0.042843	-51.020869	115.161951	-82.433700
	0.042852	-55.554543	115.161951	-80.764800
	0.042862	-57.229918	115.161951	-80.168700
	0.042871	-56.444433	115.161951	-80.049500
	0.042881	-56.278808	115.161951	-79.930300
	0.042890	-55.634606	115.161951	-79.989900
	0.042899	-56.529012	115.161951	-79.989900
	0.042909	-57.144962	115.161951	-80.049500
	0.042918	-56.587277	115.161951	-80.049500
	0.042928	-55.779589	115.161951	-80.109100
	0.042937	-56.289906	115.161951	-80.109100
	0.042947	-56.044148	115.161951	-80.049500
	0.042956	-56.446220	115.161951	-80.049500
	0.042966	-57.064675	115.161951	-79.989900
	0.042975	-57.373251	115.161951	-79.930300
	0.042985	-56.729680	115.161951	-79.989900
	0.042994	-56.148864	115.161951	-79.930300
	0.043004	-56.211473	115.161951	-80.049500
	0.043013	-56.208166	115.161951	-80.049500
	0.043023	-56.235100	115.161951	-80.109100
	0.043032	-55.525655	115.161951	-80.109100
	0.043041	-57.030000	115.161951	-80.109100
	0.043051	-56.773390	115.161951	-80.109100
	0.043060	-65.357495	115.161951	-79.215000
	0.043070	-66.728896	115.161951	-78.142200
	0.043079	-66.297448	115.161951	-77.963300
	0.043089	-65.749782	115.161951	-77.903700
	0.043098	-66.130381	115.161951	-77.903700
	0.043108	-65.806748	115.161951	-77.963300
	0.043117	-65.628493	115.161951	-77.963300
	0.043127	-65.506517	115.161951	-77.903700
	0.043136	-65.902759	115.161951	-77.963300
	0.043146	-65.073193	115.161951	-77.963300
	0.043155	-65.717823	115.161951	-78.022900
	0.043165	-65.922201	115.161951	-78.022900
	0.043174	-65.532240	115.161951	-77.963300
	0.043184	-65.536528	115.161951	-77.963300
	0.043193	-65.840319	115.161951	-78.082600
	0.043202	-64.921951	115.161951	-78.022900
	0.043212	-65.313834	115.161951	-77.963300
	0.043221	-66.775334	115.161951	-77.903700
	0.043231	-65.423643	115.161951	-77.963300
	0.043240	-65.932022	115.161951	-77.546100
	0.043250	-68.237627	115.161951	-76.234800
	0.043259	-68.645982	115.161951	-75.519600
	0.043269	-69.293581	115.161951	-75.340700
	0.043278	-68.442261	115.161951	-75.340700
	0.043288	-69.365542	115.161951	-75.340700
	0.043297	-69.520065	115.161951	-75.340700
	0.043307	-69.614612	115.161951	-75.340700
	0.043316	-68.802803	115.161951	-75.400300
	0.043326	-69.384216	115.161951	-75.340700
	0.043335	-68.459454	115.161951	-75.340700
	0.043344	-68.641446	115.161951	-75.340700
	0.043354	-69.231212	115.161951	-75.281100
	0.043363	-70.205908	115.161951	-75.161900
	0.043373	-69.995287	115.161951	-75.102300
	0.043382	-70.800444	115.161951	-75.221500
	0.043392	-70.977923	115.161951	-75.519600
	0.043401	-70.936949	115.161951	-75.519600
	0.043411	-70.881306	115.161951	-75.519600
	0.043420	-70.976400	115.161951	-75.519600
	0.043430	-70.826119	115.161951	-75.519600
	0.043439	-70.742573	115.161951	-75.519600
	0.043449	-70.896755	115.161951	-75.459900
	0.043458	-71.306774	115.161951	-75.340700
	0.043468	-71.955928	115.161951	-75.340700
	0.043477	-71.070930	115.161951	-75.400300
	0.043487	-70.210798	115.161951	-75.400300
	0.043496	-71.901107	115.161951	-75.400300
	0.043505	-71.328959	115.161951	-75.400300
	0.043515	-71.236393	115.161951	-75.340700
	0.043524	-72.267506	115.161951	-75.281100
	0.043534	-71.982156	115.161951	-75.221500
	0.043543	-71.141151	115.161951	-75.221500
	0.043553	-72.120003	115.161951	-75.221500
	0.043562	-72.062418	115.161951	-75.161900
	0.043572	-72.430465	115.161951	-75.102300
	0.043581	-71.468781	115.161951	-75.102300
	0.043591	-72.975362	115.161951	-75.102300
	0.043600	-72.327084	115.161951	-75.161900
	0.043610	-72.241462	115.161951	-75.161900
	0.043619	-72.244836	115.161951	-75.102300
	0.043629	-72.484248	115.161951	-75.161900
	0.043638	-71.868152	115.161951	-75.221500
	0.043647	-72.061211	115.161951	-75.221500
	0.043657	-73.129777	115.161951	-75.221500
	0.043666	-71.996371	115.161951	-75.221500
	0.043676	-71.682767	115.161951	-75.221500
	0.043685	-71.837815	115.161951	-75.221500
	0.043695	-71.477197	115.161951	-75.221500
	0.043704	-70.856583	115.161951	-75.221500
	0.043714	-71.630252	115.161951	-75.102300
	0.043723	-73.488550	115.161951	-75.102300
	0.043733	-71.790165	115.161951	-75.102300
	0.043742	-72.793421	115.161951	-75.102300
	0.043752	-71.967897	115.161951	-75.281100
	0.043761	-72.633804	115.161951	-75.221500
	0.043771	-73.010141	115.161951	-75.221500
	0.043780	-73.189845	115.161951	-75.221500
	0.043790	-72.481918	115.161951	-75.281100
	0.043799	-72.689540	115.161951	-75.281100
	0.043808	-72.496364	115.161951	-75.221500
	0.043818	-71.980733	115.161951	-75.221500
	0.043827	-70.936890	115.161951	-75.281100
	0.043837	-71.376808	115.161951	-75.340700
	0.043846	-72.484912	115.161951	-75.221500
	0.043856	-72.971834	115.161951	-75.102300
	0.043865	-73.452613	115.161951	-74.983100
	0.043875	-72.986334	115.161951	-74.983100
	0.043884	-73.862832	115.161951	-74.804300
	0.043894	-77.921709	115.161951	-73.671800
	0.043903	-78.771115	115.161951	-73.195000
	0.043913	-78.328058	115.161951	-73.075800
	0.043922	-80.356228	115.161951	-73.195000
	0.043932	-79.090901	115.161951	-73.314200
	0.043941	-80.602962	115.161951	-73.373800
	0.043950	-80.098279	115.161951	-73.433400
	0.043960	-79.275577	115.161951	-73.433400
	0.043969	-79.700047	115.161951	-73.493000
	0.043979	-84.255072	115.161951	-72.300900
	0.043988	-90.905052	115.161951	-70.155100
	0.043998	-91.004919	115.161951	-69.559100
	0.044007	-89.463613	115.161951	-69.499500
	0.044017	-90.851798	115.161951	-69.439900
	0.044026	-90.489641	115.161951	-69.380300
	0.044036	-90.029783	115.161951	-69.439900
	0.044045	-90.637455	115.161951	-69.380300
	0.044055	-90.979495	115.161951	-69.380300
	0.044064	-90.718908	115.161951	-69.380300
	0.044074	-91.461864	115.161951	-69.261100
	0.044083	-91.494203	115.161951	-69.201500
	0.044093	-91.409235	115.161951	-69.201500
	0.044102	-91.505957	115.161951	-69.141900
	0.044111	-92.582921	115.161951	-69.082200
	0.044121	-92.763708	115.161951	-69.082200
	0.044130	-92.594119	115.161951	-69.141900
	0.044140	-94.702481	115.161951	-68.247800
	0.044149	-95.875500	115.161951	-67.413300
	0.044159	-95.681759	115.161951	-67.115300
	0.044168	-95.904186	115.161951	-67.115300
	0.044178	-95.824941	115.161951	-67.115300
	0.044187	-96.103431	115.161951	-67.115300
	0.044197	-95.458759	115.161951	-67.115300
	0.044206	-95.946287	115.161951	-66.996100
	0.044216	-96.806369	115.161951	-66.876900
	0.044225	-95.509909	115.161951	-66.876900
	0.044235	-97.016646	115.161951	-66.876900
	0.044244	-97.079236	115.161951	-66.876900
	0.044253	-95.864791	115.161951	-66.876900
	0.044263	-96.211836	115.161951	-66.876900
	0.044272	-96.655705	115.161951	-66.817300
	0.044282	-96.324807	115.161951	-66.757700
	0.044291	-97.759816	115.161951	-66.578900
	0.044301	-97.129576	115.161951	-66.400000
	0.044310	-98.523298	115.161951	-66.400000
	0.044320	-98.847108	115.161951	-66.400000
	0.044329	-96.573486	115.161951	-66.280800
	0.044339	-99.114838	115.161951	-65.267600
	0.044348	-99.214262	115.161951	-64.790700
	0.044358	-99.483292	115.161951	-64.671500
	0.044367	-99.983288	115.161951	-64.611900
	0.044377	-98.679668	115.161951	-64.552300
	0.044386	-101.060409	115.161951	-64.135100
	0.044396	-105.094313	115.161951	-63.419800
	0.044405	-104.174108	115.161951	-62.883400
	0.044414	-105.211794	115.161951	-62.764200
	0.044424	-105.263873	115.161951	-62.764200
	0.044433	-105.363686	115.161951	-62.585300
	0.044443	-106.367933	115.161951	-62.346900
	0.044452	-107.019311	115.161951	-62.287300
	0.044462	-107.192113	115.161951	-62.227700
	0.044471	-105.561959	115.161951	-62.227700
	0.044481	-106.534758	115.161951	-62.227700
	0.044490	-106.895634	115.161951	-62.168100
	0.044500	-106.638278	115.161951	-62.287300
	0.044509	-106.363131	115.161951	-62.287300
	0.044519	-106.589473	115.161951	-62.227700
	0.044528	-106.645170	115.161951	-62.287300
	0.044538	-105.431568	115.161951	-62.168100
	0.044547	-106.806120	115.161951	-62.168100
	0.044556	-106.662315	115.161951	-62.108500
	0.044566	-106.887548	115.161951	-62.048900
	0.044575	-107.012520	115.161951	-62.048900
	0.044585	-107.478415	115.161951	-62.048900
	0.044594	-108.195508	115.161951	-62.108500
	0.044604	-108.116088	115.161951	-62.108500
	0.044613	-107.600665	115.161951	-62.048900
	0.044623	-107.379474	115.161951	-61.989300
	0.044632	-108.146609	115.161951	-61.989300
	0.044642	-107.351459	115.161951	-61.989300
	0.044651	-107.862018	115.161951	-62.048900
	0.044661	-106.811412	115.161951	-62.108500
	0.044670	-108.000624	115.161951	-62.108500
	0.044680	-107.664791	115.161951	-62.048900
	0.044689	-107.673341	115.161951	-62.048900
	0.044699	-107.919778	115.161951	-62.048900
	0.044708	-108.160463	115.161951	-62.108500
	0.044717	-107.513039	115.161951	-62.048900
	0.044727	-105.302888	115.161951	-62.108500
	0.044736	-107.017222	115.161951	-62.168100
	0.044746	-106.398688	115.161951	-62.168100
	0.044755	-105.789105	115.161951	-62.227700
	0.044765	-107.019141	115.161951	-62.346900
	0.044774	-106.248906	115.161951	-62.406500
	0.044784	-107.313736	115.161951	-62.406500
	0.044793	-105.757588	115.161951	-62.168100
	0.044803	-111.503781	115.161951	-61.214400
	0.044812	-111.521242	115.161951	-60.737400
	0.044822	-111.323368	115.161951	-60.558600
	0.044831	-111.692113	115.161951	-60.618200
	0.044841	-112.233949	115.161951	-60.618200
	0.044850	-110.933213	115.161951	-60.618200
	0.044859	-111.651167	115.161951	-60.618200
	0.044869	-112.110177	115.161951	-60.618200
	0.044878	-111.163417	115.161951	-60.677800
	0.044888	-112.540482	115.161951	-60.618200
	0.044897	-111.463748	115.161951	-60.618200
	0.044907	-110.751568	115.161951	-60.618200
	0.044916	-110.334973	115.161951	-60.618200
	0.044926	-110.459206	115.161951	-60.618200
	0.044935	-111.501955	115.161951	-60.618200
	0.044945	-111.518555	115.161951	-60.618200
	0.044954	-111.633764	115.161951	-60.618200
	0.044964	-112.457436	115.161951	-60.498900
	0.044973	-111.063028	115.161951	-60.618200
	0.044983	-112.870513	115.161951	-60.618200
	0.044992	-112.175696	115.161951	-60.618200
	0.045002	-113.011495	115.161951	-60.618200
	0.045011	-112.276752	115.161951	-60.558600
	0.045020	-113.379575	115.161951	-60.498900
	0.045030	-112.793368	115.161951	-60.439300
	0.045039	-112.732476	115.161951	-60.379700
	0.045049	-112.242660	115.161951	-60.320100
	0.045058	-113.459268	115.161951	-60.260500
	0.045068	-112.541708	115.161951	-60.260500
	0.045077	-113.095873	115.161951	-60.081700
	0.045087	-112.661150	115.161951	-59.843300
	0.045096	-111.526728	115.161951	-59.843300
	0.045106	-112.442166	115.161951	-59.902900
	0.045115	-112.813294	115.161951	-59.902900
	0.045125	-112.977814	115.161951	-59.962500
	0.045134	-112.061176	115.161951	-60.022100
	0.045144	-113.357505	115.161951	-59.962500
	0.045153	-112.810126	115.161951	-59.962500
	0.045162	-112.789789	115.161951	-59.902900
	0.045172	-113.654484	115.161951	-59.902900
	0.045181	-113.439709	115.161951	-59.902900
	0.045191	-112.674325	115.161951	-60.022100
	0.045200	-113.077980	115.161951	-60.081700
	0.045210	-112.886641	115.161951	-60.081700
	0.045219	-112.768509	115.161951	-60.022100
	0.045229	-113.397799	115.161951	-60.022100
	0.045238	-112.976060	115.161951	-59.962500
	0.045248	-113.571929	115.161951	-59.962500
	0.045257	-111.481926	115.161951	-59.902900
	0.045267	-112.843940	115.161951	-59.902900
	0.045276	-112.509914	115.161951	-59.843300
	0.045286	-113.023159	115.161951	-59.843300
	0.045295	-112.925452	115.161951	-59.902900
	0.045305	-112.181269	115.161951	-59.902900
	0.045314	-113.472759	115.161951	-59.902900
	0.045323	-112.035918	115.161951	-59.843300
	0.045333	-113.093629	115.161951	-59.902900
	0.045342	-112.241894	115.161951	-59.902900
	0.045352	-112.910752	115.161951	-59.902900
	0.045361	-113.254145	115.161951	-59.902900
	0.045371	-112.146191	115.161951	-59.902900
	0.045380	-112.780438	115.161951	-59.902900
	0.045390	-113.361740	115.161951	-59.843300
	0.045399	-113.269266	115.161951	-59.783700
	0.045409	-113.051134	115.161951	-59.843300
	0.045418	-113.459348	115.161951	-59.843300
	0.045428	-114.652380	115.161951	-59.843300
	0.045437	-113.563896	115.161951	-59.843300
	0.045447	-113.665459	115.161951	-59.783700
	0.045456	-112.455531	115.161951	-59.724100
	0.045465	-113.945482	115.161951	-59.664500
	0.045475	-113.742178	115.161951	-59.545300
	0.045484	-115.710963	115.161951	-58.949200
	0.045494	-117.100770	115.161951	-58.174400
	0.045503	-117.213295	115.161951	-57.757100
	0.045513	-116.998157	115.161951	-57.697500
	0.045522	-117.031091	115.161951	-57.637900
	0.045532	-116.803656	115.161951	-57.697500
	0.045541	-116.593170	115.161951	-57.697500
	0.045551	-116.564972	115.161951	-57.697500
	0.045560	-116.736032	115.161951	-57.697500
	0.045570	-116.129255	115.161951	-57.697500
	0.045579	-117.520737	115.161951	-57.697500
	0.045589	-116.859978	115.161951	-57.697500
	0.045598	-117.011756	115.161951	-57.697500
	0.045608	-117.674926	115.161951	-57.637900
	0.045617	-116.437256	115.161951	-57.578300
	0.045626	-117.173019	115.161951	-57.578300
	0.045636	-117.783779	115.161951	-57.518700
	0.045645	-118.486001	115.161951	-57.399500
	0.045655	-118.333579	115.161951	-57.339900
	0.045664	-117.508481	115.161951	-57.280300
	0.045674	-119.065282	115.161951	-57.220700
	0.045683	-118.968487	115.161951	-57.280300
	0.045693	-118.732097	115.161951	-57.280300
	0.045702	-118.529886	115.161951	-57.339900
	0.045712	-118.951843	115.161951	-57.339900
	0.045721	-120.074964	115.161951	-57.339900
	0.045731	-119.710855	115.161951	-57.280300
	0.045740	-121.945586	115.161951	-55.969000
	0.045750	-126.168446	115.161951	-54.896100
	0.045759	-125.693814	115.161951	-54.419300
	0.045768	-126.012265	115.161951	-54.240500
	0.045778	-126.472188	115.161951	-54.180900
	0.045787	-126.797397	115.161951	-54.180900
	0.045797	-125.323461	115.161951	-54.121300
	0.045806	-127.431829	115.161951	-54.121300
	0.045816	-126.551476	115.161951	-54.121300
	0.045825	-127.319361	115.161951	-54.061600
	0.045835	-127.259992	115.161951	-54.121300
	0.045844	-127.815620	115.161951	-54.121300
	0.045854	-127.508967	115.161951	-54.121300
	0.045863	-126.516262	115.161951	-54.121300
	0.045873	-126.888712	115.161951	-54.121300
	0.045882	-126.908579	115.161951	-54.121300
	0.045892	-126.887621	115.161951	-54.180900
	0.045901	-127.226421	115.161951	-54.180900
	0.045910	-126.318330	115.161951	-54.180900
	0.045920	-127.057283	115.161951	-53.763600
	0.045929	-128.435125	115.161951	-53.286800
	0.045939	-128.691988	115.161951	-53.048400
	0.045948	-129.068806	115.161951	-52.869600
	0.045958	-129.723991	115.161951	-52.869600
	0.045967	-129.531579	115.161951	-52.869600
	0.045977	-129.511387	115.161951	-52.750300
	0.045986	-131.747533	115.161951	-51.856300
	0.045996	-131.047347	115.161951	-51.260200
	0.046005	-132.379222	115.161951	-51.081400
	0.046015	-131.536124	115.161951	-50.902600
	0.046024	-132.436154	115.161951	-50.902600
	0.046034	-131.822212	115.161951	-50.604600
	0.046043	-135.629512	115.161951	-50.068100
	0.046053	-135.420416	115.161951	-49.770100
	0.046062	-140.748601	115.161951	-48.697200
	0.046071	-142.120452	115.161951	-47.982000
	0.046081	-141.878853	115.161951	-47.683900
	0.046090	-141.386822	115.161951	-47.564700
	0.046100	-141.890780	115.161951	-47.624300
	0.046109	-142.918922	115.161951	-47.564700
	0.046119	-141.735324	115.161951	-47.564700
	0.046128	-142.072422	115.161951	-47.564700
	0.046138	-143.103956	115.161951	-47.505100
	0.046147	-142.455717	115.161951	-47.505100
	0.046157	-142.938417	115.161951	-47.505100
	0.046166	-141.889086	115.161951	-47.445500
	0.046176	-142.159388	115.161951	-47.445500
	0.046185	-142.607107	115.161951	-47.505100
	0.046195	-142.347636	115.161951	-47.505100
	0.046204	-142.947272	115.161951	-47.505100
	0.046213	-143.285525	115.161951	-47.207100
	0.046223	-144.134856	115.161951	-47.087900
	0.046232	-142.992283	115.161951	-47.087900
	0.046242	-143.480247	115.161951	-47.087900
	0.046251	-142.865811	115.161951	-47.087900
	0.046261	-143.009575	115.161951	-47.028300
	0.046270	-144.400163	115.161951	-46.968700
	0.046280	-144.361496	115.161951	-47.028300
	0.046289	-143.115187	115.161951	-47.028300
	0.046299	-144.111521	115.161951	-47.087900
	0.046308	-143.404577	115.161951	-47.087900
	0.046318	-143.643329	115.161951	-47.028300
	0.046327	-143.764129	115.161951	-47.028300
	0.046337	-143.443492	115.161951	-47.028300
	0.046346	-142.345321	115.161951	-47.087900
	0.046356	-144.077800	115.161951	-47.087900
	0.046365	-143.356365	115.161951	-47.087900
	0.046374	-143.602539	115.161951	-47.087900
	0.046384	-143.523373	115.161951	-47.207100
	0.046393	-143.435246	115.161951	-47.147500
	0.046403	-143.517137	115.161951	-47.087900
	0.046412	-143.812156	115.161951	-47.087900
	0.046422	-143.420790	115.161951	-47.087900
	0.046431	-144.020077	115.161951	-47.087900
	0.046441	-142.877890	115.161951	-47.087900
	0.046450	-143.414139	115.161951	-47.087900
	0.046460	-143.434571	115.161951	-47.087900
	0.046469	-143.271567	115.161951	-47.147500
	0.046479	-144.200462	115.161951	-47.087900
	0.046488	-143.366798	115.161951	-47.087900
	0.046498	-142.435253	115.161951	-47.087900
	0.046507	-143.922899	115.161951	-47.087900
	0.046516	-143.738318	115.161951	-47.087900
	0.046526	-143.819322	115.161951	-47.147500
	0.046535	-144.117709	115.161951	-47.087900
	0.046545	-145.581172	115.161951	-46.849500
	0.046554	-145.887129	115.161951	-46.730300
	0.046564	-146.211084	115.161951	-46.670700
	0.046573	-145.840051	115.161951	-46.670700
	0.046583	-147.893623	115.161951	-46.432300
	0.046592	-153.551857	115.161951	-45.419000
	0.046602	-153.471899	115.161951	-44.882500
	0.046611	-153.045019	115.161951	-44.703700
	0.046621	-160.641924	115.161951	-43.630800
	0.046630	-160.807195	115.161951	-42.677200
	0.046640	-160.358308	115.161951	-42.319500
	0.046649	-160.903931	115.161951	-42.319500
	0.046659	-159.906799	115.161951	-42.319500
	0.046668	-160.581156	115.161951	-42.319500
	0.046677	-160.590398	115.161951	-42.379100
	0.046687	-160.675349	115.161951	-42.379100
	0.046696	-161.057457	115.161951	-42.319500
	0.046706	-161.062465	115.161951	-42.319500
	0.046715	-160.975211	115.161951	-42.379100
	0.046725	-161.904553	115.161951	-42.438700
	0.046734	-160.890131	115.161951	-42.319500
	0.046744	-161.185115	115.161951	-42.200300
	0.046753	-161.362561	115.161951	-42.140700
	0.046763	-161.323974	115.161951	-42.081100
	0.046772	-161.170431	115.161951	-42.081100
	0.046782	-160.917467	115.161951	-42.081100
	0.046791	-161.734262	115.161951	-42.081100
	0.046801	-162.315371	115.161951	-42.140700
	0.046810	-162.201862	115.161951	-42.081100
	0.046819	-161.183628	115.161951	-42.081100
	0.046829	-160.011833	115.161951	-42.021500
	0.046838	-160.775854	115.161951	-42.021500
	0.046848	-161.085040	115.161951	-42.021500
	0.046857	-160.447925	115.161951	-42.021500
	0.046867	-161.055594	115.161951	-42.021500
	0.046876	-162.090131	115.161951	-42.021500
	0.046886	-161.330960	115.161951	-41.902300
	0.046895	-161.825199	115.161951	-41.842700
	0.046905	-161.854161	115.161951	-41.842700
	0.046914	-161.307573	115.161951	-41.842700
	0.046924	-161.566028	115.161951	-41.842700
	0.046933	-161.464113	115.161951	-41.783100
	0.046943	-161.445752	115.161951	-41.783100
	0.046952	-162.651463	115.161951	-41.842700
	0.046962	-161.484837	115.161951	-41.902300
	0.046971	-160.831246	115.161951	-41.902300
	0.046980	-160.818744	115.161951	-41.902300
	0.046990	-161.451478	115.161951	-41.842700
	0.046999	-160.531268	115.161951	-41.902300
	0.047009	-160.137933	115.161951	-41.842700
	0.047018	-161.555721	115.161951	-41.783100
	0.047028	-159.407786	115.161951	-41.783100
	0.047037	-161.045258	115.161951	-41.723500
	0.047047	-161.333239	115.161951	-41.663900
	0.047056	-160.797897	115.161951	-41.663900
	0.047066	-162.336665	115.161951	-41.604300
	0.047075	-161.551388	115.161951	-41.604300
	0.047085	-161.334505	115.161951	-41.544700
	0.047094	-162.046225	115.161951	-41.604300
	0.047104	-162.314457	115.161951	-41.604300
	0.047113	-161.523921	115.161951	-41.663900
	0.047122	-161.616573	115.161951	-41.663900
	0.047132	-162.344296	115.161951	-41.663900
	0.047141	-161.781460	115.161951	-41.723500
	0.047151	-162.535541	115.161951	-41.723500
	0.047160	-162.706121	115.161951	-41.723500
	0.047170	-162.885597	115.161951	-41.604300
	0.047179	-163.331746	115.161951	-41.544700
	0.047189	-163.016005	115.161951	-41.485100
	0.047198	-162.706016	115.161951	-41.485100
	0.047208	-162.966807	115.161951	-41.485100
	0.047217	-162.532085	115.161951	-41.485100
	0.047227	-162.814197	115.161951	-41.485100
	0.047236	-162.263515	115.161951	-41.485100
	0.047246	-163.009944	115.161951	-41.485100
	0.047255	-163.433478	115.161951	-41.485100
	0.047265	-162.174206	115.161951	-41.544700
	0.047274	-163.522454	115.161951	-41.544700
	0.047283	-161.712314	115.161951	-41.485100
	0.047293	-162.743858	115.161951	-41.485100
	0.047302	-162.995049	115.161951	-41.485100
	0.047312	-162.464085	115.161951	-41.485100
	0.047321	-162.150526	115.161951	-41.485100
	0.047331	-162.598348	115.161951	-41.544700
	0.047340	-163.083243	115.161951	-41.604300
	0.047350	-163.027526	115.161951	-41.604300
	0.047359	-161.818697	115.161951	-41.604300
	0.047369	-163.508351	115.161951	-41.544700
	0.047378	-163.813713	115.161951	-41.544700
	0.047388	-161.917207	115.161951	-41.485100
	0.047397	-163.387248	115.161951	-41.425500
	0.047407	-163.716117	115.161951	-41.365900
	0.047416	-164.420847	115.161951	-41.246600
	0.047425	-163.680910	115.161951	-41.067800
	0.047435	-164.158225	115.161951	-41.067800
	0.047444	-163.322722	115.161951	-41.067800
	0.047454	-164.164758	115.161951	-41.127400
	0.047463	-164.621469	115.161951	-41.127400
	0.047473	-165.501077	115.161951	-40.948600
	0.047482	-164.451121	115.161951	-40.769800
	0.047492	-165.852611	115.161951	-40.710200
	0.047501	-165.429761	115.161951	-40.769800
	0.047511	-164.576808	115.161951	-40.769800
	0.047520	-165.771159	115.161951	-40.829400
	0.047530	-164.811932	115.161951	-40.829400
	0.047539	-166.142833	115.161951	-40.769800
	0.047549	-165.173018	115.161951	-40.769800
	0.047558	-164.632343	115.161951	-40.829400
	0.047568	-165.850106	115.161951	-40.769800
	0.047577	-164.817174	115.161951	-40.710200
	0.047586	-164.910490	115.161951	-40.769800
	0.047596	-164.018856	115.161951	-40.710200
	0.047605	-164.697005	115.161951	-40.769800
	0.047615	-165.299226	115.161951	-40.710200
	0.047624	-164.771990	115.161951	-40.471800
	0.047634	-166.299898	115.161951	-40.352600
	0.047643	-165.517523	115.161951	-40.352600
	0.047653	-165.943290	115.161951	-40.293000
	0.047662	-166.434852	115.161951	-40.352600
	0.047672	-165.909658	115.161951	-40.352600
	0.047681	-166.245056	115.161951	-40.352600
	0.047691	-166.760797	115.161951	-40.293000
	0.047700	-166.877430	115.161951	-40.233400
	0.047710	-166.558471	115.161951	-40.233400
	0.047719	-167.059301	115.161951	-40.233400
	0.047728	-167.538653	115.161951	-40.233400
	0.047738	-167.661825	115.161951	-40.173800
	0.047747	-167.650646	115.161951	-40.173800
	0.047757	-167.589604	115.161951	-40.173800
	0.047766	-167.354706	115.161951	-40.114200
	0.047776	-167.528276	115.161951	-40.114200
	0.047785	-166.546710	115.161951	-40.114200
	0.047795	-166.779588	115.161951	-40.054600
	0.047804	-167.456139	115.161951	-39.935300
	0.047814	-166.950867	115.161951	-39.935300
	0.047823	-166.681051	115.161951	-39.875700
	0.047833	-166.786323	115.161951	-39.935300
	0.047842	-166.343840	115.161951	-39.935300
	0.047852	-166.610167	115.161951	-39.935300
	0.047861	-164.991855	115.161951	-39.994900
	0.047871	-166.841569	115.161951	-39.994900
	0.047880	-167.055012	115.161951	-40.054600
	0.047889	-167.784669	115.161951	-40.114200
	0.047899	-167.740291	115.161951	-40.054600
	0.047908	-167.536948	115.161951	-39.994900
	0.047918	-167.281835	115.161951	-39.935300
	0.047927	-167.892990	115.161951	-39.935300
	0.047937	-166.542685	115.161951	-39.935300
	0.047946	-168.186234	115.161951	-39.935300
	0.047956	-167.044276	115.161951	-39.935300
	0.047965	-167.823969	115.161951	-39.935300
	0.047975	-166.770076	115.161951	-39.935300
	0.047984	-168.834365	115.161951	-39.994900
	0.047994	-167.604572	115.161951	-40.054600
	0.048003	-167.768190	115.161951	-40.054600
	0.048013	-167.113143	115.161951	-39.994900
	0.048022	-167.154319	115.161951	-39.994900
	0.048031	-167.803392	115.161951	-40.054600
	0.048041	-167.312190	115.161951	-39.994900
	0.048050	-168.029690	115.161951	-39.935300
	0.048060	-168.401911	115.161951	-39.935300
	0.048069	-167.745316	115.161951	-39.935300
	0.048079	-168.358896	115.161951	-39.935300
	0.048088	-167.762154	115.161951	-39.935300
	0.048098	-168.187114	115.161951	-39.935300
	0.048107	-168.996771	115.161951	-39.935300
	0.048117	-168.518613	115.161951	-39.935300
	0.048126	-167.909938	115.161951	-39.935300
	0.048136	-169.429971	115.161951	-39.816100
	0.048145	-169.666805	115.161951	-39.339300
	0.048155	-170.328243	115.161951	-39.279700
	0.048164	-169.769788	115.161951	-39.279700
	0.048174	-169.205569	115.161951	-39.220100
	0.048183	-170.164803	115.161951	-39.220100
	0.048192	-170.837051	115.161951	-39.220100
	0.048202	-170.307438	115.161951	-39.279700
	0.048211	-170.036390	115.161951	-39.279700
	0.048221	-170.268647	115.161951	-39.279700
	0.048230	-170.124578	115.161951	-39.220100
	0.048240	-169.691852	115.161951	-39.220100
	0.048249	-169.964037	115.161951	-39.220100
	0.048259	-170.335563	115.161951	-39.220100
	0.048268	-170.157935	115.161951	-39.279700
	0.048278	-169.712453	115.161951	-39.279700
	0.048287	-170.087125	115.161951	-39.279700
	0.048297	-169.021857	115.161951	-39.220100
	0.048306	-169.562589	115.161951	-39.279700
	0.048316	-169.486938	115.161951	-39.279700
	0.048325	-168.958976	115.161951	-39.279700
	0.048334	-169.268632	115.161951	-39.279700
	0.048344	-169.283710	115.161951	-39.279700
	0.048353	-170.379053	115.161951	-39.279700
	0.048363	-170.945483	115.161951	-39.279700
	0.048372	-170.746557	115.161951	-39.279700
	0.048382	-170.770033	115.161951	-39.220100
	0.048391	-170.233634	115.161951	-39.220100
	0.048401	-169.871337	115.161951	-39.220100
	0.048410	-170.167105	115.161951	-39.220100
	0.048420	-170.066512	115.161951	-39.160500
	0.048429	-171.052812	115.161951	-39.100900
	0.048439	-172.331874	115.161951	-38.922100
	0.048448	-173.138401	115.161951	-38.504800
	0.048458	-172.975415	115.161951	-38.385600
	0.048467	-173.911202	115.161951	-38.385600
	0.048477	-173.406612	115.161951	-38.445200
	0.048486	-172.944142	115.161951	-38.206800
	0.048495	-173.433115	115.161951	-37.968400
	0.048505	-172.995276	115.161951	-37.968400
	0.048514	-172.708689	115.161951	-37.968400
	0.048524	-173.964831	115.161951	-37.968400
	0.048533	-172.986217	115.161951	-37.968400
	0.048543	-173.997747	115.161951	-37.968400
	0.048552	-172.920433	115.161951	-38.028000
	0.048562	-172.565137	115.161951	-38.087600
	0.048571	-172.405095	115.161951	-38.087600
	0.048581	-172.140285	115.161951	-37.968400
	0.048590	-173.465853	115.161951	-37.908800
	0.048600	-173.405829	115.161951	-37.908800
	0.048609	-173.252386	115.161951	-37.908800
	0.048619	-174.109303	115.161951	-37.849200
	0.048628	-177.562481	115.161951	-37.312700
	0.048637	-176.092825	115.161951	-37.133900
	0.048647	-175.216012	115.161951	-37.074300
	0.048656	-176.489303	115.161951	-37.074300
	0.048666	-175.689958	115.161951	-37.014700
	0.048675	-175.350150	115.161951	-36.955100
	0.048685	-176.037932	115.161951	-37.014700
	0.048694	-175.955462	115.161951	-37.014700
	0.048704	-176.765158	115.161951	-37.014700
	0.048713	-175.933963	115.161951	-36.955100
	0.048723	-176.917262	115.161951	-36.955100
	0.048732	-176.634495	115.161951	-36.955100
	0.048742	-177.466342	115.161951	-36.955100
	0.048751	-176.891611	115.161951	-36.955100
	0.048761	-177.773943	115.161951	-36.835900
	0.048770	-177.303303	115.161951	-36.895500
	0.048780	-177.895478	115.161951	-36.955100
	0.048789	-176.345144	115.161951	-36.955100
	0.048798	-176.834764	115.161951	-36.955100
	0.048808	-177.508328	115.161951	-36.955100
	0.048817	-176.859695	115.161951	-37.014700
	0.048827	-176.375758	115.161951	-37.014700
	0.048836	-177.035486	115.161951	-37.014700
	0.048846	-175.708838	115.161951	-37.074300
	0.048855	-175.877961	115.161951	-37.074300
	0.048865	-176.016851	115.161951	-37.074300
	0.048874	-175.924570	115.161951	-37.014700
	0.048884	-177.010128	115.161951	-37.014700
	0.048893	-177.486181	115.161951	-36.955100
	0.048903	-175.542931	115.161951	-36.955100
	0.048912	-176.297547	115.161951	-36.955100
	0.048922	-176.459820	115.161951	-36.955100
	0.048931	-176.899201	115.161951	-36.955100
	0.048940	-176.774526	115.161951	-36.955100
	0.048950	-175.764606	115.161951	-36.955100
	0.048959	-175.895734	115.161951	-37.014700
	0.048969	-177.211934	115.161951	-37.014700
	0.048978	-176.065030	115.161951	-37.014700
	0.048988	-175.729841	115.161951	-36.955100
	0.048997	-176.224077	115.161951	-36.895500
	0.049007	-176.966912	115.161951	-36.895500
	0.049016	-177.247382	115.161951	-36.895500
	0.049026	-176.726910	115.161951	-36.835900
	0.049035	-177.227626	115.161951	-36.835900
	0.049045	-176.612632	115.161951	-36.776300
	0.049054	-176.275105	115.161951	-36.835900
	0.049064	-176.584791	115.161951	-36.835900
	0.049073	-177.602823	115.161951	-36.776300
	0.049083	-177.243336	115.161951	-36.776300
	0.049092	-177.138400	115.161951	-36.776300
	0.049101	-177.042225	115.161951	-36.716700
	0.049111	-177.148197	115.161951	-36.776300
	0.049120	-177.335855	115.161951	-36.776300
	0.049130	-177.600353	115.161951	-36.776300
	0.049139	-177.014136	115.161951	-36.716700
	0.049149	-177.673640	115.161951	-36.716700
	0.049158	-177.262951	115.161951	-36.657100
	0.049168	-177.169185	115.161951	-36.716700
	0.049177	-176.291453	115.161951	-36.716700
	0.049187	-177.191337	115.161951	-36.776300
	0.049196	-177.205618	115.161951	-36.716700
	0.049206	-176.756469	115.161951	-36.716700
	0.049215	-177.684482	115.161951	-36.716700
	0.049225	-175.974391	115.161951	-36.657100
	0.049234	-176.478035	115.161951	-36.657100
	0.049243	-176.282532	115.161951	-36.657100
	0.049253	-175.372743	115.161951	-36.716700
	0.049262	-176.213223	115.161951	-36.716700
	0.049272	-177.696556	115.161951	-36.835900
	0.049281	-175.971136	115.161951	-36.955100
	0.049291	-176.319316	115.161951	-36.895500
	0.049300	-176.330788	115.161951	-36.835900
	0.049310	-175.598999	115.161951	-36.776300
	0.049319	-176.920877	115.161951	-36.776300
	0.049329	-176.292972	115.161951	-36.776300
	0.049338	-175.583186	115.161951	-36.835900
	0.049348	-176.665852	115.161951	-36.835900
	0.049357	-177.421734	115.161951	-36.835900
	0.049367	-176.092783	115.161951	-36.835900
	0.049376	-176.534183	115.161951	-36.835900
	0.049386	-177.070096	115.161951	-36.835900
	0.049395	-176.576829	115.161951	-36.835900
	0.049404	-176.210715	115.161951	-36.776300
	0.049414	-176.116974	115.161951	-36.716700
	0.049423	-176.945244	115.161951	-36.657100
	0.049433	-177.080111	115.161951	-36.657100
	0.049442	-176.761829	115.161951	-36.657100
	0.049452	-177.040756	115.161951	-36.657100
	0.049461	-176.756767	115.161951	-36.716700
	0.049471	-176.330068	115.161951	-36.776300
	0.049480	-176.759969	115.161951	-36.776300
	0.049490	-178.178828	115.161951	-36.835900
	0.049499	-176.527008	115.161951	-36.776300
	0.049509	-176.497653	115.161951	-36.835900
	0.049518	-175.213273	115.161951	-36.776300
	0.049528	-177.247427	115.161951	-36.835900
	0.049537	-176.337696	115.161951	-36.835900
	0.049546	-177.177158	115.161951	-36.776300
	0.049556	-176.646518	115.161951	-36.776300
	0.049565	-177.064117	115.161951	-36.657100
	0.049575	-177.017687	115.161951	-36.657100
	0.049584	-177.183633	115.161951	-36.716700
	0.049594	-176.376893	115.161951	-36.716700
	0.049603	-176.937712	115.161951	-36.716700
	0.049613	-176.946078	115.161951	-36.776300
	0.049622	-175.937462	115.161951	-36.716700
	0.049632	-176.015721	115.161951	-36.776300
	0.049641	-176.719450	115.161951	-36.716700
	0.049651	-177.313960	115.161951	-36.776300
	0.049660	-177.064956	115.161951	-36.716700
	0.049670	-175.963795	115.161951	-36.716700
	0.049679	-177.226160	115.161951	-36.716700
	0.049689	-177.141310	115.161951	-36.716700
	0.049698	-177.591719	115.161951	-36.776300
	0.049707	-178.165371	115.161951	-36.776300
	0.049717	-176.473881	115.161951	-36.776300
	0.049726	-176.985460	115.161951	-36.835900
	0.049736	-177.703404	115.161951	-36.776300
	0.049745	-178.041941	115.161951	-36.835900
	0.049755	-177.660423	115.161951	-36.895500
	0.049764	-178.443676	115.161951	-36.895500
	0.049774	-176.876221	115.161951	-36.835900
	0.049783	-177.717132	115.161951	-36.835900
	0.049793	-177.753187	115.161951	-36.776300
	0.049802	-178.468669	115.161951	-36.835900
	0.049812	-178.294860	115.161951	-36.776300
	0.049821	-178.206521	115.161951	-36.776300
	0.049831	-178.454880	115.161951	-36.835900
	0.049840	-177.403080	115.161951	-36.835900
	0.049849	-177.601912	115.161951	-36.776300
	0.049859	-177.529425	115.161951	-36.716700
	0.049868	-178.053567	115.161951	-36.716700
	0.049878	-177.762376	115.161951	-36.776300
	0.049887	-177.731505	115.161951	-36.776300
	0.049897	-177.414532	115.161951	-36.776300
	0.049906	-177.658343	115.161951	-36.776300
	0.049916	-177.254335	115.161951	-36.776300
	0.049925	-176.829454	115.161951	-36.776300
	0.049935	-176.797739	115.161951	-36.776300
	0.049944	-176.320095	115.161951	-36.716700
	0.049954	-178.020534	115.161951	-36.657100
	0.049963	-178.507461	115.161951	-36.657100
	0.049973	-177.596477	115.161951	-36.716700
	0.049982	-177.511741	115.161951	-36.716700
	0.049991	-177.593505	115.161951	-36.657100
	0.050001	-177.429493	115.161951	-36.716700
	0.050010	-177.987713	115.161951	-36.657100
	0.050020	-177.381295	115.161951	-36.657100
	0.050029	-177.525354	115.161951	-36.597500
	0.050039	-177.779642	115.161951	-36.537900
	0.050048	-178.694964	115.161951	-36.478300
	0.050058	-178.360522	115.161951	-36.478300
	0.050067	-178.011494	115.161951	-36.478300
	0.050077	-179.034217	115.161951	-36.478300
	0.050086	-178.107489	115.161951	-36.418700
	0.050096	-178.247545	115.161951	-36.359100
	0.050105	-178.859565	115.161951	-36.418700
	0.050115	-178.077240	115.161951	-36.418700
	0.050124	-176.727637	115.161951	-36.418700
	0.050134	-177.231002	115.161951	-36.418700
	0.050143	-176.834511	115.161951	-36.478300
	0.050152	-176.153570	115.161951	-36.418700
	0.050162	-177.139194	115.161951	-36.359100
	0.050171	-176.439695	115.161951	-36.299500
	0.050181	-176.812093	115.161951	-36.299500
	0.050190	-177.445177	115.161951	-36.299500
	0.050200	-177.619573	115.161951	-36.299500
	0.050209	-176.781288	115.161951	-36.299500
	0.050219	-177.675314	115.161951	-36.359100
	0.050228	-177.136366	115.161951	-36.418700
	0.050238	-176.986747	115.161951	-36.299500
	0.050247	-177.823010	115.161951	-36.239900
	0.050257	-178.503245	115.161951	-36.299500
	0.050266	-177.714934	115.161951	-36.299500
	0.050276	-177.889381	115.161951	-36.299500
	0.050285	-177.794659	115.161951	-36.299500
	0.050294	-177.517702	115.161951	-36.299500
	0.050304	-177.836561	115.161951	-36.299500
	0.050313	-177.928137	115.161951	-36.299500
	0.050323	-178.071480	115.161951	-36.239900
	0.050332	-178.590332	115.161951	-36.180300
	0.050342	-178.645240	115.161951	-36.180300
	0.050351	-178.011557	115.161951	-36.180300
	0.050361	-177.609387	115.161951	-36.180300
	0.050370	-177.777080	115.161951	-36.180300
	0.050380	-177.843341	115.161951	-36.120600
	0.050389	-177.574885	115.161951	-36.120600
	0.050399	-177.974164	115.161951	-36.120600
	0.050408	-177.693805	115.161951	-36.120600
	0.050418	-177.906330	115.161951	-36.120600
	0.050427	-177.860946	115.161951	-36.001400
	0.050437	-177.570372	115.161951	-36.001400
	0.050446	-177.353102	115.161951	-35.941800
	0.050455	-178.428932	115.161951	-36.001400
	0.050465	-177.522281	115.161951	-36.001400
	0.050474	-178.562101	115.161951	-35.941800
	0.050484	-177.630312	115.161951	-35.941800
