	-0.071022	-0.242016	115.161951	-34.928600
	-0.068270	-1.380993	115.161951	-34.869000
	-0.065518	-0.705866	115.161951	-34.988200
	-0.062767	-0.473864	115.161951	-35.226600
	-0.060015	-0.464045	115.161951	-35.405400
	-0.057264	-1.021651	115.161951	-35.703400
	-0.054512	0.094098	115.161951	-35.941800
	-0.051760	0.476142	115.161951	-36.180300
	-0.049009	-0.399615	115.161951	-36.418700
	-0.046257	-0.881764	115.161951	-36.716700
	-0.043506	-0.131007	115.161951	-37.014700
	-0.040754	-0.367657	115.161951	-37.253100
	-0.038002	-1.807343	115.161951	-37.610800
	-0.035251	0.496192	115.161951	-37.908800
	-0.032499	-1.306188	115.161951	-38.206800
	-0.029748	-1.023206	115.161951	-38.624000
	-0.026996	-0.454629	115.161951	-39.041300
	-0.024245	-1.147611	115.161951	-39.458500
	-0.021493	-1.904607	115.161951	-39.935300
	-0.018741	-3.521306	115.161951	-40.412200
	-0.015990	-3.118317	115.161951	-40.889000
	-0.013238	-3.195160	115.161951	-41.544700
	-0.010487	-2.084804	115.161951	-42.140700
	-0.007735	-3.224248	115.161951	-42.677200
	-0.004984	-4.113630	115.161951	-43.332800
	-0.002232	-4.522945	115.161951	-44.048100
	0.000520	-5.470269	115.161951	-44.882500
	0.003271	-6.424750	115.161951	-45.776600
	0.006023	-5.141881	115.161951	-46.849500
	0.008774	-5.089733	115.161951	-48.101200
	0.011526	-6.346092	115.161951	-49.412500
	0.014278	-6.820238	115.161951	-50.783400
	0.017029	-7.769821	115.161951	-52.571500
	0.019781	-7.881896	115.161951	-54.419300
	0.022532	-8.445087	115.161951	-56.743900
	0.025284	-11.273046	115.161951	-59.247200
	0.028036	-12.838784	115.161951	-62.346900
	0.030787	-13.052253	115.161951	-65.863600
	0.033539	-15.963268	115.161951	-70.751200
	0.036290	-17.796426	115.161951	-75.698400
	0.036290	-20.372044	115.161951	-81.241600
	0.036300	-19.806026	115.161951	-83.029700
	0.036309	-21.581455	115.161951	-83.506600
	0.036319	-21.550239	115.161951	-83.625800
	0.036328	-20.033555	115.161951	-83.685400
	0.036338	-20.262712	115.161951	-83.745000
	0.036347	-21.007171	115.161951	-83.804600
	0.036357	-21.916540	115.161951	-83.804600
	0.036366	-20.802791	115.161951	-83.864200
	0.036376	-22.322487	115.161951	-83.864200
	0.036385	-21.560198	115.161951	-83.923800
	0.036394	-21.189574	115.161951	-83.923800
	0.036404	-21.001682	115.161951	-83.923800
	0.036413	-22.420420	115.161951	-83.983400
	0.036423	-22.494970	115.161951	-83.983400
	0.036432	-21.721008	115.161951	-83.983400
	0.036442	-22.378685	115.161951	-83.983400
	0.036451	-23.370633	115.161951	-83.983400
	0.036461	-23.753253	115.161951	-83.983400
	0.036470	-22.257559	115.161951	-83.983400
	0.036480	-20.870063	115.161951	-83.983400
	0.036489	-20.577933	115.161951	-84.043000
	0.036499	-20.917486	115.161951	-84.043000
	0.036508	-21.041213	115.161951	-84.043000
	0.036518	-20.422456	115.161951	-84.043000
	0.036527	-21.271437	115.161951	-84.043000
	0.036537	-21.338750	115.161951	-84.162200
	0.036546	-20.748965	115.161951	-84.102600
	0.036555	-20.549135	115.161951	-84.102600
	0.036565	-20.499222	115.161951	-84.043000
	0.036574	-21.105354	115.161951	-84.043000
	0.036584	-21.486341	115.161951	-84.043000
	0.036593	-21.624560	115.161951	-84.102600
	0.036603	-21.794251	115.161951	-84.102600
	0.036612	-21.224465	115.161951	-84.162200
	0.036622	-22.052609	115.161951	-84.221800
	0.036631	-21.327548	115.161951	-84.162200
	0.036641	-21.333986	115.161951	-84.221800
	0.036650	-21.274671	115.161951	-84.281400
	0.036660	-21.839262	115.161951	-84.341000
	0.036669	-21.642024	115.161951	-84.281400
	0.036679	-20.374516	115.161951	-84.221800
	0.036688	-22.258900	115.161951	-84.341000
	0.036697	-22.081715	115.161951	-84.400600
	0.036707	-22.144758	115.161951	-84.400600
	0.036716	-22.826691	115.161951	-84.400600
	0.036726	-21.449126	115.161951	-84.519900
	0.036735	-21.152461	115.161951	-84.519900
	0.036745	-20.999757	115.161951	-84.579500
	0.036754	-21.965827	115.161951	-84.519900
	0.036764	-21.622183	115.161951	-84.519900
	0.036773	-21.253876	115.161951	-84.519900
	0.036783	-21.252438	115.161951	-84.519900
	0.036792	-21.500715	115.161951	-84.519900
	0.036802	-21.534041	115.161951	-84.579500
	0.036811	-21.930349	115.161951	-84.579500
	0.036821	-22.325703	115.161951	-84.519900
	0.036830	-22.838773	115.161951	-84.519900
	0.036840	-21.509379	115.161951	-84.519900
	0.036849	-21.592194	115.161951	-84.519900
	0.036858	-22.094121	115.161951	-84.519900
	0.036868	-21.873364	115.161951	-84.579500
	0.036877	-21.181782	115.161951	-84.579500
	0.036887	-22.064516	115.161951	-84.579500
	0.036896	-21.880455	115.161951	-84.639100
	0.036906	-21.633456	115.161951	-84.579500
	0.036915	-20.848354	115.161951	-84.519900
	0.036925	-21.686622	115.161951	-84.519900
	0.036934	-21.544869	115.161951	-84.519900
	0.036944	-21.507769	115.161951	-84.519900
	0.036953	-22.017179	115.161951	-84.519900
	0.036963	-22.076604	115.161951	-84.519900
	0.036972	-22.207368	115.161951	-84.460200
	0.036982	-21.076193	115.161951	-84.460200
	0.036991	-22.651495	115.161951	-84.460200
	0.037000	-20.937783	115.161951	-84.460200
	0.037010	-20.411863	115.161951	-84.519900
	0.037019	-21.806453	115.161951	-84.519900
	0.037029	-21.832286	115.161951	-84.519900
	0.037038	-21.601665	115.161951	-84.579500
	0.037048	-21.806869	115.161951	-84.639100
	0.037057	-22.377788	115.161951	-84.579500
	0.037067	-21.179992	115.161951	-84.519900
	0.037076	-22.236470	115.161951	-84.519900
	0.037086	-22.252770	115.161951	-84.579500
	0.037095	-21.137790	115.161951	-84.579500
	0.037105	-22.219932	115.161951	-84.579500
	0.037114	-20.783209	115.161951	-84.579500
	0.037124	-20.745519	115.161951	-84.579500
	0.037133	-20.925770	115.161951	-84.639100
	0.037143	-20.731604	115.161951	-84.698700
	0.037152	-21.607657	115.161951	-84.698700
	0.037161	-22.108425	115.161951	-84.698700
	0.037171	-22.568698	115.161951	-84.698700
	0.037180	-22.294034	115.161951	-84.758300
	0.037190	-21.975884	115.161951	-84.817900
	0.037199	-21.789184	115.161951	-84.758300
	0.037209	-21.678361	115.161951	-84.698700
	0.037218	-22.268041	115.161951	-84.817900
	0.037228	-22.101913	115.161951	-84.817900
	0.037237	-21.252006	115.161951	-84.877500
	0.037247	-20.783204	115.161951	-84.877500
	0.037256	-22.207599	115.161951	-84.937100
	0.037266	-22.127359	115.161951	-84.996700
	0.037275	-23.252686	115.161951	-84.937100
	0.037285	-22.586903	115.161951	-84.996700
	0.037294	-22.608051	115.161951	-85.175500
	0.037303	-22.062836	115.161951	-85.235100
	0.037313	-22.139939	115.161951	-85.294700
	0.037322	-22.992284	115.161951	-85.354300
	0.037332	-22.561931	115.161951	-85.294700
	0.037341	-24.015302	115.161951	-85.354300
	0.037351	-23.228801	115.161951	-85.413900
	0.037360	-22.800333	115.161951	-85.413900
	0.037370	-24.420427	115.161951	-85.413900
	0.037379	-22.643104	115.161951	-85.413900
	0.037389	-23.097943	115.161951	-85.533100
	0.037398	-22.445959	115.161951	-85.533100
	0.037408	-22.054273	115.161951	-85.533100
	0.037417	-21.385145	115.161951	-85.533100
	0.037427	-22.325491	115.161951	-85.652300
	0.037436	-22.439960	115.161951	-85.711900
	0.037446	-23.417717	115.161951	-85.711900
	0.037455	-22.110871	115.161951	-85.711900
	0.037464	-22.640212	115.161951	-85.771500
	0.037474	-23.299918	115.161951	-85.831200
	0.037483	-22.133739	115.161951	-85.831200
	0.037493	-21.724342	115.161951	-85.890800
	0.037502	-21.806821	115.161951	-85.831200
	0.037512	-21.521988	115.161951	-85.771500
	0.037521	-22.598306	115.161951	-85.831200
	0.037531	-22.308528	115.161951	-85.831200
	0.037540	-22.616241	115.161951	-85.890800
	0.037550	-22.799842	115.161951	-85.890800
	0.037559	-22.474131	115.161951	-85.950400
	0.037569	-23.055695	115.161951	-85.950400
	0.037578	-21.987868	115.161951	-86.010000
	0.037588	-22.704131	115.161951	-86.069600
	0.037597	-21.358704	115.161951	-86.069600
	0.037606	-21.962456	115.161951	-86.010000
	0.037616	-22.022152	115.161951	-85.950400
	0.037625	-21.402161	115.161951	-85.950400
	0.037635	-22.477716	115.161951	-86.010000
	0.037644	-21.407456	115.161951	-86.069600
	0.037654	-21.954015	115.161951	-86.129200
	0.037663	-21.583185	115.161951	-86.129200
	0.037673	-22.710782	115.161951	-86.069600
	0.037682	-22.093082	115.161951	-86.010000
	0.037692	-22.083520	115.161951	-86.010000
	0.037701	-21.661512	115.161951	-86.069600
	0.037711	-22.597517	115.161951	-86.129200
	0.037720	-21.373941	115.161951	-86.129200
	0.037730	-21.843412	115.161951	-86.129200
	0.037739	-21.986609	115.161951	-86.188800
	0.037748	-21.524093	115.161951	-86.248400
	0.037758	-20.514928	115.161951	-86.188800
	0.037767	-20.869384	115.161951	-86.188800
	0.037777	-21.946979	115.161951	-86.248400
	0.037786	-21.517238	115.161951	-86.248400
	0.037796	-22.327374	115.161951	-86.248400
	0.037805	-22.724792	115.161951	-86.248400
	0.037815	-23.208823	115.161951	-86.248400
	0.037824	-22.080126	115.161951	-86.248400
	0.037834	-23.349244	115.161951	-86.248400
	0.037843	-22.882664	115.161951	-86.308000
	0.037853	-21.623302	115.161951	-86.308000
	0.037862	-22.987971	115.161951	-86.308000
	0.037872	-21.649146	115.161951	-86.308000
	0.037881	-22.104267	115.161951	-86.308000
	0.037891	-21.517306	115.161951	-86.308000
	0.037900	-22.096174	115.161951	-86.308000
	0.037909	-21.369065	115.161951	-86.367600
	0.037919	-22.064641	115.161951	-86.367600
	0.037928	-23.103035	115.161951	-86.367600
	0.037938	-21.796537	115.161951	-86.367600
	0.037947	-22.670260	115.161951	-86.367600
	0.037957	-22.102062	115.161951	-86.367600
	0.037966	-22.148052	115.161951	-86.367600
	0.037976	-20.827160	115.161951	-86.367600
	0.037985	-22.030567	115.161951	-86.367600
	0.037995	-20.373212	115.161951	-86.308000
	0.038004	-21.789465	115.161951	-86.308000
	0.038014	-22.017212	115.161951	-86.248400
	0.038023	-22.698576	115.161951	-86.248400
	0.038033	-21.763824	115.161951	-86.248400
	0.038042	-20.332997	115.161951	-86.308000
	0.038051	-20.444871	115.161951	-86.367600
	0.038061	-21.256108	115.161951	-86.367600
	0.038070	-23.208832	115.161951	-86.308000
	0.038080	-22.117335	115.161951	-86.308000
	0.038089	-21.988768	115.161951	-86.367600
	0.038099	-19.956991	115.161951	-86.486800
	0.038108	-21.166591	115.161951	-86.427200
	0.038118	-21.261401	115.161951	-86.367600
	0.038127	-21.351587	115.161951	-86.367600
	0.038137	-21.337825	115.161951	-86.367600
	0.038146	-21.751733	115.161951	-86.427200
	0.038156	-22.028483	115.161951	-86.427200
	0.038165	-22.533222	115.161951	-86.427200
	0.038175	-21.632865	115.161951	-86.367600
	0.038184	-21.811754	115.161951	-86.367600
	0.038194	-21.560986	115.161951	-86.367600
	0.038203	-22.545776	115.161951	-86.486800
	0.038212	-21.781225	115.161951	-86.546400
	0.038222	-22.113184	115.161951	-86.606000
	0.038231	-21.394665	115.161951	-86.665600
	0.038241	-22.451133	115.161951	-86.784800
	0.038250	-22.913792	115.161951	-86.784800
	0.038260	-22.046615	115.161951	-86.725200
	0.038269	-22.824207	115.161951	-86.784800
	0.038279	-23.069301	115.161951	-86.844400
	0.038288	-22.094481	115.161951	-86.844400
	0.038298	-22.433421	115.161951	-86.904000
	0.038307	-22.138844	115.161951	-86.904000
	0.038317	-21.231604	115.161951	-86.904000
	0.038326	-21.547019	115.161951	-86.844400
	0.038336	-22.273831	115.161951	-86.904000
	0.038345	-21.832489	115.161951	-86.963600
	0.038354	-21.550378	115.161951	-86.963600
	0.038364	-21.750683	115.161951	-86.963600
	0.038373	-22.491908	115.161951	-86.963600
	0.038383	-21.180349	115.161951	-87.023200
	0.038392	-21.160473	115.161951	-87.023200
	0.038402	-20.602072	115.161951	-86.963600
	0.038411	-21.328532	115.161951	-86.963600
	0.038421	-20.583587	115.161951	-86.963600
	0.038430	-20.448016	115.161951	-87.082900
	0.038440	-21.265491	115.161951	-87.142500
	0.038449	-21.193799	115.161951	-87.082900
	0.038459	-22.399426	115.161951	-87.142500
	0.038468	-21.139049	115.161951	-87.142500
	0.038478	-22.565027	115.161951	-87.142500
	0.038487	-22.195870	115.161951	-87.202100
	0.038497	-21.934255	115.161951	-87.202100
	0.038506	-23.344148	115.161951	-87.142500
	0.038515	-23.694121	115.161951	-87.142500
	0.038525	-22.876870	115.161951	-87.142500
	0.038534	-22.294235	115.161951	-87.082900
	0.038544	-21.383519	115.161951	-87.082900
	0.038553	-22.706541	115.161951	-87.142500
	0.038563	-22.815685	115.161951	-87.202100
	0.038572	-24.922041	115.161951	-87.202100
	0.038582	-22.842367	115.161951	-87.261700
	0.038591	-23.816122	115.161951	-87.321300
	0.038601	-24.120267	115.161951	-87.380900
	0.038610	-23.771641	115.161951	-87.380900
	0.038620	-23.069256	115.161951	-87.380900
	0.038629	-23.699136	115.161951	-87.380900
	0.038639	-23.442614	115.161951	-87.440500
	0.038648	-24.210693	115.161951	-87.500100
	0.038657	-23.509638	115.161951	-87.500100
	0.038667	-23.382603	115.161951	-87.440500
	0.038676	-23.352284	115.161951	-87.440500
	0.038686	-24.123804	115.161951	-87.500100
	0.038695	-23.652273	115.161951	-87.500100
	0.038705	-23.785904	115.161951	-87.559700
	0.038714	-22.666672	115.161951	-87.559700
	0.038724	-24.436055	115.161951	-87.619300
	0.038733	-24.196006	115.161951	-87.619300
	0.038743	-24.250090	115.161951	-87.678900
	0.038752	-24.206471	115.161951	-87.678900
	0.038762	-24.168135	115.161951	-87.738500
	0.038771	-23.982235	115.161951	-87.738500
	0.038781	-25.009367	115.161951	-87.798100
	0.038790	-24.167291	115.161951	-87.857700
	0.038800	-24.651105	115.161951	-87.917300
	0.038809	-24.087695	115.161951	-87.976900
	0.038818	-24.456057	115.161951	-87.976900
	0.038828	-24.665401	115.161951	-87.976900
	0.038837	-24.383677	115.161951	-87.976900
	0.038847	-24.134638	115.161951	-88.036500
	0.038856	-24.135620	115.161951	-88.036500
	0.038866	-23.150442	115.161951	-88.036500
	0.038875	-23.685678	115.161951	-88.036500
	0.038885	-23.855113	115.161951	-88.036500
	0.038894	-23.997913	115.161951	-88.036500
	0.038904	-23.507971	115.161951	-88.096100
	0.038913	-24.128101	115.161951	-88.215300
	0.038923	-23.882969	115.161951	-88.334500
	0.038932	-22.778031	115.161951	-88.394200
	0.038942	-23.523396	115.161951	-88.334500
	0.038951	-24.027863	115.161951	-88.394200
	0.038960	-23.857952	115.161951	-88.394200
	0.038970	-23.023501	115.161951	-88.453800
	0.038979	-22.856936	115.161951	-88.453800
	0.038989	-23.988422	115.161951	-88.453800
	0.038998	-23.252087	115.161951	-88.513400
	0.039008	-23.562933	115.161951	-88.573000
	0.039017	-23.156713	115.161951	-88.573000
	0.039027	-24.517496	115.161951	-88.632600
	0.039036	-24.497749	115.161951	-88.692200
	0.039046	-23.603401	115.161951	-88.751800
	0.039055	-23.857132	115.161951	-88.811400
	0.039065	-22.826868	115.161951	-88.811400
	0.039074	-23.484553	115.161951	-88.811400
	0.039084	-23.422672	115.161951	-88.811400
	0.039093	-23.081432	115.161951	-88.930600
	0.039103	-22.943540	115.161951	-88.930600
	0.039112	-22.758149	115.161951	-88.990200
	0.039121	-22.950474	115.161951	-88.990200
	0.039131	-23.780883	115.161951	-88.930600
	0.039140	-23.256576	115.161951	-88.632600
	0.039150	-23.605913	115.161951	-88.573000
	0.039159	-23.696078	115.161951	-88.513400
	0.039169	-24.403187	115.161951	-88.513400
	0.039178	-23.958067	115.161951	-88.513400
	0.039188	-23.988184	115.161951	-88.573000
	0.039197	-23.556314	115.161951	-88.632600
	0.039207	-24.464192	115.161951	-88.632600
	0.039216	-25.081173	115.161951	-88.632600
	0.039226	-24.308124	115.161951	-88.692200
	0.039235	-26.334514	115.161951	-88.751800
	0.039245	-25.019324	115.161951	-88.692200
	0.039254	-24.749530	115.161951	-88.692200
	0.039263	-26.012375	115.161951	-88.692200
	0.039273	-24.888692	115.161951	-88.751800
	0.039282	-25.581248	115.161951	-88.751800
	0.039292	-25.565384	115.161951	-88.751800
	0.039301	-25.877276	115.161951	-88.751800
	0.039311	-26.184785	115.161951	-88.811400
	0.039320	-25.495775	115.161951	-88.871000
	0.039330	-25.453166	115.161951	-88.930600
	0.039339	-26.469639	115.161951	-89.049800
	0.039349	-26.199597	115.161951	-88.930600
	0.039358	-25.735908	115.161951	-88.930600
	0.039368	-25.731680	115.161951	-89.049800
	0.039377	-25.291937	115.161951	-89.049800
	0.039387	-25.363526	115.161951	-89.169000
	0.039396	-24.241215	115.161951	-89.169000
	0.039406	-25.199167	115.161951	-89.169000
	0.039415	-24.727941	115.161951	-89.288200
	0.039424	-24.401859	115.161951	-89.288200
	0.039434	-23.965372	115.161951	-89.347800
	0.039443	-23.783247	115.161951	-89.407400
	0.039453	-23.722915	115.161951	-89.407400
	0.039462	-23.923737	115.161951	-89.407400
	0.039472	-24.102354	115.161951	-89.407400
	0.039481	-24.504097	115.161951	-89.407400
	0.039491	-24.488618	115.161951	-89.467000
	0.039500	-24.168689	115.161951	-89.467000
	0.039510	-24.974250	115.161951	-89.526600
	0.039519	-23.584744	115.161951	-89.586200
	0.039529	-23.555590	115.161951	-89.586200
	0.039538	-24.639415	115.161951	-89.705500
	0.039548	-22.899009	115.161951	-89.705500
	0.039557	-24.031725	115.161951	-89.705500
	0.039566	-25.138635	115.161951	-89.765100
	0.039576	-25.203108	115.161951	-89.765100
	0.039585	-25.499563	115.161951	-89.765100
	0.039595	-25.622917	115.161951	-89.765100
	0.039604	-25.619630	115.161951	-89.765100
	0.039614	-25.671265	115.161951	-89.765100
	0.039623	-25.892180	115.161951	-89.824700
	0.039633	-24.387468	115.161951	-89.824700
	0.039642	-25.551858	115.161951	-89.884300
	0.039652	-25.795110	115.161951	-89.943900
	0.039661	-25.896107	115.161951	-90.003500
	0.039671	-25.734744	115.161951	-90.003500
	0.039680	-26.077226	115.161951	-90.063100
	0.039690	-26.951445	115.161951	-90.063100
	0.039699	-27.023301	115.161951	-90.063100
	0.039709	-26.602138	115.161951	-90.063100
	0.039718	-27.227884	115.161951	-90.003500
	0.039727	-25.764748	115.161951	-90.063100
	0.039737	-26.257614	115.161951	-90.122700
	0.039746	-25.166693	115.161951	-90.182300
	0.039756	-27.191386	115.161951	-90.122700
	0.039765	-25.831908	115.161951	-90.241900
	0.039775	-25.163211	115.161951	-90.241900
	0.039784	-26.095307	115.161951	-90.301500
	0.039794	-26.485073	115.161951	-90.241900
	0.039803	-25.929795	115.161951	-90.182300
	0.039813	-25.259569	115.161951	-90.063100
	0.039822	-26.209076	115.161951	-90.122700
	0.039832	-25.914174	115.161951	-90.122700
	0.039841	-26.269749	115.161951	-90.182300
	0.039851	-25.646970	115.161951	-90.241900
	0.039860	-26.314864	115.161951	-90.241900
	0.039869	-25.896690	115.161951	-90.301500
	0.039879	-25.853941	115.161951	-90.420700
	0.039888	-26.040518	115.161951	-90.480300
	0.039898	-24.954118	115.161951	-90.480300
	0.039907	-25.024883	115.161951	-90.539900
	0.039917	-26.876557	115.161951	-90.539900
	0.039926	-25.095815	115.161951	-90.480300
	0.039936	-26.226637	115.161951	-90.599500
	0.039945	-26.390091	115.161951	-90.599500
	0.039955	-25.147207	115.161951	-90.659100
	0.039964	-25.696768	115.161951	-90.599500
	0.039974	-25.118693	115.161951	-90.718700
	0.039983	-26.086947	115.161951	-90.718700
	0.039993	-25.752062	115.161951	-90.718700
	0.040002	-26.324273	115.161951	-90.718700
	0.040012	-25.572365	115.161951	-90.718700
	0.040021	-26.231816	115.161951	-90.778300
	0.040030	-26.751562	115.161951	-90.778300
	0.040040	-25.912904	115.161951	-90.897500
	0.040049	-25.806692	115.161951	-90.957200
	0.040059	-27.172848	115.161951	-90.897500
	0.040068	-27.539808	115.161951	-90.957200
	0.040078	-26.718952	115.161951	-90.957200
	0.040087	-25.598871	115.161951	-90.957200
	0.040097	-26.854535	115.161951	-90.897500
	0.040106	-26.526995	115.161951	-90.897500
	0.040116	-26.550343	115.161951	-90.897500
	0.040125	-27.526641	115.161951	-90.897500
	0.040135	-26.151394	115.161951	-91.076400
	0.040144	-27.733394	115.161951	-91.136000
	0.040154	-27.520442	115.161951	-91.136000
	0.040163	-27.127145	115.161951	-91.136000
	0.040172	-27.029477	115.161951	-91.195600
	0.040182	-24.926830	115.161951	-91.255200
	0.040191	-27.604685	115.161951	-91.374400
	0.040201	-26.437145	115.161951	-91.374400
	0.040210	-25.905885	115.161951	-91.374400
	0.040220	-27.431343	115.161951	-91.314800
	0.040229	-26.650223	115.161951	-91.374400
	0.040239	-26.499189	115.161951	-91.434000
	0.040248	-26.178449	115.161951	-91.493600
	0.040258	-25.377234	115.161951	-91.493600
	0.040267	-26.418283	115.161951	-91.434000
	0.040277	-25.191181	115.161951	-91.553200
	0.040286	-26.288211	115.161951	-91.612800
	0.040296	-26.310155	115.161951	-91.672400
	0.040305	-26.443359	115.161951	-91.672400
	0.040315	-26.121019	115.161951	-91.732000
	0.040324	-26.186913	115.161951	-91.732000
	0.040333	-26.056821	115.161951	-91.732000
	0.040343	-27.279582	115.161951	-91.732000
	0.040352	-26.025388	115.161951	-91.791600
	0.040362	-26.575673	115.161951	-91.851200
	0.040371	-27.020046	115.161951	-91.910800
	0.040381	-27.004310	115.161951	-91.970400
	0.040390	-27.236365	115.161951	-91.970400
	0.040400	-27.672933	115.161951	-91.970400
	0.040409	-26.905413	115.161951	-92.030000
	0.040419	-27.265983	115.161951	-92.030000
	0.040428	-26.810222	115.161951	-91.970400
	0.040438	-27.277821	115.161951	-92.089600
	0.040447	-27.029271	115.161951	-92.149200
	0.040457	-27.287490	115.161951	-92.149200
	0.040466	-26.514711	115.161951	-92.208900
	0.040475	-26.541695	115.161951	-92.149200
	0.040485	-26.445551	115.161951	-92.149200
	0.040494	-26.789474	115.161951	-92.208900
	0.040504	-26.772024	115.161951	-92.208900
	0.040513	-27.654215	115.161951	-92.208900
	0.040523	-26.271877	115.161951	-92.208900
	0.040532	-26.828567	115.161951	-92.268500
	0.040542	-26.374546	115.161951	-92.328100
	0.040551	-27.391789	115.161951	-92.328100
	0.040561	-26.184312	115.161951	-92.447300
	0.040570	-26.847320	115.161951	-92.447300
	0.040580	-27.665565	115.161951	-92.447300
	0.040589	-27.342400	115.161951	-92.447300
	0.040599	-27.010186	115.161951	-92.447300
	0.040608	-28.154433	115.161951	-92.447300
	0.040618	-25.913520	115.161951	-92.566500
	0.040627	-26.527473	115.161951	-92.566500
	0.040636	-27.685555	115.161951	-92.626100
	0.040646	-27.149124	115.161951	-92.626100
	0.040655	-27.490253	115.161951	-92.626100
	0.040665	-27.493343	115.161951	-92.566500
	0.040674	-27.655377	115.161951	-92.566500
	0.040684	-28.197550	115.161951	-92.626100
	0.040693	-27.387036	115.161951	-92.685700
	0.040703	-27.236783	115.161951	-92.685700
	0.040712	-27.585953	115.161951	-92.685700
	0.040722	-28.040254	115.161951	-92.685700
	0.040731	-27.164731	115.161951	-92.685700
	0.040741	-26.538729	115.161951	-92.745300
	0.040750	-26.073072	115.161951	-92.804900
	0.040760	-26.857248	115.161951	-92.864500
	0.040769	-26.671010	115.161951	-92.864500
	0.040778	-27.094382	115.161951	-92.804900
	0.040788	-27.786575	115.161951	-92.924100
	0.040797	-27.141211	115.161951	-92.983700
	0.040807	-26.556276	115.161951	-92.924100
	0.040816	-26.543261	115.161951	-92.864500
	0.040826	-27.356958	115.161951	-92.864500
	0.040835	-27.018707	115.161951	-92.983700
	0.040845	-25.539548	115.161951	-92.983700
	0.040854	-27.318573	115.161951	-92.983700
	0.040864	-25.668706	115.161951	-93.043300
	0.040873	-27.007913	115.161951	-93.043300
	0.040883	-26.431335	115.161951	-93.043300
	0.040892	-27.954634	115.161951	-93.102900
	0.040902	-27.577506	115.161951	-93.043300
	0.040911	-27.482379	115.161951	-93.102900
	0.040921	-27.029120	115.161951	-93.102900
	0.040930	-27.504149	115.161951	-93.162500
	0.040939	-27.165736	115.161951	-93.162500
	0.040949	-27.402640	115.161951	-93.222100
	0.040958	-27.010406	115.161951	-93.222100
	0.040968	-27.641640	115.161951	-93.162500
	0.040977	-26.444490	115.161951	-93.222100
	0.040987	-27.981573	115.161951	-93.281700
	0.040996	-27.929404	115.161951	-93.341300
	0.041006	-27.879723	115.161951	-93.341300
	0.041015	-27.482119	115.161951	-93.341300
	0.041025	-28.541389	115.161951	-93.400900
	0.041034	-27.953189	115.161951	-93.400900
	0.041044	-27.113958	115.161951	-93.400900
	0.041053	-27.500115	115.161951	-93.400900
	0.041063	-26.599786	115.161951	-93.400900
	0.041072	-27.957751	115.161951	-93.400900
	0.041081	-27.813847	115.161951	-93.520200
	0.041091	-27.724068	115.161951	-93.520200
	0.041100	-27.427840	115.161951	-93.520200
	0.041110	-27.039095	115.161951	-93.579800
	0.041119	-27.569995	115.161951	-93.579800
	0.041129	-26.521976	115.161951	-93.699000
	0.041138	-27.701274	115.161951	-93.699000
	0.041148	-27.334554	115.161951	-93.699000
	0.041157	-27.871715	115.161951	-93.639400
	0.041167	-26.993253	115.161951	-93.579800
	0.041176	-26.983913	115.161951	-93.639400
	0.041186	-27.267394	115.161951	-93.699000
	0.041195	-27.642687	115.161951	-93.699000
	0.041205	-27.490587	115.161951	-93.699000
	0.041214	-28.183193	115.161951	-93.818200
	0.041224	-26.873961	115.161951	-93.818200
	0.041233	-27.712416	115.161951	-93.818200
	0.041242	-27.626470	115.161951	-93.877800
	0.041252	-28.378060	115.161951	-93.877800
	0.041261	-28.884609	115.161951	-93.818200
	0.041271	-27.794892	115.161951	-93.818200
	0.041280	-28.066363	115.161951	-93.758600
	0.041290	-28.274619	115.161951	-93.818200
	0.041299	-29.115927	115.161951	-93.818200
	0.041309	-28.785840	115.161951	-93.877800
	0.041318	-29.160703	115.161951	-93.877800
	0.041328	-28.591677	115.161951	-93.877800
	0.041337	-29.458715	115.161951	-93.937400
	0.041347	-28.734544	115.161951	-93.997000
	0.041356	-28.971811	115.161951	-93.997000
	0.041366	-29.243132	115.161951	-93.997000
	0.041375	-28.494112	115.161951	-93.997000
	0.041384	-28.712773	115.161951	-94.116200
	0.041394	-28.088277	115.161951	-94.116200
	0.041403	-28.636447	115.161951	-94.116200
	0.041413	-28.128403	115.161951	-94.175800
	0.041422	-28.010353	115.161951	-94.116200
	0.041432	-29.705382	115.161951	-94.116200
	0.041441	-29.655238	115.161951	-93.877800
	0.041451	-32.243339	115.161951	-93.818200
	0.041460	-30.808402	115.161951	-93.758600
	0.041470	-29.324099	115.161951	-93.699000
	0.041479	-30.715940	115.161951	-93.758600
	0.041489	-30.232678	115.161951	-93.877800
	0.041498	-30.620009	115.161951	-93.877800
	0.041508	-29.493105	115.161951	-93.877800
	0.041517	-30.058333	115.161951	-93.758600
	0.041527	-29.872681	115.161951	-93.699000
	0.041536	-29.745100	115.161951	-93.818200
	0.041545	-29.938743	115.161951	-93.877800
	0.041555	-30.519569	115.161951	-93.877800
	0.041564	-30.759170	115.161951	-93.877800
	0.041574	-29.964552	115.161951	-93.877800
	0.041583	-29.554119	115.161951	-93.937400
	0.041593	-29.699797	115.161951	-93.997000
	0.041602	-30.325370	115.161951	-94.056600
	0.041612	-30.125673	115.161951	-94.116200
	0.041621	-29.144965	115.161951	-94.175800
	0.041631	-28.912462	115.161951	-94.235400
	0.041640	-29.512877	115.161951	-94.354600
	0.041650	-30.386302	115.161951	-94.712200
	0.041659	-31.592160	115.161951	-95.069900
	0.041669	-29.595969	115.161951	-95.069900
	0.041678	-30.633613	115.161951	-95.129500
	0.041687	-31.314357	115.161951	-95.248700
	0.041697	-30.670287	115.161951	-95.248700
	0.041706	-30.365871	115.161951	-95.308300
	0.041716	-31.735429	115.161951	-95.308300
	0.041725	-31.038995	115.161951	-95.308300
	0.041735	-31.140723	115.161951	-95.367900
	0.041744	-31.448294	115.161951	-95.367900
	0.041754	-30.695563	115.161951	-95.367900
	0.041763	-30.847411	115.161951	-95.367900
	0.041773	-30.434203	115.161951	-95.367900
	0.041782	-31.948221	115.161951	-95.308300
	0.041792	-30.986410	115.161951	-95.427500
	0.041801	-31.744180	115.161951	-95.487100
	0.041811	-30.968903	115.161951	-95.546700
	0.041820	-31.146178	115.161951	-95.606300
	0.041829	-30.471161	115.161951	-95.606300
	0.041839	-30.978744	115.161951	-95.725500
	0.041848	-31.988959	115.161951	-95.725500
	0.041858	-32.117513	115.161951	-95.725500
	0.041867	-31.272891	115.161951	-95.785100
	0.041877	-31.523349	115.161951	-95.785100
	0.041886	-32.735279	115.161951	-95.844700
	0.041896	-33.553923	115.161951	-95.844700
	0.041905	-33.815407	115.161951	-95.844700
	0.041915	-32.763499	115.161951	-95.785100
	0.041924	-32.798228	115.161951	-95.844700
	0.041934	-32.473806	115.161951	-95.904300
	0.041943	-33.046768	115.161951	-95.963900
	0.041953	-33.120883	115.161951	-95.963900
	0.041962	-33.775893	115.161951	-96.083200
	0.041972	-32.424555	115.161951	-96.083200
	0.041981	-33.662570	115.161951	-96.142800
	0.041990	-32.373317	115.161951	-96.202400
	0.042000	-33.597688	115.161951	-96.142800
	0.042009	-32.841600	115.161951	-96.142800
	0.042019	-33.202121	115.161951	-96.083200
	0.042028	-33.610283	115.161951	-96.083200
	0.042038	-32.902075	115.161951	-96.142800
	0.042047	-32.779351	115.161951	-96.142800
	0.042057	-32.162865	115.161951	-96.142800
	0.042066	-32.581616	115.161951	-96.142800
	0.042076	-32.486495	115.161951	-96.083200
	0.042085	-32.713002	115.161951	-96.202400
	0.042095	-31.605604	115.161951	-96.202400
	0.042104	-31.878427	115.161951	-96.202400
	0.042114	-32.646285	115.161951	-96.202400
	0.042123	-31.506064	115.161951	-96.202400
	0.042132	-32.296338	115.161951	-96.262000
	0.042142	-32.910687	115.161951	-96.321600
	0.042151	-33.038190	115.161951	-96.440800
	0.042161	-33.338334	115.161951	-96.500400
	0.042170	-32.501293	115.161951	-96.440800
	0.042180	-33.996784	115.161951	-96.321600
	0.042189	-32.925716	115.161951	-96.440800
	0.042199	-33.330864	115.161951	-96.440800
	0.042208	-32.577933	115.161951	-96.440800
	0.042218	-33.239866	115.161951	-96.381200
	0.042227	-33.662299	115.161951	-96.381200
	0.042237	-33.002637	115.161951	-96.440800
	0.042246	-33.673447	115.161951	-96.440800
	0.042256	-34.353476	115.161951	-96.381200
	0.042265	-33.632345	115.161951	-96.381200
	0.042275	-33.732927	115.161951	-96.381200
	0.042284	-34.060634	115.161951	-96.381200
	0.042293	-34.351780	115.161951	-96.381200
	0.042303	-32.859956	115.161951	-96.381200
	0.042312	-34.253909	115.161951	-96.381200
	0.042322	-33.974761	115.161951	-96.440800
	0.042331	-35.535458	115.161951	-96.440800
	0.042341	-34.815108	115.161951	-96.440800
	0.042350	-34.724627	115.161951	-96.440800
	0.042360	-35.346198	115.161951	-96.321600
	0.042369	-34.808966	115.161951	-96.321600
	0.042379	-34.436704	115.161951	-96.381200
	0.042388	-35.468196	115.161951	-96.440800
	0.042398	-35.246341	115.161951	-96.440800
	0.042407	-35.236680	115.161951	-96.440800
	0.042417	-34.983473	115.161951	-96.381200
	0.042426	-34.818048	115.161951	-96.381200
	0.042435	-36.386709	115.161951	-96.440800
	0.042445	-37.312776	115.161951	-95.725500
	0.042454	-39.554672	115.161951	-94.414200
	0.042464	-40.753011	115.161951	-93.639400
	0.042473	-39.666769	115.161951	-93.400900
	0.042483	-40.294857	115.161951	-93.400900
	0.042492	-39.455404	115.161951	-92.983700
	0.042502	-42.737282	115.161951	-91.016800
	0.042511	-41.543059	115.161951	-90.122700
	0.042521	-42.197399	115.161951	-89.824700
	0.042530	-42.453399	115.161951	-89.765100
	0.042540	-43.260792	115.161951	-89.765100
	0.042549	-42.493716	115.161951	-89.765100
	0.042559	-42.848450	115.161951	-89.765100
	0.042568	-43.027145	115.161951	-89.824700
	0.042578	-43.650825	115.161951	-89.884300
	0.042587	-43.634449	115.161951	-89.943900
	0.042596	-43.571714	115.161951	-89.943900
	0.042606	-43.596743	115.161951	-90.003500
	0.042615	-43.363928	115.161951	-89.943900
	0.042625	-42.584137	115.161951	-89.943900
	0.042634	-43.803570	115.161951	-89.943900
	0.042644	-42.369048	115.161951	-89.943900
	0.042653	-43.011461	115.161951	-89.943900
	0.042663	-42.219471	115.161951	-89.884300
	0.042672	-41.695250	115.161951	-89.943900
	0.042682	-43.529280	115.161951	-89.943900
	0.042691	-42.752829	115.161951	-89.943900
	0.042701	-43.476697	115.161951	-89.943900
	0.042710	-42.529443	115.161951	-90.003500
	0.042720	-42.919349	115.161951	-90.003500
	0.042729	-42.855974	115.161951	-90.063100
	0.042738	-41.985554	115.161951	-90.122700
	0.042748	-42.293022	115.161951	-90.122700
	0.042757	-43.065409	115.161951	-90.182300
	0.042767	-43.310389	115.161951	-90.182300
	0.042776	-43.051971	115.161951	-90.241900
	0.042786	-42.745483	115.161951	-90.241900
	0.042795	-41.848573	115.161951	-90.301500
	0.042805	-43.070748	115.161951	-90.301500
	0.042814	-43.838272	115.161951	-90.301500
	0.042824	-42.336722	115.161951	-90.361100
	0.042833	-43.405782	115.161951	-90.420700
	0.042843	-42.583120	115.161951	-90.539900
	0.042852	-42.013361	115.161951	-90.539900
	0.042862	-42.165637	115.161951	-90.539900
	0.042871	-43.536741	115.161951	-90.539900
	0.042881	-42.211335	115.161951	-90.599500
	0.042890	-42.675827	115.161951	-91.374400
	0.042899	-42.570086	115.161951	-91.851200
	0.042909	-43.435442	115.161951	-91.970400
	0.042918	-42.268082	115.161951	-91.970400
	0.042928	-43.487584	115.161951	-92.030000
	0.042937	-43.720921	115.161951	-92.089600
	0.042947	-43.239363	115.161951	-92.149200
	0.042956	-43.223804	115.161951	-92.149200
	0.042966	-43.378455	115.161951	-92.089600
	0.042975	-42.590256	115.161951	-92.149200
	0.042985	-44.560480	115.161951	-91.791600
	0.042994	-44.924371	115.161951	-90.599500
	0.043004	-45.567463	115.161951	-90.301500
	0.043013	-46.188632	115.161951	-90.241900
	0.043023	-46.202154	115.161951	-90.241900
	0.043032	-45.552737	115.161951	-90.063100
	0.043041	-46.105627	115.161951	-90.063100
	0.043051	-46.332271	115.161951	-90.063100
	0.043060	-46.655502	115.161951	-90.122700
	0.043070	-46.397856	115.161951	-90.063100
	0.043079	-47.851099	115.161951	-89.884300
	0.043089	-47.100216	115.161951	-89.824700
	0.043098	-47.789879	115.161951	-89.884300
	0.043108	-46.974999	115.161951	-89.884300
	0.043117	-48.560370	115.161951	-89.884300
	0.043127	-47.955439	115.161951	-89.884300
	0.043136	-48.496252	115.161951	-89.943900
	0.043146	-47.941936	115.161951	-89.943900
	0.043155	-47.861875	115.161951	-89.884300
	0.043165	-49.031352	115.161951	-89.884300
	0.043174	-48.938003	115.161951	-89.884300
	0.043184	-50.588648	115.161951	-89.049800
	0.043193	-53.560923	115.161951	-87.678900
	0.043202	-53.990332	115.161951	-87.261700
	0.043212	-54.057949	115.161951	-86.963600
	0.043221	-58.279955	115.161951	-85.175500
	0.043231	-57.018845	115.161951	-84.162200
	0.043240	-56.979953	115.161951	-83.864200
	0.043250	-57.921381	115.161951	-83.864200
	0.043259	-58.347427	115.161951	-83.804600
	0.043269	-57.876313	115.161951	-83.745000
	0.043278	-57.771501	115.161951	-83.745000
	0.043288	-58.121457	115.161951	-83.804600
	0.043297	-57.595401	115.161951	-83.804600
	0.043307	-57.971607	115.161951	-83.506600
	0.043316	-59.535486	115.161951	-82.076100
	0.043326	-59.332066	115.161951	-81.420400
	0.043335	-58.991495	115.161951	-81.241600
	0.043344	-58.346750	115.161951	-81.241600
	0.043354	-59.460575	115.161951	-81.241600
	0.043363	-58.868115	115.161951	-81.182000
	0.043373	-59.275788	115.161951	-81.241600
	0.043382	-59.560493	115.161951	-81.241600
	0.043392	-59.242041	115.161951	-81.241600
	0.043401	-59.416449	115.161951	-81.241600
	0.043411	-58.502762	115.161951	-81.241600
	0.043420	-59.492547	115.161951	-81.241600
	0.043430	-59.810693	115.161951	-81.182000
	0.043439	-59.951405	115.161951	-81.182000
	0.043449	-58.430189	115.161951	-81.241600
	0.043458	-59.454969	115.161951	-81.241600
	0.043468	-59.818725	115.161951	-81.241600
	0.043477	-59.274123	115.161951	-81.241600
	0.043487	-60.017060	115.161951	-81.182000
	0.043496	-60.066658	115.161951	-81.182000
	0.043505	-60.396349	115.161951	-81.241600
	0.043515	-60.396623	115.161951	-81.241600
	0.043524	-59.993153	115.161951	-81.241600
	0.043534	-59.150584	115.161951	-81.301200
	0.043543	-60.283667	115.161951	-81.301200
	0.043553	-59.661661	115.161951	-81.301200
	0.043562	-60.528354	115.161951	-81.301200
	0.043572	-60.014654	115.161951	-81.360800
	0.043581	-60.405833	115.161951	-81.360800
	0.043591	-60.074180	115.161951	-81.360800
	0.043600	-59.954167	115.161951	-81.360800
	0.043610	-60.069565	115.161951	-81.420400
	0.043619	-59.910535	115.161951	-81.420400
	0.043629	-60.859282	115.161951	-81.480000
	0.043638	-64.123124	115.161951	-80.287900
	0.043647	-66.961372	115.161951	-78.022900
	0.043657	-69.707627	115.161951	-76.771200
	0.043666	-69.962910	115.161951	-76.413600
	0.043676	-68.850796	115.161951	-76.354000
	0.043685	-69.091355	115.161951	-76.354000
	0.043695	-68.791019	115.161951	-76.234800
	0.043704	-68.744373	115.161951	-76.294400
	0.043714	-69.104462	115.161951	-76.294400
	0.043723	-69.417832	115.161951	-76.354000
	0.043733	-68.400712	115.161951	-76.354000
	0.043742	-68.700442	115.161951	-76.354000
	0.043752	-69.352135	115.161951	-76.354000
	0.043761	-68.129037	115.161951	-76.354000
	0.043771	-69.561416	115.161951	-76.354000
	0.043780	-68.417126	115.161951	-76.354000
	0.043790	-68.014634	115.161951	-76.354000
	0.043799	-68.556069	115.161951	-76.234800
	0.043808	-68.670339	115.161951	-76.234800
	0.043818	-68.853735	115.161951	-76.234800
	0.043827	-69.161012	115.161951	-76.234800
	0.043837	-68.673884	115.161951	-76.234800
	0.043846	-69.245518	115.161951	-76.234800
	0.043856	-68.602770	115.161951	-76.175200
	0.043865	-68.513604	115.161951	-76.175200
	0.043875	-68.334879	115.161951	-76.115600
	0.043884	-67.265347	115.161951	-76.175200
	0.043894	-69.993699	115.161951	-76.294400
	0.043903	-68.141461	115.161951	-76.354000
	0.043913	-68.742196	115.161951	-76.294400
	0.043922	-68.829696	115.161951	-76.294400
	0.043932	-69.326693	115.161951	-76.234800
	0.043941	-68.132743	115.161951	-76.294400
	0.043950	-69.038934	115.161951	-76.413600
	0.043960	-67.842662	115.161951	-76.354000
	0.043969	-68.109970	115.161951	-76.354000
	0.043979	-67.728341	115.161951	-76.354000
	0.043988	-77.484391	115.161951	-75.519600
	0.043998	-78.354014	115.161951	-74.208200
	0.044007	-78.802449	115.161951	-73.731400
	0.044017	-79.069386	115.161951	-73.671800
	0.044026	-80.354427	115.161951	-73.612200
	0.044036	-79.847723	115.161951	-73.612200
	0.044045	-80.742005	115.161951	-73.671800
	0.044055	-82.522857	115.161951	-73.612200
	0.044064	-84.237293	115.161951	-73.016200
	0.044074	-83.295018	115.161951	-72.777700
	0.044083	-84.737127	115.161951	-72.777700
	0.044093	-85.425358	115.161951	-72.777700
	0.044102	-84.766451	115.161951	-72.777700
	0.044111	-84.759002	115.161951	-72.837300
	0.044121	-85.992833	115.161951	-72.777700
	0.044130	-86.613375	115.161951	-72.777700
	0.044140	-85.801260	115.161951	-72.777700
	0.044149	-85.865332	115.161951	-72.777700
	0.044159	-85.442733	115.161951	-72.718100
	0.044168	-85.336787	115.161951	-72.718100
	0.044178	-84.912644	115.161951	-72.718100
	0.044187	-85.566351	115.161951	-72.718100
	0.044197	-86.077946	115.161951	-72.598900
	0.044206	-86.799456	115.161951	-72.479700
	0.044216	-87.198225	115.161951	-72.539300
	0.044225	-87.270387	115.161951	-72.479700
	0.044235	-86.248831	115.161951	-72.300900
	0.044244	-87.130885	115.161951	-72.300900
	0.044253	-87.266592	115.161951	-72.360500
	0.044263	-84.991727	115.161951	-72.360500
	0.044272	-87.747099	115.161951	-72.420100
	0.044282	-87.450376	115.161951	-72.420100
	0.044291	-87.234987	115.161951	-72.420100
	0.044301	-88.123877	115.161951	-72.360500
	0.044310	-88.389151	115.161951	-72.420100
	0.044320	-88.347616	115.161951	-72.479700
	0.044329	-87.844385	115.161951	-72.479700
	0.044339	-92.730719	115.161951	-71.228000
	0.044348	-93.170809	115.161951	-70.155100
	0.044358	-94.358994	115.161951	-69.678300
	0.044367	-93.326438	115.161951	-69.439900
	0.044377	-93.020609	115.161951	-69.380300
	0.044386	-93.568707	115.161951	-69.320700
	0.044396	-93.428358	115.161951	-69.380300
	0.044405	-93.579748	115.161951	-69.380300
	0.044414	-94.853955	115.161951	-69.380300
	0.044424	-95.700921	115.161951	-68.665000
	0.044433	-96.094401	115.161951	-68.367000
	0.044443	-95.759464	115.161951	-68.247800
	0.044452	-95.698826	115.161951	-68.188200
	0.044462	-96.824460	115.161951	-68.188200
	0.044471	-96.050387	115.161951	-68.128600
	0.044481	-96.373675	115.161951	-68.069000
	0.044490	-96.720464	115.161951	-68.128600
	0.044500	-96.529099	115.161951	-68.069000
	0.044509	-96.954960	115.161951	-68.009400
	0.044519	-97.226416	115.161951	-68.009400
	0.044528	-96.078573	115.161951	-68.009400
	0.044538	-97.290858	115.161951	-67.949800
	0.044547	-97.476425	115.161951	-68.009400
	0.044556	-96.552143	115.161951	-68.009400
	0.044566	-97.948525	115.161951	-68.009400
	0.044575	-96.879945	115.161951	-67.949800
	0.044585	-97.089754	115.161951	-67.949800
	0.044594	-98.255325	115.161951	-67.949800
	0.044604	-97.786539	115.161951	-67.830600
	0.044613	-97.309632	115.161951	-67.770900
	0.044623	-97.453564	115.161951	-67.830600
	0.044632	-97.656131	115.161951	-67.949800
	0.044642	-97.413137	115.161951	-67.949800
	0.044651	-98.413022	115.161951	-67.949800
	0.044661	-97.235169	115.161951	-67.890200
	0.044670	-97.380937	115.161951	-67.830600
	0.044680	-97.900842	115.161951	-67.949800
	0.044689	-97.513968	115.161951	-67.890200
	0.044699	-98.146565	115.161951	-67.830600
	0.044708	-97.319146	115.161951	-67.770900
	0.044717	-97.925398	115.161951	-67.770900
	0.044727	-97.994402	115.161951	-67.770900
	0.044736	-97.164546	115.161951	-67.770900
	0.044746	-98.417598	115.161951	-67.770900
	0.044755	-97.674177	115.161951	-67.770900
	0.044765	-99.172277	115.161951	-67.711300
	0.044774	-97.390077	115.161951	-67.651700
	0.044784	-99.101823	115.161951	-67.651700
	0.044793	-98.564551	115.161951	-67.651700
	0.044803	-109.725070	115.161951	-65.744400
	0.044812	-108.705818	115.161951	-63.896600
	0.044822	-108.643936	115.161951	-63.479400
	0.044831	-108.658029	115.161951	-63.360200
	0.044841	-108.166366	115.161951	-63.300600
	0.044850	-108.259849	115.161951	-63.300600
	0.044859	-108.807258	115.161951	-63.300600
	0.044869	-109.205603	115.161951	-63.241000
	0.044878	-108.697226	115.161951	-63.241000
	0.044888	-108.649125	115.161951	-63.300600
	0.044897	-108.740639	115.161951	-63.300600
	0.044907	-108.334089	115.161951	-63.300600
	0.044916	-109.005850	115.161951	-63.241000
	0.044926	-108.601235	115.161951	-63.241000
	0.044935	-107.602681	115.161951	-63.241000
	0.044945	-108.257348	115.161951	-63.300600
	0.044954	-108.186375	115.161951	-63.300600
	0.044964	-109.879165	115.161951	-63.300600
	0.044973	-108.140714	115.161951	-63.241000
	0.044983	-108.062368	115.161951	-63.241000
	0.044992	-108.058680	115.161951	-63.241000
	0.045002	-107.840656	115.161951	-63.241000
	0.045011	-108.073549	115.161951	-63.181400
	0.045020	-107.855209	115.161951	-63.181400
	0.045030	-108.122151	115.161951	-63.181400
	0.045039	-112.042098	115.161951	-62.883400
	0.045049	-111.774917	115.161951	-62.346900
	0.045058	-114.431934	115.161951	-62.048900
	0.045068	-114.017616	115.161951	-61.870100
	0.045077	-113.878496	115.161951	-61.870100
	0.045087	-114.805589	115.161951	-61.810500
	0.045096	-113.796036	115.161951	-61.810500
	0.045106	-114.674978	115.161951	-61.810500
	0.045115	-113.791643	115.161951	-61.810500
	0.045125	-113.141296	115.161951	-61.631700
	0.045134	-113.346946	115.161951	-61.631700
	0.045144	-112.849879	115.161951	-61.572100
	0.045153	-113.112109	115.161951	-61.572100
	0.045162	-112.930676	115.161951	-61.512500
	0.045172	-113.070177	115.161951	-61.393200
	0.045181	-113.090534	115.161951	-61.452900
	0.045191	-113.630221	115.161951	-61.333600
	0.045200	-113.523412	115.161951	-61.333600
	0.045210	-116.132437	115.161951	-61.214400
	0.045219	-127.233348	115.161951	-58.830000
	0.045229	-126.813561	115.161951	-57.280300
	0.045238	-127.864720	115.161951	-56.863100
	0.045248	-127.078274	115.161951	-56.803500
	0.045257	-127.354034	115.161951	-56.803500
	0.045267	-126.826538	115.161951	-56.743900
	0.045276	-125.804300	115.161951	-56.684300
	0.045286	-127.218672	115.161951	-56.565000
	0.045295	-125.818211	115.161951	-56.505400
	0.045305	-126.013924	115.161951	-56.505400
	0.045314	-126.433523	115.161951	-56.505400
	0.045323	-125.909004	115.161951	-56.445800
	0.045333	-126.327322	115.161951	-56.445800
	0.045342	-126.667262	115.161951	-56.207400
	0.045352	-126.805057	115.161951	-56.088200
	0.045361	-127.190836	115.161951	-56.028600
	0.045371	-126.828629	115.161951	-56.088200
	0.045380	-127.167452	115.161951	-56.088200
	0.045390	-126.291669	115.161951	-56.088200
	0.045399	-127.144214	115.161951	-56.088200
	0.045409	-126.546408	115.161951	-56.088200
	0.045418	-126.500253	115.161951	-56.088200
	0.045428	-126.857481	115.161951	-56.088200
	0.045437	-126.519508	115.161951	-56.147800
	0.045447	-126.090254	115.161951	-56.088200
	0.045456	-126.624914	115.161951	-56.147800
	0.045465	-127.231660	115.161951	-56.147800
	0.045475	-126.647398	115.161951	-56.147800
	0.045484	-127.493365	115.161951	-56.207400
	0.045494	-126.475126	115.161951	-56.207400
	0.045503	-128.620294	115.161951	-56.147800
	0.045513	-128.627293	115.161951	-56.028600
	0.045522	-128.345493	115.161951	-55.909400
	0.045532	-128.153317	115.161951	-55.969000
	0.045541	-128.221761	115.161951	-55.969000
	0.045551	-128.689902	115.161951	-55.969000
	0.045560	-129.812094	115.161951	-55.849800
	0.045570	-134.715199	115.161951	-54.478900
	0.045579	-134.444049	115.161951	-53.704000
	0.045589	-134.111365	115.161951	-53.525200
	0.045598	-134.693212	115.161951	-53.584800
	0.045608	-132.567970	115.161951	-53.465600
	0.045617	-134.749867	115.161951	-53.525200
	0.045626	-133.916625	115.161951	-53.584800
	0.045636	-134.077532	115.161951	-53.584800
	0.045645	-133.148661	115.161951	-53.584800
	0.045655	-134.487961	115.161951	-53.048400
	0.045664	-136.866191	115.161951	-52.452300
	0.045674	-135.383693	115.161951	-52.154300
	0.045683	-135.293702	115.161951	-52.154300
	0.045693	-133.503973	115.161951	-52.035100
	0.045702	-134.192677	115.161951	-52.035100
	0.045712	-134.803374	115.161951	-52.035100
	0.045721	-134.390716	115.161951	-52.094700
	0.045731	-135.526480	115.161951	-52.094700
	0.045740	-134.671012	115.161951	-52.094700
	0.045750	-134.629385	115.161951	-52.094700
	0.045759	-134.473800	115.161951	-52.154300
	0.045768	-135.785032	115.161951	-52.213900
	0.045778	-135.291546	115.161951	-52.213900
	0.045787	-136.948116	115.161951	-52.273500
	0.045797	-135.030558	115.161951	-52.273500
	0.045806	-135.579035	115.161951	-52.333100
	0.045816	-136.638848	115.161951	-52.392700
	0.045825	-135.813405	115.161951	-52.273500
	0.045835	-135.432653	115.161951	-52.213900
	0.045844	-135.321735	115.161951	-52.094700
	0.045854	-136.477577	115.161951	-52.154300
	0.045863	-135.881794	115.161951	-52.154300
	0.045873	-134.956710	115.161951	-52.154300
	0.045882	-135.041973	115.161951	-52.213900
	0.045892	-135.524647	115.161951	-52.273500
	0.045901	-134.708115	115.161951	-52.333100
	0.045910	-134.992308	115.161951	-52.392700
	0.045920	-134.992048	115.161951	-52.333100
	0.045929	-137.944603	115.161951	-51.975500
	0.045939	-137.790932	115.161951	-51.737100
	0.045948	-138.291081	115.161951	-51.737100
	0.045958	-138.055420	115.161951	-51.796700
	0.045967	-137.918581	115.161951	-51.856300
	0.045977	-138.378632	115.161951	-51.856300
	0.045986	-137.785994	115.161951	-51.856300
	0.045996	-138.077724	115.161951	-51.915900
	0.046005	-137.657739	115.161951	-51.915900
	0.046015	-137.439945	115.161951	-51.856300
	0.046024	-138.287187	115.161951	-51.856300
	0.046034	-139.040702	115.161951	-51.915900
	0.046043	-137.072465	115.161951	-51.915900
	0.046053	-138.832694	115.161951	-51.915900
	0.046062	-138.821367	115.161951	-51.915900
	0.046071	-138.804726	115.161951	-51.975500
	0.046081	-139.443048	115.161951	-52.035100
	0.046090	-139.826803	115.161951	-51.975500
	0.046100	-138.921136	115.161951	-51.975500
	0.046109	-139.020293	115.161951	-51.975500
	0.046119	-139.922911	115.161951	-51.975500
	0.046128	-140.756415	115.161951	-51.915900
	0.046138	-140.554249	115.161951	-51.856300
	0.046147	-141.449511	115.161951	-51.796700
	0.046157	-140.513798	115.161951	-51.856300
	0.046166	-140.181241	115.161951	-51.856300
	0.046176	-140.654580	115.161951	-51.856300
	0.046185	-138.752207	115.161951	-51.856300
	0.046195	-139.757891	115.161951	-51.856300
	0.046204	-139.573029	115.161951	-51.796700
	0.046213	-140.977284	115.161951	-51.737100
	0.046223	-140.256470	115.161951	-51.677500
	0.046232	-140.028470	115.161951	-51.617900
	0.046242	-139.717792	115.161951	-51.617900
	0.046251	-139.099520	115.161951	-51.677500
	0.046261	-140.423891	115.161951	-51.677500
	0.046270	-139.452336	115.161951	-51.617900
	0.046280	-139.968992	115.161951	-51.617900
	0.046289	-139.006744	115.161951	-51.498600
	0.046299	-139.956983	115.161951	-50.783400
	0.046308	-141.173229	115.161951	-50.366200
	0.046318	-141.610470	115.161951	-50.187300
	0.046327	-139.699535	115.161951	-50.127700
	0.046337	-140.529367	115.161951	-50.068100
	0.046346	-140.910836	115.161951	-50.187300
	0.046356	-141.252812	115.161951	-50.187300
	0.046365	-141.139654	115.161951	-50.187300
	0.046374	-140.754010	115.161951	-50.246900
	0.046384	-141.435074	115.161951	-50.246900
	0.046393	-142.269171	115.161951	-50.246900
	0.046403	-141.671264	115.161951	-49.948900
	0.046412	-141.741937	115.161951	-49.650900
	0.046422	-142.178992	115.161951	-49.531700
	0.046431	-142.256774	115.161951	-49.531700
	0.046441	-141.143367	115.161951	-49.531700
	0.046450	-141.959126	115.161951	-49.531700
	0.046460	-143.159120	115.161951	-49.472100
	0.046469	-142.390246	115.161951	-49.293300
	0.046479	-142.540912	115.161951	-49.174100
	0.046488	-142.006925	115.161951	-49.174100
	0.046498	-141.650477	115.161951	-49.054900
	0.046507	-143.614435	115.161951	-48.816400
	0.046516	-142.636463	115.161951	-48.697200
	0.046526	-143.283820	115.161951	-48.637600
	0.046535	-143.923875	115.161951	-48.578000
	0.046545	-143.306960	115.161951	-48.518400
	0.046554	-144.307949	115.161951	-48.518400
	0.046564	-143.877444	115.161951	-48.399200
	0.046573	-143.636493	115.161951	-48.339600
	0.046583	-143.614648	115.161951	-48.160800
	0.046592	-143.155242	115.161951	-48.041600
	0.046602	-143.959850	115.161951	-47.922400
	0.046611	-142.955577	115.161951	-47.683900
	0.046621	-144.897426	115.161951	-46.730300
	0.046630	-152.318142	115.161951	-44.942100
	0.046640	-150.116484	115.161951	-44.405700
	0.046649	-151.141223	115.161951	-44.226900
	0.046659	-150.410369	115.161951	-44.167300
	0.046668	-151.798374	115.161951	-44.048100
	0.046677	-151.140171	115.161951	-43.988500
	0.046687	-150.920252	115.161951	-43.928900
	0.046696	-151.894835	115.161951	-43.809600
	0.046706	-152.157467	115.161951	-43.630800
	0.046715	-152.586215	115.161951	-43.571200
	0.046725	-152.282198	115.161951	-43.571200
	0.046734	-152.603912	115.161951	-43.511600
	0.046744	-151.572866	115.161951	-43.452000
	0.046753	-151.521051	115.161951	-43.452000
	0.046763	-151.188231	115.161951	-43.452000
	0.046772	-151.672703	115.161951	-43.452000
	0.046782	-152.707684	115.161951	-43.332800
	0.046791	-152.989617	115.161951	-43.332800
	0.046801	-152.282756	115.161951	-43.273200
	0.046810	-152.036567	115.161951	-43.213600
	0.046819	-152.012961	115.161951	-43.154000
	0.046829	-152.309559	115.161951	-43.154000
	0.046838	-151.476473	115.161951	-43.154000
	0.046848	-152.147395	115.161951	-43.154000
	0.046857	-151.470620	115.161951	-43.034800
	0.046867	-152.026061	115.161951	-42.975200
	0.046876	-151.865544	115.161951	-43.034800
	0.046886	-151.348932	115.161951	-43.094400
	0.046895	-151.348744	115.161951	-43.154000
	0.046905	-151.439295	115.161951	-43.154000
	0.046914	-151.833188	115.161951	-43.154000
	0.046924	-151.590098	115.161951	-43.094400
	0.046933	-151.641714	115.161951	-43.154000
	0.046943	-151.470931	115.161951	-43.213600
	0.046952	-151.361671	115.161951	-43.213600
	0.046962	-151.065920	115.161951	-43.273200
	0.046971	-151.857304	115.161951	-43.273200
	0.046980	-151.847739	115.161951	-43.273200
	0.046990	-153.509428	115.161951	-43.273200
	0.046999	-151.828220	115.161951	-43.332800
	0.047009	-152.492543	115.161951	-43.273200
	0.047018	-153.020232	115.161951	-43.213600
	0.047028	-153.094768	115.161951	-43.213600
	0.047037	-152.423208	115.161951	-43.273200
	0.047047	-153.213762	115.161951	-43.332800
	0.047056	-152.947303	115.161951	-43.332800
	0.047066	-153.419796	115.161951	-43.332800
	0.047075	-153.102630	115.161951	-43.332800
	0.047085	-153.374158	115.161951	-43.332800
	0.047094	-154.815037	115.161951	-43.452000
	0.047104	-155.377536	115.161951	-43.452000
	0.047113	-155.591389	115.161951	-43.511600
	0.047122	-154.167805	115.161951	-43.571200
	0.047132	-154.083405	115.161951	-43.630800
	0.047141	-154.095660	115.161951	-43.690400
	0.047151	-153.673112	115.161951	-43.630800
	0.047160	-153.338089	115.161951	-43.630800
	0.047170	-152.659057	115.161951	-43.630800
	0.047179	-153.096875	115.161951	-43.690400
	0.047189	-153.757016	115.161951	-43.809600
	0.047198	-154.043575	115.161951	-43.809600
	0.047208	-153.776318	115.161951	-43.869300
	0.047217	-153.605222	115.161951	-43.928900
	0.047227	-153.377885	115.161951	-43.928900
	0.047236	-152.778111	115.161951	-43.928900
	0.047246	-153.348974	115.161951	-43.928900
	0.047255	-153.343927	115.161951	-43.988500
	0.047265	-154.064853	115.161951	-43.988500
	0.047274	-153.293878	115.161951	-43.988500
	0.047283	-153.796332	115.161951	-44.048100
	0.047293	-153.609422	115.161951	-44.048100
	0.047302	-153.089005	115.161951	-44.107700
	0.047312	-153.882939	115.161951	-44.167300
	0.047321	-154.031169	115.161951	-44.167300
	0.047331	-154.257292	115.161951	-44.167300
	0.047340	-153.907155	115.161951	-44.167300
	0.047350	-154.581761	115.161951	-44.107700
	0.047359	-154.178740	115.161951	-44.107700
	0.047369	-153.473335	115.161951	-44.107700
	0.047378	-153.627764	115.161951	-44.167300
	0.047388	-154.595010	115.161951	-44.167300
	0.047397	-154.573126	115.161951	-44.167300
	0.047407	-153.717292	115.161951	-44.286500
	0.047416	-154.450623	115.161951	-44.286500
	0.047425	-154.755211	115.161951	-44.286500
	0.047435	-154.141837	115.161951	-44.226900
	0.047444	-153.725881	115.161951	-44.226900
	0.047454	-154.647803	115.161951	-44.226900
	0.047463	-154.576319	115.161951	-44.167300
	0.047473	-153.454293	115.161951	-44.107700
	0.047482	-153.566463	115.161951	-44.107700
	0.047492	-154.216060	115.161951	-44.048100
	0.047501	-154.788497	115.161951	-44.048100
	0.047511	-153.398200	115.161951	-43.988500
	0.047520	-154.209717	115.161951	-44.048100
	0.047530	-153.730592	115.161951	-44.048100
	0.047539	-156.132986	115.161951	-43.988500
	0.047549	-154.650105	115.161951	-43.988500
	0.047558	-155.147714	115.161951	-43.869300
	0.047568	-152.560800	115.161951	-43.869300
	0.047577	-153.294816	115.161951	-43.809600
	0.047586	-154.064454	115.161951	-43.750000
	0.047596	-154.460164	115.161951	-43.750000
	0.047605	-154.475195	115.161951	-43.750000
	0.047615	-154.779763	115.161951	-43.690400
	0.047624	-154.833365	115.161951	-43.750000
	0.047634	-157.128858	115.161951	-43.094400
	0.047643	-158.476543	115.161951	-42.438700
	0.047653	-159.439092	115.161951	-42.200300
	0.047662	-159.216424	115.161951	-42.200300
	0.047672	-158.415120	115.161951	-42.200300
	0.047681	-159.841769	115.161951	-42.319500
	0.047691	-158.657951	115.161951	-42.379100
	0.047700	-158.724350	115.161951	-42.438700
	0.047710	-159.723710	115.161951	-42.438700
	0.047719	-159.793858	115.161951	-42.438700
	0.047728	-160.497704	115.161951	-42.438700
	0.047738	-160.007896	115.161951	-42.438700
	0.047747	-159.901621	115.161951	-42.498300
	0.047757	-160.499460	115.161951	-42.498300
	0.047766	-160.500356	115.161951	-42.557900
	0.047776	-161.038077	115.161951	-42.498300
	0.047785	-164.465384	115.161951	-41.783100
	0.047795	-164.043731	115.161951	-41.544700
	0.047804	-169.066097	115.161951	-40.769800
	0.047814	-169.653640	115.161951	-40.173800
	0.047823	-169.620867	115.161951	-39.935300
	0.047833	-169.362161	115.161951	-39.935300
	0.047842	-169.665672	115.161951	-39.935300
	0.047852	-167.940401	115.161951	-39.875700
	0.047861	-170.999951	115.161951	-39.637300
	0.047871	-170.069522	115.161951	-39.398900
	0.047880	-172.315691	115.161951	-39.398900
	0.047889	-172.060303	115.161951	-39.398900
	0.047899	-172.150279	115.161951	-39.339300
	0.047908	-171.738473	115.161951	-39.398900
	0.047918	-171.777365	115.161951	-39.518100
	0.047927	-171.036372	115.161951	-39.518100
	0.047937	-171.835289	115.161951	-39.577700
	0.047946	-172.461118	115.161951	-39.577700
	0.047956	-172.668516	115.161951	-39.577700
	0.047965	-172.076165	115.161951	-39.577700
	0.047975	-171.865731	115.161951	-39.518100
	0.047984	-171.178497	115.161951	-39.518100
	0.047994	-171.641188	115.161951	-39.577700
	0.048003	-170.986125	115.161951	-39.577700
	0.048013	-171.246628	115.161951	-39.637300
	0.048022	-171.451633	115.161951	-39.637300
	0.048031	-171.802878	115.161951	-39.637300
	0.048041	-171.596106	115.161951	-39.637300
	0.048050	-170.928463	115.161951	-39.577700
	0.048060	-171.871580	115.161951	-39.518100
	0.048069	-172.533503	115.161951	-39.458500
	0.048079	-170.996050	115.161951	-39.339300
	0.048088	-173.984443	115.161951	-38.922100
	0.048098	-173.476737	115.161951	-38.743300
	0.048107	-174.139307	115.161951	-38.683600
	0.048117	-174.405137	115.161951	-38.564400
	0.048126	-176.188752	115.161951	-38.206800
	0.048136	-177.112986	115.161951	-38.087600
	0.048145	-176.865884	115.161951	-38.087600
	0.048155	-177.326038	115.161951	-38.087600
	0.048164	-177.278175	115.161951	-38.087600
	0.048174	-177.463752	115.161951	-38.028000
	0.048183	-176.775197	115.161951	-38.028000
	0.048192	-176.812659	115.161951	-37.968400
	0.048202	-176.307411	115.161951	-37.968400
	0.048211	-176.278533	115.161951	-38.087600
	0.048221	-175.705271	115.161951	-38.087600
	0.048230	-176.566050	115.161951	-38.087600
	0.048240	-176.820809	115.161951	-38.028000
	0.048249	-176.458062	115.161951	-37.968400
	0.048259	-176.132640	115.161951	-37.849200
	0.048268	-177.314199	115.161951	-37.789600
	0.048278	-177.423316	115.161951	-37.789600
	0.048287	-177.780863	115.161951	-37.670400
	0.048297	-175.937934	115.161951	-37.670400
	0.048306	-176.139588	115.161951	-37.670400
	0.048316	-176.642732	115.161951	-37.670400
	0.048325	-175.558144	115.161951	-37.610800
	0.048334	-175.792358	115.161951	-37.551200
	0.048344	-176.046707	115.161951	-37.551200
	0.048353	-176.739058	115.161951	-37.551200
	0.048363	-175.699594	115.161951	-37.551200
	0.048372	-175.275324	115.161951	-37.551200
	0.048382	-176.457203	115.161951	-37.491600
	0.048391	-177.355420	115.161951	-37.551200
	0.048401	-175.717033	115.161951	-37.551200
	0.048410	-176.206107	115.161951	-37.551200
	0.048420	-176.024590	115.161951	-37.551200
	0.048429	-176.227278	115.161951	-37.491600
	0.048439	-177.159971	115.161951	-37.431900
	0.048448	-176.951634	115.161951	-37.372300
	0.048458	-177.552491	115.161951	-37.372300
	0.048467	-177.739596	115.161951	-37.312700
	0.048477	-177.220361	115.161951	-37.312700
	0.048486	-176.674284	115.161951	-37.253100
	0.048495	-177.584246	115.161951	-37.193500
	0.048505	-176.282671	115.161951	-37.193500
	0.048514	-176.773836	115.161951	-37.253100
	0.048524	-177.045417	115.161951	-37.014700
	0.048533	-178.388174	115.161951	-36.835900
	0.048543	-177.877179	115.161951	-36.776300
	0.048552	-177.545126	115.161951	-36.716700
	0.048562	-177.487709	115.161951	-36.716700
	0.048571	-177.410551	115.161951	-36.657100
	0.048581	-178.914431	115.161951	-36.716700
	0.048590	-177.904735	115.161951	-36.716700
	0.048600	-177.972383	115.161951	-36.716700
	0.048609	-177.530996	115.161951	-36.776300
	0.048619	-177.245711	115.161951	-36.776300
	0.048628	-178.038929	115.161951	-36.835900
	0.048637	-178.370133	115.161951	-36.895500
	0.048647	-178.179900	115.161951	-36.955100
	0.048656	-177.618603	115.161951	-36.955100
	0.048666	-176.574044	115.161951	-37.014700
	0.048675	-177.280859	115.161951	-36.955100
	0.048685	-176.452334	115.161951	-36.835900
	0.048694	-177.518711	115.161951	-36.955100
	0.048704	-178.457567	115.161951	-36.955100
	0.048713	-178.047379	115.161951	-37.014700
	0.048723	-177.821288	115.161951	-37.014700
	0.048732	-178.091252	115.161951	-36.955100
	0.048742	-177.706514	115.161951	-36.835900
	0.048751	-179.263074	115.161951	-36.716700
	0.048761	-178.838580	115.161951	-36.716700
	0.048770	-178.495728	115.161951	-36.657100
	0.048780	-179.181432	115.161951	-36.657100
	0.048789	-177.084108	115.161951	-36.537900
	0.048798	-178.463204	115.161951	-36.418700
	0.048808	-178.828256	115.161951	-36.239900
	0.048817	-179.225230	115.161951	-36.299500
	0.048827	-179.410167	115.161951	-36.418700
	0.048836	-179.131909	115.161951	-36.418700
	0.048846	-179.343250	115.161951	-36.418700
	0.048855	-179.201213	115.161951	-36.299500
	0.048865	-178.907558	115.161951	-36.299500
	0.048874	-179.239787	115.161951	-36.239900
	0.048884	-178.175154	115.161951	-36.180300
	0.048893	-178.412295	115.161951	-36.180300
	0.048903	-180.372090	115.161951	-36.120600
	0.048912	-178.997698	115.161951	-36.180300
	0.048922	-180.413946	115.161951	-36.299500
	0.048931	-180.557209	115.161951	-36.299500
	0.048940	-180.430985	115.161951	-36.239900
	0.048950	-180.266401	115.161951	-36.299500
	0.048959	-179.820252	115.161951	-36.359100
	0.048969	-178.839890	115.161951	-36.418700
	0.048978	-179.901374	115.161951	-36.418700
	0.048988	-180.225055	115.161951	-36.359100
	0.048997	-180.162581	115.161951	-36.239900
	0.049007	-179.197249	115.161951	-36.299500
	0.049016	-180.036630	115.161951	-36.239900
	0.049026	-179.912143	115.161951	-36.180300
	0.049035	-180.014491	115.161951	-36.180300
	0.049045	-180.729163	115.161951	-36.120600
	0.049054	-181.473111	115.161951	-36.120600
	0.049064	-180.481489	115.161951	-36.180300
	0.049073	-180.062863	115.161951	-36.120600
	0.049083	-179.094973	115.161951	-36.120600
	0.049092	-179.855618	115.161951	-36.120600
	0.049101	-180.400702	115.161951	-36.120600
	0.049111	-180.004724	115.161951	-36.120600
	0.049120	-180.381367	115.161951	-36.120600
	0.049130	-179.830021	115.161951	-36.061000
	0.049139	-180.759096	115.161951	-36.120600
	0.049149	-181.126850	115.161951	-36.180300
	0.049158	-180.663306	115.161951	-36.180300
	0.049168	-179.447171	115.161951	-36.120600
	0.049177	-180.871077	115.161951	-36.061000
	0.049187	-179.959070	115.161951	-36.120600
	0.049196	-179.636982	115.161951	-36.120600
	0.049206	-180.332524	115.161951	-36.120600
	0.049215	-179.762390	115.161951	-36.120600
	0.049225	-180.048956	115.161951	-36.061000
	0.049234	-180.662094	115.161951	-36.061000
	0.049243	-179.907392	115.161951	-36.061000
	0.049253	-180.678480	115.161951	-36.061000
	0.049262	-180.050380	115.161951	-36.061000
	0.049272	-180.611711	115.161951	-36.001400
	0.049281	-181.069027	115.161951	-36.001400
	0.049291	-180.536298	115.161951	-36.061000
	0.049300	-180.384465	115.161951	-36.001400
	0.049310	-180.712986	115.161951	-36.001400
	0.049319	-179.901863	115.161951	-36.001400
	0.049329	-179.643733	115.161951	-36.001400
	0.049338	-180.790137	115.161951	-35.941800
	0.049348	-180.229152	115.161951	-35.941800
	0.049357	-180.784054	115.161951	-36.001400
	0.049367	-181.621427	115.161951	-36.001400
	0.049376	-180.435319	115.161951	-35.941800
	0.049386	-179.420891	115.161951	-35.941800
	0.049395	-179.349723	115.161951	-36.001400
	0.049404	-181.140206	115.161951	-36.001400
	0.049414	-181.204927	115.161951	-36.001400
	0.049423	-180.926694	115.161951	-35.941800
	0.049433	-180.756862	115.161951	-35.941800
	0.049442	-180.147552	115.161951	-36.001400
	0.049452	-180.181729	115.161951	-35.941800
	0.049461	-180.064732	115.161951	-35.941800
	0.049471	-179.631807	115.161951	-35.882200
	0.049480	-180.052347	115.161951	-35.941800
	0.049490	-180.711587	115.161951	-36.001400
	0.049499	-180.371700	115.161951	-35.941800
	0.049509	-180.211884	115.161951	-35.941800
	0.049518	-180.750777	115.161951	-35.941800
	0.049528	-179.939810	115.161951	-35.882200
	0.049537	-179.062092	115.161951	-35.941800
	0.049546	-180.093297	115.161951	-35.941800
	0.049556	-181.350761	115.161951	-35.941800
	0.049565	-180.567583	115.161951	-35.882200
	0.049575	-180.385760	115.161951	-35.941800
	0.049584	-179.304177	115.161951	-35.941800
	0.049594	-179.599051	115.161951	-35.941800
	0.049603	-180.339905	115.161951	-35.882200
	0.049613	-180.757624	115.161951	-35.882200
	0.049622	-180.685288	115.161951	-35.941800
	0.049632	-180.934603	115.161951	-36.001400
	0.049641	-180.111743	115.161951	-36.061000
	0.049651	-180.430890	115.161951	-36.001400
	0.049660	-181.583776	115.161951	-36.001400
	0.049670	-181.387524	115.161951	-36.001400
	0.049679	-180.028050	115.161951	-36.001400
	0.049689	-179.791974	115.161951	-36.001400
	0.049698	-179.486867	115.161951	-36.001400
	0.049707	-179.972078	115.161951	-36.001400
	0.049717	-179.707084	115.161951	-35.941800
	0.049726	-179.522413	115.161951	-36.001400
	0.049736	-179.764936	115.161951	-36.001400
	0.049745	-180.133814	115.161951	-36.061000
	0.049755	-181.126534	115.161951	-36.061000
	0.049764	-180.135887	115.161951	-36.001400
	0.049774	-180.126225	115.161951	-36.001400
	0.049783	-180.262306	115.161951	-36.001400
	0.049793	-179.898525	115.161951	-36.001400
	0.049802	-179.498852	115.161951	-36.001400
	0.049812	-179.566910	115.161951	-35.941800
	0.049821	-178.785916	115.161951	-35.941800
	0.049831	-179.752723	115.161951	-36.061000
	0.049840	-177.440533	115.161951	-36.061000
	0.049849	-178.586799	115.161951	-36.061000
	0.049859	-178.359524	115.161951	-36.001400
	0.049868	-179.019382	115.161951	-35.941800
	0.049878	-178.592103	115.161951	-35.941800
	0.049887	-178.312110	115.161951	-35.941800
	0.049897	-178.605207	115.161951	-35.941800
	0.049906	-179.061158	115.161951	-35.941800
	0.049916	-177.025989	115.161951	-35.941800
	0.049925	-178.695030	115.161951	-35.941800
	0.049935	-179.405066	115.161951	-36.001400
	0.049944	-179.264677	115.161951	-36.001400
	0.049954	-178.632979	115.161951	-36.001400
	0.049963	-179.483903	115.161951	-36.001400
	0.049973	-179.532184	115.161951	-35.941800
	0.049982	-180.271621	115.161951	-35.941800
	0.049991	-179.420959	115.161951	-35.941800
	0.050001	-179.097646	115.161951	-35.941800
	0.050010	-178.165910	115.161951	-35.941800
	0.050020	-179.167611	115.161951	-35.882200
	0.050029	-178.674352	115.161951	-35.882200
	0.050039	-179.466843	115.161951	-35.822600
	0.050048	-180.052336	115.161951	-35.822600
	0.050058	-178.470609	115.161951	-35.882200
	0.050067	-178.962625	115.161951	-35.941800
	0.050077	-179.193133	115.161951	-35.941800
	0.050086	-180.083094	115.161951	-36.001400
	0.050096	-179.582992	115.161951	-35.941800
	0.050105	-179.206772	115.161951	-36.001400
	0.050115	-180.108835	115.161951	-36.001400
	0.050124	-179.490382	115.161951	-35.941800
	0.050134	-178.792466	115.161951	-35.941800
	0.050143	-177.880110	115.161951	-36.001400
	0.050152	-179.073169	115.161951	-36.001400
	0.050162	-179.590914	115.161951	-35.941800
	0.050171	-179.048808	115.161951	-35.882200
	0.050181	-179.675702	115.161951	-35.882200
	0.050190	-178.963639	115.161951	-35.882200
	0.050200	-179.053431	115.161951	-35.882200
	0.050209	-179.269911	115.161951	-35.941800
	0.050219	-178.915030	115.161951	-36.001400
	0.050228	-179.524299	115.161951	-35.941800
	0.050238	-178.506981	115.161951	-35.941800
	0.050247	-177.764804	115.161951	-35.882200
	0.050257	-178.253309	115.161951	-35.882200
	0.050266	-178.886541	115.161951	-35.941800
	0.050276	-178.349855	115.161951	-35.882200
	0.050285	-179.094371	115.161951	-35.882200
	0.050294	-179.198189	115.161951	-35.882200
	0.050304	-179.480757	115.161951	-35.882200
	0.050313	-179.624480	115.161951	-35.822600
	0.050323	-178.765469	115.161951	-35.822600
	0.050332	-179.488695	115.161951	-35.703400
	0.050342	-178.191079	115.161951	-35.703400
	0.050351	-179.040558	115.161951	-35.643800
	0.050361	-179.161068	115.161951	-35.643800
	0.050370	-178.669678	115.161951	-35.643800
	0.050380	-178.801052	115.161951	-35.643800
	0.050389	-178.497464	115.161951	-35.703400
	0.050399	-179.052604	115.161951	-35.703400
	0.050408	-179.465569	115.161951	-35.703400
	0.050418	-179.610254	115.161951	-35.763000
	0.050427	-180.283160	115.161951	-35.703400
	0.050437	-180.430475	115.161951	-35.643800
	0.050446	-179.394513	115.161951	-35.584200
	0.050455	-179.872439	115.161951	-35.643800
	0.050465	-180.353665	115.161951	-35.584200
	0.050474	-180.742972	115.161951	-35.465000
	0.050484	-179.247032	115.161951	-35.405400
