	-0.071022	-1.599712	115.161951	80.466700
	-0.068270	-0.147762	115.161951	80.526300
	-0.065518	-0.416393	115.161951	80.347500
	-0.062767	-0.729588	115.161951	80.109100
	-0.060015	-0.929113	115.161951	79.870700
	-0.057264	-1.618440	115.161951	79.691900
	-0.054512	-0.894115	115.161951	79.453500
	-0.051760	-2.069473	115.161951	79.155400
	-0.049009	-1.664817	115.161951	78.857400
	-0.046257	-2.363773	115.161951	78.678600
	-0.043506	-1.842143	115.161951	78.380600
	-0.040754	-1.202969	115.161951	78.022900
	-0.038002	-2.821180	115.161951	77.724900
	-0.035251	-1.962182	115.161951	77.426900
	-0.032499	-2.101413	115.161951	77.069300
	-0.029748	-2.926757	115.161951	76.771200
	-0.026996	-2.605618	115.161951	76.413600
	-0.024245	-3.214728	115.161951	75.936800
	-0.021493	-3.053045	115.161951	75.519600
	-0.018741	-3.006236	115.161951	75.042700
	-0.015990	-4.198465	115.161951	74.506300
	-0.013238	-3.858452	115.161951	73.910200
	-0.010487	-4.029040	115.161951	73.195000
	-0.007735	-4.489344	115.161951	72.598900
	-0.004984	-5.014124	115.161951	71.883700
	-0.002232	-5.011429	115.161951	71.228000
	0.000520	-5.402333	115.161951	70.453200
	0.003271	-5.588545	115.161951	69.618700
	0.006023	-6.486058	115.161951	68.605400
	0.008774	-7.263265	115.161951	67.532500
	0.011526	-7.004257	115.161951	66.280800
	0.014278	-8.041416	115.161951	64.909900
	0.017029	-8.515126	115.161951	63.419800
	0.019781	-9.208403	115.161951	61.572100
	0.022532	-9.914164	115.161951	59.545300
	0.025284	-11.273225	115.161951	57.041900
	0.028036	-12.619230	115.161951	54.359700
	0.030787	-14.073764	115.161951	50.485400
	0.033539	-15.690620	115.161951	46.253400
	0.036290	-16.757079	115.161951	41.306300
	0.036290	-20.326153	115.161951	36.239900
	0.036300	-19.602378	115.161951	34.153700
	0.036309	-19.905049	115.161951	33.676900
	0.036319	-19.440513	115.161951	33.617300
	0.036328	-20.019789	115.161951	33.557600
	0.036338	-20.199258	115.161951	33.557600
	0.036347	-20.369132	115.161951	33.498000
	0.036357	-21.166830	115.161951	33.557600
	0.036366	-20.531153	115.161951	33.557600
	0.036376	-20.982807	115.161951	33.557600
	0.036385	-20.468730	115.161951	33.498000
	0.036394	-20.149931	115.161951	33.498000
	0.036404	-21.687122	115.161951	33.498000
	0.036413	-20.073532	115.161951	33.438400
	0.036423	-20.581381	115.161951	33.498000
	0.036432	-20.711348	115.161951	33.378800
	0.036442	-20.418755	115.161951	33.378800
	0.036451	-20.638336	115.161951	33.438400
	0.036461	-21.248877	115.161951	33.438400
	0.036470	-20.680218	115.161951	33.378800
	0.036480	-20.864430	115.161951	33.319200
	0.036489	-20.371285	115.161951	33.319200
	0.036499	-20.458165	115.161951	33.319200
	0.036508	-20.949678	115.161951	33.319200
	0.036518	-20.494096	115.161951	33.378800
	0.036527	-19.781015	115.161951	33.319200
	0.036537	-19.312651	115.161951	33.259600
	0.036546	-20.955179	115.161951	33.259600
	0.036555	-21.907319	115.161951	33.200000
	0.036565	-20.684478	115.161951	33.140400
	0.036574	-20.002371	115.161951	33.140400
	0.036584	-19.858511	115.161951	33.140400
	0.036593	-19.234769	115.161951	33.140400
	0.036603	-20.256675	115.161951	33.140400
	0.036612	-20.748121	115.161951	33.140400
	0.036622	-20.011478	115.161951	33.080800
	0.036631	-19.251627	115.161951	33.140400
	0.036641	-19.930100	115.161951	33.080800
	0.036650	-20.359555	115.161951	33.080800
	0.036660	-21.416557	115.161951	33.021200
	0.036669	-20.055608	115.161951	32.961600
	0.036679	-20.686302	115.161951	32.961600
	0.036688	-21.325771	115.161951	32.842400
	0.036697	-19.771032	115.161951	32.842400
	0.036707	-20.731231	115.161951	32.842400
	0.036716	-21.000205	115.161951	32.782800
	0.036726	-20.376165	115.161951	32.782800
	0.036735	-20.127045	115.161951	32.782800
	0.036745	-20.844097	115.161951	32.782800
	0.036754	-20.580078	115.161951	32.663600
	0.036764	-20.550935	115.161951	32.663600
	0.036773	-21.064492	115.161951	32.663600
	0.036783	-21.461730	115.161951	32.663600
	0.036792	-21.356338	115.161951	32.663600
	0.036802	-20.596037	115.161951	32.544400
	0.036811	-19.690961	115.161951	32.484800
	0.036821	-20.913503	115.161951	32.425200
	0.036830	-19.645309	115.161951	32.425200
	0.036840	-20.483728	115.161951	32.306000
	0.036849	-20.909486	115.161951	32.246300
	0.036858	-21.008236	115.161951	32.246300
	0.036868	-20.437698	115.161951	32.186700
	0.036877	-20.512182	115.161951	32.127100
	0.036887	-20.758238	115.161951	32.067500
	0.036896	-20.407349	115.161951	32.127100
	0.036906	-21.341734	115.161951	32.127100
	0.036915	-20.246100	115.161951	32.127100
	0.036925	-20.757162	115.161951	32.127100
	0.036934	-20.198454	115.161951	32.067500
	0.036944	-20.324499	115.161951	32.007900
	0.036953	-20.350188	115.161951	32.007900
	0.036963	-20.934289	115.161951	32.007900
	0.036972	-20.810277	115.161951	32.007900
	0.036982	-20.506472	115.161951	31.948300
	0.036991	-21.621442	115.161951	31.888700
	0.037000	-20.172302	115.161951	31.829100
	0.037010	-20.046740	115.161951	31.829100
	0.037019	-21.723498	115.161951	31.888700
	0.037029	-20.451190	115.161951	31.829100
	0.037038	-21.342659	115.161951	31.829100
	0.037048	-20.802548	115.161951	31.829100
	0.037057	-20.217973	115.161951	31.829100
	0.037067	-20.581677	115.161951	31.888700
	0.037076	-19.745413	115.161951	31.948300
	0.037086	-21.565954	115.161951	31.829100
	0.037095	-20.331910	115.161951	31.829100
	0.037105	-19.050929	115.161951	31.888700
	0.037114	-20.607364	115.161951	31.888700
	0.037124	-19.918223	115.161951	31.888700
	0.037133	-20.251176	115.161951	31.829100
	0.037143	-19.972241	115.161951	31.769500
	0.037152	-19.598040	115.161951	31.709900
	0.037161	-20.669477	115.161951	31.709900
	0.037171	-21.570673	115.161951	31.709900
	0.037180	-20.336919	115.161951	31.709900
	0.037190	-21.032416	115.161951	31.709900
	0.037199	-21.146145	115.161951	31.709900
	0.037209	-21.393535	115.161951	31.709900
	0.037218	-20.667086	115.161951	31.709900
	0.037228	-20.539678	115.161951	31.769500
	0.037237	-20.561974	115.161951	31.650300
	0.037247	-20.513012	115.161951	31.650300
	0.037256	-20.589174	115.161951	31.650300
	0.037266	-20.158486	115.161951	31.590700
	0.037275	-20.170965	115.161951	31.590700
	0.037285	-20.298783	115.161951	31.590700
	0.037294	-20.825950	115.161951	31.590700
	0.037303	-20.525314	115.161951	31.590700
	0.037313	-20.265722	115.161951	31.590700
	0.037322	-21.188821	115.161951	31.590700
	0.037332	-19.966575	115.161951	31.531100
	0.037341	-19.716121	115.161951	31.471500
	0.037351	-20.053019	115.161951	31.411900
	0.037360	-19.774418	115.161951	31.352300
	0.037370	-20.435424	115.161951	31.352300
	0.037379	-19.732793	115.161951	31.352300
	0.037389	-20.881260	115.161951	31.292700
	0.037398	-19.825947	115.161951	31.292700
	0.037408	-19.818084	115.161951	31.173500
	0.037417	-20.922930	115.161951	31.173500
	0.037427	-20.604475	115.161951	31.173500
	0.037436	-21.620212	115.161951	31.173500
	0.037446	-20.361215	115.161951	31.173500
	0.037455	-20.942061	115.161951	31.173500
	0.037464	-21.457162	115.161951	31.233100
	0.037474	-20.729126	115.161951	31.352300
	0.037483	-21.182986	115.161951	31.411900
	0.037493	-20.755599	115.161951	31.411900
	0.037502	-20.932378	115.161951	31.352300
	0.037512	-20.080762	115.161951	31.352300
	0.037521	-21.530013	115.161951	31.352300
	0.037531	-21.264544	115.161951	31.352300
	0.037540	-20.647955	115.161951	31.233100
	0.037550	-20.289214	115.161951	31.233100
	0.037559	-20.046159	115.161951	31.173500
	0.037569	-20.338162	115.161951	31.173500
	0.037578	-20.555476	115.161951	31.233100
	0.037588	-21.584653	115.161951	31.173500
	0.037597	-21.539848	115.161951	31.113900
	0.037606	-20.733690	115.161951	31.054300
	0.037616	-21.200160	115.161951	30.994600
	0.037625	-21.686599	115.161951	30.994600
	0.037635	-21.168229	115.161951	30.994600
	0.037644	-21.131951	115.161951	30.994600
	0.037654	-22.089565	115.161951	30.994600
	0.037663	-20.665794	115.161951	30.935000
	0.037673	-22.536909	115.161951	30.875400
	0.037682	-21.190898	115.161951	30.875400
	0.037692	-21.238776	115.161951	30.815800
	0.037701	-20.106505	115.161951	30.815800
	0.037711	-21.870666	115.161951	30.815800
	0.037720	-21.854507	115.161951	30.815800
	0.037730	-21.119333	115.161951	30.815800
	0.037739	-21.295695	115.161951	30.815800
	0.037748	-21.003638	115.161951	30.815800
	0.037758	-21.474520	115.161951	30.756200
	0.037767	-21.845973	115.161951	30.756200
	0.037777	-22.270607	115.161951	30.815800
	0.037786	-21.660281	115.161951	30.815800
	0.037796	-20.948675	115.161951	30.875400
	0.037805	-20.264872	115.161951	30.875400
	0.037815	-21.590063	115.161951	30.875400
	0.037824	-21.823067	115.161951	30.994600
	0.037834	-21.847824	115.161951	30.994600
	0.037843	-22.334432	115.161951	30.994600
	0.037853	-21.667019	115.161951	31.054300
	0.037862	-21.071853	115.161951	30.994600
	0.037872	-20.755802	115.161951	30.935000
	0.037881	-22.070036	115.161951	30.935000
	0.037891	-22.256561	115.161951	30.994600
	0.037900	-21.204064	115.161951	30.875400
	0.037909	-21.330005	115.161951	30.875400
	0.037919	-21.400057	115.161951	30.875400
	0.037928	-21.324442	115.161951	30.875400
	0.037938	-21.479948	115.161951	30.756200
	0.037947	-21.826015	115.161951	30.756200
	0.037957	-21.623242	115.161951	30.756200
	0.037966	-21.499503	115.161951	30.756200
	0.037976	-21.727482	115.161951	30.696600
	0.037985	-21.152245	115.161951	30.577400
	0.037995	-20.647510	115.161951	30.577400
	0.038004	-20.362876	115.161951	30.517800
	0.038014	-22.143574	115.161951	30.458100
	0.038023	-21.534795	115.161951	30.398500
	0.038033	-21.223388	115.161951	30.338900
	0.038042	-20.629523	115.161951	30.338900
	0.038051	-20.978715	115.161951	30.279300
	0.038061	-21.961998	115.161951	30.279300
	0.038070	-21.442889	115.161951	30.219700
	0.038080	-21.314679	115.161951	30.160100
	0.038089	-20.369123	115.161951	30.160100
	0.038099	-21.532915	115.161951	30.100500
	0.038108	-21.588714	115.161951	29.981300
	0.038118	-22.592480	115.161951	29.921600
	0.038127	-21.904857	115.161951	29.921600
	0.038137	-22.521767	115.161951	29.862000
	0.038146	-22.057271	115.161951	29.802400
	0.038156	-21.944197	115.161951	29.802400
	0.038165	-23.043714	115.161951	29.862000
	0.038175	-22.998124	115.161951	29.802400
	0.038184	-22.288502	115.161951	29.742800
	0.038194	-22.448559	115.161951	29.683200
	0.038203	-22.262450	115.161951	29.623600
	0.038212	-21.395163	115.161951	29.564000
	0.038222	-21.302724	115.161951	29.564000
	0.038231	-21.445323	115.161951	29.564000
	0.038241	-22.569469	115.161951	29.444800
	0.038250	-21.470324	115.161951	29.444800
	0.038260	-20.991626	115.161951	29.444800
	0.038269	-21.279445	115.161951	29.385200
	0.038279	-21.705326	115.161951	29.385200
	0.038288	-22.321143	115.161951	29.325600
	0.038298	-21.686742	115.161951	29.206400
	0.038307	-22.132021	115.161951	29.206400
	0.038317	-22.108906	115.161951	29.206400
	0.038326	-21.312465	115.161951	29.146800
	0.038336	-21.046459	115.161951	29.146800
	0.038345	-20.809275	115.161951	29.087200
	0.038354	-21.423109	115.161951	29.087200
	0.038364	-20.846348	115.161951	29.027600
	0.038373	-21.300482	115.161951	29.027600
	0.038383	-21.193218	115.161951	29.027600
	0.038392	-19.578423	115.161951	28.908400
	0.038402	-20.927473	115.161951	28.968000
	0.038411	-21.012351	115.161951	28.968000
	0.038421	-21.966113	115.161951	29.027600
	0.038430	-22.020012	115.161951	29.027600
	0.038440	-22.907377	115.161951	28.908400
	0.038449	-22.080773	115.161951	28.848800
	0.038459	-22.418926	115.161951	28.848800
	0.038468	-22.882362	115.161951	28.848800
	0.038478	-22.918436	115.161951	28.848800
	0.038487	-22.318006	115.161951	28.789200
	0.038497	-23.112504	115.161951	28.789200
	0.038506	-22.588158	115.161951	28.848800
	0.038515	-22.031086	115.161951	28.789200
	0.038525	-22.272980	115.161951	28.789200
	0.038534	-22.148842	115.161951	28.729600
	0.038544	-22.125723	115.161951	28.610300
	0.038553	-22.515317	115.161951	28.610300
	0.038563	-21.583263	115.161951	28.550700
	0.038572	-21.136336	115.161951	28.610300
	0.038582	-21.478381	115.161951	28.610300
	0.038591	-21.874388	115.161951	28.610300
	0.038601	-22.221034	115.161951	28.610300
	0.038610	-22.071982	115.161951	28.610300
	0.038620	-21.503828	115.161951	28.550700
	0.038629	-22.666803	115.161951	28.550700
	0.038639	-22.527242	115.161951	28.491100
	0.038648	-22.462106	115.161951	28.491100
	0.038657	-22.594098	115.161951	28.431500
	0.038667	-21.022001	115.161951	28.431500
	0.038676	-21.955103	115.161951	28.431500
	0.038686	-21.882625	115.161951	28.431500
	0.038695	-22.261027	115.161951	28.312300
	0.038705	-22.529695	115.161951	28.312300
	0.038714	-21.104488	115.161951	28.312300
	0.038724	-21.405707	115.161951	28.252700
	0.038733	-21.467444	115.161951	28.252700
	0.038743	-21.300817	115.161951	28.133500
	0.038752	-21.149750	115.161951	28.073900
	0.038762	-22.112397	115.161951	28.014300
	0.038771	-22.254006	115.161951	27.954700
	0.038781	-22.668708	115.161951	27.895100
	0.038790	-22.215820	115.161951	27.835500
	0.038800	-22.154099	115.161951	27.775900
	0.038809	-21.320811	115.161951	27.775900
	0.038818	-21.847218	115.161951	27.716300
	0.038828	-22.917246	115.161951	27.656700
	0.038837	-22.236661	115.161951	27.597100
	0.038847	-22.518148	115.161951	27.477900
	0.038856	-23.106417	115.161951	27.418300
	0.038866	-24.093033	115.161951	27.418300
	0.038875	-22.673458	115.161951	27.418300
	0.038885	-23.528122	115.161951	27.418300
	0.038894	-22.964027	115.161951	27.358600
	0.038904	-22.388376	115.161951	27.299000
	0.038913	-22.907389	115.161951	27.239400
	0.038923	-23.207042	115.161951	27.299000
	0.038932	-22.839605	115.161951	27.299000
	0.038942	-23.163344	115.161951	27.239400
	0.038951	-23.601965	115.161951	27.179800
	0.038960	-22.556144	115.161951	27.179800
	0.038970	-23.006608	115.161951	27.120200
	0.038979	-22.989338	115.161951	27.120200
	0.038989	-23.704936	115.161951	27.060600
	0.038998	-23.164636	115.161951	27.060600
	0.039008	-22.796967	115.161951	27.001000
	0.039017	-23.255011	115.161951	26.881800
	0.039027	-23.980126	115.161951	26.881800
	0.039036	-22.574521	115.161951	26.822200
	0.039046	-24.773771	115.161951	26.822200
	0.039055	-24.430869	115.161951	26.762600
	0.039065	-24.899474	115.161951	26.822200
	0.039074	-23.963646	115.161951	26.822200
	0.039084	-23.086571	115.161951	26.762600
	0.039093	-24.874843	115.161951	26.762600
	0.039103	-23.983971	115.161951	26.703000
	0.039112	-23.557831	115.161951	26.643400
	0.039121	-24.025869	115.161951	26.703000
	0.039131	-23.034758	115.161951	26.703000
	0.039140	-24.133123	115.161951	26.583800
	0.039150	-23.645460	115.161951	26.583800
	0.039159	-23.557026	115.161951	26.583800
	0.039169	-23.240283	115.161951	26.583800
	0.039178	-23.792340	115.161951	26.583800
	0.039188	-24.154936	115.161951	26.524200
	0.039197	-24.966796	115.161951	26.405000
	0.039207	-23.724751	115.161951	26.345400
	0.039216	-24.425538	115.161951	26.345400
	0.039226	-22.654959	115.161951	26.285800
	0.039235	-22.629272	115.161951	26.226200
	0.039245	-23.503982	115.161951	26.166600
	0.039254	-22.639576	115.161951	26.107000
	0.039263	-23.626577	115.161951	26.166600
	0.039273	-23.423879	115.161951	26.166600
	0.039282	-23.345014	115.161951	26.226200
	0.039292	-22.927338	115.161951	26.107000
	0.039301	-23.315691	115.161951	26.047300
	0.039311	-23.235914	115.161951	26.047300
	0.039320	-24.222639	115.161951	26.107000
	0.039330	-23.869909	115.161951	26.107000
	0.039339	-22.876624	115.161951	26.047300
	0.039349	-24.886105	115.161951	26.047300
	0.039358	-24.071709	115.161951	26.047300
	0.039368	-23.605357	115.161951	25.987700
	0.039377	-24.345902	115.161951	25.987700
	0.039387	-23.995168	115.161951	25.928100
	0.039396	-23.074228	115.161951	25.868500
	0.039406	-23.787884	115.161951	25.868500
	0.039415	-24.070302	115.161951	25.928100
	0.039424	-24.113278	115.161951	25.928100
	0.039434	-24.219118	115.161951	25.928100
	0.039443	-24.429800	115.161951	25.868500
	0.039453	-23.817579	115.161951	25.868500
	0.039462	-24.913738	115.161951	25.808900
	0.039472	-24.031970	115.161951	25.808900
	0.039481	-23.475697	115.161951	25.808900
	0.039491	-24.079138	115.161951	25.689700
	0.039500	-24.399264	115.161951	25.630100
	0.039510	-24.687560	115.161951	25.510900
	0.039519	-24.734394	115.161951	25.510900
	0.039529	-23.706203	115.161951	25.510900
	0.039538	-23.432706	115.161951	25.391700
	0.039548	-23.875469	115.161951	25.272500
	0.039557	-23.852084	115.161951	25.332100
	0.039566	-23.158695	115.161951	25.332100
	0.039576	-23.841422	115.161951	25.391700
	0.039585	-23.846373	115.161951	25.332100
	0.039595	-23.468416	115.161951	25.272500
	0.039604	-23.639717	115.161951	25.212900
	0.039614	-23.443348	115.161951	25.212900
	0.039623	-23.665250	115.161951	25.212900
	0.039633	-24.763434	115.161951	25.212900
	0.039642	-24.689978	115.161951	25.153300
	0.039652	-23.800436	115.161951	25.093700
	0.039661	-23.815024	115.161951	25.093700
	0.039671	-24.333695	115.161951	25.034100
	0.039680	-23.333811	115.161951	24.974500
	0.039690	-24.524071	115.161951	24.974500
	0.039699	-23.996136	115.161951	24.974500
	0.039709	-24.549817	115.161951	24.914900
	0.039718	-23.627839	115.161951	24.914900
	0.039727	-24.110315	115.161951	24.855300
	0.039737	-25.420433	115.161951	24.795600
	0.039746	-25.132024	115.161951	24.795600
	0.039756	-24.916854	115.161951	24.795600
	0.039765	-25.004695	115.161951	24.795600
	0.039775	-25.555036	115.161951	24.795600
	0.039784	-25.281601	115.161951	24.795600
	0.039794	-25.545431	115.161951	24.676400
	0.039803	-24.542995	115.161951	24.676400
	0.039813	-24.235546	115.161951	24.676400
	0.039822	-24.519754	115.161951	24.616800
	0.039832	-24.061999	115.161951	24.616800
	0.039841	-23.885005	115.161951	24.616800
	0.039851	-25.387417	115.161951	24.557200
	0.039860	-25.136596	115.161951	24.557200
	0.039869	-25.458542	115.161951	24.497600
	0.039879	-24.891033	115.161951	24.438000
	0.039888	-24.303028	115.161951	24.438000
	0.039898	-24.726720	115.161951	24.378400
	0.039907	-24.457032	115.161951	24.378400
	0.039917	-24.174219	115.161951	24.318800
	0.039926	-24.732363	115.161951	24.318800
	0.039936	-23.754241	115.161951	24.318800
	0.039945	-24.040566	115.161951	24.259200
	0.039955	-24.248582	115.161951	24.259200
	0.039964	-23.394237	115.161951	24.199600
	0.039974	-24.750751	115.161951	24.259200
	0.039983	-24.710699	115.161951	24.199600
	0.039993	-24.074305	115.161951	24.140000
	0.040002	-24.519865	115.161951	24.080400
	0.040012	-23.259864	115.161951	24.080400
	0.040021	-23.901217	115.161951	24.080400
	0.040030	-24.414242	115.161951	24.020800
	0.040040	-25.665755	115.161951	24.020800
	0.040049	-25.733828	115.161951	24.020800
	0.040059	-24.975386	115.161951	24.020800
	0.040068	-25.468388	115.161951	24.020800
	0.040078	-24.665842	115.161951	24.020800
	0.040087	-24.960051	115.161951	23.961200
	0.040097	-25.396803	115.161951	23.901600
	0.040106	-25.228939	115.161951	23.901600
	0.040116	-24.088331	115.161951	23.901600
	0.040125	-25.296496	115.161951	23.842000
	0.040135	-26.124836	115.161951	23.842000
	0.040144	-25.374992	115.161951	23.782400
	0.040154	-26.095462	115.161951	23.782400
	0.040163	-26.270067	115.161951	23.782400
	0.040172	-26.167878	115.161951	23.782400
	0.040182	-25.818585	115.161951	23.782400
	0.040191	-25.681138	115.161951	23.722800
	0.040201	-24.415915	115.161951	23.722800
	0.040210	-25.688101	115.161951	23.663200
	0.040220	-25.490960	115.161951	23.603600
	0.040229	-24.906371	115.161951	23.544000
	0.040239	-24.355189	115.161951	23.544000
	0.040248	-25.585207	115.161951	23.365100
	0.040258	-25.376221	115.161951	23.365100
	0.040267	-24.304461	115.161951	23.305500
	0.040277	-23.967361	115.161951	23.186300
	0.040286	-25.045038	115.161951	23.007500
	0.040296	-24.647623	115.161951	23.007500
	0.040305	-24.714421	115.161951	23.007500
	0.040315	-25.753350	115.161951	23.067100
	0.040324	-25.069082	115.161951	23.067100
	0.040333	-26.288353	115.161951	23.126700
	0.040343	-26.373848	115.161951	23.484300
	0.040352	-26.122120	115.161951	23.544000
	0.040362	-26.792119	115.161951	23.484300
	0.040371	-26.870236	115.161951	23.484300
	0.040381	-26.166980	115.161951	23.424700
	0.040390	-25.600132	115.161951	23.365100
	0.040400	-27.229179	115.161951	23.365100
	0.040409	-26.071800	115.161951	23.424700
	0.040419	-26.717843	115.161951	23.424700
	0.040428	-26.417775	115.161951	23.365100
	0.040438	-26.833258	115.161951	23.245900
	0.040447	-26.393526	115.161951	23.245900
	0.040457	-26.686584	115.161951	23.544000
	0.040466	-27.858844	115.161951	25.391700
	0.040475	-26.441023	115.161951	26.285800
	0.040485	-27.236987	115.161951	26.464600
	0.040494	-27.161004	115.161951	26.583800
	0.040504	-27.568967	115.161951	26.643400
	0.040513	-26.853898	115.161951	26.643400
	0.040523	-28.349590	115.161951	26.643400
	0.040532	-28.158590	115.161951	26.524200
	0.040542	-27.760816	115.161951	26.464600
	0.040551	-27.433449	115.161951	26.464600
	0.040561	-28.456463	115.161951	26.464600
	0.040570	-27.197173	115.161951	26.464600
	0.040580	-27.547658	115.161951	26.405000
	0.040589	-27.250678	115.161951	26.464600
	0.040599	-27.000902	115.161951	26.405000
	0.040608	-27.380003	115.161951	26.405000
	0.040618	-26.769779	115.161951	26.405000
	0.040627	-28.314789	115.161951	26.762600
	0.040636	-27.149401	115.161951	26.941400
	0.040646	-27.445068	115.161951	27.001000
	0.040655	-27.063504	115.161951	26.941400
	0.040665	-27.696833	115.161951	26.941400
	0.040674	-27.867520	115.161951	26.881800
	0.040684	-28.062571	115.161951	26.881800
	0.040693	-26.013124	115.161951	26.822200
	0.040703	-27.018496	115.161951	26.822200
	0.040712	-26.480430	115.161951	26.762600
	0.040722	-27.880627	115.161951	26.762600
	0.040731	-26.455238	115.161951	26.762600
	0.040741	-26.208003	115.161951	26.762600
	0.040750	-27.218197	115.161951	26.822200
	0.040760	-27.191554	115.161951	26.762600
	0.040769	-27.131391	115.161951	26.762600
	0.040778	-28.278624	115.161951	26.643400
	0.040788	-27.855361	115.161951	26.583800
	0.040797	-26.909226	115.161951	26.524200
	0.040807	-28.854146	115.161951	26.464600
	0.040816	-27.304291	115.161951	26.464600
	0.040826	-27.762667	115.161951	26.464600
	0.040835	-27.992778	115.161951	26.405000
	0.040845	-26.517688	115.161951	26.405000
	0.040854	-28.999875	115.161951	26.405000
	0.040864	-28.554766	115.161951	26.405000
	0.040873	-28.046848	115.161951	26.345400
	0.040883	-28.858634	115.161951	26.345400
	0.040892	-28.400942	115.161951	26.285800
	0.040902	-28.142187	115.161951	26.226200
	0.040911	-27.630129	115.161951	26.226200
	0.040921	-27.912954	115.161951	26.226200
	0.040930	-27.585012	115.161951	26.226200
	0.040939	-28.635810	115.161951	26.226200
	0.040949	-28.897451	115.161951	26.226200
	0.040958	-28.402197	115.161951	26.285800
	0.040968	-28.861373	115.161951	26.226200
	0.040977	-28.456693	115.161951	26.226200
	0.040987	-28.828815	115.161951	26.166600
	0.040996	-28.116649	115.161951	26.107000
	0.041006	-28.552756	115.161951	26.047300
	0.041015	-28.724225	115.161951	26.047300
	0.041025	-29.798812	115.161951	25.987700
	0.041034	-27.870960	115.161951	25.928100
	0.041044	-28.786319	115.161951	25.868500
	0.041053	-28.638314	115.161951	25.868500
	0.041063	-29.091794	115.161951	25.868500
	0.041072	-28.652351	115.161951	25.868500
	0.041081	-28.491281	115.161951	25.808900
	0.041091	-29.826811	115.161951	25.689700
	0.041100	-29.033599	115.161951	25.689700
	0.041110	-29.074727	115.161951	25.689700
	0.041119	-29.600327	115.161951	25.689700
	0.041129	-28.721619	115.161951	25.689700
	0.041138	-29.866004	115.161951	25.630100
	0.041148	-28.716466	115.161951	25.630100
	0.041157	-29.234302	115.161951	25.630100
	0.041167	-29.201965	115.161951	25.689700
	0.041176	-29.105200	115.161951	25.689700
	0.041186	-29.978631	115.161951	25.630100
	0.041195	-29.130408	115.161951	25.630100
	0.041205	-29.868460	115.161951	25.630100
	0.041214	-29.993611	115.161951	25.570500
	0.041224	-29.423971	115.161951	25.510900
	0.041233	-29.825502	115.161951	25.510900
	0.041242	-29.634942	115.161951	25.451300
	0.041252	-28.324274	115.161951	25.391700
	0.041261	-28.889540	115.161951	25.272500
	0.041271	-30.447150	115.161951	25.272500
	0.041280	-29.770681	115.161951	25.272500
	0.041290	-29.401543	115.161951	25.153300
	0.041299	-30.916898	115.161951	25.153300
	0.041309	-30.279128	115.161951	25.153300
	0.041318	-29.172145	115.161951	25.153300
	0.041328	-29.345387	115.161951	25.153300
	0.041337	-29.440204	115.161951	25.093700
	0.041347	-28.501982	115.161951	24.974500
	0.041356	-28.606153	115.161951	24.974500
	0.041366	-29.785620	115.161951	25.034100
	0.041375	-29.091898	115.161951	24.974500
	0.041384	-27.982901	115.161951	24.914900
	0.041394	-28.644793	115.161951	24.855300
	0.041403	-28.277146	115.161951	24.855300
	0.041413	-27.794481	115.161951	24.795600
	0.041422	-28.522666	115.161951	24.795600
	0.041432	-28.398632	115.161951	24.795600
	0.041441	-28.464869	115.161951	24.676400
	0.041451	-28.980749	115.161951	24.676400
	0.041460	-28.970971	115.161951	24.676400
	0.041470	-29.778990	115.161951	24.795600
	0.041479	-29.381572	115.161951	24.736000
	0.041489	-30.950883	115.161951	24.676400
	0.041498	-30.857665	115.161951	24.676400
	0.041508	-30.323467	115.161951	25.332100
	0.041517	-31.577916	115.161951	25.868500
	0.041527	-30.518551	115.161951	25.928100
	0.041536	-30.635097	115.161951	25.868500
	0.041545	-30.853831	115.161951	25.808900
	0.041555	-30.556705	115.161951	25.808900
	0.041564	-31.444951	115.161951	25.808900
	0.041574	-30.709871	115.161951	25.808900
	0.041583	-31.237123	115.161951	25.749300
	0.041593	-31.078838	115.161951	25.689700
	0.041602	-32.661681	115.161951	25.689700
	0.041612	-33.395740	115.161951	25.749300
	0.041621	-33.663322	115.161951	25.749300
	0.041631	-33.630805	115.161951	25.808900
	0.041640	-33.327140	115.161951	25.749300
	0.041650	-33.232758	115.161951	25.689700
	0.041659	-33.742772	115.161951	25.630100
	0.041669	-32.789661	115.161951	25.630100
	0.041678	-32.910766	115.161951	25.630100
	0.041687	-32.963926	115.161951	25.510900
	0.041697	-34.148650	115.161951	25.510900
	0.041706	-34.335285	115.161951	25.510900
	0.041716	-33.891804	115.161951	25.451300
	0.041725	-33.018977	115.161951	25.451300
	0.041735	-34.023960	115.161951	25.391700
	0.041744	-33.784847	115.161951	25.332100
	0.041754	-32.923368	115.161951	25.391700
	0.041763	-32.670795	115.161951	25.391700
	0.041773	-32.828713	115.161951	25.391700
	0.041782	-31.442225	115.161951	25.332100
	0.041792	-31.438522	115.161951	25.212900
	0.041801	-32.565728	115.161951	25.153300
	0.041811	-31.983499	115.161951	25.034100
	0.041820	-31.146111	115.161951	25.034100
	0.041829	-31.836358	115.161951	24.914900
	0.041839	-32.057195	115.161951	24.855300
	0.041848	-32.678397	115.161951	24.855300
	0.041858	-32.165517	115.161951	24.795600
	0.041867	-32.916694	115.161951	24.795600
	0.041877	-32.957203	115.161951	24.795600
	0.041886	-32.299193	115.161951	24.676400
	0.041896	-33.306892	115.161951	24.676400
	0.041905	-33.883767	115.161951	24.795600
	0.041915	-33.832096	115.161951	24.855300
	0.041924	-34.565926	115.161951	24.855300
	0.041934	-34.679379	115.161951	24.855300
	0.041943	-34.981857	115.161951	24.855300
	0.041953	-34.853495	115.161951	24.795600
	0.041962	-34.002229	115.161951	24.736000
	0.041972	-35.654061	115.161951	24.676400
	0.041981	-34.393209	115.161951	24.676400
	0.041990	-35.252383	115.161951	24.676400
	0.042000	-34.586148	115.161951	24.616800
	0.042009	-33.916369	115.161951	24.616800
	0.042019	-34.042356	115.161951	24.616800
	0.042028	-34.508295	115.161951	24.676400
	0.042038	-35.176278	115.161951	24.676400
	0.042047	-34.106252	115.161951	24.616800
	0.042057	-34.200631	115.161951	24.557200
	0.042066	-34.555789	115.161951	24.616800
	0.042076	-34.126193	115.161951	24.616800
	0.042085	-34.795648	115.161951	24.497600
	0.042095	-35.152038	115.161951	24.497600
	0.042104	-35.328950	115.161951	24.497600
	0.042114	-35.521380	115.161951	24.497600
	0.042123	-35.616561	115.161951	24.497600
	0.042132	-35.604530	115.161951	24.557200
	0.042142	-34.182435	115.161951	24.557200
	0.042151	-35.690006	115.161951	24.557200
	0.042161	-35.562336	115.161951	24.557200
	0.042170	-35.524356	115.161951	24.497600
	0.042180	-35.935909	115.161951	24.497600
	0.042189	-36.084572	115.161951	24.497600
	0.042199	-36.423440	115.161951	24.497600
	0.042208	-35.728464	115.161951	24.497600
	0.042218	-36.184459	115.161951	24.497600
	0.042227	-36.865414	115.161951	24.616800
	0.042237	-38.436327	115.161951	25.153300
	0.042246	-38.454872	115.161951	25.391700
	0.042256	-37.818115	115.161951	25.391700
	0.042265	-37.374857	115.161951	25.391700
	0.042275	-38.881166	115.161951	25.391700
	0.042284	-38.178796	115.161951	25.391700
	0.042293	-38.015599	115.161951	25.272500
	0.042303	-37.699737	115.161951	25.272500
	0.042312	-37.240576	115.161951	25.272500
	0.042322	-37.816316	115.161951	25.272500
	0.042331	-38.970583	115.161951	25.272500
	0.042341	-39.557787	115.161951	25.272500
	0.042350	-39.030011	115.161951	25.212900
	0.042360	-39.405444	115.161951	25.212900
	0.042369	-39.563583	115.161951	25.153300
	0.042379	-40.153089	115.161951	25.093700
	0.042388	-39.561988	115.161951	24.974500
	0.042398	-40.310631	115.161951	24.914900
	0.042407	-40.784639	115.161951	24.914900
	0.042417	-39.918451	115.161951	24.914900
	0.042426	-40.521138	115.161951	25.034100
	0.042435	-42.423447	115.161951	25.749300
	0.042445	-41.192446	115.161951	26.047300
	0.042454	-42.233278	115.161951	26.107000
	0.042464	-42.042805	115.161951	26.166600
	0.042473	-41.798194	115.161951	26.226200
	0.042483	-42.988240	115.161951	26.047300
	0.042492	-43.680814	115.161951	25.808900
	0.042502	-42.757158	115.161951	25.689700
	0.042511	-42.886826	115.161951	25.630100
	0.042521	-44.613167	115.161951	25.749300
	0.042530	-43.465589	115.161951	26.107000
	0.042540	-51.300219	115.161951	27.835500
	0.042549	-51.679292	115.161951	29.385200
	0.042559	-51.741208	115.161951	29.862000
	0.042568	-53.235373	115.161951	29.921600
	0.042578	-52.279959	115.161951	29.862000
	0.042587	-53.982508	115.161951	29.921600
	0.042596	-55.000093	115.161951	30.338900
	0.042606	-55.090875	115.161951	30.637000
	0.042615	-55.799472	115.161951	30.756200
	0.042625	-56.020278	115.161951	30.756200
	0.042634	-55.234438	115.161951	30.756200
	0.042644	-55.604340	115.161951	30.696600
	0.042653	-54.854012	115.161951	30.756200
	0.042663	-55.738139	115.161951	30.756200
	0.042672	-55.194425	115.161951	30.756200
	0.042682	-55.357442	115.161951	30.756200
	0.042691	-55.718920	115.161951	30.756200
	0.042701	-54.853828	115.161951	30.756200
	0.042710	-57.855942	115.161951	31.829100
	0.042720	-58.581237	115.161951	32.484800
	0.042729	-57.113559	115.161951	32.663600
	0.042738	-57.980788	115.161951	32.663600
	0.042748	-57.412582	115.161951	32.663600
	0.042757	-58.041159	115.161951	32.663600
	0.042767	-57.994308	115.161951	32.723200
	0.042776	-57.505087	115.161951	32.782800
	0.042786	-56.786857	115.161951	32.723200
	0.042795	-57.129611	115.161951	32.723200
	0.042805	-57.550704	115.161951	32.723200
	0.042814	-57.416610	115.161951	32.782800
	0.042824	-57.885650	115.161951	32.723200
	0.042833	-57.578449	115.161951	32.723200
	0.042843	-57.515373	115.161951	32.723200
	0.042852	-57.978157	115.161951	32.723200
	0.042862	-58.352113	115.161951	32.782800
	0.042871	-57.998319	115.161951	32.842400
	0.042881	-59.734296	115.161951	32.782800
	0.042890	-59.059002	115.161951	32.723200
	0.042899	-59.528289	115.161951	32.723200
	0.042909	-59.406460	115.161951	32.723200
	0.042918	-60.318871	115.161951	32.723200
	0.042928	-58.384439	115.161951	32.723200
	0.042937	-59.303801	115.161951	32.723200
	0.042947	-59.684003	115.161951	32.782800
	0.042956	-59.504792	115.161951	32.723200
	0.042966	-60.258333	115.161951	32.663600
	0.042975	-59.621126	115.161951	32.663600
	0.042985	-59.512039	115.161951	32.663600
	0.042994	-60.705869	115.161951	32.604000
	0.043004	-60.105152	115.161951	32.604000
	0.043013	-57.903225	115.161951	32.604000
	0.043023	-59.026846	115.161951	32.544400
	0.043032	-58.727427	115.161951	32.544400
	0.043041	-58.203541	115.161951	32.544400
	0.043051	-59.282903	115.161951	32.544400
	0.043060	-58.892343	115.161951	32.544400
	0.043070	-59.432163	115.161951	32.544400
	0.043079	-59.330307	115.161951	32.544400
	0.043089	-59.612645	115.161951	32.484800
	0.043098	-58.994476	115.161951	32.425200
	0.043108	-59.896886	115.161951	32.484800
	0.043117	-58.771135	115.161951	32.544400
	0.043127	-59.124022	115.161951	32.544400
	0.043136	-59.752370	115.161951	32.425200
	0.043146	-60.351530	115.161951	32.306000
	0.043155	-60.539786	115.161951	32.246300
	0.043165	-59.026765	115.161951	32.186700
	0.043174	-58.703560	115.161951	32.246300
	0.043184	-59.667935	115.161951	32.246300
	0.043193	-60.213092	115.161951	32.306000
	0.043202	-60.271380	115.161951	32.306000
	0.043212	-61.461329	115.161951	32.306000
	0.043221	-60.572483	115.161951	32.306000
	0.043231	-61.026322	115.161951	32.365600
	0.043240	-60.411247	115.161951	32.306000
	0.043250	-61.394569	115.161951	32.306000
	0.043259	-61.481757	115.161951	32.425200
	0.043269	-61.372698	115.161951	32.544400
	0.043278	-61.764612	115.161951	32.544400
	0.043288	-60.845878	115.161951	32.484800
	0.043297	-60.427790	115.161951	32.425200
	0.043307	-61.498622	115.161951	32.306000
	0.043316	-61.231250	115.161951	32.306000
	0.043326	-60.486541	115.161951	32.306000
	0.043335	-60.871810	115.161951	32.306000
	0.043344	-61.137692	115.161951	32.365600
	0.043354	-60.387199	115.161951	32.365600
	0.043363	-60.777426	115.161951	32.365600
	0.043373	-59.978546	115.161951	32.365600
	0.043382	-60.299302	115.161951	32.365600
	0.043392	-61.667238	115.161951	32.306000
	0.043401	-60.135484	115.161951	32.246300
	0.043411	-61.689161	115.161951	32.127100
	0.043420	-60.852581	115.161951	32.127100
	0.043430	-61.004629	115.161951	32.127100
	0.043439	-61.260929	115.161951	32.067500
	0.043449	-61.282501	115.161951	32.127100
	0.043458	-61.295022	115.161951	32.127100
	0.043468	-61.672661	115.161951	32.127100
	0.043477	-60.083371	115.161951	32.067500
	0.043487	-61.393772	115.161951	32.007900
	0.043496	-62.269038	115.161951	32.007900
	0.043505	-61.488792	115.161951	32.007900
	0.043515	-61.462760	115.161951	32.067500
	0.043524	-60.934279	115.161951	32.007900
	0.043534	-62.008535	115.161951	32.007900
	0.043543	-60.817618	115.161951	32.007900
	0.043553	-61.066338	115.161951	31.948300
	0.043562	-60.986999	115.161951	31.888700
	0.043572	-61.430776	115.161951	31.888700
	0.043581	-61.297489	115.161951	31.829100
	0.043591	-61.502042	115.161951	31.709900
	0.043600	-62.716453	115.161951	32.186700
	0.043610	-61.986288	115.161951	32.484800
	0.043619	-62.615651	115.161951	32.544400
	0.043629	-62.372256	115.161951	32.604000
	0.043638	-63.196189	115.161951	32.663600
	0.043647	-63.108126	115.161951	32.663600
	0.043657	-63.492650	115.161951	32.663600
	0.043666	-63.781143	115.161951	32.663600
	0.043676	-66.291675	115.161951	33.021200
	0.043685	-69.406939	115.161951	34.213300
	0.043695	-70.140660	115.161951	34.809300
	0.043704	-69.962949	115.161951	34.928600
	0.043714	-70.767911	115.161951	34.928600
	0.043723	-70.256544	115.161951	34.928600
	0.043733	-69.436717	115.161951	34.988200
	0.043742	-71.443829	115.161951	34.988200
	0.043752	-70.571800	115.161951	34.988200
	0.043761	-70.228937	115.161951	34.988200
	0.043771	-71.125205	115.161951	35.047800
	0.043780	-71.284118	115.161951	35.047800
	0.043790	-71.337117	115.161951	34.988200
	0.043799	-70.486716	115.161951	34.988200
	0.043808	-71.158805	115.161951	34.988200
	0.043818	-70.741907	115.161951	34.928600
	0.043827	-70.414409	115.161951	34.928600
	0.043837	-70.459938	115.161951	34.928600
	0.043846	-70.361945	115.161951	34.928600
	0.043856	-71.086979	115.161951	34.928600
	0.043865	-71.072338	115.161951	34.928600
	0.043875	-70.960879	115.161951	34.869000
	0.043884	-70.499654	115.161951	34.928600
	0.043894	-70.701302	115.161951	34.928600
	0.043903	-70.840458	115.161951	34.928600
	0.043913	-69.460569	115.161951	34.869000
	0.043922	-70.313974	115.161951	34.869000
	0.043932	-70.048783	115.161951	34.869000
	0.043941	-70.547666	115.161951	34.809300
	0.043950	-69.945806	115.161951	34.869000
	0.043960	-69.150348	115.161951	34.928600
	0.043969	-70.114438	115.161951	34.869000
	0.043979	-70.306505	115.161951	34.809300
	0.043988	-69.521962	115.161951	34.988200
	0.043998	-72.415330	115.161951	36.776300
	0.044007	-72.444022	115.161951	38.028000
	0.044017	-72.207079	115.161951	38.266400
	0.044026	-72.973576	115.161951	38.266400
	0.044036	-73.485681	115.161951	38.206800
	0.044045	-72.915820	115.161951	38.206800
	0.044055	-72.874329	115.161951	38.326000
	0.044064	-79.609820	115.161951	40.769800
	0.044074	-81.424170	115.161951	42.915600
	0.044083	-80.659831	115.161951	43.332800
	0.044093	-80.790948	115.161951	43.392400
	0.044102	-81.015890	115.161951	43.452000
	0.044111	-81.355246	115.161951	43.452000
	0.044121	-81.340276	115.161951	43.392400
	0.044130	-80.401097	115.161951	43.452000
	0.044140	-81.583075	115.161951	43.452000
	0.044149	-80.274630	115.161951	43.452000
	0.044159	-80.742947	115.161951	43.511600
	0.044168	-81.139731	115.161951	43.511600
	0.044178	-80.434590	115.161951	43.452000
	0.044187	-80.462278	115.161951	43.452000
	0.044197	-80.655070	115.161951	43.452000
	0.044206	-79.322354	115.161951	43.452000
	0.044216	-81.527967	115.161951	43.452000
	0.044225	-80.373386	115.161951	43.452000
	0.044235	-81.011247	115.161951	43.452000
	0.044244	-81.854739	115.161951	43.452000
	0.044253	-81.194696	115.161951	43.452000
	0.044263	-80.645667	115.161951	43.392400
	0.044272	-81.132499	115.161951	43.392400
	0.044282	-81.509231	115.161951	43.392400
	0.044291	-81.543886	115.161951	43.392400
	0.044301	-82.710520	115.161951	43.392400
	0.044310	-81.428298	115.161951	43.392400
	0.044320	-81.996415	115.161951	43.332800
	0.044329	-81.641881	115.161951	43.273200
	0.044339	-82.335689	115.161951	43.213600
	0.044348	-82.418034	115.161951	43.213600
	0.044358	-82.849818	115.161951	43.154000
	0.044367	-82.460273	115.161951	43.154000
	0.044377	-81.181855	115.161951	43.154000
	0.044386	-82.079069	115.161951	43.094400
	0.044396	-82.412399	115.161951	43.094400
	0.044405	-81.813634	115.161951	43.094400
	0.044414	-82.777059	115.161951	43.154000
	0.044424	-82.409391	115.161951	43.273200
	0.044433	-83.355628	115.161951	43.511600
	0.044443	-85.446968	115.161951	44.286500
	0.044452	-84.640150	115.161951	44.703700
	0.044462	-85.779489	115.161951	44.763300
	0.044471	-84.880540	115.161951	44.763300
	0.044481	-85.428140	115.161951	44.703700
	0.044490	-84.673790	115.161951	44.644100
	0.044500	-84.270059	115.161951	44.644100
	0.044509	-89.154755	115.161951	44.942100
	0.044519	-91.384558	115.161951	45.717000
	0.044528	-90.791779	115.161951	46.193800
	0.044538	-91.556417	115.161951	46.253400
	0.044547	-93.510929	115.161951	46.551500
	0.044556	-93.492887	115.161951	46.611100
	0.044566	-94.528467	115.161951	46.909100
	0.044575	-95.721721	115.161951	47.087900
	0.044585	-94.446118	115.161951	47.087900
	0.044594	-94.523677	115.161951	47.087900
	0.044604	-94.853312	115.161951	47.087900
	0.044613	-95.104250	115.161951	47.147500
	0.044623	-94.801244	115.161951	47.087900
	0.044632	-94.346521	115.161951	47.087900
	0.044642	-94.234873	115.161951	47.087900
	0.044651	-94.401550	115.161951	47.087900
	0.044661	-94.801135	115.161951	47.028300
	0.044670	-95.159686	115.161951	47.028300
	0.044680	-95.540838	115.161951	47.028300
	0.044689	-95.144230	115.161951	47.028300
	0.044699	-94.904332	115.161951	47.147500
	0.044708	-92.515108	115.161951	47.207100
	0.044717	-94.371818	115.161951	47.326300
	0.044727	-93.936182	115.161951	47.326300
	0.044736	-94.262047	115.161951	47.266700
	0.044746	-94.126653	115.161951	47.266700
	0.044755	-94.417895	115.161951	47.326300
	0.044765	-94.913712	115.161951	47.266700
	0.044774	-94.439078	115.161951	47.266700
	0.044784	-94.050883	115.161951	47.326300
	0.044793	-94.013966	115.161951	47.385900
	0.044803	-94.858718	115.161951	47.385900
	0.044812	-93.147184	115.161951	47.326300
	0.044822	-94.071882	115.161951	47.326300
	0.044831	-93.583029	115.161951	47.326300
	0.044841	-94.350538	115.161951	47.385900
	0.044850	-93.538800	115.161951	47.385900
	0.044859	-93.825268	115.161951	47.385900
	0.044869	-94.745239	115.161951	47.445500
	0.044878	-95.738947	115.161951	47.445500
	0.044888	-95.353422	115.161951	47.445500
	0.044897	-94.252107	115.161951	47.445500
	0.044907	-95.643509	115.161951	47.445500
	0.044916	-94.796570	115.161951	47.505100
	0.044926	-95.042574	115.161951	47.505100
	0.044935	-95.636641	115.161951	47.445500
	0.044945	-94.615558	115.161951	47.385900
	0.044954	-94.342663	115.161951	47.445500
	0.044964	-94.988758	115.161951	47.505100
	0.044973	-94.581220	115.161951	47.624300
	0.044983	-94.840096	115.161951	47.743600
	0.044992	-94.335689	115.161951	47.743600
	0.045002	-95.314481	115.161951	47.624300
	0.045011	-94.505893	115.161951	47.624300
	0.045020	-95.074713	115.161951	47.624300
	0.045030	-97.023648	115.161951	47.982000
	0.045039	-101.871529	115.161951	48.995300
	0.045049	-100.617110	115.161951	49.591300
	0.045058	-101.285882	115.161951	49.710500
	0.045068	-100.659416	115.161951	49.710500
	0.045077	-101.286802	115.161951	49.650900
	0.045087	-101.402753	115.161951	49.710500
	0.045096	-102.120617	115.161951	49.710500
	0.045106	-102.311951	115.161951	49.710500
	0.045115	-102.054529	115.161951	49.650900
	0.045125	-101.904118	115.161951	49.650900
	0.045134	-101.977210	115.161951	49.650900
	0.045144	-100.928961	115.161951	49.650900
	0.045153	-101.649564	115.161951	49.650900
	0.045162	-102.483287	115.161951	49.650900
	0.045172	-102.524553	115.161951	49.650900
	0.045181	-102.087334	115.161951	49.650900
	0.045191	-102.109989	115.161951	49.650900
	0.045200	-101.369048	115.161951	49.710500
	0.045210	-101.747333	115.161951	49.650900
	0.045219	-102.909258	115.161951	49.650900
	0.045229	-102.577345	115.161951	49.591300
	0.045238	-101.778374	115.161951	49.591300
	0.045248	-102.397488	115.161951	49.591300
	0.045257	-101.029141	115.161951	49.472100
	0.045267	-101.808140	115.161951	49.531700
	0.045276	-101.124163	115.161951	49.531700
	0.045286	-101.884907	115.161951	49.531700
	0.045295	-102.105355	115.161951	49.472100
	0.045305	-101.959898	115.161951	49.472100
	0.045314	-101.290086	115.161951	49.591300
	0.045323	-101.074380	115.161951	49.591300
	0.045333	-101.854457	115.161951	49.472100
	0.045342	-101.990790	115.161951	49.472100
	0.045352	-100.861726	115.161951	49.531700
	0.045361	-102.073452	115.161951	49.531700
	0.045371	-101.587895	115.161951	49.591300
	0.045380	-106.691045	115.161951	49.829700
	0.045390	-122.735462	115.161951	53.406000
	0.045399	-122.864152	115.161951	55.671000
	0.045409	-122.715311	115.161951	56.267000
	0.045418	-122.370544	115.161951	56.326600
	0.045428	-123.856118	115.161951	56.386200
	0.045437	-123.882151	115.161951	56.326600
	0.045447	-124.693446	115.161951	56.326600
	0.045456	-124.325708	115.161951	56.147800
	0.045465	-124.599689	115.161951	55.790200
	0.045475	-124.137320	115.161951	55.611400
	0.045484	-124.349082	115.161951	55.611400
	0.045494	-123.986150	115.161951	55.611400
	0.045503	-124.729861	115.161951	55.611400
	0.045513	-123.260117	115.161951	55.611400
	0.045522	-124.454165	115.161951	55.611400
	0.045532	-123.980130	115.161951	55.611400
	0.045541	-124.532635	115.161951	55.611400
	0.045551	-124.186285	115.161951	55.611400
	0.045560	-124.306526	115.161951	55.611400
	0.045570	-124.483055	115.161951	55.611400
	0.045579	-124.507326	115.161951	55.671000
	0.045589	-124.408085	115.161951	55.611400
	0.045598	-124.491342	115.161951	55.611400
	0.045608	-123.452564	115.161951	55.611400
	0.045617	-125.667281	115.161951	55.671000
	0.045626	-123.983680	115.161951	55.671000
	0.045636	-124.453584	115.161951	55.671000
	0.045645	-124.274124	115.161951	55.671000
	0.045655	-124.264476	115.161951	55.671000
	0.045664	-124.726575	115.161951	55.790200
	0.045674	-124.240289	115.161951	55.730600
	0.045683	-124.247372	115.161951	55.671000
	0.045693	-123.951498	115.161951	55.671000
	0.045702	-124.690342	115.161951	55.730600
	0.045712	-123.515223	115.161951	55.790200
	0.045721	-124.293946	115.161951	55.790200
	0.045731	-123.835528	115.161951	55.790200
	0.045740	-124.346729	115.161951	55.790200
	0.045750	-124.397710	115.161951	55.790200
	0.045759	-124.409746	115.161951	55.849800
	0.045768	-124.171982	115.161951	55.790200
	0.045778	-124.509044	115.161951	55.790200
	0.045787	-124.465122	115.161951	55.849800
	0.045797	-124.661271	115.161951	55.849800
	0.045806	-124.901194	115.161951	55.849800
	0.045816	-124.588712	115.161951	55.849800
	0.045825	-126.178569	115.161951	55.849800
	0.045835	-125.733691	115.161951	55.849800
	0.045844	-125.235932	115.161951	55.849800
	0.045854	-124.871862	115.161951	55.909400
	0.045863	-125.474442	115.161951	55.969000
	0.045873	-125.665328	115.161951	55.969000
	0.045882	-124.730489	115.161951	55.969000
	0.045892	-125.354436	115.161951	55.969000
	0.045901	-124.567014	115.161951	56.028600
	0.045910	-124.558394	115.161951	56.028600
	0.045920	-124.276621	115.161951	56.028600
	0.045929	-124.521802	115.161951	56.028600
	0.045939	-124.891419	115.161951	55.969000
	0.045948	-125.054799	115.161951	55.909400
	0.045958	-126.192560	115.161951	55.969000
	0.045967	-124.841664	115.161951	55.909400
	0.045977	-124.844009	115.161951	55.909400
	0.045986	-126.141422	115.161951	56.028600
	0.045996	-138.587958	115.161951	59.604900
	0.046005	-145.738430	115.161951	63.002600
	0.046015	-146.211760	115.161951	63.717800
	0.046024	-145.544828	115.161951	63.777400
	0.046034	-146.141112	115.161951	63.777400
	0.046043	-146.797169	115.161951	63.777400
	0.046053	-146.306369	115.161951	63.777400
	0.046062	-145.459741	115.161951	63.777400
	0.046071	-145.757733	115.161951	63.717800
	0.046081	-147.038622	115.161951	63.777400
	0.046090	-146.556634	115.161951	63.956200
	0.046100	-146.135594	115.161951	63.956200
	0.046109	-146.875176	115.161951	63.896600
	0.046119	-146.918271	115.161951	63.837000
	0.046128	-145.954918	115.161951	63.837000
	0.046138	-145.473927	115.161951	63.896600
	0.046147	-145.255295	115.161951	63.956200
	0.046157	-146.851991	115.161951	63.956200
	0.046166	-147.589492	115.161951	64.015900
	0.046176	-149.195797	115.161951	64.909900
	0.046185	-154.837384	115.161951	66.340400
	0.046195	-154.262871	115.161951	66.876900
	0.046204	-151.930023	115.161951	66.876900
	0.046213	-153.141126	115.161951	66.876900
	0.046223	-152.904593	115.161951	66.876900
	0.046232	-152.704290	115.161951	66.996100
	0.046242	-153.355535	115.161951	67.055700
	0.046251	-153.656488	115.161951	66.996100
	0.046261	-153.947530	115.161951	66.996100
	0.046270	-153.779229	115.161951	66.996100
	0.046280	-154.479544	115.161951	66.996100
	0.046289	-154.115058	115.161951	66.996100
	0.046299	-153.231350	115.161951	67.055700
	0.046308	-154.314620	115.161951	67.055700
	0.046318	-153.984286	115.161951	67.055700
	0.046327	-155.248316	115.161951	67.055700
	0.046337	-154.603900	115.161951	67.115300
	0.046346	-153.916230	115.161951	67.055700
	0.046356	-153.598926	115.161951	67.055700
	0.046365	-153.677185	115.161951	67.055700
	0.046374	-153.962420	115.161951	67.055700
	0.046384	-153.946771	115.161951	67.055700
	0.046393	-154.377539	115.161951	67.055700
	0.046403	-154.812460	115.161951	67.055700
	0.046412	-153.489608	115.161951	66.996100
	0.046422	-153.183759	115.161951	66.996100
	0.046431	-153.466740	115.161951	66.996100
	0.046441	-158.691071	115.161951	68.069000
	0.046450	-164.197914	115.161951	69.380300
	0.046460	-164.109290	115.161951	69.737900
	0.046469	-163.970312	115.161951	69.797500
	0.046479	-163.522446	115.161951	69.737900
	0.046488	-163.718151	115.161951	69.737900
	0.046498	-163.436612	115.161951	69.678300
	0.046507	-163.398589	115.161951	69.678300
	0.046516	-163.415460	115.161951	69.737900
	0.046526	-164.283200	115.161951	69.737900
	0.046535	-163.284036	115.161951	69.737900
	0.046545	-164.710005	115.161951	69.678300
	0.046554	-163.659853	115.161951	69.737900
	0.046564	-164.388726	115.161951	69.737900
	0.046573	-165.088334	115.161951	69.678300
	0.046583	-164.637052	115.161951	69.678300
	0.046592	-164.550193	115.161951	69.618700
	0.046602	-164.491780	115.161951	69.618700
	0.046611	-166.139501	115.161951	69.678300
	0.046621	-165.018872	115.161951	69.678300
	0.046630	-164.291691	115.161951	69.618700
	0.046640	-164.025681	115.161951	69.618700
	0.046649	-164.786220	115.161951	69.618700
	0.046659	-164.495008	115.161951	69.559100
	0.046668	-165.806561	115.161951	69.559100
	0.046677	-165.809137	115.161951	69.559100
	0.046687	-166.011696	115.161951	69.618700
	0.046696	-166.317296	115.161951	69.618700
	0.046706	-166.031417	115.161951	69.678300
	0.046715	-167.276329	115.161951	69.678300
	0.046725	-166.120110	115.161951	69.618700
	0.046734	-166.939587	115.161951	69.678300
	0.046744	-167.163117	115.161951	69.737900
	0.046753	-166.845956	115.161951	69.737900
	0.046763	-166.183614	115.161951	69.737900
	0.046772	-166.909860	115.161951	69.737900
	0.046782	-166.233973	115.161951	69.797500
	0.046791	-166.786638	115.161951	69.857100
	0.046801	-165.796294	115.161951	69.797500
	0.046810	-166.995193	115.161951	69.857100
	0.046819	-166.320355	115.161951	69.857100
	0.046829	-166.679090	115.161951	69.857100
	0.046838	-168.193946	115.161951	69.797500
	0.046848	-167.547672	115.161951	69.737900
	0.046857	-167.565696	115.161951	69.797500
	0.046867	-166.347069	115.161951	69.737900
	0.046876	-166.420967	115.161951	69.737900
	0.046886	-165.927187	115.161951	69.737900
	0.046895	-166.631349	115.161951	69.857100
	0.046905	-166.282333	115.161951	69.857100
	0.046914	-167.391446	115.161951	69.797500
	0.046924	-167.663861	115.161951	69.737900
	0.046933	-167.400992	115.161951	69.857100
	0.046943	-166.384704	115.161951	69.857100
	0.046952	-166.709834	115.161951	69.857100
	0.046962	-166.572123	115.161951	69.857100
	0.046971	-167.208383	115.161951	69.857100
	0.046980	-166.338368	115.161951	69.916700
	0.046990	-165.710851	115.161951	69.916700
	0.046999	-166.539507	115.161951	69.916700
	0.047009	-166.252056	115.161951	69.916700
	0.047018	-166.832800	115.161951	70.155100
	0.047028	-166.232874	115.161951	70.274300
	0.047037	-166.949390	115.161951	70.274300
	0.047047	-168.345645	115.161951	70.274300
	0.047056	-167.418050	115.161951	70.274300
	0.047066	-166.210048	115.161951	70.274300
	0.047075	-166.922710	115.161951	70.274300
	0.047085	-167.221889	115.161951	70.333900
	0.047094	-166.294577	115.161951	70.393600
	0.047104	-167.063403	115.161951	70.453200
	0.047113	-166.814429	115.161951	70.333900
	0.047122	-166.766930	115.161951	70.333900
	0.047132	-167.322309	115.161951	70.333900
	0.047141	-166.100837	115.161951	70.333900
	0.047151	-166.738275	115.161951	70.393600
	0.047160	-165.850361	115.161951	70.393600
	0.047170	-166.640506	115.161951	70.453200
	0.047179	-166.815696	115.161951	70.512800
	0.047189	-166.605486	115.161951	70.512800
	0.047198	-166.428977	115.161951	70.512800
	0.047208	-167.719088	115.161951	70.512800
	0.047217	-166.800502	115.161951	70.512800
	0.047227	-167.478291	115.161951	70.453200
	0.047236	-165.866413	115.161951	70.453200
	0.047246	-167.230266	115.161951	70.453200
	0.047255	-166.861251	115.161951	70.512800
	0.047265	-166.750265	115.161951	70.512800
	0.047274	-167.339189	115.161951	70.512800
	0.047283	-165.347787	115.161951	70.512800
	0.047293	-166.060707	115.161951	70.512800
	0.047302	-166.269615	115.161951	70.512800
	0.047312	-167.117886	115.161951	70.512800
	0.047321	-165.850983	115.161951	70.512800
	0.047331	-166.967205	115.161951	70.453200
	0.047340	-166.472446	115.161951	70.393600
	0.047350	-166.558975	115.161951	70.393600
	0.047359	-165.713989	115.161951	70.453200
	0.047369	-165.105691	115.161951	70.393600
	0.047378	-164.637104	115.161951	70.393600
	0.047388	-164.967174	115.161951	70.512800
	0.047397	-165.252113	115.161951	70.453200
	0.047407	-165.400695	115.161951	70.393600
	0.047416	-165.016677	115.161951	70.393600
	0.047425	-165.995639	115.161951	70.393600
	0.047435	-165.865957	115.161951	70.333900
	0.047444	-165.817135	115.161951	70.274300
	0.047454	-166.598822	115.161951	70.274300
	0.047463	-166.507481	115.161951	70.274300
	0.047473	-166.469440	115.161951	70.333900
	0.047482	-166.015617	115.161951	70.274300
	0.047492	-165.851995	115.161951	70.214700
	0.047501	-166.152152	115.161951	70.214700
	0.047511	-166.780278	115.161951	70.155100
	0.047520	-166.507959	115.161951	70.214700
	0.047530	-166.765789	115.161951	70.214700
	0.047539	-167.207829	115.161951	70.274300
	0.047549	-166.454441	115.161951	70.453200
	0.047558	-167.039327	115.161951	70.572400
	0.047568	-167.816378	115.161951	70.572400
	0.047577	-166.197928	115.161951	70.572400
	0.047586	-166.744286	115.161951	70.512800
	0.047596	-167.154133	115.161951	70.572400
	0.047605	-166.850816	115.161951	70.572400
	0.047615	-166.293458	115.161951	70.512800
	0.047624	-166.105172	115.161951	70.512800
	0.047634	-166.774900	115.161951	70.512800
	0.047643	-167.206948	115.161951	70.512800
	0.047653	-166.410185	115.161951	70.453200
	0.047662	-165.910906	115.161951	70.453200
	0.047672	-166.094475	115.161951	70.393600
	0.047681	-166.263358	115.161951	70.393600
	0.047691	-166.012559	115.161951	70.393600
	0.047700	-165.981074	115.161951	70.453200
	0.047710	-167.503390	115.161951	70.453200
	0.047719	-168.947849	115.161951	70.930000
	0.047728	-170.774364	115.161951	71.406800
	0.047738	-171.662491	115.161951	71.526000
	0.047747	-170.907103	115.161951	71.526000
	0.047757	-172.021028	115.161951	71.466400
	0.047766	-171.726405	115.161951	71.406800
	0.047776	-172.069578	115.161951	71.406800
	0.047785	-171.188788	115.161951	71.526000
	0.047795	-170.937896	115.161951	71.526000
	0.047804	-171.086538	115.161951	71.526000
	0.047814	-171.367110	115.161951	71.526000
	0.047823	-170.776207	115.161951	71.585600
	0.047833	-170.734884	115.161951	71.645200
	0.047842	-170.771691	115.161951	71.645200
	0.047852	-171.239152	115.161951	71.585600
	0.047861	-170.895149	115.161951	71.585600
	0.047871	-171.202164	115.161951	71.645200
	0.047880	-170.812131	115.161951	71.645200
	0.047889	-171.298041	115.161951	71.645200
	0.047899	-170.738280	115.161951	71.645200
	0.047908	-170.533979	115.161951	71.585600
	0.047918	-170.179820	115.161951	71.585600
	0.047927	-170.477590	115.161951	71.645200
	0.047937	-171.061542	115.161951	71.704900
	0.047946	-171.285242	115.161951	71.704900
	0.047956	-171.385607	115.161951	71.824100
	0.047965	-170.706697	115.161951	71.764500
	0.047975	-170.763277	115.161951	71.704900
	0.047984	-170.653775	115.161951	71.764500
	0.047994	-170.516215	115.161951	71.764500
	0.048003	-169.983964	115.161951	71.704900
	0.048013	-170.342790	115.161951	71.704900
	0.048022	-170.734900	115.161951	71.704900
	0.048031	-170.610550	115.161951	71.704900
	0.048041	-170.072702	115.161951	71.704900
	0.048050	-170.415188	115.161951	71.764500
	0.048060	-170.713688	115.161951	71.824100
	0.048069	-170.752193	115.161951	71.704900
	0.048079	-171.169310	115.161951	71.704900
	0.048088	-171.929009	115.161951	71.704900
	0.048098	-171.459328	115.161951	71.764500
	0.048107	-171.247027	115.161951	71.764500
	0.048117	-171.052101	115.161951	71.704900
	0.048126	-171.088443	115.161951	71.704900
	0.048136	-171.005881	115.161951	71.645200
	0.048145	-171.039801	115.161951	71.645200
	0.048155	-171.709618	115.161951	71.704900
	0.048164	-170.008622	115.161951	71.764500
	0.048174	-170.421254	115.161951	71.764500
	0.048183	-170.179235	115.161951	71.764500
	0.048192	-170.854893	115.161951	71.704900
	0.048202	-169.831714	115.161951	71.764500
	0.048211	-171.358705	115.161951	71.824100
	0.048221	-171.588131	115.161951	71.764500
	0.048230	-170.743811	115.161951	71.943300
	0.048240	-171.915357	115.161951	72.122100
	0.048249	-171.288563	115.161951	72.181700
	0.048259	-171.648356	115.161951	72.181700
	0.048268	-171.950772	115.161951	72.241300
	0.048278	-171.841972	115.161951	72.241300
	0.048287	-171.792036	115.161951	72.122100
	0.048297	-172.256266	115.161951	72.122100
	0.048306	-171.840301	115.161951	72.122100
	0.048316	-173.084706	115.161951	72.122100
	0.048325	-172.712333	115.161951	72.181700
	0.048334	-173.227559	115.161951	72.122100
	0.048344	-172.294009	115.161951	72.122100
	0.048353	-172.300189	115.161951	72.122100
	0.048363	-170.608742	115.161951	72.181700
	0.048372	-172.783186	115.161951	72.181700
	0.048382	-173.255069	115.161951	72.181700
	0.048391	-172.775220	115.161951	72.300900
	0.048401	-173.744240	115.161951	72.300900
	0.048410	-172.788707	115.161951	72.300900
	0.048420	-173.011314	115.161951	72.300900
	0.048429	-173.563726	115.161951	72.241300
	0.048439	-172.399948	115.161951	72.241300
	0.048448	-173.369600	115.161951	72.181700
	0.048458	-172.079936	115.161951	72.181700
	0.048467	-172.210358	115.161951	72.181700
	0.048477	-172.953537	115.161951	72.241300
	0.048486	-172.352539	115.161951	72.300900
	0.048495	-173.195478	115.161951	72.360500
	0.048505	-173.216079	115.161951	72.360500
	0.048514	-173.038118	115.161951	72.300900
	0.048524	-173.300170	115.161951	72.300900
	0.048533	-173.738832	115.161951	72.300900
	0.048543	-174.239986	115.161951	72.241300
	0.048552	-173.542414	115.161951	72.300900
	0.048562	-173.293359	115.161951	72.241300
	0.048571	-174.270301	115.161951	72.360500
	0.048581	-172.503192	115.161951	72.360500
	0.048590	-175.004947	115.161951	72.420100
	0.048600	-172.783566	115.161951	72.420100
	0.048609	-173.938271	115.161951	72.360500
	0.048619	-172.910751	115.161951	72.360500
	0.048628	-173.736946	115.161951	72.420100
	0.048637	-173.529356	115.161951	72.420100
	0.048647	-173.140189	115.161951	72.420100
	0.048656	-172.035678	115.161951	72.479700
	0.048666	-171.835170	115.161951	72.420100
	0.048675	-172.305012	115.161951	72.420100
	0.048685	-174.345818	115.161951	73.075800
	0.048694	-175.838386	115.161951	73.552600
	0.048704	-176.244345	115.161951	73.612200
	0.048713	-177.328466	115.161951	73.612200
	0.048723	-177.228924	115.161951	73.552600
	0.048732	-176.469238	115.161951	73.552600
	0.048742	-176.731689	115.161951	73.552600
	0.048751	-176.835189	115.161951	73.552600
	0.048761	-177.487534	115.161951	73.493000
	0.048770	-178.002216	115.161951	73.493000
	0.048780	-177.602657	115.161951	73.493000
	0.048789	-178.153628	115.161951	73.493000
	0.048798	-178.392429	115.161951	73.493000
	0.048808	-178.315154	115.161951	73.552600
	0.048817	-178.134096	115.161951	73.612200
	0.048827	-178.806209	115.161951	73.552600
	0.048836	-177.915148	115.161951	73.552600
	0.048846	-177.662229	115.161951	73.552600
	0.048855	-177.762117	115.161951	73.493000
	0.048865	-177.175302	115.161951	73.552600
	0.048874	-177.913763	115.161951	73.612200
	0.048884	-177.748462	115.161951	73.612200
	0.048893	-177.205522	115.161951	73.612200
	0.048903	-177.689290	115.161951	73.731400
	0.048912	-179.871779	115.161951	74.387100
	0.048922	-180.461486	115.161951	74.565900
	0.048931	-180.787213	115.161951	74.446700
	0.048940	-180.805653	115.161951	74.387100
	0.048950	-181.198768	115.161951	74.387100
	0.048959	-180.261811	115.161951	74.387100
	0.048969	-180.186258	115.161951	74.446700
	0.048978	-180.330513	115.161951	74.446700
	0.048988	-179.668693	115.161951	74.387100
	0.048997	-179.929348	115.161951	74.327500
	0.049007	-179.409452	115.161951	74.267900
	0.049016	-180.626109	115.161951	74.208200
	0.049026	-180.774195	115.161951	74.267900
	0.049035	-180.478273	115.161951	74.267900
	0.049045	-179.618557	115.161951	74.208200
	0.049054	-179.301820	115.161951	74.208200
	0.049064	-180.654713	115.161951	74.208200
	0.049073	-179.696776	115.161951	74.208200
	0.049083	-180.434831	115.161951	74.148600
	0.049092	-180.674232	115.161951	74.208200
	0.049101	-181.792065	115.161951	74.208200
	0.049111	-180.796497	115.161951	74.148600
	0.049120	-180.766949	115.161951	74.208200
	0.049130	-181.707784	115.161951	74.208200
	0.049139	-180.944337	115.161951	74.208200
	0.049149	-180.631982	115.161951	74.148600
	0.049158	-180.419263	115.161951	74.208200
	0.049168	-180.211204	115.161951	74.148600
	0.049177	-179.899063	115.161951	74.148600
	0.049187	-180.176684	115.161951	74.148600
	0.049196	-180.464836	115.161951	74.089000
	0.049206	-180.055553	115.161951	74.089000
	0.049215	-180.511007	115.161951	74.089000
	0.049225	-180.989931	115.161951	74.029400
	0.049234	-181.266571	115.161951	74.089000
	0.049243	-181.175583	115.161951	74.089000
	0.049253	-180.278423	115.161951	74.089000
	0.049262	-180.159755	115.161951	74.029400
	0.049272	-179.969164	115.161951	73.969800
	0.049281	-181.043227	115.161951	73.969800
	0.049291	-180.045030	115.161951	73.969800
	0.049300	-180.495097	115.161951	73.969800
	0.049310	-181.971190	115.161951	73.969800
	0.049319	-180.752636	115.161951	73.910200
	0.049329	-181.286860	115.161951	73.969800
	0.049338	-180.841396	115.161951	74.029400
	0.049348	-181.934545	115.161951	73.969800
	0.049357	-181.072447	115.161951	73.969800
	0.049367	-180.800456	115.161951	73.910200
	0.049376	-180.599708	115.161951	73.910200
	0.049386	-180.450725	115.161951	73.910200
	0.049395	-180.355481	115.161951	73.910200
	0.049404	-181.172147	115.161951	73.969800
	0.049414	-181.236176	115.161951	73.910200
	0.049423	-180.924389	115.161951	73.910200
	0.049433	-181.160386	115.161951	73.969800
	0.049442	-180.861380	115.161951	73.969800
	0.049452	-180.890523	115.161951	73.969800
	0.049461	-181.213418	115.161951	73.910200
	0.049471	-181.413832	115.161951	73.850600
	0.049480	-180.816103	115.161951	73.850600
	0.049490	-180.927557	115.161951	73.850600
	0.049499	-180.102792	115.161951	73.850600
	0.049509	-179.224758	115.161951	73.969800
	0.049518	-179.885624	115.161951	73.969800
	0.049528	-179.960720	115.161951	73.969800
	0.049537	-180.321912	115.161951	73.910200
	0.049546	-180.474207	115.161951	73.969800
	0.049556	-180.505125	115.161951	73.969800
	0.049565	-180.714715	115.161951	73.969800
	0.049575	-180.367183	115.161951	73.969800
	0.049584	-180.520989	115.161951	73.969800
	0.049594	-182.091317	115.161951	74.387100
	0.049603	-182.568175	115.161951	74.863900
	0.049613	-182.939071	115.161951	74.983100
	0.049622	-182.884421	115.161951	74.983100
	0.049632	-182.247829	115.161951	75.042700
	0.049641	-182.840011	115.161951	75.042700
	0.049651	-183.351842	115.161951	75.042700
	0.049660	-182.871076	115.161951	75.042700
	0.049670	-184.541053	115.161951	75.161900
	0.049679	-182.930933	115.161951	75.161900
	0.049689	-183.115605	115.161951	75.221500
	0.049698	-183.555612	115.161951	75.161900
	0.049707	-183.444240	115.161951	75.102300
	0.049717	-184.056068	115.161951	75.102300
	0.049726	-184.099421	115.161951	75.161900
	0.049736	-183.546635	115.161951	75.161900
	0.049745	-183.358758	115.161951	75.161900
	0.049755	-182.810348	115.161951	75.221500
	0.049764	-183.295957	115.161951	75.161900
	0.049774	-184.041016	115.161951	75.221500
	0.049783	-183.942928	115.161951	75.221500
	0.049793	-182.861309	115.161951	75.221500
	0.049802	-184.610989	115.161951	75.221500
	0.049812	-182.051424	115.161951	75.221500
	0.049821	-183.573638	115.161951	75.221500
	0.049831	-182.823979	115.161951	75.221500
	0.049840	-184.838155	115.161951	75.281100
	0.049849	-182.465143	115.161951	75.281100
	0.049859	-184.062731	115.161951	75.221500
	0.049868	-183.029655	115.161951	75.221500
	0.049878	-183.977326	115.161951	75.281100
	0.049887	-183.996524	115.161951	75.340700
	0.049897	-183.976668	115.161951	75.221500
	0.049906	-184.315647	115.161951	75.221500
	0.049916	-184.197726	115.161951	75.221500
	0.049925	-184.809625	115.161951	75.221500
	0.049935	-183.365622	115.161951	75.221500
	0.049944	-183.555163	115.161951	75.281100
	0.049954	-183.883262	115.161951	75.281100
	0.049963	-183.187856	115.161951	75.340700
	0.049973	-184.985859	115.161951	75.281100
	0.049982	-184.336028	115.161951	75.281100
	0.049991	-184.495726	115.161951	75.221500
	0.050001	-184.577424	115.161951	75.221500
	0.050010	-183.969865	115.161951	75.221500
	0.050020	-184.404980	115.161951	75.221500
	0.050029	-185.705537	115.161951	75.221500
	0.050039	-184.712893	115.161951	75.281100
	0.050048	-184.440753	115.161951	75.281100
	0.050058	-184.274578	115.161951	75.281100
	0.050067	-184.486215	115.161951	75.161900
	0.050077	-183.730190	115.161951	75.102300
	0.050086	-185.052841	115.161951	75.102300
	0.050096	-184.473387	115.161951	75.102300
	0.050105	-184.658544	115.161951	75.042700
	0.050115	-183.846404	115.161951	75.042700
	0.050124	-183.685361	115.161951	75.161900
	0.050134	-184.010828	115.161951	75.161900
	0.050143	-183.755515	115.161951	75.221500
	0.050152	-182.969252	115.161951	75.221500
	0.050162	-184.336835	115.161951	75.221500
	0.050171	-184.710128	115.161951	75.221500
	0.050181	-184.065011	115.161951	75.221500
	0.050190	-182.480352	115.161951	75.221500
	0.050200	-184.034017	115.161951	75.221500
	0.050209	-184.175980	115.161951	75.161900
	0.050219	-183.736583	115.161951	75.161900
	0.050228	-184.327206	115.161951	75.161900
	0.050238	-184.680543	115.161951	75.221500
	0.050247	-183.397138	115.161951	75.221500
	0.050257	-184.725737	115.161951	75.221500
	0.050266	-184.658698	115.161951	75.161900
	0.050276	-184.162176	115.161951	75.161900
	0.050285	-184.331077	115.161951	75.042700
	0.050294	-182.373194	115.161951	75.042700
	0.050304	-184.249570	115.161951	75.042700
	0.050313	-184.433371	115.161951	75.042700
	0.050323	-184.664921	115.161951	75.161900
	0.050332	-184.570093	115.161951	75.102300
	0.050342	-183.627177	115.161951	75.102300
	0.050351	-184.086800	115.161951	75.102300
	0.050361	-183.363091	115.161951	75.102300
	0.050370	-183.226687	115.161951	75.161900
	0.050380	-183.988926	115.161951	75.102300
	0.050389	-183.389922	115.161951	75.042700
	0.050399	-183.088201	115.161951	75.102300
	0.050408	-182.671856	115.161951	75.042700
	0.050418	-184.371671	115.161951	75.042700
	0.050427	-183.138532	115.161951	75.161900
	0.050437	-183.152550	115.161951	75.161900
	0.050446	-182.518084	115.161951	75.161900
	0.050455	-183.958809	115.161951	75.161900
	0.050465	-184.194437	115.161951	75.161900
	0.050474	-183.329957	115.161951	75.161900
	0.050484	-183.562564	115.161951	75.221500
