	-0.071022	0.222185	115.161951	-14.603200
	-0.068270	-0.728478	115.161951	-14.722400
	-0.065518	0.284437	115.161951	-14.782000
	-0.062767	-0.259020	115.161951	-14.901200
	-0.060015	-0.151021	115.161951	-15.080000
	-0.057264	-0.520186	115.161951	-15.378100
	-0.054512	-0.616628	115.161951	-15.556900
	-0.051760	-1.185483	115.161951	-15.735700
	-0.049009	-1.578125	115.161951	-16.033800
	-0.046257	-1.660197	115.161951	-16.331800
	-0.043506	-0.807842	115.161951	-16.570200
	-0.040754	-1.370424	115.161951	-16.868200
	-0.038002	-1.308610	115.161951	-17.166300
	-0.035251	-0.937196	115.161951	-17.643100
	-0.032499	-1.600972	115.161951	-17.881500
	-0.029748	-3.238287	115.161951	-18.239100
	-0.026996	-3.259218	115.161951	-18.775600
	-0.024245	-3.454082	115.161951	-19.192800
	-0.021493	-3.408593	115.161951	-19.669600
	-0.018741	-4.039850	115.161951	-20.086900
	-0.015990	-3.134801	115.161951	-20.504100
	-0.013238	-4.085985	115.161951	-21.100200
	-0.010487	-4.441322	115.161951	-22.053800
	-0.007735	-5.421860	115.161951	-22.590300
	-0.004984	-6.320099	115.161951	-23.245900
	-0.002232	-6.229811	115.161951	-23.901600
	0.000520	-6.426427	115.161951	-24.795600
	0.003271	-6.568919	115.161951	-25.808900
	0.006023	-7.249129	115.161951	-26.703000
	0.008774	-8.601983	115.161951	-27.835500
	0.011526	-7.885018	115.161951	-29.385200
	0.014278	-8.461307	115.161951	-30.637000
	0.017029	-8.454576	115.161951	-32.484800
	0.019781	-10.831648	115.161951	-34.392100
	0.022532	-10.274225	115.161951	-36.597500
	0.025284	-11.714778	115.161951	-39.041300
	0.028036	-11.783821	115.161951	-42.140700
	0.030787	-14.535536	115.161951	-46.134200
	0.033539	-16.879456	115.161951	-50.783400
	0.036290	-17.066568	115.161951	-56.386200
	0.036290	-20.072854	115.161951	-60.975800
	0.036300	-20.622488	115.161951	-62.883400
	0.036309	-20.982452	115.161951	-63.121800
	0.036319	-21.436452	115.161951	-63.241000
	0.036328	-21.311436	115.161951	-63.360200
	0.036338	-20.239953	115.161951	-63.419800
	0.036347	-21.079203	115.161951	-63.419800
	0.036357	-20.880199	115.161951	-63.419800
	0.036366	-20.672257	115.161951	-63.419800
	0.036376	-20.227180	115.161951	-63.419800
	0.036385	-20.990890	115.161951	-63.419800
	0.036394	-20.685245	115.161951	-63.419800
	0.036404	-20.231074	115.161951	-63.419800
	0.036413	-19.932666	115.161951	-63.479400
	0.036423	-20.055187	115.161951	-63.479400
	0.036432	-19.772702	115.161951	-63.419800
	0.036442	-20.230745	115.161951	-63.419800
	0.036451	-20.489584	115.161951	-63.479400
	0.036461	-19.442584	115.161951	-63.539000
	0.036470	-20.201284	115.161951	-63.598600
	0.036480	-19.445419	115.161951	-63.598600
	0.036489	-19.477751	115.161951	-63.598600
	0.036499	-19.662447	115.161951	-63.598600
	0.036508	-20.937313	115.161951	-63.598600
	0.036518	-21.063815	115.161951	-63.598600
	0.036527	-20.998016	115.161951	-63.598600
	0.036537	-21.411185	115.161951	-63.598600
	0.036546	-20.907275	115.161951	-63.598600
	0.036555	-21.940334	115.161951	-63.658200
	0.036565	-21.909967	115.161951	-63.717800
	0.036574	-20.776004	115.161951	-63.658200
	0.036584	-20.818894	115.161951	-63.777400
	0.036593	-22.247252	115.161951	-63.777400
	0.036603	-21.248359	115.161951	-63.777400
	0.036612	-20.012924	115.161951	-63.777400
	0.036622	-20.448487	115.161951	-63.837000
	0.036631	-21.108646	115.161951	-63.777400
	0.036641	-20.372474	115.161951	-63.777400
	0.036650	-20.015519	115.161951	-63.777400
	0.036660	-19.982889	115.161951	-63.777400
	0.036669	-21.502852	115.161951	-63.777400
	0.036679	-21.496165	115.161951	-63.777400
	0.036688	-20.748359	115.161951	-63.837000
	0.036697	-20.725180	115.161951	-63.837000
	0.036707	-20.871245	115.161951	-63.837000
	0.036716	-20.471055	115.161951	-63.837000
	0.036726	-20.771030	115.161951	-63.777400
	0.036735	-19.374138	115.161951	-63.837000
	0.036745	-20.814087	115.161951	-63.837000
	0.036754	-19.939962	115.161951	-63.837000
	0.036764	-20.608566	115.161951	-63.837000
	0.036773	-20.949478	115.161951	-63.837000
	0.036783	-19.956182	115.161951	-63.837000
	0.036792	-20.230897	115.161951	-63.896600
	0.036802	-21.113741	115.161951	-63.837000
	0.036811	-21.195670	115.161951	-63.837000
	0.036821	-22.013295	115.161951	-63.837000
	0.036830	-22.143106	115.161951	-63.896600
	0.036840	-22.059006	115.161951	-63.896600
	0.036849	-21.996130	115.161951	-63.956200
	0.036858	-22.129460	115.161951	-63.956200
	0.036868	-22.047452	115.161951	-63.896600
	0.036877	-22.997017	115.161951	-63.956200
	0.036887	-22.271216	115.161951	-64.015900
	0.036896	-21.698475	115.161951	-64.075500
	0.036906	-21.117389	115.161951	-64.015900
	0.036915	-21.562800	115.161951	-63.956200
	0.036925	-22.675968	115.161951	-64.015900
	0.036934	-22.315472	115.161951	-64.015900
	0.036944	-23.543416	115.161951	-64.135100
	0.036953	-22.146477	115.161951	-64.135100
	0.036963	-22.240111	115.161951	-64.194700
	0.036972	-22.491231	115.161951	-64.135100
	0.036982	-21.690803	115.161951	-64.075500
	0.036991	-21.370124	115.161951	-64.135100
	0.037000	-20.585852	115.161951	-64.135100
	0.037010	-21.232345	115.161951	-64.135100
	0.037019	-21.830808	115.161951	-64.194700
	0.037029	-21.334004	115.161951	-64.254300
	0.037038	-21.716557	115.161951	-64.254300
	0.037048	-21.654821	115.161951	-64.254300
	0.037057	-21.926617	115.161951	-64.194700
	0.037067	-23.060373	115.161951	-64.135100
	0.037076	-22.101423	115.161951	-64.194700
	0.037086	-22.719017	115.161951	-64.254300
	0.037095	-22.347275	115.161951	-64.254300
	0.037105	-22.700622	115.161951	-64.313900
	0.037114	-21.441934	115.161951	-64.254300
	0.037124	-22.692310	115.161951	-64.254300
	0.037133	-21.120372	115.161951	-64.254300
	0.037143	-21.326981	115.161951	-64.313900
	0.037152	-22.298830	115.161951	-64.373500
	0.037161	-22.323685	115.161951	-64.373500
	0.037171	-22.209219	115.161951	-64.373500
	0.037180	-21.745339	115.161951	-64.373500
	0.037190	-21.799918	115.161951	-64.433100
	0.037199	-22.313266	115.161951	-64.433100
	0.037209	-21.329701	115.161951	-64.433100
	0.037218	-21.429678	115.161951	-64.373500
	0.037228	-22.267997	115.161951	-64.433100
	0.037237	-22.546162	115.161951	-64.433100
	0.037247	-22.252898	115.161951	-64.433100
	0.037256	-21.961263	115.161951	-64.433100
	0.037266	-21.399769	115.161951	-64.433100
	0.037275	-21.287033	115.161951	-64.492700
	0.037285	-22.054675	115.161951	-64.433100
	0.037294	-22.223597	115.161951	-64.552300
	0.037303	-22.766582	115.161951	-64.611900
	0.037313	-22.559041	115.161951	-64.611900
	0.037322	-22.735132	115.161951	-64.611900
	0.037332	-22.694236	115.161951	-64.611900
	0.037341	-22.534835	115.161951	-64.671500
	0.037351	-23.114879	115.161951	-64.671500
	0.037360	-22.708746	115.161951	-64.671500
	0.037370	-21.922837	115.161951	-64.790700
	0.037379	-23.097237	115.161951	-64.850300
	0.037389	-22.594306	115.161951	-64.909900
	0.037398	-23.080102	115.161951	-64.909900
	0.037408	-23.092312	115.161951	-64.969500
	0.037417	-22.080379	115.161951	-64.909900
	0.037427	-22.004758	115.161951	-64.909900
	0.037436	-23.157598	115.161951	-64.969500
	0.037446	-22.614992	115.161951	-64.969500
	0.037455	-22.268980	115.161951	-64.969500
	0.037464	-21.994564	115.161951	-64.969500
	0.037474	-21.632381	115.161951	-64.969500
	0.037483	-22.284125	115.161951	-64.969500
	0.037493	-23.445485	115.161951	-65.029100
	0.037502	-22.936019	115.161951	-65.088700
	0.037512	-21.508797	115.161951	-65.088700
	0.037521	-22.496514	115.161951	-65.088700
	0.037531	-22.001263	115.161951	-65.088700
	0.037540	-22.412286	115.161951	-65.148300
	0.037550	-22.899645	115.161951	-65.207900
	0.037559	-22.055436	115.161951	-65.267600
	0.037569	-22.865421	115.161951	-65.267600
	0.037578	-22.904194	115.161951	-65.267600
	0.037588	-22.234336	115.161951	-65.386800
	0.037597	-22.243014	115.161951	-65.446400
	0.037606	-21.731072	115.161951	-65.386800
	0.037616	-21.291718	115.161951	-65.446400
	0.037625	-22.730185	115.161951	-65.446400
	0.037635	-22.844203	115.161951	-65.506000
	0.037644	-22.423647	115.161951	-65.506000
	0.037654	-23.838614	115.161951	-65.506000
	0.037663	-22.228457	115.161951	-65.506000
	0.037673	-22.681384	115.161951	-65.446400
	0.037682	-22.909897	115.161951	-65.506000
	0.037692	-22.659223	115.161951	-65.565600
	0.037701	-22.165203	115.161951	-65.625200
	0.037711	-22.547270	115.161951	-65.684800
	0.037720	-23.425525	115.161951	-65.684800
	0.037730	-22.880420	115.161951	-65.684800
	0.037739	-22.679460	115.161951	-65.684800
	0.037748	-22.462490	115.161951	-65.625200
	0.037758	-22.625116	115.161951	-65.684800
	0.037767	-23.367490	115.161951	-65.625200
	0.037777	-22.500132	115.161951	-65.625200
	0.037786	-22.442894	115.161951	-65.684800
	0.037796	-22.054670	115.161951	-65.744400
	0.037805	-22.236521	115.161951	-65.684800
	0.037815	-23.228874	115.161951	-65.744400
	0.037824	-21.810278	115.161951	-65.804000
	0.037834	-23.290907	115.161951	-65.863600
	0.037843	-23.688934	115.161951	-65.923200
	0.037853	-23.109266	115.161951	-65.982800
	0.037862	-22.229356	115.161951	-66.042400
	0.037872	-23.064334	115.161951	-66.042400
	0.037881	-22.783491	115.161951	-66.042400
	0.037891	-22.638027	115.161951	-66.042400
	0.037900	-22.167008	115.161951	-66.042400
	0.037909	-22.837307	115.161951	-66.042400
	0.037919	-22.343285	115.161951	-66.161600
	0.037928	-21.705092	115.161951	-66.280800
	0.037938	-22.295335	115.161951	-66.340400
	0.037947	-22.332185	115.161951	-66.340400
	0.037957	-20.844024	115.161951	-66.340400
	0.037966	-21.886169	115.161951	-66.340400
	0.037976	-21.672477	115.161951	-66.340400
	0.037985	-22.382189	115.161951	-66.400000
	0.037995	-22.000516	115.161951	-66.400000
	0.038004	-21.647763	115.161951	-66.400000
	0.038014	-21.559309	115.161951	-66.400000
	0.038023	-21.836919	115.161951	-66.519200
	0.038033	-22.146311	115.161951	-66.578900
	0.038042	-21.123343	115.161951	-66.578900
	0.038051	-22.472142	115.161951	-66.578900
	0.038061	-24.343446	115.161951	-66.519200
	0.038070	-22.056048	115.161951	-66.578900
	0.038080	-23.127010	115.161951	-66.698100
	0.038089	-22.600309	115.161951	-66.757700
	0.038099	-22.696123	115.161951	-66.817300
	0.038108	-23.198240	115.161951	-66.817300
	0.038118	-21.901013	115.161951	-66.876900
	0.038127	-23.115660	115.161951	-66.817300
	0.038137	-23.031832	115.161951	-66.817300
	0.038146	-22.989102	115.161951	-66.876900
	0.038156	-22.458386	115.161951	-66.936500
	0.038165	-23.181303	115.161951	-66.996100
	0.038175	-23.275159	115.161951	-66.996100
	0.038184	-23.181652	115.161951	-66.996100
	0.038194	-23.371368	115.161951	-67.055700
	0.038203	-24.120454	115.161951	-67.055700
	0.038212	-23.234143	115.161951	-67.115300
	0.038222	-24.050368	115.161951	-67.055700
	0.038231	-23.165771	115.161951	-67.055700
	0.038241	-23.422219	115.161951	-67.115300
	0.038250	-21.704699	115.161951	-67.115300
	0.038260	-23.291262	115.161951	-67.115300
	0.038269	-22.338094	115.161951	-67.115300
	0.038279	-23.115730	115.161951	-67.115300
	0.038288	-23.740975	115.161951	-67.174900
	0.038298	-21.680364	115.161951	-67.234500
	0.038307	-24.106630	115.161951	-67.294100
	0.038317	-24.119451	115.161951	-67.353700
	0.038326	-23.677659	115.161951	-67.294100
	0.038336	-24.141975	115.161951	-67.413300
	0.038345	-22.825960	115.161951	-67.532500
	0.038354	-23.763910	115.161951	-67.532500
	0.038364	-23.816659	115.161951	-67.472900
	0.038373	-23.296147	115.161951	-67.472900
	0.038383	-23.454105	115.161951	-67.472900
	0.038392	-22.934528	115.161951	-67.472900
	0.038402	-22.873985	115.161951	-67.592100
	0.038411	-22.467519	115.161951	-67.592100
	0.038421	-22.784837	115.161951	-67.651700
	0.038430	-22.065869	115.161951	-67.651700
	0.038440	-23.123617	115.161951	-67.711300
	0.038449	-22.475767	115.161951	-67.770900
	0.038459	-23.831074	115.161951	-67.770900
	0.038468	-23.529641	115.161951	-67.770900
	0.038478	-22.735549	115.161951	-67.770900
	0.038487	-22.726769	115.161951	-67.830600
	0.038497	-23.024264	115.161951	-67.890200
	0.038506	-23.456078	115.161951	-67.949800
	0.038515	-22.845246	115.161951	-67.949800
	0.038525	-24.732580	115.161951	-67.949800
	0.038534	-23.848291	115.161951	-68.009400
	0.038544	-24.187202	115.161951	-68.069000
	0.038553	-24.638830	115.161951	-68.069000
	0.038563	-23.489490	115.161951	-68.069000
	0.038572	-24.115006	115.161951	-68.069000
	0.038582	-22.601704	115.161951	-68.069000
	0.038591	-23.752009	115.161951	-68.247800
	0.038601	-23.560580	115.161951	-68.307400
	0.038610	-22.656416	115.161951	-68.307400
	0.038620	-22.480538	115.161951	-68.247800
	0.038629	-24.944240	115.161951	-68.247800
	0.038639	-24.361853	115.161951	-68.307400
	0.038648	-24.168061	115.161951	-68.307400
	0.038657	-23.784731	115.161951	-68.307400
	0.038667	-24.121848	115.161951	-68.307400
	0.038676	-24.362515	115.161951	-68.307400
	0.038686	-24.656889	115.161951	-68.426600
	0.038695	-24.226724	115.161951	-68.486200
	0.038705	-23.960054	115.161951	-68.486200
	0.038714	-25.235344	115.161951	-68.486200
	0.038724	-24.433646	115.161951	-68.486200
	0.038733	-24.305799	115.161951	-68.545800
	0.038743	-23.554891	115.161951	-68.605400
	0.038752	-23.574511	115.161951	-68.605400
	0.038762	-23.094674	115.161951	-68.605400
	0.038771	-22.629130	115.161951	-68.665000
	0.038781	-23.777838	115.161951	-68.724600
	0.038790	-24.035719	115.161951	-68.784200
	0.038800	-23.462727	115.161951	-68.843800
	0.038809	-23.357948	115.161951	-68.843800
	0.038818	-22.867185	115.161951	-68.843800
	0.038828	-24.485708	115.161951	-68.784200
	0.038837	-23.659386	115.161951	-68.784200
	0.038847	-24.610731	115.161951	-68.843800
	0.038856	-24.638024	115.161951	-68.843800
	0.038866	-25.049027	115.161951	-68.784200
	0.038875	-24.328100	115.161951	-68.843800
	0.038885	-24.011061	115.161951	-68.963000
	0.038894	-24.773629	115.161951	-69.082200
	0.038904	-24.157901	115.161951	-69.082200
	0.038913	-24.080085	115.161951	-69.141900
	0.038923	-24.403855	115.161951	-69.141900
	0.038932	-24.536204	115.161951	-69.141900
	0.038942	-24.999260	115.161951	-69.141900
	0.038951	-23.905764	115.161951	-69.201500
	0.038960	-24.939409	115.161951	-69.201500
	0.038970	-25.642626	115.161951	-69.141900
	0.038979	-24.495198	115.161951	-69.201500
	0.038989	-26.203321	115.161951	-69.201500
	0.038998	-25.164524	115.161951	-69.201500
	0.039008	-26.055278	115.161951	-69.201500
	0.039017	-25.400561	115.161951	-69.201500
	0.039027	-25.249763	115.161951	-69.201500
	0.039036	-24.936950	115.161951	-69.320700
	0.039046	-25.174659	115.161951	-69.320700
	0.039055	-25.377433	115.161951	-69.320700
	0.039065	-24.097123	115.161951	-69.320700
	0.039074	-25.073377	115.161951	-69.261100
	0.039084	-24.950415	115.161951	-69.261100
	0.039093	-24.294958	115.161951	-69.261100
	0.039103	-24.924247	115.161951	-69.320700
	0.039112	-24.561709	115.161951	-69.261100
	0.039121	-24.551125	115.161951	-69.320700
	0.039131	-25.017912	115.161951	-69.380300
	0.039140	-25.424902	115.161951	-69.439900
	0.039150	-26.809512	115.161951	-69.499500
	0.039159	-26.676981	115.161951	-69.499500
	0.039169	-25.730340	115.161951	-69.559100
	0.039178	-25.062944	115.161951	-69.559100
	0.039188	-25.658599	115.161951	-69.559100
	0.039197	-25.689772	115.161951	-69.559100
	0.039207	-26.238098	115.161951	-69.678300
	0.039216	-25.259679	115.161951	-69.678300
	0.039226	-26.074341	115.161951	-69.618700
	0.039235	-26.118422	115.161951	-69.618700
	0.039245	-25.082832	115.161951	-69.618700
	0.039254	-25.458995	115.161951	-69.559100
	0.039263	-24.845659	115.161951	-69.559100
	0.039273	-24.961486	115.161951	-69.559100
	0.039282	-25.794611	115.161951	-69.559100
	0.039292	-25.050855	115.161951	-69.618700
	0.039301	-25.358176	115.161951	-69.618700
	0.039311	-24.917541	115.161951	-69.618700
	0.039320	-24.610907	115.161951	-69.618700
	0.039330	-24.253460	115.161951	-69.678300
	0.039339	-24.212768	115.161951	-69.737900
	0.039349	-24.607986	115.161951	-69.737900
	0.039358	-24.627424	115.161951	-69.797500
	0.039368	-24.853339	115.161951	-69.797500
	0.039377	-24.976801	115.161951	-69.797500
	0.039387	-24.517542	115.161951	-69.857100
	0.039396	-25.882742	115.161951	-69.916700
	0.039406	-25.470155	115.161951	-69.916700
	0.039415	-25.122373	115.161951	-69.916700
	0.039424	-24.605416	115.161951	-69.916700
	0.039434	-25.789749	115.161951	-69.916700
	0.039443	-24.627436	115.161951	-69.976300
	0.039453	-24.650961	115.161951	-69.976300
	0.039462	-26.074388	115.161951	-69.976300
	0.039472	-24.923796	115.161951	-70.095500
	0.039481	-24.767111	115.161951	-70.214700
	0.039491	-24.470558	115.161951	-70.274300
	0.039500	-24.127873	115.161951	-70.274300
	0.039510	-24.273379	115.161951	-70.274300
	0.039519	-24.961425	115.161951	-70.155100
	0.039529	-25.575828	115.161951	-70.095500
	0.039538	-25.403039	115.161951	-70.155100
	0.039548	-25.275050	115.161951	-70.155100
	0.039557	-25.095385	115.161951	-70.214700
	0.039566	-25.507125	115.161951	-70.214700
	0.039576	-25.039108	115.161951	-70.274300
	0.039585	-25.981847	115.161951	-70.333900
	0.039595	-25.480338	115.161951	-70.393600
	0.039604	-25.781389	115.161951	-70.393600
	0.039614	-26.167700	115.161951	-70.453200
	0.039623	-25.074565	115.161951	-70.393600
	0.039633	-24.918783	115.161951	-70.333900
	0.039642	-26.063452	115.161951	-70.155100
	0.039652	-26.297064	115.161951	-69.797500
	0.039661	-25.477650	115.161951	-69.797500
	0.039671	-27.043179	115.161951	-69.737900
	0.039680	-25.539317	115.161951	-69.797500
	0.039690	-27.315874	115.161951	-69.916700
	0.039699	-27.086052	115.161951	-69.976300
	0.039709	-26.645397	115.161951	-69.976300
	0.039718	-25.105996	115.161951	-70.035900
	0.039727	-25.552553	115.161951	-70.035900
	0.039737	-24.612156	115.161951	-70.035900
	0.039746	-25.626560	115.161951	-70.035900
	0.039756	-25.790463	115.161951	-70.214700
	0.039765	-25.074802	115.161951	-70.214700
	0.039775	-26.181755	115.161951	-70.214700
	0.039784	-26.522654	115.161951	-70.274300
	0.039794	-25.836993	115.161951	-70.274300
	0.039803	-25.458784	115.161951	-70.333900
	0.039813	-25.192821	115.161951	-70.333900
	0.039822	-25.776625	115.161951	-70.333900
	0.039832	-26.429976	115.161951	-70.333900
	0.039841	-25.982949	115.161951	-70.393600
	0.039851	-25.622581	115.161951	-70.512800
	0.039860	-25.388132	115.161951	-70.572400
	0.039869	-24.291501	115.161951	-70.572400
	0.039879	-25.572414	115.161951	-70.572400
	0.039888	-24.936090	115.161951	-70.572400
	0.039898	-25.040430	115.161951	-70.572400
	0.039907	-25.794448	115.161951	-70.572400
	0.039917	-24.882433	115.161951	-70.572400
	0.039926	-25.159023	115.161951	-70.632000
	0.039936	-26.127537	115.161951	-70.751200
	0.039945	-24.823228	115.161951	-70.751200
	0.039955	-26.099281	115.161951	-70.691600
	0.039964	-25.582224	115.161951	-70.691600
	0.039974	-25.973972	115.161951	-70.691600
	0.039983	-25.556649	115.161951	-70.751200
	0.039993	-25.765982	115.161951	-70.810800
	0.040002	-25.977375	115.161951	-70.870400
	0.040012	-25.559588	115.161951	-70.870400
	0.040021	-25.687720	115.161951	-70.930000
	0.040030	-24.373851	115.161951	-70.930000
	0.040040	-26.781559	115.161951	-70.989600
	0.040049	-24.758638	115.161951	-70.989600
	0.040059	-25.537800	115.161951	-70.930000
	0.040068	-25.728760	115.161951	-70.930000
	0.040078	-25.474038	115.161951	-70.930000
	0.040087	-26.813345	115.161951	-71.049200
	0.040097	-25.830800	115.161951	-70.989600
	0.040106	-25.250923	115.161951	-70.989600
	0.040116	-25.825474	115.161951	-71.049200
	0.040125	-25.454094	115.161951	-71.049200
	0.040135	-25.820792	115.161951	-71.108800
	0.040144	-25.063881	115.161951	-71.168400
	0.040154	-25.629294	115.161951	-71.168400
	0.040163	-24.484466	115.161951	-71.228000
	0.040172	-25.147498	115.161951	-71.228000
	0.040182	-25.492014	115.161951	-71.228000
	0.040191	-25.596078	115.161951	-71.347200
	0.040201	-26.556758	115.161951	-71.347200
	0.040210	-26.408338	115.161951	-71.347200
	0.040220	-26.310347	115.161951	-71.347200
	0.040229	-26.611827	115.161951	-71.406800
	0.040239	-25.805957	115.161951	-71.406800
	0.040248	-24.815575	115.161951	-71.466400
	0.040258	-26.468501	115.161951	-71.526000
	0.040267	-26.000512	115.161951	-71.526000
	0.040277	-25.536886	115.161951	-71.585600
	0.040286	-25.505032	115.161951	-71.645200
	0.040296	-25.758632	115.161951	-71.645200
	0.040305	-25.266155	115.161951	-71.704900
	0.040315	-25.788179	115.161951	-71.645200
	0.040324	-24.823801	115.161951	-71.585600
	0.040333	-25.511572	115.161951	-71.645200
	0.040343	-26.677946	115.161951	-71.645200
	0.040352	-25.318478	115.161951	-71.704900
	0.040362	-25.832477	115.161951	-71.704900
	0.040371	-24.796506	115.161951	-71.645200
	0.040381	-24.474228	115.161951	-71.585600
	0.040390	-25.419896	115.161951	-71.645200
	0.040400	-25.600202	115.161951	-71.704900
	0.040409	-24.988073	115.161951	-71.764500
	0.040419	-26.148911	115.161951	-71.764500
	0.040428	-26.373769	115.161951	-71.764500
	0.040438	-25.591255	115.161951	-71.883700
	0.040447	-26.708274	115.161951	-71.883700
	0.040457	-26.505003	115.161951	-71.824100
	0.040466	-26.474654	115.161951	-71.883700
	0.040475	-25.871427	115.161951	-71.943300
	0.040485	-26.257560	115.161951	-72.002900
	0.040494	-25.555894	115.161951	-72.062500
	0.040504	-26.305974	115.161951	-72.122100
	0.040513	-26.711021	115.161951	-72.122100
	0.040523	-25.822728	115.161951	-72.181700
	0.040532	-24.964335	115.161951	-72.181700
	0.040542	-25.188210	115.161951	-72.181700
	0.040551	-26.384966	115.161951	-72.241300
	0.040561	-24.228696	115.161951	-72.241300
	0.040570	-25.390376	115.161951	-72.241300
	0.040580	-25.856835	115.161951	-72.241300
	0.040589	-25.993936	115.161951	-72.241300
	0.040599	-26.217252	115.161951	-72.241300
	0.040608	-26.580158	115.161951	-72.300900
	0.040618	-26.712534	115.161951	-72.300900
	0.040627	-25.803691	115.161951	-72.300900
	0.040636	-26.549991	115.161951	-72.360500
	0.040646	-27.269391	115.161951	-72.360500
	0.040655	-28.025258	115.161951	-72.360500
	0.040665	-27.246737	115.161951	-72.420100
	0.040674	-26.363175	115.161951	-72.539300
	0.040684	-27.517047	115.161951	-72.539300
	0.040693	-27.383565	115.161951	-72.539300
	0.040703	-27.416889	115.161951	-72.598900
	0.040712	-27.576949	115.161951	-72.598900
	0.040722	-27.292412	115.161951	-72.598900
	0.040731	-27.485886	115.161951	-72.598900
	0.040741	-26.636328	115.161951	-72.718100
	0.040750	-27.098838	115.161951	-72.777700
	0.040760	-27.430252	115.161951	-72.777700
	0.040769	-26.812845	115.161951	-72.837300
	0.040778	-26.976106	115.161951	-72.837300
	0.040788	-27.873055	115.161951	-72.896900
	0.040797	-27.622632	115.161951	-73.016200
	0.040807	-27.198918	115.161951	-73.016200
	0.040816	-27.668325	115.161951	-73.016200
	0.040826	-27.808933	115.161951	-73.075800
	0.040835	-27.174805	115.161951	-73.135400
	0.040845	-28.198442	115.161951	-73.195000
	0.040854	-27.898829	115.161951	-73.195000
	0.040864	-26.874063	115.161951	-73.254600
	0.040873	-27.120479	115.161951	-73.254600
	0.040883	-27.330117	115.161951	-73.254600
	0.040892	-27.943490	115.161951	-73.195000
	0.040902	-26.016670	115.161951	-73.195000
	0.040911	-26.916057	115.161951	-73.254600
	0.040921	-27.455288	115.161951	-73.254600
	0.040930	-26.879987	115.161951	-73.314200
	0.040939	-27.072195	115.161951	-73.314200
	0.040949	-26.901590	115.161951	-73.373800
	0.040958	-27.197543	115.161951	-73.433400
	0.040968	-27.642252	115.161951	-73.433400
	0.040977	-27.254994	115.161951	-73.075800
	0.040987	-29.659500	115.161951	-72.598900
	0.040996	-29.311567	115.161951	-72.479700
	0.041006	-29.915185	115.161951	-72.479700
	0.041015	-30.214290	115.161951	-72.420100
	0.041025	-30.807967	115.161951	-72.479700
	0.041034	-30.420267	115.161951	-72.479700
	0.041044	-29.627823	115.161951	-72.479700
	0.041053	-29.267874	115.161951	-72.479700
	0.041063	-30.235148	115.161951	-72.181700
	0.041072	-31.134044	115.161951	-71.883700
	0.041081	-31.256740	115.161951	-71.883700
	0.041091	-30.391599	115.161951	-71.883700
	0.041100	-32.377533	115.161951	-71.824100
	0.041110	-31.882776	115.161951	-71.824100
	0.041119	-32.614347	115.161951	-71.883700
	0.041129	-32.802857	115.161951	-71.943300
	0.041138	-32.664842	115.161951	-71.943300
	0.041148	-32.434403	115.161951	-72.002900
	0.041157	-31.917602	115.161951	-72.062500
	0.041167	-30.757134	115.161951	-72.062500
	0.041176	-32.466464	115.161951	-72.062500
	0.041186	-31.639494	115.161951	-72.181700
	0.041195	-31.220094	115.161951	-72.241300
	0.041205	-32.024229	115.161951	-72.181700
	0.041214	-32.032164	115.161951	-72.122100
	0.041224	-31.504545	115.161951	-72.181700
	0.041233	-32.709697	115.161951	-72.181700
	0.041242	-32.107867	115.161951	-72.241300
	0.041252	-31.974716	115.161951	-72.241300
	0.041261	-32.085968	115.161951	-72.241300
	0.041271	-31.438517	115.161951	-72.241300
	0.041280	-32.349575	115.161951	-72.300900
	0.041290	-31.194183	115.161951	-72.360500
	0.041299	-31.425158	115.161951	-72.300900
	0.041309	-32.224835	115.161951	-72.360500
	0.041318	-32.493521	115.161951	-72.420100
	0.041328	-32.501425	115.161951	-72.360500
	0.041337	-32.939740	115.161951	-72.300900
	0.041347	-32.720268	115.161951	-72.300900
	0.041356	-32.468751	115.161951	-72.300900
	0.041366	-32.736627	115.161951	-72.241300
	0.041375	-32.228797	115.161951	-72.300900
	0.041384	-32.649792	115.161951	-72.360500
	0.041394	-30.311981	115.161951	-72.420100
	0.041403	-32.097732	115.161951	-72.539300
	0.041413	-32.059952	115.161951	-72.658500
	0.041422	-32.307896	115.161951	-72.718100
	0.041432	-34.152369	115.161951	-72.777700
	0.041441	-32.916193	115.161951	-72.777700
	0.041451	-32.820674	115.161951	-72.777700
	0.041460	-32.524405	115.161951	-72.837300
	0.041470	-32.354301	115.161951	-72.837300
	0.041479	-32.818105	115.161951	-72.837300
	0.041489	-32.753312	115.161951	-72.896900
	0.041498	-33.938432	115.161951	-73.016200
	0.041508	-32.936699	115.161951	-73.016200
	0.041517	-33.563642	115.161951	-73.016200
	0.041527	-33.149786	115.161951	-72.956600
	0.041536	-34.580161	115.161951	-72.479700
	0.041545	-35.037867	115.161951	-72.241300
	0.041555	-34.604479	115.161951	-72.181700
	0.041564	-36.347423	115.161951	-72.002900
	0.041574	-35.297066	115.161951	-71.764500
	0.041583	-35.846893	115.161951	-71.585600
	0.041593	-35.428806	115.161951	-71.526000
	0.041602	-38.690303	115.161951	-71.406800
	0.041612	-37.367637	115.161951	-71.168400
	0.041621	-38.807721	115.161951	-71.108800
	0.041631	-38.271867	115.161951	-71.108800
	0.041640	-37.637280	115.161951	-71.228000
	0.041650	-38.175444	115.161951	-71.347200
	0.041659	-38.922438	115.161951	-71.347200
	0.041669	-39.291943	115.161951	-71.406800
	0.041678	-38.590616	115.161951	-71.406800
	0.041687	-38.323408	115.161951	-70.870400
	0.041697	-38.832909	115.161951	-69.916700
	0.041706	-39.200477	115.161951	-69.618700
	0.041716	-39.788627	115.161951	-69.439900
	0.041725	-39.034804	115.161951	-69.439900
	0.041735	-38.450098	115.161951	-69.439900
	0.041744	-39.944346	115.161951	-69.499500
	0.041754	-39.322010	115.161951	-69.559100
	0.041763	-38.614867	115.161951	-69.618700
	0.041773	-39.167841	115.161951	-69.618700
	0.041782	-39.108261	115.161951	-69.678300
	0.041792	-39.234926	115.161951	-69.678300
	0.041801	-40.355771	115.161951	-69.618700
	0.041811	-38.938424	115.161951	-69.499500
	0.041820	-40.083485	115.161951	-69.559100
	0.041829	-40.064006	115.161951	-69.618700
	0.041839	-40.125876	115.161951	-69.559100
	0.041848	-39.809549	115.161951	-69.618700
	0.041858	-39.128641	115.161951	-69.618700
	0.041867	-39.938471	115.161951	-69.439900
	0.041877	-40.749287	115.161951	-69.380300
	0.041886	-41.466226	115.161951	-69.320700
	0.041896	-41.736410	115.161951	-69.261100
	0.041905	-41.914077	115.161951	-69.141900
	0.041915	-43.174930	115.161951	-69.141900
	0.041924	-42.499367	115.161951	-69.141900
	0.041934	-42.668978	115.161951	-69.141900
	0.041943	-43.687346	115.161951	-69.201500
	0.041953	-42.964420	115.161951	-69.261100
	0.041962	-42.688253	115.161951	-69.320700
	0.041972	-43.009341	115.161951	-69.320700
	0.041981	-42.688087	115.161951	-69.261100
	0.041990	-43.047370	115.161951	-69.320700
	0.042000	-42.512597	115.161951	-69.320700
	0.042009	-41.653488	115.161951	-69.320700
	0.042019	-42.605093	115.161951	-69.380300
	0.042028	-42.583015	115.161951	-69.380300
	0.042038	-42.447650	115.161951	-69.380300
	0.042047	-42.295566	115.161951	-69.439900
	0.042057	-42.281218	115.161951	-69.439900
	0.042066	-43.032968	115.161951	-69.439900
	0.042076	-42.225813	115.161951	-69.439900
	0.042085	-42.884589	115.161951	-69.439900
	0.042095	-42.302487	115.161951	-69.439900
	0.042104	-42.590100	115.161951	-69.380300
	0.042114	-43.053981	115.161951	-69.499500
	0.042123	-43.428256	115.161951	-69.618700
	0.042132	-44.417863	115.161951	-69.559100
	0.042142	-44.014456	115.161951	-69.618700
	0.042151	-43.721948	115.161951	-69.618700
	0.042161	-43.882275	115.161951	-69.499500
	0.042170	-42.925987	115.161951	-69.499500
	0.042180	-42.815104	115.161951	-69.618700
	0.042189	-42.647195	115.161951	-69.678300
	0.042199	-41.815701	115.161951	-69.737900
	0.042208	-42.851492	115.161951	-69.678300
	0.042218	-43.198224	115.161951	-69.737900
	0.042227	-42.945964	115.161951	-69.737900
	0.042237	-42.906529	115.161951	-69.797500
	0.042246	-43.639476	115.161951	-69.737900
	0.042256	-43.339331	115.161951	-69.737900
	0.042265	-43.398716	115.161951	-69.737900
	0.042275	-43.112655	115.161951	-69.797500
	0.042284	-42.043726	115.161951	-69.916700
	0.042293	-42.427675	115.161951	-69.916700
	0.042303	-43.071243	115.161951	-69.916700
	0.042312	-43.801363	115.161951	-69.916700
	0.042322	-42.715294	115.161951	-69.857100
	0.042331	-43.392031	115.161951	-69.857100
	0.042341	-44.519775	115.161951	-69.916700
	0.042350	-43.128047	115.161951	-69.916700
	0.042360	-44.787454	115.161951	-69.976300
	0.042369	-43.189338	115.161951	-69.976300
	0.042379	-44.030630	115.161951	-69.976300
	0.042388	-43.819528	115.161951	-69.976300
	0.042398	-44.027710	115.161951	-69.916700
	0.042407	-44.689561	115.161951	-69.916700
	0.042417	-44.749422	115.161951	-69.797500
	0.042426	-44.251750	115.161951	-69.797500
	0.042435	-44.698488	115.161951	-69.857100
	0.042445	-45.123139	115.161951	-69.976300
	0.042454	-45.050045	115.161951	-69.916700
	0.042464	-45.307473	115.161951	-69.916700
	0.042473	-45.443549	115.161951	-69.916700
	0.042483	-45.782097	115.161951	-69.916700
	0.042492	-45.254551	115.161951	-69.976300
	0.042502	-45.614584	115.161951	-69.976300
	0.042511	-45.820552	115.161951	-69.976300
	0.042521	-45.668852	115.161951	-69.916700
	0.042530	-45.394342	115.161951	-69.857100
	0.042540	-47.378803	115.161951	-69.618700
	0.042549	-48.042341	115.161951	-69.439900
	0.042559	-47.718707	115.161951	-69.380300
	0.042568	-48.870391	115.161951	-69.380300
	0.042578	-47.653912	115.161951	-69.380300
	0.042587	-47.492014	115.161951	-69.439900
	0.042596	-47.897113	115.161951	-69.320700
	0.042606	-49.538220	115.161951	-68.188200
	0.042615	-48.541087	115.161951	-67.711300
	0.042625	-48.320705	115.161951	-67.592100
	0.042634	-49.976441	115.161951	-67.592100
	0.042644	-49.546460	115.161951	-67.592100
	0.042653	-48.903550	115.161951	-67.532500
	0.042663	-48.826927	115.161951	-67.532500
	0.042672	-47.524138	115.161951	-67.532500
	0.042682	-48.924116	115.161951	-67.532500
	0.042691	-48.928872	115.161951	-67.532500
	0.042701	-48.450609	115.161951	-67.532500
	0.042710	-49.255018	115.161951	-67.532500
	0.042720	-49.609673	115.161951	-67.592100
	0.042729	-48.848544	115.161951	-67.592100
	0.042738	-49.750493	115.161951	-67.651700
	0.042748	-48.390891	115.161951	-67.711300
	0.042757	-48.695594	115.161951	-67.711300
	0.042767	-48.378670	115.161951	-67.711300
	0.042776	-49.953613	115.161951	-67.115300
	0.042786	-51.429433	115.161951	-66.519200
	0.042795	-51.325870	115.161951	-66.638500
	0.042805	-51.714760	115.161951	-66.698100
	0.042814	-51.529635	115.161951	-66.638500
	0.042824	-52.568354	115.161951	-66.638500
	0.042833	-52.854812	115.161951	-66.578900
	0.042843	-52.883595	115.161951	-66.578900
	0.042852	-52.375314	115.161951	-66.578900
	0.042862	-52.425945	115.161951	-66.578900
	0.042871	-53.850143	115.161951	-66.519200
	0.042881	-53.652285	115.161951	-66.340400
	0.042890	-53.509894	115.161951	-66.280800
	0.042899	-53.085364	115.161951	-66.280800
	0.042909	-52.712001	115.161951	-66.221200
	0.042918	-53.676744	115.161951	-66.280800
	0.042928	-53.955666	115.161951	-66.280800
	0.042937	-53.216495	115.161951	-66.340400
	0.042947	-53.348316	115.161951	-66.400000
	0.042956	-53.135354	115.161951	-66.340400
	0.042966	-53.651710	115.161951	-66.400000
	0.042975	-54.540515	115.161951	-66.340400
	0.042985	-52.723417	115.161951	-66.400000
	0.042994	-54.914538	115.161951	-66.519200
	0.043004	-55.535579	115.161951	-66.459600
	0.043013	-54.996709	115.161951	-66.400000
	0.043023	-54.866729	115.161951	-66.340400
	0.043032	-55.683828	115.161951	-66.340400
	0.043041	-55.227972	115.161951	-66.459600
	0.043051	-54.461396	115.161951	-66.519200
	0.043060	-54.691058	115.161951	-66.519200
	0.043070	-54.624634	115.161951	-66.519200
	0.043079	-54.429686	115.161951	-66.459600
	0.043089	-54.386505	115.161951	-66.400000
	0.043098	-54.472704	115.161951	-66.400000
	0.043108	-55.300171	115.161951	-66.400000
	0.043117	-54.252131	115.161951	-66.400000
	0.043127	-56.096149	115.161951	-66.340400
	0.043136	-55.352256	115.161951	-66.280800
	0.043146	-55.895741	115.161951	-66.221200
	0.043155	-56.235004	115.161951	-66.221200
	0.043165	-55.533720	115.161951	-66.280800
	0.043174	-55.628289	115.161951	-66.280800
	0.043184	-54.879061	115.161951	-66.221200
	0.043193	-57.772100	115.161951	-65.863600
	0.043202	-58.460987	115.161951	-65.804000
	0.043212	-57.019022	115.161951	-65.804000
	0.043221	-56.469402	115.161951	-65.804000
	0.043231	-58.989594	115.161951	-65.565600
	0.043240	-59.061918	115.161951	-65.267600
	0.043250	-58.444088	115.161951	-65.207900
	0.043259	-59.641995	115.161951	-65.267600
	0.043269	-61.996494	115.161951	-65.744400
	0.043278	-62.584890	115.161951	-65.863600
	0.043288	-61.910637	115.161951	-65.982800
	0.043297	-62.230449	115.161951	-65.982800
	0.043307	-60.433617	115.161951	-66.042400
	0.043316	-61.333594	115.161951	-66.102000
	0.043326	-61.449461	115.161951	-66.102000
	0.043335	-61.273777	115.161951	-66.102000
	0.043344	-63.047623	115.161951	-66.102000
	0.043354	-61.458356	115.161951	-65.982800
	0.043363	-61.323548	115.161951	-65.982800
	0.043373	-61.862642	115.161951	-66.042400
	0.043382	-60.561088	115.161951	-66.042400
	0.043392	-60.886718	115.161951	-66.042400
	0.043401	-61.357355	115.161951	-66.102000
	0.043411	-61.382118	115.161951	-66.102000
	0.043420	-61.899802	115.161951	-66.102000
	0.043430	-60.901673	115.161951	-66.102000
	0.043439	-61.765572	115.161951	-66.221200
	0.043449	-61.352804	115.161951	-66.221200
	0.043458	-60.925956	115.161951	-66.280800
	0.043468	-60.615875	115.161951	-66.221200
	0.043477	-60.592110	115.161951	-66.221200
	0.043487	-60.914751	115.161951	-66.221200
	0.043496	-60.067980	115.161951	-66.221200
	0.043505	-64.683706	115.161951	-63.717800
	0.043515	-70.573992	115.161951	-61.929700
	0.043524	-69.617388	115.161951	-61.452900
	0.043534	-68.946115	115.161951	-61.333600
	0.043543	-70.234828	115.161951	-61.333600
	0.043553	-70.840044	115.161951	-61.333600
	0.043562	-69.192886	115.161951	-61.333600
	0.043572	-69.419112	115.161951	-61.333600
	0.043581	-70.592023	115.161951	-61.274000
	0.043591	-70.316931	115.161951	-61.333600
	0.043600	-70.506225	115.161951	-61.393200
	0.043610	-71.235398	115.161951	-61.393200
	0.043619	-70.642403	115.161951	-61.393200
	0.043629	-70.430030	115.161951	-61.035600
	0.043638	-74.125813	115.161951	-59.783700
	0.043647	-75.729377	115.161951	-59.187600
	0.043657	-76.069264	115.161951	-59.068400
	0.043666	-75.495771	115.161951	-59.008800
	0.043676	-75.610201	115.161951	-59.068400
	0.043685	-76.789610	115.161951	-59.068400
	0.043695	-76.069584	115.161951	-59.128000
	0.043704	-74.569765	115.161951	-59.187600
	0.043714	-74.934188	115.161951	-59.187600
	0.043723	-75.346654	115.161951	-59.187600
	0.043733	-75.716966	115.161951	-59.247200
	0.043742	-75.408104	115.161951	-59.187600
	0.043752	-76.165186	115.161951	-59.008800
	0.043761	-76.301916	115.161951	-58.949200
	0.043771	-77.107111	115.161951	-58.770400
	0.043780	-76.399999	115.161951	-58.651200
	0.043790	-74.855243	115.161951	-58.651200
	0.043799	-76.132855	115.161951	-58.591600
	0.043808	-76.166841	115.161951	-58.591600
	0.043818	-77.191419	115.161951	-58.532000
	0.043827	-77.300037	115.161951	-57.876300
	0.043837	-78.749236	115.161951	-56.147800
	0.043846	-79.578747	115.161951	-55.551800
	0.043856	-79.103668	115.161951	-55.372900
	0.043865	-79.709154	115.161951	-55.253700
	0.043875	-79.908077	115.161951	-55.134500
	0.043884	-79.398992	115.161951	-55.134500
	0.043894	-78.994214	115.161951	-55.134500
	0.043903	-79.485550	115.161951	-55.134500
	0.043913	-80.086546	115.161951	-55.134500
	0.043922	-79.788272	115.161951	-55.134500
	0.043932	-78.578209	115.161951	-55.134500
	0.043941	-78.842177	115.161951	-55.134500
	0.043950	-79.410379	115.161951	-55.134500
	0.043960	-79.343772	115.161951	-55.015300
	0.043969	-83.830546	115.161951	-54.121300
	0.043979	-85.327380	115.161951	-53.406000
	0.043988	-85.900924	115.161951	-53.227200
	0.043998	-85.260421	115.161951	-53.167600
	0.044007	-85.933326	115.161951	-53.167600
	0.044017	-85.122069	115.161951	-53.167600
	0.044026	-85.441735	115.161951	-53.167600
	0.044036	-85.973806	115.161951	-53.167600
	0.044045	-86.487225	115.161951	-53.167600
	0.044055	-86.681862	115.161951	-53.167600
	0.044064	-87.211133	115.161951	-53.167600
	0.044074	-87.493575	115.161951	-53.286800
	0.044083	-87.892958	115.161951	-53.286800
	0.044093	-86.937303	115.161951	-53.346400
	0.044102	-86.927969	115.161951	-53.346400
	0.044111	-86.478326	115.161951	-53.406000
	0.044121	-87.007119	115.161951	-53.406000
	0.044130	-86.890302	115.161951	-53.346400
	0.044140	-86.933053	115.161951	-53.167600
	0.044149	-91.822789	115.161951	-52.154300
	0.044159	-90.826602	115.161951	-51.677500
	0.044168	-92.240948	115.161951	-51.498600
	0.044178	-91.778822	115.161951	-51.558300
	0.044187	-91.585262	115.161951	-51.558300
	0.044197	-90.694490	115.161951	-51.498600
	0.044206	-91.519560	115.161951	-51.498600
	0.044216	-91.187357	115.161951	-51.498600
	0.044225	-92.057996	115.161951	-51.498600
	0.044235	-91.664009	115.161951	-51.498600
	0.044244	-91.006879	115.161951	-51.498600
	0.044253	-91.535239	115.161951	-51.498600
	0.044263	-89.662404	115.161951	-51.558300
	0.044272	-90.473474	115.161951	-51.558300
	0.044282	-90.930021	115.161951	-51.558300
	0.044291	-91.335679	115.161951	-51.558300
	0.044301	-91.105254	115.161951	-51.439000
	0.044310	-91.747020	115.161951	-51.319800
	0.044320	-90.977372	115.161951	-51.379400
	0.044329	-91.778051	115.161951	-51.379400
	0.044339	-91.349575	115.161951	-51.379400
	0.044348	-91.658801	115.161951	-51.319800
	0.044358	-92.913089	115.161951	-51.081400
	0.044367	-93.002185	115.161951	-50.902600
	0.044377	-92.250186	115.161951	-50.723800
	0.044386	-92.626166	115.161951	-50.723800
	0.044396	-92.588276	115.161951	-50.723800
	0.044405	-94.268855	115.161951	-49.889300
	0.044414	-99.437129	115.161951	-47.683900
	0.044424	-98.712246	115.161951	-46.909100
	0.044433	-98.542102	115.161951	-46.730300
	0.044443	-99.186503	115.161951	-46.611100
	0.044452	-98.786186	115.161951	-46.551500
	0.044462	-100.957192	115.161951	-46.551500
	0.044471	-100.511246	115.161951	-46.432300
	0.044481	-99.574425	115.161951	-46.432300
	0.044490	-99.488594	115.161951	-46.432300
	0.044500	-99.335680	115.161951	-46.432300
	0.044509	-100.051457	115.161951	-46.551500
	0.044519	-101.537471	115.161951	-46.551500
	0.044528	-101.368938	115.161951	-46.551500
	0.044538	-100.749111	115.161951	-46.491900
	0.044547	-101.428126	115.161951	-46.432300
	0.044556	-101.348235	115.161951	-46.491900
	0.044566	-100.378065	115.161951	-46.432300
	0.044575	-102.653835	115.161951	-46.193800
	0.044585	-102.812303	115.161951	-45.717000
	0.044594	-102.990352	115.161951	-45.419000
	0.044604	-103.957532	115.161951	-45.299800
	0.044613	-103.559084	115.161951	-45.240200
	0.044623	-104.490264	115.161951	-45.299800
	0.044632	-103.376255	115.161951	-45.299800
	0.044642	-104.936656	115.161951	-45.419000
	0.044651	-103.582972	115.161951	-45.419000
	0.044661	-104.440092	115.161951	-45.359400
	0.044670	-104.495311	115.161951	-45.419000
	0.044680	-104.276631	115.161951	-45.419000
	0.044689	-103.293084	115.161951	-45.419000
	0.044699	-103.735781	115.161951	-45.419000
	0.044708	-103.864555	115.161951	-45.419000
	0.044717	-104.223756	115.161951	-45.299800
	0.044727	-105.795069	115.161951	-44.882500
	0.044736	-105.088225	115.161951	-44.644100
	0.044746	-105.135861	115.161951	-44.465300
	0.044755	-110.047665	115.161951	-43.273200
	0.044765	-110.658606	115.161951	-42.319500
	0.044774	-110.560942	115.161951	-42.140700
	0.044784	-110.988389	115.161951	-42.140700
	0.044793	-110.828660	115.161951	-42.140700
	0.044803	-111.212925	115.161951	-42.140700
	0.044812	-109.542667	115.161951	-42.140700
	0.044822	-110.130781	115.161951	-42.140700
	0.044831	-111.067772	115.161951	-42.200300
	0.044841	-110.321300	115.161951	-42.140700
	0.044850	-110.915473	115.161951	-42.140700
	0.044859	-110.318239	115.161951	-42.081100
	0.044869	-110.645798	115.161951	-42.081100
	0.044878	-111.237129	115.161951	-42.140700
	0.044888	-110.491862	115.161951	-42.140700
	0.044897	-110.968259	115.161951	-42.140700
	0.044907	-110.716336	115.161951	-42.140700
	0.044916	-110.179347	115.161951	-42.200300
	0.044926	-110.966200	115.161951	-42.200300
	0.044935	-110.844595	115.161951	-42.200300
	0.044945	-109.197416	115.161951	-42.200300
	0.044954	-110.452565	115.161951	-42.259900
	0.044964	-110.094027	115.161951	-42.200300
	0.044973	-110.643220	115.161951	-42.200300
	0.044983	-110.739307	115.161951	-42.140700
	0.044992	-110.770554	115.161951	-42.140700
	0.045002	-109.702982	115.161951	-42.200300
	0.045011	-110.996844	115.161951	-42.200300
	0.045020	-110.062109	115.161951	-42.200300
	0.045030	-111.216534	115.161951	-42.200300
	0.045039	-111.039950	115.161951	-42.200300
	0.045049	-110.457396	115.161951	-42.200300
	0.045058	-110.736964	115.161951	-42.200300
	0.045068	-112.141642	115.161951	-42.081100
	0.045077	-112.526973	115.161951	-41.902300
	0.045087	-114.230078	115.161951	-41.663900
	0.045096	-114.264884	115.161951	-41.544700
	0.045106	-114.448387	115.161951	-41.544700
	0.045115	-114.031834	115.161951	-41.485100
	0.045125	-114.354614	115.161951	-41.425500
	0.045134	-113.488235	115.161951	-41.425500
	0.045144	-113.257935	115.161951	-41.365900
	0.045153	-114.387679	115.161951	-41.306300
	0.045162	-113.524216	115.161951	-41.246600
	0.045172	-112.560720	115.161951	-41.246600
	0.045181	-114.311337	115.161951	-41.246600
	0.045191	-112.871855	115.161951	-41.246600
	0.045200	-113.737911	115.161951	-41.306300
	0.045210	-114.212993	115.161951	-41.365900
	0.045219	-113.457551	115.161951	-41.365900
	0.045229	-114.227635	115.161951	-41.306300
	0.045238	-112.262871	115.161951	-41.306300
	0.045248	-112.687059	115.161951	-41.306300
	0.045257	-115.032928	115.161951	-41.365900
	0.045267	-114.746655	115.161951	-41.425500
	0.045276	-114.047819	115.161951	-41.425500
	0.045286	-115.002591	115.161951	-41.365900
	0.045295	-114.034804	115.161951	-41.306300
	0.045305	-114.323911	115.161951	-41.365900
	0.045314	-115.720438	115.161951	-41.306300
	0.045323	-114.268917	115.161951	-41.246600
	0.045333	-115.258199	115.161951	-41.306300
	0.045342	-116.150087	115.161951	-41.306300
	0.045352	-115.033086	115.161951	-41.365900
	0.045361	-115.269210	115.161951	-41.306300
	0.045371	-115.437616	115.161951	-41.306300
	0.045380	-115.480903	115.161951	-41.246600
	0.045390	-115.539468	115.161951	-41.246600
	0.045399	-115.429846	115.161951	-41.306300
	0.045409	-115.544272	115.161951	-41.306300
	0.045418	-114.959281	115.161951	-41.246600
	0.045428	-115.354696	115.161951	-41.246600
	0.045437	-114.380210	115.161951	-41.246600
	0.045447	-115.197637	115.161951	-41.246600
	0.045456	-115.696532	115.161951	-41.246600
	0.045465	-114.173080	115.161951	-41.246600
	0.045475	-114.604068	115.161951	-41.246600
	0.045484	-114.119008	115.161951	-41.246600
	0.045494	-114.566828	115.161951	-41.306300
	0.045503	-114.216365	115.161951	-41.306300
	0.045513	-114.859895	115.161951	-41.306300
	0.045522	-114.674590	115.161951	-41.365900
	0.045532	-115.179072	115.161951	-41.365900
	0.045541	-114.707753	115.161951	-41.365900
	0.045551	-114.102356	115.161951	-41.306300
	0.045560	-114.719188	115.161951	-41.306300
	0.045570	-114.349594	115.161951	-41.365900
	0.045579	-114.773115	115.161951	-41.425500
	0.045589	-115.630095	115.161951	-41.485100
	0.045598	-114.903110	115.161951	-41.425500
	0.045608	-114.503414	115.161951	-41.365900
	0.045617	-114.938354	115.161951	-41.485100
	0.045626	-115.240269	115.161951	-41.485100
	0.045636	-115.472440	115.161951	-41.365900
	0.045645	-115.609304	115.161951	-41.306300
	0.045655	-115.255974	115.161951	-41.306300
	0.045664	-114.433458	115.161951	-41.246600
	0.045674	-114.954680	115.161951	-41.306300
	0.045683	-115.978440	115.161951	-41.246600
	0.045693	-114.896484	115.161951	-41.246600
	0.045702	-115.604572	115.161951	-41.246600
	0.045712	-115.288043	115.161951	-41.246600
	0.045721	-115.064995	115.161951	-41.246600
	0.045731	-115.600732	115.161951	-41.306300
	0.045740	-114.683228	115.161951	-41.306300
	0.045750	-115.626647	115.161951	-41.306300
	0.045759	-114.930504	115.161951	-41.365900
	0.045768	-115.963337	115.161951	-41.365900
	0.045778	-116.955364	115.161951	-41.306300
	0.045787	-116.096030	115.161951	-41.246600
	0.045797	-118.248097	115.161951	-41.008200
	0.045806	-123.581295	115.161951	-40.114200
	0.045816	-122.518523	115.161951	-39.577700
	0.045825	-122.681414	115.161951	-39.518100
	0.045835	-122.362613	115.161951	-39.518100
	0.045844	-122.270631	115.161951	-39.577700
	0.045854	-122.256534	115.161951	-39.577700
	0.045863	-122.271222	115.161951	-39.518100
	0.045873	-122.161851	115.161951	-39.518100
	0.045882	-121.642025	115.161951	-39.458500
	0.045892	-121.765743	115.161951	-39.398900
	0.045901	-121.974821	115.161951	-39.339300
	0.045910	-121.791026	115.161951	-39.339300
	0.045920	-122.584335	115.161951	-39.398900
	0.045929	-122.037683	115.161951	-39.339300
	0.045939	-122.294247	115.161951	-39.339300
	0.045948	-122.315490	115.161951	-39.339300
	0.045958	-121.204461	115.161951	-39.339300
	0.045967	-122.139697	115.161951	-39.339300
	0.045977	-122.250307	115.161951	-39.339300
	0.045986	-122.171557	115.161951	-38.981700
	0.045996	-123.343588	115.161951	-38.683600
	0.046005	-123.321749	115.161951	-38.445200
	0.046015	-128.825328	115.161951	-36.597500
	0.046024	-134.599230	115.161951	-34.153700
	0.046034	-134.732602	115.161951	-33.319200
	0.046043	-135.171959	115.161951	-33.140400
	0.046053	-133.905226	115.161951	-33.021200
	0.046062	-135.940536	115.161951	-33.021200
	0.046071	-134.772102	115.161951	-33.021200
	0.046081	-135.739682	115.161951	-32.902000
	0.046090	-135.649221	115.161951	-32.782800
	0.046100	-135.348310	115.161951	-32.723200
	0.046109	-134.683033	115.161951	-32.723200
	0.046119	-135.174654	115.161951	-32.723200
	0.046128	-135.521291	115.161951	-32.663600
	0.046138	-134.503486	115.161951	-32.604000
	0.046147	-134.955422	115.161951	-32.723200
	0.046157	-136.351479	115.161951	-32.723200
	0.046166	-135.973470	115.161951	-32.663600
	0.046176	-135.986334	115.161951	-32.604000
	0.046185	-135.686524	115.161951	-32.604000
	0.046195	-134.969114	115.161951	-32.604000
	0.046204	-134.764640	115.161951	-32.663600
	0.046213	-135.684493	115.161951	-32.604000
	0.046223	-136.499701	115.161951	-32.544400
	0.046232	-135.862726	115.161951	-32.544400
	0.046242	-136.499350	115.161951	-32.544400
	0.046251	-137.179821	115.161951	-32.484800
	0.046261	-136.980160	115.161951	-32.425200
	0.046270	-136.331549	115.161951	-32.425200
	0.046280	-136.855470	115.161951	-32.484800
	0.046289	-135.105671	115.161951	-32.484800
	0.046299	-136.423087	115.161951	-32.484800
	0.046308	-136.444938	115.161951	-32.484800
	0.046318	-136.350786	115.161951	-32.484800
	0.046327	-136.518743	115.161951	-32.484800
	0.046337	-137.107725	115.161951	-32.484800
	0.046346	-135.805168	115.161951	-32.425200
	0.046356	-137.766235	115.161951	-32.425200
	0.046365	-137.476971	115.161951	-32.484800
	0.046374	-136.806334	115.161951	-32.484800
	0.046384	-137.128002	115.161951	-32.425200
	0.046393	-136.884383	115.161951	-32.484800
	0.046403	-137.374603	115.161951	-32.544400
	0.046412	-137.649726	115.161951	-32.544400
	0.046422	-136.453505	115.161951	-32.484800
	0.046431	-136.213576	115.161951	-32.425200
	0.046441	-136.963999	115.161951	-32.365600
	0.046450	-137.106708	115.161951	-32.484800
	0.046460	-137.747481	115.161951	-32.484800
	0.046469	-137.343512	115.161951	-32.544400
	0.046479	-137.020864	115.161951	-32.544400
	0.046488	-136.058615	115.161951	-32.484800
	0.046498	-137.699551	115.161951	-32.484800
	0.046507	-137.645297	115.161951	-32.484800
	0.046516	-137.654295	115.161951	-32.484800
	0.046526	-137.415741	115.161951	-32.365600
	0.046535	-137.499632	115.161951	-32.365600
	0.046545	-137.146717	115.161951	-32.365600
	0.046554	-137.777022	115.161951	-32.425200
	0.046564	-136.721293	115.161951	-32.365600
	0.046573	-137.370323	115.161951	-32.365600
	0.046583	-137.387844	115.161951	-32.425200
	0.046592	-136.528406	115.161951	-32.365600
	0.046602	-137.632897	115.161951	-32.484800
	0.046611	-137.584319	115.161951	-32.484800
	0.046621	-137.643849	115.161951	-32.484800
	0.046630	-137.150789	115.161951	-32.544400
	0.046640	-137.352171	115.161951	-32.484800
	0.046649	-137.399991	115.161951	-32.484800
	0.046659	-137.800981	115.161951	-32.425200
	0.046668	-137.313818	115.161951	-32.425200
	0.046677	-137.308225	115.161951	-32.425200
	0.046687	-139.890346	115.161951	-32.007900
	0.046696	-141.416406	115.161951	-31.650300
	0.046706	-141.761890	115.161951	-31.471500
	0.046715	-141.887326	115.161951	-31.411900
	0.046725	-142.759505	115.161951	-31.411900
	0.046734	-143.138115	115.161951	-31.471500
	0.046744	-141.819354	115.161951	-31.471500
	0.046753	-141.963789	115.161951	-31.471500
	0.046763	-142.021264	115.161951	-31.531100
	0.046772	-141.814238	115.161951	-31.531100
	0.046782	-141.549762	115.161951	-31.531100
	0.046791	-141.500569	115.161951	-31.471500
	0.046801	-140.876741	115.161951	-31.411900
	0.046810	-142.151927	115.161951	-31.352300
	0.046819	-141.629307	115.161951	-31.352300
	0.046829	-142.543239	115.161951	-31.352300
	0.046838	-141.093362	115.161951	-31.411900
	0.046848	-141.426641	115.161951	-31.411900
	0.046857	-140.418423	115.161951	-31.352300
	0.046867	-141.509825	115.161951	-31.352300
	0.046876	-141.699109	115.161951	-31.352300
	0.046886	-142.215825	115.161951	-31.352300
	0.046895	-142.140612	115.161951	-31.411900
	0.046905	-142.816100	115.161951	-31.471500
	0.046914	-142.279041	115.161951	-31.471500
	0.046924	-142.360031	115.161951	-31.471500
	0.046933	-141.950814	115.161951	-31.471500
	0.046943	-142.415202	115.161951	-31.411900
	0.046952	-142.056066	115.161951	-31.352300
	0.046962	-141.458236	115.161951	-31.113900
	0.046971	-142.840910	115.161951	-30.935000
	0.046980	-141.966959	115.161951	-30.935000
	0.046990	-142.301805	115.161951	-30.875400
	0.046999	-142.324609	115.161951	-30.875400
	0.047009	-142.171123	115.161951	-30.875400
	0.047018	-141.927490	115.161951	-30.875400
	0.047028	-143.379464	115.161951	-30.756200
	0.047037	-147.158500	115.161951	-29.921600
	0.047047	-146.814125	115.161951	-29.504400
	0.047056	-146.415961	115.161951	-29.444800
	0.047066	-146.039858	115.161951	-29.444800
	0.047075	-146.477311	115.161951	-29.444800
	0.047085	-147.233927	115.161951	-29.444800
	0.047094	-147.670898	115.161951	-29.385200
	0.047104	-151.963022	115.161951	-28.610300
	0.047113	-151.722749	115.161951	-28.014300
	0.047122	-151.437910	115.161951	-27.597100
	0.047132	-152.459037	115.161951	-27.418300
	0.047141	-151.977064	115.161951	-27.358600
	0.047151	-151.971248	115.161951	-27.358600
	0.047160	-151.700639	115.161951	-27.358600
	0.047170	-151.519277	115.161951	-27.358600
	0.047179	-153.170793	115.161951	-27.418300
	0.047189	-152.607753	115.161951	-27.418300
	0.047198	-152.224667	115.161951	-27.418300
	0.047208	-153.134417	115.161951	-27.418300
	0.047217	-152.237995	115.161951	-27.418300
	0.047227	-152.062478	115.161951	-27.418300
	0.047236	-153.087784	115.161951	-27.299000
	0.047246	-155.377759	115.161951	-26.941400
	0.047255	-153.603766	115.161951	-26.703000
	0.047265	-154.585825	115.161951	-26.703000
	0.047274	-155.511205	115.161951	-26.703000
	0.047283	-157.000008	115.161951	-26.405000
	0.047293	-156.843126	115.161951	-26.285800
	0.047302	-157.832565	115.161951	-26.285800
	0.047312	-157.706838	115.161951	-26.285800
	0.047321	-156.625879	115.161951	-26.285800
	0.047331	-157.144566	115.161951	-26.285800
	0.047340	-155.467733	115.161951	-26.285800
	0.047350	-156.300055	115.161951	-26.285800
	0.047359	-156.158134	115.161951	-26.345400
	0.047369	-156.663278	115.161951	-26.285800
	0.047378	-157.241945	115.161951	-26.285800
	0.047388	-156.907717	115.161951	-26.285800
	0.047397	-156.505561	115.161951	-26.285800
	0.047407	-156.868954	115.161951	-26.285800
	0.047416	-155.756547	115.161951	-26.345400
	0.047425	-156.646235	115.161951	-26.345400
	0.047435	-156.036631	115.161951	-26.405000
	0.047444	-157.065788	115.161951	-26.405000
	0.047454	-157.127325	115.161951	-26.405000
	0.047463	-156.334187	115.161951	-26.405000
	0.047473	-155.739625	115.161951	-26.405000
	0.047482	-157.034227	115.161951	-25.868500
	0.047492	-157.775491	115.161951	-25.451300
	0.047501	-156.538142	115.161951	-25.272500
	0.047511	-157.541478	115.161951	-25.212900
	0.047520	-157.140202	115.161951	-25.272500
	0.047530	-157.702602	115.161951	-25.212900
	0.047539	-157.964070	115.161951	-25.272500
	0.047549	-157.867709	115.161951	-25.212900
	0.047558	-157.873390	115.161951	-25.153300
	0.047568	-158.752678	115.161951	-23.961200
	0.047577	-160.507195	115.161951	-23.245900
	0.047586	-161.777620	115.161951	-22.947900
	0.047596	-162.357308	115.161951	-22.769100
	0.047605	-162.108121	115.161951	-22.709500
	0.047615	-161.991472	115.161951	-22.709500
	0.047624	-161.543525	115.161951	-22.769100
	0.047634	-161.931642	115.161951	-22.709500
	0.047643	-161.752021	115.161951	-22.649900
	0.047653	-161.590578	115.161951	-22.649900
	0.047662	-162.145231	115.161951	-22.709500
	0.047672	-161.248735	115.161951	-22.769100
	0.047681	-162.709455	115.161951	-22.828700
	0.047691	-160.503706	115.161951	-22.828700
	0.047700	-162.784790	115.161951	-22.769100
	0.047710	-164.086435	115.161951	-22.471100
	0.047719	-164.325121	115.161951	-22.232600
	0.047728	-164.038925	115.161951	-22.173000
	0.047738	-163.148025	115.161951	-22.113400
	0.047747	-164.115984	115.161951	-22.053800
	0.047757	-166.571888	115.161951	-21.636600
	0.047766	-166.981073	115.161951	-21.279000
	0.047776	-167.958951	115.161951	-21.219400
	0.047785	-167.186222	115.161951	-21.159800
	0.047795	-166.852463	115.161951	-21.100200
	0.047804	-166.755214	115.161951	-21.100200
	0.047814	-167.929858	115.161951	-21.100200
	0.047823	-167.016373	115.161951	-21.100200
	0.047833	-166.901435	115.161951	-21.040600
	0.047842	-166.711222	115.161951	-21.040600
	0.047852	-167.035431	115.161951	-21.100200
	0.047861	-166.258676	115.161951	-21.040600
	0.047871	-166.436736	115.161951	-21.040600
	0.047880	-166.460060	115.161951	-21.040600
	0.047889	-166.930699	115.161951	-21.040600
	0.047899	-167.119607	115.161951	-21.100200
	0.047908	-167.242925	115.161951	-21.100200
	0.047918	-166.785327	115.161951	-21.100200
	0.047927	-166.890409	115.161951	-21.100200
	0.047937	-166.664462	115.161951	-21.040600
	0.047946	-166.757883	115.161951	-21.100200
	0.047956	-166.402301	115.161951	-21.100200
	0.047965	-167.556731	115.161951	-21.100200
	0.047975	-166.780087	115.161951	-21.100200
	0.047984	-166.838325	115.161951	-21.159800
	0.047994	-166.705468	115.161951	-21.219400
	0.048003	-167.005604	115.161951	-21.219400
	0.048013	-167.588333	115.161951	-21.219400
	0.048022	-165.949209	115.161951	-21.219400
	0.048031	-166.141651	115.161951	-21.219400
	0.048041	-167.255488	115.161951	-21.219400
	0.048050	-166.722452	115.161951	-21.219400
	0.048060	-167.262261	115.161951	-21.219400
	0.048069	-166.614440	115.161951	-21.219400
	0.048079	-166.107700	115.161951	-21.219400
	0.048088	-167.881245	115.161951	-21.159800
	0.048098	-167.837795	115.161951	-21.100200
	0.048107	-166.907923	115.161951	-21.040600
	0.048117	-167.963542	115.161951	-21.040600
	0.048126	-167.554089	115.161951	-21.040600
	0.048136	-167.014440	115.161951	-20.981000
	0.048145	-167.464739	115.161951	-21.040600
	0.048155	-167.687847	115.161951	-20.682900
	0.048164	-168.621039	115.161951	-20.206100
	0.048174	-169.170248	115.161951	-20.027300
	0.048183	-169.368480	115.161951	-20.086900
	0.048192	-169.036367	115.161951	-20.086900
	0.048202	-169.144346	115.161951	-20.027300
	0.048211	-169.696514	115.161951	-19.967700
	0.048221	-169.451340	115.161951	-20.027300
	0.048230	-170.068440	115.161951	-19.967700
	0.048240	-168.735994	115.161951	-19.908100
	0.048249	-170.053032	115.161951	-19.908100
	0.048259	-168.676217	115.161951	-19.967700
	0.048268	-169.014868	115.161951	-19.967700
	0.048278	-169.460406	115.161951	-19.967700
	0.048287	-170.941773	115.161951	-19.967700
	0.048297	-170.414955	115.161951	-20.027300
	0.048306	-170.904558	115.161951	-20.086900
	0.048316	-170.086357	115.161951	-20.086900
	0.048325	-169.846668	115.161951	-20.146500
	0.048334	-169.956515	115.161951	-20.146500
	0.048344	-170.245004	115.161951	-20.146500
	0.048353	-169.938469	115.161951	-20.146500
	0.048363	-170.094146	115.161951	-20.146500
	0.048372	-169.341477	115.161951	-20.086900
	0.048382	-170.152788	115.161951	-20.086900
	0.048391	-168.946875	115.161951	-20.086900
	0.048401	-169.387408	115.161951	-20.146500
	0.048410	-169.938409	115.161951	-20.146500
	0.048420	-169.430579	115.161951	-20.146500
	0.048429	-170.244327	115.161951	-20.086900
	0.048439	-169.872422	115.161951	-20.027300
	0.048448	-169.853099	115.161951	-20.086900
	0.048458	-170.369845	115.161951	-20.086900
	0.048467	-169.328911	115.161951	-20.027300
	0.048477	-169.502433	115.161951	-19.967700
	0.048486	-169.549981	115.161951	-20.027300
	0.048495	-169.044624	115.161951	-19.967700
	0.048505	-169.203777	115.161951	-19.967700
	0.048514	-169.970226	115.161951	-19.967700
	0.048524	-169.104455	115.161951	-19.967700
	0.048533	-168.635724	115.161951	-20.086900
	0.048543	-168.758195	115.161951	-20.086900
	0.048552	-169.210678	115.161951	-20.206100
	0.048562	-169.963680	115.161951	-20.206100
	0.048571	-169.634583	115.161951	-20.146500
	0.048581	-170.193800	115.161951	-20.086900
	0.048590	-170.170554	115.161951	-20.146500
	0.048600	-169.788329	115.161951	-20.146500
	0.048609	-168.815370	115.161951	-20.146500
	0.048619	-171.314937	115.161951	-20.146500
	0.048628	-169.564029	115.161951	-20.146500
	0.048637	-169.707627	115.161951	-20.146500
	0.048647	-170.707172	115.161951	-20.146500
	0.048656	-170.073674	115.161951	-20.206100
	0.048666	-169.982582	115.161951	-20.206100
	0.048675	-171.181837	115.161951	-20.146500
	0.048685	-170.571536	115.161951	-20.086900
	0.048694	-170.477729	115.161951	-20.027300
	0.048704	-171.661921	115.161951	-19.908100
	0.048713	-170.781770	115.161951	-19.788900
	0.048723	-171.653201	115.161951	-19.848500
	0.048732	-171.344189	115.161951	-19.788900
	0.048742	-171.330207	115.161951	-19.788900
	0.048751	-171.006386	115.161951	-19.788900
	0.048761	-172.023581	115.161951	-19.788900
	0.048770	-171.990323	115.161951	-19.848500
	0.048780	-171.050550	115.161951	-19.848500
	0.048789	-172.035923	115.161951	-19.908100
	0.048798	-171.331491	115.161951	-19.848500
	0.048808	-170.998401	115.161951	-19.788900
	0.048817	-171.666860	115.161951	-19.788900
	0.048827	-171.728065	115.161951	-19.788900
	0.048836	-171.528159	115.161951	-19.848500
	0.048846	-172.776476	115.161951	-19.848500
	0.048855	-172.826484	115.161951	-19.788900
	0.048865	-172.018789	115.161951	-19.848500
	0.048874	-172.365081	115.161951	-19.848500
	0.048884	-171.884413	115.161951	-19.848500
	0.048893	-171.055935	115.161951	-19.848500
	0.048903	-172.402202	115.161951	-19.908100
	0.048912	-172.589930	115.161951	-19.848500
	0.048922	-171.478800	115.161951	-19.788900
	0.048931	-171.779692	115.161951	-19.848500
	0.048940	-171.356616	115.161951	-19.788900
	0.048950	-172.593924	115.161951	-19.729300
	0.048959	-172.064511	115.161951	-19.729300
	0.048969	-172.412593	115.161951	-19.788900
	0.048978	-172.950729	115.161951	-19.788900
	0.048988	-172.650388	115.161951	-19.729300
	0.048997	-172.747151	115.161951	-19.729300
	0.049007	-173.162687	115.161951	-19.669600
	0.049016	-173.400323	115.161951	-19.669600
	0.049026	-172.377229	115.161951	-19.669600
	0.049035	-172.720347	115.161951	-19.669600
	0.049045	-171.719884	115.161951	-19.669600
	0.049054	-171.693939	115.161951	-19.729300
	0.049064	-171.419465	115.161951	-19.788900
	0.049073	-171.562311	115.161951	-19.788900
	0.049083	-172.259561	115.161951	-19.788900
	0.049092	-170.955192	115.161951	-19.788900
	0.049101	-172.109950	115.161951	-19.729300
	0.049111	-173.401466	115.161951	-19.312000
	0.049120	-176.092792	115.161951	-18.716000
	0.049130	-175.865652	115.161951	-18.537200
	0.049139	-176.680585	115.161951	-18.477600
	0.049149	-176.473749	115.161951	-18.477600
	0.049158	-176.677428	115.161951	-18.477600
	0.049168	-176.788720	115.161951	-18.537200
	0.049177	-177.345482	115.161951	-18.596800
	0.049187	-176.258366	115.161951	-18.596800
	0.049196	-175.865239	115.161951	-18.537200
	0.049206	-174.836832	115.161951	-18.537200
	0.049215	-176.205404	115.161951	-18.537200
	0.049225	-176.073485	115.161951	-18.537200
	0.049234	-176.000468	115.161951	-18.596800
	0.049243	-175.742024	115.161951	-18.596800
	0.049253	-175.866651	115.161951	-18.537200
	0.049262	-175.835491	115.161951	-18.537200
	0.049272	-176.724345	115.161951	-18.537200
	0.049281	-176.434498	115.161951	-18.537200
	0.049291	-175.318345	115.161951	-18.477600
	0.049300	-176.897209	115.161951	-18.418000
	0.049310	-176.290519	115.161951	-18.418000
	0.049319	-175.380795	115.161951	-18.477600
	0.049329	-175.461637	115.161951	-18.477600
	0.049338	-176.091922	115.161951	-18.537200
	0.049348	-175.958109	115.161951	-18.596800
	0.049357	-175.842487	115.161951	-18.596800
	0.049367	-176.694742	115.161951	-18.656400
	0.049376	-176.991606	115.161951	-18.716000
	0.049386	-175.985231	115.161951	-18.716000
	0.049395	-176.689874	115.161951	-18.716000
	0.049404	-176.182353	115.161951	-18.716000
	0.049414	-176.463456	115.161951	-18.716000
	0.049423	-176.450777	115.161951	-18.716000
	0.049433	-176.957303	115.161951	-18.656400
	0.049442	-176.083149	115.161951	-18.656400
	0.049452	-175.697659	115.161951	-18.656400
	0.049461	-176.380369	115.161951	-18.656400
	0.049471	-176.106538	115.161951	-18.656400
	0.049480	-175.593417	115.161951	-18.656400
	0.049490	-176.585878	115.161951	-18.656400
	0.049499	-176.588208	115.161951	-18.656400
	0.049509	-175.820985	115.161951	-18.596800
	0.049518	-175.939477	115.161951	-18.656400
	0.049528	-176.682988	115.161951	-18.656400
	0.049537	-175.991313	115.161951	-18.656400
	0.049546	-175.431132	115.161951	-18.656400
	0.049556	-177.343077	115.161951	-18.596800
	0.049565	-175.961339	115.161951	-18.656400
	0.049575	-176.494739	115.161951	-18.537200
	0.049584	-175.574842	115.161951	-18.537200
	0.049594	-177.039139	115.161951	-18.596800
	0.049603	-177.088018	115.161951	-18.596800
	0.049613	-176.438203	115.161951	-18.656400
	0.049622	-176.908910	115.161951	-18.656400
	0.049632	-176.518911	115.161951	-18.537200
	0.049641	-175.988048	115.161951	-18.477600
	0.049651	-176.355846	115.161951	-18.537200
	0.049660	-176.084016	115.161951	-18.477600
	0.049670	-177.031951	115.161951	-18.596800
	0.049679	-176.479578	115.161951	-18.596800
	0.049689	-175.576881	115.161951	-18.537200
	0.049698	-176.444866	115.161951	-18.537200
	0.049707	-176.747197	115.161951	-18.537200
	0.049717	-177.366510	115.161951	-18.537200
	0.049726	-175.805502	115.161951	-18.537200
	0.049736	-176.539255	115.161951	-18.596800
	0.049745	-176.631550	115.161951	-18.656400
	0.049755	-176.644322	115.161951	-18.596800
	0.049764	-175.428611	115.161951	-18.596800
	0.049774	-175.955378	115.161951	-18.656400
	0.049783	-176.442028	115.161951	-18.656400
	0.049793	-176.239899	115.161951	-18.656400
	0.049802	-175.110473	115.161951	-18.596800
	0.049812	-175.735944	115.161951	-18.596800
	0.049821	-176.112165	115.161951	-18.596800
	0.049831	-175.032932	115.161951	-18.596800
	0.049840	-177.324629	115.161951	-18.656400
	0.049849	-176.178384	115.161951	-18.656400
	0.049859	-177.141710	115.161951	-18.596800
	0.049868	-175.643089	115.161951	-18.656400
	0.049878	-176.858963	115.161951	-18.656400
	0.049887	-176.569033	115.161951	-18.656400
	0.049897	-176.751911	115.161951	-18.537200
	0.049906	-176.576092	115.161951	-18.537200
	0.049916	-177.054985	115.161951	-18.477600
	0.049925	-177.533997	115.161951	-18.477600
	0.049935	-177.374928	115.161951	-18.477600
	0.049944	-177.045028	115.161951	-18.537200
	0.049954	-177.251264	115.161951	-18.537200
	0.049963	-176.558955	115.161951	-18.537200
	0.049973	-177.291467	115.161951	-18.537200
	0.049982	-176.461383	115.161951	-18.477600
	0.049991	-176.375150	115.161951	-18.477600
	0.050001	-176.914750	115.161951	-18.477600
	0.050010	-176.873283	115.161951	-18.477600
	0.050020	-175.521433	115.161951	-18.477600
	0.050029	-177.192439	115.161951	-18.298700
	0.050039	-180.851004	115.161951	-17.404700
	0.050048	-180.051974	115.161951	-16.868200
	0.050058	-180.956252	115.161951	-16.749000
	0.050067	-179.706592	115.161951	-16.749000
	0.050077	-180.323391	115.161951	-16.749000
	0.050086	-181.530814	115.161951	-16.749000
	0.050096	-180.218996	115.161951	-16.749000
	0.050105	-180.261041	115.161951	-16.689400
	0.050115	-181.180901	115.161951	-16.749000
	0.050124	-181.273650	115.161951	-16.749000
	0.050134	-180.385628	115.161951	-16.749000
	0.050143	-180.179005	115.161951	-16.749000
	0.050152	-181.270023	115.161951	-16.808600
	0.050162	-181.235552	115.161951	-16.808600
	0.050171	-181.073572	115.161951	-16.808600
	0.050181	-180.281621	115.161951	-16.749000
	0.050190	-180.684458	115.161951	-16.749000
	0.050200	-181.683685	115.161951	-16.749000
	0.050209	-181.402013	115.161951	-16.749000
	0.050219	-181.453648	115.161951	-16.689400
	0.050228	-180.762448	115.161951	-16.689400
	0.050238	-181.582441	115.161951	-16.629800
	0.050247	-181.927283	115.161951	-16.570200
	0.050257	-181.793876	115.161951	-16.510600
	0.050266	-181.095115	115.161951	-16.510600
	0.050276	-181.965714	115.161951	-16.570200
	0.050285	-181.059598	115.161951	-16.570200
	0.050294	-181.878473	115.161951	-16.570200
	0.050304	-182.545261	115.161951	-16.570200
	0.050313	-181.738406	115.161951	-16.510600
	0.050323	-181.682946	115.161951	-16.570200
	0.050332	-181.977912	115.161951	-16.570200
	0.050342	-182.008755	115.161951	-16.510600
	0.050351	-181.359461	115.161951	-16.570200
	0.050361	-181.844430	115.161951	-16.510600
	0.050370	-180.795003	115.161951	-16.510600
	0.050380	-182.047711	115.161951	-16.451000
	0.050389	-180.737142	115.161951	-16.510600
	0.050399	-181.346510	115.161951	-16.510600
	0.050408	-181.760419	115.161951	-16.451000
	0.050418	-182.326434	115.161951	-16.391400
	0.050427	-182.267179	115.161951	-16.451000
	0.050437	-180.785963	115.161951	-16.451000
	0.050446	-182.602675	115.161951	-16.391400
	0.050455	-182.594078	115.161951	-16.391400
	0.050465	-181.760523	115.161951	-16.391400
	0.050474	-181.761077	115.161951	-16.510600
	0.050484	-183.254334	115.161951	-16.451000
