	-0.071022	-0.812709	115.161951	-24.914900
	-0.068270	-0.918392	115.161951	-24.974500
	-0.065518	-0.390684	115.161951	-25.153300
	-0.062767	0.343241	115.161951	-25.391700
	-0.060015	-0.449752	115.161951	-25.630100
	-0.057264	-0.928851	115.161951	-25.808900
	-0.054512	-0.450678	115.161951	-26.107000
	-0.051760	-1.446922	115.161951	-26.285800
	-0.049009	-2.057772	115.161951	-26.643400
	-0.046257	-0.836958	115.161951	-26.822200
	-0.043506	-1.282791	115.161951	-27.120200
	-0.040754	-1.957406	115.161951	-27.299000
	-0.038002	-1.939985	115.161951	-27.656700
	-0.035251	-2.558705	115.161951	-28.014300
	-0.032499	-1.772974	115.161951	-28.371900
	-0.029748	-2.853691	115.161951	-28.789200
	-0.026996	-2.231104	115.161951	-29.087200
	-0.024245	-2.224655	115.161951	-29.444800
	-0.021493	-3.144527	115.161951	-30.040900
	-0.018741	-1.807747	115.161951	-30.577400
	-0.015990	-3.273187	115.161951	-31.173500
	-0.013238	-2.073555	115.161951	-31.709900
	-0.010487	-4.026511	115.161951	-32.425200
	-0.007735	-4.643923	115.161951	-33.080800
	-0.004984	-4.055002	115.161951	-33.796100
	-0.002232	-4.593226	115.161951	-34.511300
	0.000520	-5.336441	115.161951	-35.345800
	0.003271	-6.234363	115.161951	-36.120600
	0.006023	-5.238325	115.161951	-37.193500
	0.008774	-6.617749	115.161951	-38.206800
	0.011526	-7.468102	115.161951	-39.518100
	0.014278	-7.628867	115.161951	-40.769800
	0.017029	-8.551687	115.161951	-42.438700
	0.019781	-9.385182	115.161951	-44.167300
	0.022532	-9.831095	115.161951	-46.372600
	0.025284	-10.771975	115.161951	-48.816400
	0.028036	-12.521131	115.161951	-51.498600
	0.030787	-13.828049	115.161951	-54.598100
	0.033539	-15.557027	115.161951	-59.068400
	0.036290	-17.366524	115.161951	-64.135100
	0.036290	-19.975636	115.161951	-69.678300
	0.036300	-21.194566	115.161951	-71.824100
	0.036309	-20.731052	115.161951	-72.241300
	0.036319	-21.597475	115.161951	-72.300900
	0.036328	-22.114796	115.161951	-72.420100
	0.036338	-20.611108	115.161951	-72.420100
	0.036347	-22.230750	115.161951	-72.360500
	0.036357	-21.734162	115.161951	-72.420100
	0.036366	-21.516774	115.161951	-72.360500
	0.036376	-21.543968	115.161951	-72.420100
	0.036385	-21.748950	115.161951	-72.420100
	0.036394	-21.203174	115.161951	-72.479700
	0.036404	-21.508230	115.161951	-72.479700
	0.036413	-21.764179	115.161951	-72.479700
	0.036423	-22.170956	115.161951	-72.479700
	0.036432	-21.670169	115.161951	-72.539300
	0.036442	-21.383745	115.161951	-72.479700
	0.036451	-22.091716	115.161951	-72.479700
	0.036461	-22.604143	115.161951	-72.479700
	0.036470	-21.761539	115.161951	-72.479700
	0.036480	-21.826833	115.161951	-72.479700
	0.036489	-22.367065	115.161951	-72.598900
	0.036499	-22.069495	115.161951	-72.539300
	0.036508	-21.454141	115.161951	-72.539300
	0.036518	-22.104708	115.161951	-72.598900
	0.036527	-23.000701	115.161951	-72.598900
	0.036537	-22.777380	115.161951	-72.718100
	0.036546	-22.240761	115.161951	-72.658500
	0.036555	-22.039665	115.161951	-72.658500
	0.036565	-21.531030	115.161951	-72.658500
	0.036574	-22.482449	115.161951	-72.658500
	0.036584	-22.980327	115.161951	-72.658500
	0.036593	-21.853391	115.161951	-72.718100
	0.036603	-21.535029	115.161951	-72.718100
	0.036612	-22.377164	115.161951	-72.718100
	0.036622	-20.677742	115.161951	-72.718100
	0.036631	-21.809591	115.161951	-72.718100
	0.036641	-22.128355	115.161951	-72.718100
	0.036650	-22.297066	115.161951	-72.718100
	0.036660	-21.354548	115.161951	-72.718100
	0.036669	-21.758397	115.161951	-72.718100
	0.036679	-21.733262	115.161951	-72.718100
	0.036688	-22.496411	115.161951	-72.718100
	0.036697	-23.120119	115.161951	-72.658500
	0.036707	-21.589753	115.161951	-72.598900
	0.036716	-23.116802	115.161951	-72.658500
	0.036726	-22.525018	115.161951	-72.718100
	0.036735	-23.556077	115.161951	-72.777700
	0.036745	-22.989561	115.161951	-72.718100
	0.036754	-22.122226	115.161951	-72.718100
	0.036764	-23.530888	115.161951	-72.718100
	0.036773	-23.522909	115.161951	-72.718100
	0.036783	-22.771664	115.161951	-72.777700
	0.036792	-21.903152	115.161951	-72.837300
	0.036802	-23.164536	115.161951	-72.896900
	0.036811	-22.764680	115.161951	-72.837300
	0.036821	-22.958393	115.161951	-72.837300
	0.036830	-22.265809	115.161951	-72.896900
	0.036840	-22.491788	115.161951	-73.016200
	0.036849	-22.119545	115.161951	-73.016200
	0.036858	-22.058926	115.161951	-73.016200
	0.036868	-21.678992	115.161951	-73.075800
	0.036877	-22.283466	115.161951	-73.075800
	0.036887	-22.258620	115.161951	-73.075800
	0.036896	-22.574213	115.161951	-73.135400
	0.036906	-21.718663	115.161951	-73.195000
	0.036915	-21.978371	115.161951	-73.254600
	0.036925	-23.113343	115.161951	-73.254600
	0.036934	-22.429093	115.161951	-73.254600
	0.036944	-23.197306	115.161951	-73.314200
	0.036953	-22.101325	115.161951	-73.314200
	0.036963	-23.162619	115.161951	-73.373800
	0.036972	-22.748564	115.161951	-73.373800
	0.036982	-24.096316	115.161951	-73.433400
	0.036991	-22.971680	115.161951	-73.552600
	0.037000	-21.554858	115.161951	-73.612200
	0.037010	-22.952553	115.161951	-73.731400
	0.037019	-22.883066	115.161951	-73.731400
	0.037029	-22.924871	115.161951	-73.791000
	0.037038	-22.797861	115.161951	-73.791000
	0.037048	-23.410407	115.161951	-73.850600
	0.037057	-23.245696	115.161951	-73.910200
	0.037067	-22.144890	115.161951	-73.910200
	0.037076	-22.550391	115.161951	-73.910200
	0.037086	-21.872954	115.161951	-73.910200
	0.037095	-21.981796	115.161951	-73.969800
	0.037105	-22.200355	115.161951	-73.910200
	0.037114	-21.942508	115.161951	-73.910200
	0.037124	-22.711347	115.161951	-73.910200
	0.037133	-22.062497	115.161951	-73.910200
	0.037143	-23.011073	115.161951	-73.910200
	0.037152	-22.379377	115.161951	-73.910200
	0.037161	-22.029738	115.161951	-73.910200
	0.037171	-22.706190	115.161951	-73.910200
	0.037180	-22.628353	115.161951	-73.969800
	0.037190	-22.079315	115.161951	-73.969800
	0.037199	-22.139728	115.161951	-73.969800
	0.037209	-23.571899	115.161951	-73.910200
	0.037218	-22.074114	115.161951	-73.969800
	0.037228	-22.553074	115.161951	-74.029400
	0.037237	-22.483785	115.161951	-74.089000
	0.037247	-23.910339	115.161951	-74.148600
	0.037256	-22.417793	115.161951	-74.208200
	0.037266	-22.468698	115.161951	-74.148600
	0.037275	-23.001679	115.161951	-74.029400
	0.037285	-23.186844	115.161951	-74.089000
	0.037294	-23.328543	115.161951	-74.148600
	0.037303	-22.678333	115.161951	-74.148600
	0.037313	-22.631856	115.161951	-74.089000
	0.037322	-23.723315	115.161951	-74.148600
	0.037332	-23.270722	115.161951	-74.148600
	0.037341	-23.396027	115.161951	-74.208200
	0.037351	-23.238408	115.161951	-74.208200
	0.037360	-22.876869	115.161951	-74.148600
	0.037370	-23.790075	115.161951	-74.208200
	0.037379	-23.514649	115.161951	-74.208200
	0.037389	-23.583216	115.161951	-74.267900
	0.037398	-23.840509	115.161951	-74.267900
	0.037408	-24.016527	115.161951	-74.267900
	0.037417	-23.342456	115.161951	-74.208200
	0.037427	-23.686951	115.161951	-74.208200
	0.037436	-24.059927	115.161951	-74.208200
	0.037446	-23.320406	115.161951	-74.208200
	0.037455	-24.995739	115.161951	-74.208200
	0.037464	-23.864499	115.161951	-74.208200
	0.037474	-22.677651	115.161951	-74.208200
	0.037483	-23.453111	115.161951	-74.267900
	0.037493	-23.130723	115.161951	-74.208200
	0.037502	-23.312399	115.161951	-74.148600
	0.037512	-23.656634	115.161951	-74.148600
	0.037521	-23.551871	115.161951	-74.148600
	0.037531	-23.105398	115.161951	-74.208200
	0.037540	-25.010549	115.161951	-74.267900
	0.037550	-23.302837	115.161951	-74.267900
	0.037559	-23.318239	115.161951	-74.387100
	0.037569	-23.014884	115.161951	-74.387100
	0.037578	-22.714250	115.161951	-74.327500
	0.037588	-23.254843	115.161951	-74.327500
	0.037597	-23.534820	115.161951	-74.387100
	0.037606	-23.921899	115.161951	-74.446700
	0.037616	-24.124128	115.161951	-74.506300
	0.037625	-23.473653	115.161951	-74.565900
	0.037635	-23.666719	115.161951	-74.685100
	0.037644	-23.085900	115.161951	-74.744700
	0.037654	-23.201336	115.161951	-74.625500
	0.037663	-23.791308	115.161951	-74.565900
	0.037673	-22.910483	115.161951	-74.625500
	0.037682	-22.819461	115.161951	-74.625500
	0.037692	-22.188717	115.161951	-74.685100
	0.037701	-23.062926	115.161951	-74.685100
	0.037711	-21.815097	115.161951	-74.744700
	0.037720	-21.963276	115.161951	-74.744700
	0.037730	-22.247936	115.161951	-74.685100
	0.037739	-22.527293	115.161951	-74.685100
	0.037748	-22.463903	115.161951	-74.625500
	0.037758	-22.644832	115.161951	-74.685100
	0.037767	-22.556166	115.161951	-74.565900
	0.037777	-23.017834	115.161951	-74.565900
	0.037786	-21.979589	115.161951	-74.565900
	0.037796	-23.137980	115.161951	-74.565900
	0.037805	-23.140517	115.161951	-74.565900
	0.037815	-22.306356	115.161951	-74.565900
	0.037824	-22.508413	115.161951	-74.565900
	0.037834	-23.339190	115.161951	-74.565900
	0.037843	-22.747437	115.161951	-74.565900
	0.037853	-23.160272	115.161951	-74.565900
	0.037862	-23.411612	115.161951	-74.625500
	0.037872	-22.010552	115.161951	-74.625500
	0.037881	-23.821134	115.161951	-74.565900
	0.037891	-23.160721	115.161951	-74.565900
	0.037900	-22.805784	115.161951	-74.685100
	0.037909	-22.641055	115.161951	-74.685100
	0.037919	-22.668027	115.161951	-74.685100
	0.037928	-24.033777	115.161951	-74.685100
	0.037938	-23.578247	115.161951	-74.744700
	0.037947	-24.403231	115.161951	-74.685100
	0.037957	-23.128343	115.161951	-74.685100
	0.037966	-22.667853	115.161951	-74.685100
	0.037976	-22.649381	115.161951	-74.744700
	0.037985	-22.906339	115.161951	-74.804300
	0.037995	-23.845651	115.161951	-74.804300
	0.038004	-23.324742	115.161951	-74.863900
	0.038014	-23.191703	115.161951	-74.863900
	0.038023	-22.565858	115.161951	-74.923500
	0.038033	-23.834680	115.161951	-74.983100
	0.038042	-22.965687	115.161951	-75.042700
	0.038051	-22.849669	115.161951	-75.042700
	0.038061	-23.892740	115.161951	-75.102300
	0.038070	-22.756813	115.161951	-75.102300
	0.038080	-21.568104	115.161951	-75.102300
	0.038089	-22.700471	115.161951	-75.221500
	0.038099	-23.463850	115.161951	-75.221500
	0.038108	-23.057862	115.161951	-75.221500
	0.038118	-21.925629	115.161951	-75.221500
	0.038127	-23.997788	115.161951	-75.221500
	0.038137	-22.224577	115.161951	-75.221500
	0.038146	-22.287518	115.161951	-75.221500
	0.038156	-23.013179	115.161951	-75.221500
	0.038165	-22.538944	115.161951	-75.221500
	0.038175	-23.898086	115.161951	-75.221500
	0.038184	-22.063231	115.161951	-75.281100
	0.038194	-23.840492	115.161951	-75.281100
	0.038203	-22.638160	115.161951	-75.340700
	0.038212	-23.263175	115.161951	-75.340700
	0.038222	-23.358510	115.161951	-75.340700
	0.038231	-23.257823	115.161951	-75.400300
	0.038241	-23.841610	115.161951	-75.519600
	0.038250	-23.682413	115.161951	-75.519600
	0.038260	-22.824946	115.161951	-75.459900
	0.038269	-23.387157	115.161951	-75.519600
	0.038279	-23.089444	115.161951	-75.579200
	0.038288	-23.241253	115.161951	-75.638800
	0.038298	-23.462738	115.161951	-75.638800
	0.038307	-23.481360	115.161951	-75.698400
	0.038317	-23.567247	115.161951	-75.698400
	0.038326	-23.867810	115.161951	-75.698400
	0.038336	-21.742055	115.161951	-75.698400
	0.038345	-22.892022	115.161951	-75.698400
	0.038354	-23.885675	115.161951	-75.698400
	0.038364	-23.544963	115.161951	-75.817600
	0.038373	-23.607454	115.161951	-75.698400
	0.038383	-22.181089	115.161951	-75.698400
	0.038392	-22.238381	115.161951	-75.698400
	0.038402	-22.953402	115.161951	-75.758000
	0.038411	-23.687649	115.161951	-75.698400
	0.038421	-22.928734	115.161951	-75.698400
	0.038430	-23.005887	115.161951	-75.638800
	0.038440	-23.336159	115.161951	-75.698400
	0.038449	-23.220555	115.161951	-75.698400
	0.038459	-22.868742	115.161951	-75.698400
	0.038468	-22.392181	115.161951	-75.698400
	0.038478	-23.503106	115.161951	-75.758000
	0.038487	-23.543872	115.161951	-75.817600
	0.038497	-22.739640	115.161951	-75.877200
	0.038506	-24.163303	115.161951	-75.936800
	0.038515	-23.840248	115.161951	-75.936800
	0.038525	-23.633597	115.161951	-75.877200
	0.038534	-23.193925	115.161951	-75.936800
	0.038544	-23.076768	115.161951	-75.996400
	0.038553	-23.395721	115.161951	-75.996400
	0.038563	-22.854320	115.161951	-75.996400
	0.038572	-22.356515	115.161951	-75.996400
	0.038582	-21.776057	115.161951	-76.056000
	0.038591	-23.461533	115.161951	-76.115600
	0.038601	-22.305692	115.161951	-76.056000
	0.038610	-22.438130	115.161951	-76.056000
	0.038620	-23.728841	115.161951	-76.056000
	0.038629	-24.287872	115.161951	-76.056000
	0.038639	-23.914525	115.161951	-76.056000
	0.038648	-24.388922	115.161951	-75.996400
	0.038657	-23.459895	115.161951	-76.056000
	0.038667	-24.556907	115.161951	-76.115600
	0.038676	-24.146551	115.161951	-76.175200
	0.038686	-23.761652	115.161951	-76.234800
	0.038695	-23.912070	115.161951	-76.413600
	0.038705	-23.454724	115.161951	-76.413600
	0.038714	-24.260509	115.161951	-76.354000
	0.038724	-24.735774	115.161951	-76.354000
	0.038733	-23.828761	115.161951	-76.354000
	0.038743	-24.333039	115.161951	-76.413600
	0.038752	-23.357984	115.161951	-76.473200
	0.038762	-24.608151	115.161951	-76.473200
	0.038771	-25.139957	115.161951	-76.413600
	0.038781	-25.451372	115.161951	-76.413600
	0.038790	-24.673059	115.161951	-76.413600
	0.038800	-25.093510	115.161951	-76.413600
	0.038809	-24.434580	115.161951	-76.413600
	0.038818	-24.963917	115.161951	-76.413600
	0.038828	-24.015286	115.161951	-76.413600
	0.038837	-23.808167	115.161951	-76.473200
	0.038847	-23.444139	115.161951	-76.473200
	0.038856	-23.159661	115.161951	-76.473200
	0.038866	-22.834342	115.161951	-76.473200
	0.038875	-23.733342	115.161951	-76.354000
	0.038885	-23.899257	115.161951	-76.413600
	0.038894	-24.436740	115.161951	-76.473200
	0.038904	-22.263808	115.161951	-76.473200
	0.038913	-23.994412	115.161951	-76.413600
	0.038923	-23.575950	115.161951	-76.413600
	0.038932	-23.481710	115.161951	-76.413600
	0.038942	-23.860871	115.161951	-76.473200
	0.038951	-24.078549	115.161951	-76.473200
	0.038960	-24.049466	115.161951	-76.532800
	0.038970	-23.921498	115.161951	-76.532800
	0.038979	-24.412243	115.161951	-76.652000
	0.038989	-23.640514	115.161951	-76.771200
	0.038998	-24.365322	115.161951	-76.771200
	0.039008	-24.865917	115.161951	-76.771200
	0.039017	-23.603259	115.161951	-76.771200
	0.039027	-24.469375	115.161951	-76.771200
	0.039036	-23.538021	115.161951	-76.890500
	0.039046	-23.589393	115.161951	-76.950100
	0.039055	-24.914555	115.161951	-76.890500
	0.039065	-23.356794	115.161951	-76.950100
	0.039074	-24.730486	115.161951	-76.950100
	0.039084	-24.262457	115.161951	-76.950100
	0.039093	-24.904312	115.161951	-76.950100
	0.039103	-24.497216	115.161951	-77.069300
	0.039112	-25.400876	115.161951	-77.248100
	0.039121	-25.483130	115.161951	-77.248100
	0.039131	-25.323598	115.161951	-77.248100
	0.039140	-25.791872	115.161951	-77.307700
	0.039150	-25.312375	115.161951	-77.307700
	0.039159	-24.912583	115.161951	-77.367300
	0.039169	-25.683907	115.161951	-77.486500
	0.039178	-25.576945	115.161951	-77.486500
	0.039188	-25.293693	115.161951	-77.486500
	0.039197	-25.386591	115.161951	-77.426900
	0.039207	-26.323334	115.161951	-77.426900
	0.039216	-25.218309	115.161951	-77.367300
	0.039226	-25.895798	115.161951	-77.426900
	0.039235	-25.723124	115.161951	-77.486500
	0.039245	-25.380552	115.161951	-77.546100
	0.039254	-26.162529	115.161951	-77.605700
	0.039263	-25.584615	115.161951	-77.665300
	0.039273	-26.284823	115.161951	-77.605700
	0.039282	-26.257793	115.161951	-77.665300
	0.039292	-24.916333	115.161951	-77.784500
	0.039301	-26.088443	115.161951	-77.724900
	0.039311	-26.175300	115.161951	-77.724900
	0.039320	-26.121496	115.161951	-77.784500
	0.039330	-26.179745	115.161951	-77.784500
	0.039339	-25.604464	115.161951	-77.844100
	0.039349	-26.933453	115.161951	-77.844100
	0.039358	-25.963212	115.161951	-77.844100
	0.039368	-26.191823	115.161951	-77.784500
	0.039377	-25.346678	115.161951	-77.784500
	0.039387	-26.062679	115.161951	-77.903700
	0.039396	-25.814826	115.161951	-77.903700
	0.039406	-25.726629	115.161951	-77.963300
	0.039415	-25.007823	115.161951	-77.784500
	0.039424	-25.663582	115.161951	-77.665300
	0.039434	-25.987153	115.161951	-77.605700
	0.039443	-25.068250	115.161951	-77.665300
	0.039453	-26.228246	115.161951	-77.724900
	0.039462	-24.917650	115.161951	-77.784500
	0.039472	-25.463675	115.161951	-77.784500
	0.039481	-25.552879	115.161951	-77.784500
	0.039491	-25.313121	115.161951	-77.784500
	0.039500	-25.558435	115.161951	-77.844100
	0.039510	-25.603499	115.161951	-77.784500
	0.039519	-25.405683	115.161951	-77.844100
	0.039529	-24.982588	115.161951	-77.903700
	0.039538	-25.895208	115.161951	-77.903700
	0.039548	-25.558293	115.161951	-77.963300
	0.039557	-25.366928	115.161951	-77.963300
	0.039566	-25.071902	115.161951	-77.963300
	0.039576	-26.140878	115.161951	-78.022900
	0.039585	-24.983934	115.161951	-78.082600
	0.039595	-25.480311	115.161951	-78.082600
	0.039604	-26.133586	115.161951	-78.022900
	0.039614	-24.838677	115.161951	-78.082600
	0.039623	-25.831250	115.161951	-78.022900
	0.039633	-25.991832	115.161951	-77.963300
	0.039642	-25.245261	115.161951	-78.022900
	0.039652	-26.112992	115.161951	-78.082600
	0.039661	-26.375161	115.161951	-78.142200
	0.039671	-25.089611	115.161951	-78.142200
	0.039680	-26.290032	115.161951	-78.142200
	0.039690	-25.316157	115.161951	-78.201800
	0.039699	-26.197191	115.161951	-78.321000
	0.039709	-25.373484	115.161951	-78.261400
	0.039718	-26.035906	115.161951	-78.321000
	0.039727	-26.808320	115.161951	-78.440200
	0.039737	-26.489696	115.161951	-78.499800
	0.039746	-26.337277	115.161951	-78.499800
	0.039756	-26.084126	115.161951	-78.499800
	0.039765	-26.532934	115.161951	-78.559400
	0.039775	-27.938197	115.161951	-78.499800
	0.039784	-25.851365	115.161951	-78.619000
	0.039794	-26.283858	115.161951	-78.678600
	0.039803	-26.206514	115.161951	-78.678600
	0.039813	-24.681817	115.161951	-78.678600
	0.039822	-25.539432	115.161951	-78.619000
	0.039832	-26.006145	115.161951	-78.678600
	0.039841	-25.642969	115.161951	-78.678600
	0.039851	-26.809509	115.161951	-78.678600
	0.039860	-26.995392	115.161951	-78.678600
	0.039869	-25.533489	115.161951	-78.678600
	0.039879	-25.591540	115.161951	-78.678600
	0.039888	-26.369378	115.161951	-78.738200
	0.039898	-25.474129	115.161951	-78.738200
	0.039907	-26.122920	115.161951	-78.738200
	0.039917	-25.319586	115.161951	-78.678600
	0.039926	-26.009600	115.161951	-78.738200
	0.039936	-26.048755	115.161951	-78.738200
	0.039945	-25.617756	115.161951	-78.738200
	0.039955	-24.828019	115.161951	-78.738200
	0.039964	-25.411090	115.161951	-78.797800
	0.039974	-25.203947	115.161951	-78.797800
	0.039983	-25.406311	115.161951	-78.797800
	0.039993	-24.214707	115.161951	-78.797800
	0.040002	-24.715933	115.161951	-78.797800
	0.040012	-25.958316	115.161951	-78.917000
	0.040021	-24.765857	115.161951	-78.976600
	0.040030	-25.609760	115.161951	-78.917000
	0.040040	-24.576830	115.161951	-78.917000
	0.040049	-25.071049	115.161951	-78.917000
	0.040059	-25.868541	115.161951	-78.976600
	0.040068	-25.858269	115.161951	-78.976600
	0.040078	-25.302083	115.161951	-78.976600
	0.040087	-25.021515	115.161951	-79.036200
	0.040097	-25.004202	115.161951	-79.095800
	0.040106	-24.873774	115.161951	-79.215000
	0.040116	-24.872514	115.161951	-79.274600
	0.040125	-24.666772	115.161951	-79.274600
	0.040135	-25.889807	115.161951	-79.334200
	0.040144	-25.681765	115.161951	-79.334200
	0.040154	-26.475368	115.161951	-79.334200
	0.040163	-26.308523	115.161951	-79.334200
	0.040172	-26.349465	115.161951	-79.453500
	0.040182	-26.529646	115.161951	-79.453500
	0.040191	-24.858036	115.161951	-79.513100
	0.040201	-26.241037	115.161951	-79.572700
	0.040210	-25.870122	115.161951	-79.513100
	0.040220	-26.013713	115.161951	-79.453500
	0.040229	-26.054658	115.161951	-79.513100
	0.040239	-25.739144	115.161951	-79.632300
	0.040248	-25.648474	115.161951	-79.691900
	0.040258	-26.061031	115.161951	-79.691900
	0.040267	-26.895324	115.161951	-79.691900
	0.040277	-25.930981	115.161951	-79.572700
	0.040286	-25.721060	115.161951	-79.751500
	0.040296	-25.471696	115.161951	-79.870700
	0.040305	-26.483100	115.161951	-79.870700
	0.040315	-26.422254	115.161951	-79.930300
	0.040324	-26.500281	115.161951	-79.930300
	0.040333	-27.404256	115.161951	-79.930300
	0.040343	-27.144995	115.161951	-80.049500
	0.040352	-27.033015	115.161951	-80.049500
	0.040362	-27.154615	115.161951	-80.049500
	0.040371	-27.487856	115.161951	-80.109100
	0.040381	-26.711411	115.161951	-80.109100
	0.040390	-26.542962	115.161951	-80.168700
	0.040400	-26.526109	115.161951	-80.168700
	0.040409	-27.174324	115.161951	-79.870700
	0.040419	-27.085250	115.161951	-79.513100
	0.040428	-27.749272	115.161951	-79.453500
	0.040438	-27.097466	115.161951	-79.572700
	0.040447	-26.984630	115.161951	-79.572700
	0.040457	-26.864048	115.161951	-79.572700
	0.040466	-26.835523	115.161951	-79.572700
	0.040475	-27.588486	115.161951	-79.632300
	0.040485	-26.185080	115.161951	-79.632300
	0.040494	-27.254401	115.161951	-79.691900
	0.040504	-26.597004	115.161951	-79.811100
	0.040513	-26.594109	115.161951	-79.811100
	0.040523	-26.862594	115.161951	-79.751500
	0.040532	-26.956829	115.161951	-79.751500
	0.040542	-26.570852	115.161951	-79.811100
	0.040551	-26.590238	115.161951	-79.870700
	0.040561	-26.855680	115.161951	-79.811100
	0.040570	-26.774780	115.161951	-79.870700
	0.040580	-26.539124	115.161951	-79.930300
	0.040589	-26.925140	115.161951	-79.989900
	0.040599	-26.809833	115.161951	-80.049500
	0.040608	-26.906443	115.161951	-79.989900
	0.040618	-27.264375	115.161951	-80.049500
	0.040627	-26.500486	115.161951	-80.109100
	0.040636	-27.187705	115.161951	-80.109100
	0.040646	-27.586085	115.161951	-80.109100
	0.040655	-27.660985	115.161951	-80.109100
	0.040665	-26.618659	115.161951	-80.109100
	0.040674	-27.807781	115.161951	-80.168700
	0.040684	-26.488999	115.161951	-80.228300
	0.040693	-27.737543	115.161951	-80.287900
	0.040703	-26.252291	115.161951	-80.347500
	0.040712	-25.992452	115.161951	-80.466700
	0.040722	-26.101934	115.161951	-80.466700
	0.040731	-27.135743	115.161951	-80.466700
	0.040741	-26.024819	115.161951	-80.585900
	0.040750	-26.326766	115.161951	-80.645600
	0.040760	-26.716476	115.161951	-80.645600
	0.040769	-26.882319	115.161951	-80.645600
	0.040778	-26.915978	115.161951	-80.645600
	0.040788	-28.342211	115.161951	-80.705200
	0.040797	-26.570181	115.161951	-80.705200
	0.040807	-26.800015	115.161951	-80.764800
	0.040816	-27.426088	115.161951	-80.764800
	0.040826	-28.451690	115.161951	-80.824400
	0.040835	-26.140028	115.161951	-80.884000
	0.040845	-27.134995	115.161951	-80.884000
	0.040854	-26.569976	115.161951	-80.884000
	0.040864	-27.216968	115.161951	-80.884000
	0.040873	-26.720326	115.161951	-81.003200
	0.040883	-26.557057	115.161951	-81.122400
	0.040892	-27.036977	115.161951	-81.182000
	0.040902	-27.195955	115.161951	-81.241600
	0.040911	-27.121142	115.161951	-81.301200
	0.040921	-27.098446	115.161951	-81.301200
	0.040930	-27.165570	115.161951	-81.241600
	0.040939	-28.014885	115.161951	-81.241600
	0.040949	-28.376903	115.161951	-81.241600
	0.040958	-28.495687	115.161951	-81.241600
	0.040968	-27.757438	115.161951	-81.182000
	0.040977	-28.890451	115.161951	-81.182000
	0.040987	-27.802522	115.161951	-81.241600
	0.040996	-28.439003	115.161951	-81.062800
	0.041006	-29.689446	115.161951	-80.585900
	0.041015	-28.873679	115.161951	-80.407100
	0.041025	-28.852359	115.161951	-80.347500
	0.041034	-30.108797	115.161951	-80.347500
	0.041044	-29.883497	115.161951	-80.407100
	0.041053	-29.386224	115.161951	-80.347500
	0.041063	-28.934751	115.161951	-80.287900
	0.041072	-29.449332	115.161951	-80.287900
	0.041081	-30.105531	115.161951	-80.347500
	0.041091	-29.340290	115.161951	-80.407100
	0.041100	-29.609621	115.161951	-80.466700
	0.041110	-30.309481	115.161951	-80.407100
	0.041119	-30.602808	115.161951	-80.407100
	0.041129	-30.347017	115.161951	-80.407100
	0.041138	-29.315392	115.161951	-80.466700
	0.041148	-29.170652	115.161951	-80.466700
	0.041157	-29.149393	115.161951	-80.466700
	0.041167	-30.266155	115.161951	-80.466700
	0.041176	-29.317997	115.161951	-80.526300
	0.041186	-29.856379	115.161951	-80.645600
	0.041195	-29.254802	115.161951	-80.705200
	0.041205	-29.480376	115.161951	-80.645600
	0.041214	-29.640770	115.161951	-80.645600
	0.041224	-28.664185	115.161951	-80.705200
	0.041233	-29.700664	115.161951	-80.526300
	0.041242	-29.416354	115.161951	-80.347500
	0.041252	-29.192105	115.161951	-80.287900
	0.041261	-29.610602	115.161951	-80.287900
	0.041271	-28.652861	115.161951	-80.287900
	0.041280	-28.972491	115.161951	-80.228300
	0.041290	-29.658785	115.161951	-80.287900
	0.041299	-29.648246	115.161951	-80.347500
	0.041309	-28.366612	115.161951	-80.407100
	0.041318	-28.512809	115.161951	-80.407100
	0.041328	-28.256809	115.161951	-80.585900
	0.041337	-29.926143	115.161951	-80.287900
	0.041347	-28.983796	115.161951	-79.691900
	0.041356	-29.167836	115.161951	-79.453500
	0.041366	-29.429384	115.161951	-79.393900
	0.041375	-30.842383	115.161951	-79.393900
	0.041384	-29.426097	115.161951	-79.453500
	0.041394	-30.380096	115.161951	-79.393900
	0.041403	-29.659863	115.161951	-79.334200
	0.041413	-30.120410	115.161951	-79.334200
	0.041422	-29.315023	115.161951	-79.453500
	0.041432	-30.788491	115.161951	-79.453500
	0.041441	-29.661531	115.161951	-79.572700
	0.041451	-32.934899	115.161951	-79.572700
	0.041460	-30.074588	115.161951	-79.632300
	0.041470	-30.234227	115.161951	-79.691900
	0.041479	-30.496853	115.161951	-79.751500
	0.041489	-31.444867	115.161951	-79.811100
	0.041498	-31.422670	115.161951	-79.811100
	0.041508	-30.427497	115.161951	-79.751500
	0.041517	-30.633188	115.161951	-79.751500
	0.041527	-30.020408	115.161951	-79.811100
	0.041536	-29.680999	115.161951	-79.811100
	0.041545	-29.486965	115.161951	-79.870700
	0.041555	-31.214927	115.161951	-79.930300
	0.041564	-30.465340	115.161951	-79.930300
	0.041574	-30.987001	115.161951	-79.930300
	0.041583	-30.159362	115.161951	-79.930300
	0.041593	-29.988686	115.161951	-80.049500
	0.041602	-31.327943	115.161951	-80.109100
	0.041612	-30.830376	115.161951	-80.109100
	0.041621	-31.611518	115.161951	-80.168700
	0.041631	-30.472634	115.161951	-80.168700
	0.041640	-30.637721	115.161951	-80.228300
	0.041650	-30.657124	115.161951	-80.228300
	0.041659	-30.093975	115.161951	-80.228300
	0.041669	-31.119944	115.161951	-80.228300
	0.041678	-30.810088	115.161951	-80.168700
	0.041687	-30.687013	115.161951	-80.347500
	0.041697	-31.360307	115.161951	-80.407100
	0.041706	-32.370973	115.161951	-80.526300
	0.041716	-30.884707	115.161951	-80.526300
	0.041725	-30.925906	115.161951	-80.585900
	0.041735	-30.163175	115.161951	-80.705200
	0.041744	-30.905496	115.161951	-80.764800
	0.041754	-32.011380	115.161951	-80.764800
	0.041763	-31.421141	115.161951	-80.824400
	0.041773	-30.488535	115.161951	-80.884000
	0.041782	-31.316049	115.161951	-80.943600
	0.041792	-32.273862	115.161951	-80.884000
	0.041801	-34.053874	115.161951	-80.585900
	0.041811	-34.226031	115.161951	-80.466700
	0.041820	-33.271222	115.161951	-80.466700
	0.041829	-34.167642	115.161951	-80.466700
	0.041839	-34.639293	115.161951	-80.526300
	0.041848	-33.892377	115.161951	-80.526300
	0.041858	-34.391962	115.161951	-80.526300
	0.041867	-34.146612	115.161951	-80.526300
	0.041877	-33.546171	115.161951	-80.585900
	0.041886	-34.517186	115.161951	-80.585900
	0.041896	-33.380842	115.161951	-80.705200
	0.041905	-33.344886	115.161951	-80.884000
	0.041915	-34.385983	115.161951	-80.943600
	0.041924	-34.789278	115.161951	-81.062800
	0.041934	-34.709277	115.161951	-81.062800
	0.041943	-35.267701	115.161951	-81.182000
	0.041953	-35.979407	115.161951	-81.301200
	0.041962	-35.049633	115.161951	-81.301200
	0.041972	-35.174757	115.161951	-81.360800
	0.041981	-33.898078	115.161951	-81.360800
	0.041990	-34.790751	115.161951	-81.480000
	0.042000	-35.018282	115.161951	-81.837600
	0.042009	-36.324339	115.161951	-82.076100
	0.042019	-35.774772	115.161951	-82.076100
	0.042028	-34.434476	115.161951	-82.135700
	0.042038	-36.027705	115.161951	-82.195300
	0.042047	-34.925709	115.161951	-82.195300
	0.042057	-35.291567	115.161951	-82.195300
	0.042066	-35.148465	115.161951	-82.135700
	0.042076	-36.005043	115.161951	-82.195300
	0.042085	-35.433370	115.161951	-82.314500
	0.042095	-35.561108	115.161951	-82.254900
	0.042104	-34.880079	115.161951	-82.076100
	0.042114	-35.112679	115.161951	-82.016500
	0.042123	-35.913118	115.161951	-81.956900
	0.042132	-34.971117	115.161951	-81.897200
	0.042142	-35.570738	115.161951	-81.897200
	0.042151	-35.469431	115.161951	-82.016500
	0.042161	-35.441414	115.161951	-82.016500
	0.042170	-36.090354	115.161951	-81.956900
	0.042180	-34.424162	115.161951	-82.016500
	0.042189	-35.311050	115.161951	-82.135700
	0.042199	-35.160019	115.161951	-82.135700
	0.042208	-35.461493	115.161951	-82.076100
	0.042218	-36.579539	115.161951	-82.076100
	0.042227	-35.953845	115.161951	-82.016500
	0.042237	-34.886090	115.161951	-82.076100
	0.042246	-35.339985	115.161951	-82.135700
	0.042256	-34.914913	115.161951	-82.076100
	0.042265	-36.221820	115.161951	-82.016500
	0.042275	-36.825082	115.161951	-82.016500
	0.042284	-36.876287	115.161951	-82.076100
	0.042293	-37.229702	115.161951	-82.135700
	0.042303	-37.422546	115.161951	-82.076100
	0.042312	-36.005995	115.161951	-82.016500
	0.042322	-36.777491	115.161951	-81.956900
	0.042331	-36.876346	115.161951	-82.016500
	0.042341	-36.446390	115.161951	-82.016500
	0.042350	-37.416229	115.161951	-82.016500
	0.042360	-36.838545	115.161951	-81.897200
	0.042369	-37.667113	115.161951	-81.897200
	0.042379	-36.735770	115.161951	-81.837600
	0.042388	-37.696064	115.161951	-81.837600
	0.042398	-38.445010	115.161951	-81.837600
	0.042407	-36.302325	115.161951	-81.837600
	0.042417	-36.681191	115.161951	-81.778000
	0.042426	-36.827819	115.161951	-81.778000
	0.042435	-38.149841	115.161951	-81.837600
	0.042445	-37.072099	115.161951	-81.837600
	0.042454	-37.328564	115.161951	-81.897200
	0.042464	-37.165088	115.161951	-81.837600
	0.042473	-36.894533	115.161951	-81.897200
	0.042483	-36.434467	115.161951	-82.016500
	0.042492	-39.958805	115.161951	-81.182000
	0.042502	-40.003084	115.161951	-80.347500
	0.042511	-39.271249	115.161951	-80.109100
	0.042521	-39.412982	115.161951	-80.049500
	0.042530	-39.942543	115.161951	-80.049500
	0.042540	-40.651319	115.161951	-80.109100
	0.042549	-39.065695	115.161951	-80.168700
	0.042559	-38.734018	115.161951	-80.168700
	0.042568	-39.142006	115.161951	-80.168700
	0.042578	-41.593405	115.161951	-80.109100
	0.042587	-40.934287	115.161951	-79.870700
	0.042596	-44.372425	115.161951	-78.797800
	0.042606	-47.704617	115.161951	-77.069300
	0.042615	-48.763314	115.161951	-76.473200
	0.042625	-48.822078	115.161951	-76.473200
	0.042634	-48.011821	115.161951	-76.473200
	0.042644	-49.307053	115.161951	-76.354000
	0.042653	-49.953640	115.161951	-76.294400
	0.042663	-48.210805	115.161951	-76.354000
	0.042672	-48.369637	115.161951	-76.413600
	0.042682	-49.484715	115.161951	-76.473200
	0.042691	-50.036381	115.161951	-76.473200
	0.042701	-48.889150	115.161951	-76.473200
	0.042710	-49.306936	115.161951	-76.473200
	0.042720	-49.986541	115.161951	-76.473200
	0.042729	-49.242220	115.161951	-76.473200
	0.042738	-48.826790	115.161951	-76.532800
	0.042748	-49.352797	115.161951	-76.532800
	0.042757	-49.490663	115.161951	-76.532800
	0.042767	-50.301760	115.161951	-76.532800
	0.042776	-49.770616	115.161951	-76.532800
	0.042786	-49.489520	115.161951	-76.711600
	0.042795	-49.610229	115.161951	-76.830900
	0.042805	-49.555581	115.161951	-76.771200
	0.042814	-50.165616	115.161951	-76.890500
	0.042824	-49.873495	115.161951	-76.950100
	0.042833	-49.620062	115.161951	-77.009700
	0.042843	-51.140354	115.161951	-77.069300
	0.042852	-51.574263	115.161951	-77.128900
	0.042862	-49.650044	115.161951	-76.830900
	0.042871	-49.703917	115.161951	-76.532800
	0.042881	-51.104951	115.161951	-76.532800
	0.042890	-50.397447	115.161951	-76.652000
	0.042899	-49.275518	115.161951	-76.711600
	0.042909	-49.296098	115.161951	-76.711600
	0.042918	-50.100474	115.161951	-76.771200
	0.042928	-50.412840	115.161951	-76.830900
	0.042937	-50.056450	115.161951	-77.009700
	0.042947	-49.673332	115.161951	-77.069300
	0.042956	-57.342271	115.161951	-76.354000
	0.042966	-55.846951	115.161951	-75.340700
	0.042975	-56.968449	115.161951	-75.102300
	0.042985	-56.085961	115.161951	-75.102300
	0.042994	-56.075470	115.161951	-75.161900
	0.043004	-56.804907	115.161951	-75.102300
	0.043013	-56.733624	115.161951	-75.102300
	0.043023	-56.827128	115.161951	-75.102300
	0.043032	-56.948672	115.161951	-75.161900
	0.043041	-57.216628	115.161951	-75.221500
	0.043051	-57.925833	115.161951	-75.161900
	0.043060	-61.982623	115.161951	-73.969800
	0.043070	-61.594155	115.161951	-73.373800
	0.043079	-62.861095	115.161951	-73.254600
	0.043089	-62.257248	115.161951	-72.777700
	0.043098	-68.189766	115.161951	-68.843800
	0.043108	-68.177836	115.161951	-66.817300
	0.043117	-68.624114	115.161951	-66.340400
	0.043127	-68.690826	115.161951	-66.280800
	0.043136	-68.300987	115.161951	-66.340400
	0.043146	-68.575539	115.161951	-66.280800
	0.043155	-67.556984	115.161951	-66.280800
	0.043165	-68.337130	115.161951	-66.280800
	0.043174	-67.625001	115.161951	-66.280800
	0.043184	-68.367344	115.161951	-66.280800
	0.043193	-67.518979	115.161951	-66.280800
	0.043202	-68.133619	115.161951	-66.340400
	0.043212	-67.311144	115.161951	-66.280800
	0.043221	-66.945122	115.161951	-66.280800
	0.043231	-67.397441	115.161951	-66.340400
	0.043240	-69.092897	115.161951	-66.400000
	0.043250	-68.846454	115.161951	-66.340400
	0.043259	-68.136534	115.161951	-66.280800
	0.043269	-69.300330	115.161951	-66.340400
	0.043278	-68.001770	115.161951	-66.400000
	0.043288	-68.795998	115.161951	-66.519200
	0.043297	-69.221694	115.161951	-66.519200
	0.043307	-67.274460	115.161951	-66.519200
	0.043316	-68.590167	115.161951	-66.638500
	0.043326	-69.615024	115.161951	-66.698100
	0.043335	-68.426488	115.161951	-66.698100
	0.043344	-68.862784	115.161951	-66.698100
	0.043354	-69.697161	115.161951	-66.698100
	0.043363	-68.411866	115.161951	-66.817300
	0.043373	-68.940132	115.161951	-66.817300
	0.043382	-68.469496	115.161951	-66.817300
	0.043392	-69.427464	115.161951	-66.876900
	0.043401	-69.074736	115.161951	-66.876900
	0.043411	-69.043536	115.161951	-66.757700
	0.043420	-69.049020	115.161951	-66.698100
	0.043430	-68.569142	115.161951	-66.698100
	0.043439	-71.174983	115.161951	-66.221200
	0.043449	-72.142536	115.161951	-65.804000
	0.043458	-71.591343	115.161951	-65.684800
	0.043468	-72.416784	115.161951	-65.684800
	0.043477	-72.722345	115.161951	-65.684800
	0.043487	-79.244845	115.161951	-64.969500
	0.043496	-80.490763	115.161951	-64.254300
	0.043505	-79.166438	115.161951	-63.956200
	0.043515	-79.818426	115.161951	-63.837000
	0.043524	-79.401164	115.161951	-63.837000
	0.043534	-79.368505	115.161951	-63.896600
	0.043543	-79.543951	115.161951	-64.015900
	0.043553	-79.138610	115.161951	-63.956200
	0.043562	-79.821419	115.161951	-63.896600
	0.043572	-79.206099	115.161951	-63.896600
	0.043581	-79.347522	115.161951	-63.956200
	0.043591	-79.316634	115.161951	-63.956200
	0.043600	-79.561756	115.161951	-64.015900
	0.043610	-78.479349	115.161951	-64.015900
	0.043619	-79.285336	115.161951	-64.015900
	0.043629	-79.115200	115.161951	-64.075500
	0.043638	-79.012132	115.161951	-64.075500
	0.043647	-79.754081	115.161951	-64.075500
	0.043657	-80.819948	115.161951	-64.135100
	0.043666	-79.688980	115.161951	-64.194700
	0.043676	-79.268890	115.161951	-64.194700
	0.043685	-80.479778	115.161951	-64.135100
	0.043695	-83.076981	115.161951	-63.479400
	0.043704	-82.118558	115.161951	-63.121800
	0.043714	-82.229359	115.161951	-63.062200
	0.043723	-82.628964	115.161951	-63.002600
	0.043733	-83.770627	115.161951	-62.943000
	0.043742	-82.892146	115.161951	-62.764200
	0.043752	-90.078853	115.161951	-61.870100
	0.043761	-91.035078	115.161951	-60.856600
	0.043771	-91.315517	115.161951	-60.618200
	0.043780	-89.757353	115.161951	-60.618200
	0.043790	-91.049843	115.161951	-60.618200
	0.043799	-91.296795	115.161951	-60.618200
	0.043808	-91.354985	115.161951	-60.498900
	0.043818	-90.405840	115.161951	-60.498900
	0.043827	-91.245052	115.161951	-60.618200
	0.043837	-91.789038	115.161951	-60.677800
	0.043846	-91.538316	115.161951	-60.737400
	0.043856	-91.885330	115.161951	-60.737400
	0.043865	-90.675519	115.161951	-60.737400
	0.043875	-92.108550	115.161951	-60.737400
	0.043884	-91.798139	115.161951	-60.797000
	0.043894	-90.704509	115.161951	-60.797000
	0.043903	-92.257037	115.161951	-60.797000
	0.043913	-91.492559	115.161951	-60.797000
	0.043922	-90.765056	115.161951	-60.737400
	0.043932	-90.797914	115.161951	-60.797000
	0.043941	-91.547404	115.161951	-60.856600
	0.043950	-91.385130	115.161951	-60.916200
	0.043960	-92.134682	115.161951	-60.916200
	0.043969	-91.588308	115.161951	-60.856600
	0.043979	-90.894760	115.161951	-60.856600
	0.043988	-91.507984	115.161951	-60.916200
	0.043998	-91.013282	115.161951	-60.916200
	0.044007	-92.127499	115.161951	-60.975800
	0.044017	-91.419390	115.161951	-60.916200
	0.044026	-90.859811	115.161951	-60.916200
	0.044036	-90.762347	115.161951	-60.797000
	0.044045	-92.578157	115.161951	-60.797000
	0.044055	-91.025105	115.161951	-60.737400
	0.044064	-91.428861	115.161951	-60.737400
	0.044074	-91.248734	115.161951	-60.797000
	0.044083	-91.759291	115.161951	-60.797000
	0.044093	-90.924403	115.161951	-60.856600
	0.044102	-90.147364	115.161951	-60.797000
	0.044111	-91.226329	115.161951	-60.737400
	0.044121	-91.874585	115.161951	-60.618200
	0.044130	-92.945037	115.161951	-60.439300
	0.044140	-93.016696	115.161951	-60.379700
	0.044149	-92.173099	115.161951	-60.439300
	0.044159	-92.686010	115.161951	-60.498900
	0.044168	-93.299718	115.161951	-60.498900
	0.044178	-93.595828	115.161951	-60.498900
	0.044187	-93.929444	115.161951	-60.439300
	0.044197	-93.773613	115.161951	-60.439300
	0.044206	-94.043515	115.161951	-60.439300
	0.044216	-92.645476	115.161951	-60.498900
	0.044225	-94.140045	115.161951	-60.498900
	0.044235	-93.274776	115.161951	-60.439300
	0.044244	-93.832355	115.161951	-60.498900
	0.044253	-93.285172	115.161951	-60.558600
	0.044263	-93.551149	115.161951	-60.498900
	0.044272	-94.050209	115.161951	-60.439300
	0.044282	-93.699230	115.161951	-60.320100
	0.044291	-93.791457	115.161951	-60.320100
	0.044301	-93.966158	115.161951	-60.439300
	0.044310	-93.604353	115.161951	-60.498900
	0.044320	-93.779598	115.161951	-60.439300
	0.044329	-93.938928	115.161951	-60.379700
	0.044339	-93.521440	115.161951	-60.379700
	0.044348	-92.925689	115.161951	-60.320100
	0.044358	-94.023049	115.161951	-60.320100
	0.044367	-94.170143	115.161951	-60.320100
	0.044377	-93.554037	115.161951	-60.320100
	0.044386	-93.497319	115.161951	-60.320100
	0.044396	-92.818393	115.161951	-60.320100
	0.044405	-93.684874	115.161951	-60.320100
	0.044414	-93.802867	115.161951	-60.320100
	0.044424	-93.625145	115.161951	-60.379700
	0.044433	-94.367629	115.161951	-60.379700
	0.044443	-93.652433	115.161951	-60.439300
	0.044452	-94.196501	115.161951	-60.439300
	0.044462	-93.421134	115.161951	-60.439300
	0.044471	-94.185763	115.161951	-60.439300
	0.044481	-95.151865	115.161951	-60.320100
	0.044490	-94.759396	115.161951	-60.320100
	0.044500	-94.663240	115.161951	-60.260500
	0.044509	-94.287155	115.161951	-60.320100
	0.044519	-94.328504	115.161951	-60.320100
	0.044528	-94.269071	115.161951	-60.320100
	0.044538	-95.760655	115.161951	-60.320100
	0.044547	-94.922600	115.161951	-60.260500
	0.044556	-93.611914	115.161951	-60.260500
	0.044566	-93.920009	115.161951	-60.260500
	0.044575	-94.479008	115.161951	-60.320100
	0.044585	-94.496975	115.161951	-60.320100
	0.044594	-94.968037	115.161951	-60.320100
	0.044604	-97.887735	115.161951	-59.783700
	0.044613	-99.678698	115.161951	-59.008800
	0.044623	-98.686629	115.161951	-58.770400
	0.044632	-102.153423	115.161951	-58.472400
	0.044642	-105.423094	115.161951	-57.399500
	0.044651	-105.659943	115.161951	-56.982300
	0.044661	-104.674935	115.161951	-56.922700
	0.044670	-105.526930	115.161951	-56.922700
	0.044680	-105.072028	115.161951	-56.922700
	0.044689	-105.474436	115.161951	-56.982300
	0.044699	-105.434546	115.161951	-56.922700
	0.044708	-104.740309	115.161951	-56.922700
	0.044717	-104.280361	115.161951	-56.922700
	0.044727	-105.430920	115.161951	-56.922700
	0.044736	-105.216432	115.161951	-56.922700
	0.044746	-105.789164	115.161951	-56.743900
	0.044755	-106.187986	115.161951	-56.505400
	0.044765	-106.879749	115.161951	-56.386200
	0.044774	-106.499934	115.161951	-56.445800
	0.044784	-106.017408	115.161951	-56.445800
	0.044793	-106.229227	115.161951	-56.386200
	0.044803	-106.536977	115.161951	-56.207400
	0.044812	-106.687926	115.161951	-56.207400
	0.044822	-106.194679	115.161951	-56.207400
	0.044831	-107.106507	115.161951	-56.207400
	0.044841	-106.737983	115.161951	-56.207400
	0.044850	-113.004327	115.161951	-55.432600
	0.044859	-115.144917	115.161951	-54.240500
	0.044869	-113.394265	115.161951	-53.823200
	0.044878	-113.815758	115.161951	-53.704000
	0.044888	-114.368806	115.161951	-53.644400
	0.044897	-114.585149	115.161951	-53.704000
	0.044907	-113.999222	115.161951	-53.704000
	0.044916	-113.628570	115.161951	-53.704000
	0.044926	-114.157037	115.161951	-53.644400
	0.044935	-113.644865	115.161951	-53.644400
	0.044945	-115.152600	115.161951	-53.644400
	0.044954	-114.450501	115.161951	-53.704000
	0.044964	-113.128711	115.161951	-53.763600
	0.044973	-114.281892	115.161951	-53.763600
	0.044983	-115.390354	115.161951	-53.763600
	0.044992	-114.802768	115.161951	-53.763600
	0.045002	-113.617401	115.161951	-53.823200
	0.045011	-113.028873	115.161951	-53.882800
	0.045020	-114.405808	115.161951	-53.882800
	0.045030	-114.264633	115.161951	-53.882800
	0.045039	-114.784351	115.161951	-54.002000
	0.045049	-113.925984	115.161951	-54.061600
	0.045058	-113.429062	115.161951	-54.121300
	0.045068	-115.158437	115.161951	-54.121300
	0.045077	-113.664515	115.161951	-54.121300
	0.045087	-114.819983	115.161951	-54.180900
	0.045096	-114.397670	115.161951	-54.240500
	0.045106	-114.855334	115.161951	-54.180900
	0.045115	-114.451402	115.161951	-54.180900
	0.045125	-118.122627	115.161951	-53.584800
	0.045134	-128.436889	115.161951	-49.889300
	0.045144	-128.590425	115.161951	-47.982000
	0.045153	-129.795674	115.161951	-47.505100
	0.045162	-129.425790	115.161951	-47.326300
	0.045172	-129.569279	115.161951	-47.266700
	0.045181	-130.216846	115.161951	-47.266700
	0.045191	-129.803080	115.161951	-47.266700
	0.045200	-130.195687	115.161951	-47.266700
	0.045210	-129.407682	115.161951	-47.326300
	0.045219	-130.681245	115.161951	-47.385900
	0.045229	-130.762032	115.161951	-47.385900
	0.045238	-131.826728	115.161951	-47.385900
	0.045248	-130.234630	115.161951	-47.505100
	0.045257	-131.135347	115.161951	-47.445500
	0.045267	-130.033596	115.161951	-47.385900
	0.045276	-129.954533	115.161951	-47.445500
	0.045286	-129.690075	115.161951	-47.385900
	0.045295	-130.586529	115.161951	-47.385900
	0.045305	-130.793435	115.161951	-47.445500
	0.045314	-129.146413	115.161951	-47.385900
	0.045323	-130.856838	115.161951	-47.385900
	0.045333	-130.294051	115.161951	-47.385900
	0.045342	-130.191473	115.161951	-47.385900
	0.045352	-131.305432	115.161951	-47.266700
	0.045361	-131.062983	115.161951	-47.266700
	0.045371	-130.320880	115.161951	-47.207100
	0.045380	-130.102863	115.161951	-47.207100
	0.045390	-130.351366	115.161951	-47.147500
	0.045399	-129.644984	115.161951	-47.207100
	0.045409	-130.503677	115.161951	-47.207100
	0.045418	-130.706115	115.161951	-47.207100
	0.045428	-129.068865	115.161951	-47.207100
	0.045437	-130.102876	115.161951	-47.207100
	0.045447	-130.559941	115.161951	-47.207100
	0.045456	-129.476883	115.161951	-47.207100
	0.045465	-128.608586	115.161951	-47.266700
	0.045475	-130.315849	115.161951	-47.207100
	0.045484	-130.695679	115.161951	-47.147500
	0.045494	-129.992682	115.161951	-47.147500
	0.045503	-129.589365	115.161951	-47.207100
	0.045513	-131.929583	115.161951	-47.266700
	0.045522	-130.689250	115.161951	-47.266700
	0.045532	-131.451240	115.161951	-47.266700
	0.045541	-131.650549	115.161951	-47.207100
	0.045551	-132.049706	115.161951	-47.326300
	0.045560	-130.920453	115.161951	-47.385900
	0.045570	-130.769184	115.161951	-47.385900
	0.045579	-132.017135	115.161951	-47.505100
	0.045589	-132.447196	115.161951	-47.445500
	0.045598	-130.305160	115.161951	-47.505100
	0.045608	-131.218080	115.161951	-47.564700
	0.045617	-131.440399	115.161951	-47.624300
	0.045626	-131.607403	115.161951	-47.683900
	0.045636	-130.982939	115.161951	-47.683900
	0.045645	-130.894777	115.161951	-47.683900
	0.045655	-131.953622	115.161951	-47.743600
	0.045664	-131.514211	115.161951	-47.743600
	0.045674	-132.436257	115.161951	-47.266700
	0.045683	-136.964328	115.161951	-45.955400
	0.045693	-136.746925	115.161951	-45.419000
	0.045702	-135.872117	115.161951	-45.299800
	0.045712	-135.237007	115.161951	-45.299800
	0.045721	-137.255954	115.161951	-45.299800
	0.045731	-137.590574	115.161951	-45.359400
	0.045740	-135.850394	115.161951	-45.895800
	0.045750	-136.642541	115.161951	-46.253400
	0.045759	-137.586873	115.161951	-46.253400
	0.045768	-137.918687	115.161951	-46.253400
	0.045778	-135.199337	115.161951	-46.313000
	0.045787	-136.970802	115.161951	-46.313000
	0.045797	-136.796302	115.161951	-46.313000
	0.045806	-136.472999	115.161951	-46.313000
	0.045816	-136.141779	115.161951	-46.313000
	0.045825	-138.245762	115.161951	-46.253400
	0.045835	-138.267588	115.161951	-46.253400
	0.045844	-137.638121	115.161951	-46.134200
	0.045854	-137.890049	115.161951	-46.193800
	0.045863	-139.005304	115.161951	-46.253400
	0.045873	-138.654436	115.161951	-46.193800
	0.045882	-137.529697	115.161951	-46.193800
	0.045892	-139.091573	115.161951	-46.193800
	0.045901	-139.696526	115.161951	-46.134200
	0.045910	-137.957770	115.161951	-46.134200
	0.045920	-138.844745	115.161951	-46.134200
	0.045929	-138.514975	115.161951	-46.134200
	0.045939	-138.185102	115.161951	-46.074600
	0.045948	-137.580286	115.161951	-46.074600
	0.045958	-138.328763	115.161951	-46.015000
	0.045967	-138.486026	115.161951	-46.015000
	0.045977	-138.456421	115.161951	-46.015000
	0.045986	-137.600906	115.161951	-46.015000
	0.045996	-137.860097	115.161951	-46.015000
	0.046005	-139.095340	115.161951	-46.015000
	0.046015	-137.177738	115.161951	-45.955400
	0.046024	-137.422927	115.161951	-45.955400
	0.046034	-138.035571	115.161951	-46.015000
	0.046043	-138.477478	115.161951	-46.015000
	0.046053	-137.422835	115.161951	-46.015000
	0.046062	-137.169964	115.161951	-45.955400
	0.046071	-138.557869	115.161951	-45.955400
	0.046081	-137.432041	115.161951	-46.015000
	0.046090	-137.452620	115.161951	-45.955400
	0.046100	-139.225995	115.161951	-45.419000
	0.046109	-138.872479	115.161951	-44.822900
	0.046119	-138.969591	115.161951	-44.584500
	0.046128	-140.048732	115.161951	-44.524900
	0.046138	-140.783609	115.161951	-44.346100
	0.046147	-140.995376	115.161951	-44.286500
	0.046157	-139.687904	115.161951	-44.226900
	0.046166	-141.157726	115.161951	-44.226900
	0.046176	-141.513093	115.161951	-44.167300
	0.046185	-141.656200	115.161951	-44.107700
	0.046195	-141.306344	115.161951	-44.048100
	0.046204	-141.426457	115.161951	-44.048100
	0.046213	-140.881587	115.161951	-43.988500
	0.046223	-141.298309	115.161951	-43.988500
	0.046232	-140.600068	115.161951	-43.869300
	0.046242	-141.880845	115.161951	-43.869300
	0.046251	-141.018069	115.161951	-43.869300
	0.046261	-140.253183	115.161951	-43.869300
	0.046270	-140.377120	115.161951	-43.809600
	0.046280	-140.920445	115.161951	-43.750000
	0.046289	-140.180104	115.161951	-43.750000
	0.046299	-141.225189	115.161951	-43.690400
	0.046308	-141.098117	115.161951	-43.750000
	0.046318	-140.569192	115.161951	-43.750000
	0.046327	-141.287177	115.161951	-43.690400
	0.046337	-141.496471	115.161951	-43.630800
	0.046346	-141.063428	115.161951	-43.571200
	0.046356	-140.586575	115.161951	-43.511600
	0.046365	-143.001599	115.161951	-43.571200
	0.046374	-142.696982	115.161951	-43.452000
	0.046384	-142.236537	115.161951	-43.332800
	0.046393	-141.631148	115.161951	-43.273200
	0.046403	-142.220179	115.161951	-43.213600
	0.046412	-142.530535	115.161951	-43.273200
	0.046422	-142.421995	115.161951	-43.213600
	0.046431	-142.540621	115.161951	-43.154000
	0.046441	-143.193638	115.161951	-43.034800
	0.046450	-143.062105	115.161951	-43.094400
	0.046460	-143.210970	115.161951	-43.094400
	0.046469	-142.745263	115.161951	-43.094400
	0.046479	-142.167831	115.161951	-43.154000
	0.046488	-141.777531	115.161951	-43.154000
	0.046498	-142.526501	115.161951	-43.154000
	0.046507	-142.362356	115.161951	-43.034800
	0.046516	-142.209937	115.161951	-43.034800
	0.046526	-142.291392	115.161951	-43.034800
	0.046535	-143.443883	115.161951	-43.034800
	0.046545	-142.157629	115.161951	-43.034800
	0.046554	-142.848452	115.161951	-42.975200
	0.046564	-142.988964	115.161951	-42.915600
	0.046573	-142.681069	115.161951	-42.915600
	0.046583	-142.449625	115.161951	-42.856000
	0.046592	-141.662835	115.161951	-42.856000
	0.046602	-142.649844	115.161951	-42.856000
	0.046611	-140.882493	115.161951	-42.856000
	0.046621	-142.339358	115.161951	-42.796400
	0.046630	-141.855759	115.161951	-42.796400
	0.046640	-142.588490	115.161951	-42.856000
	0.046649	-143.197482	115.161951	-42.796400
	0.046659	-142.590126	115.161951	-42.856000
	0.046668	-142.421554	115.161951	-42.736800
	0.046677	-142.836086	115.161951	-42.736800
	0.046687	-141.959930	115.161951	-42.736800
	0.046696	-141.630519	115.161951	-42.736800
	0.046706	-142.208620	115.161951	-42.677200
	0.046715	-142.044286	115.161951	-42.736800
	0.046725	-143.456520	115.161951	-42.736800
	0.046734	-142.645772	115.161951	-42.379100
	0.046744	-142.649808	115.161951	-42.140700
	0.046753	-143.614207	115.161951	-42.081100
	0.046763	-143.795406	115.161951	-41.961900
	0.046772	-143.932165	115.161951	-42.021500
	0.046782	-144.008739	115.161951	-42.021500
	0.046791	-145.287326	115.161951	-41.902300
	0.046801	-144.268383	115.161951	-41.961900
	0.046810	-144.467134	115.161951	-41.902300
	0.046819	-143.557454	115.161951	-41.902300
	0.046829	-144.998180	115.161951	-41.902300
	0.046838	-144.572537	115.161951	-41.902300
	0.046848	-145.069980	115.161951	-41.783100
	0.046857	-145.040715	115.161951	-41.723500
	0.046867	-145.542135	115.161951	-41.723500
	0.046876	-144.996209	115.161951	-41.723500
	0.046886	-144.742507	115.161951	-41.723500
	0.046895	-145.350632	115.161951	-41.723500
	0.046905	-145.559313	115.161951	-41.723500
	0.046914	-145.824256	115.161951	-41.544700
	0.046924	-149.519966	115.161951	-40.829400
	0.046933	-149.829213	115.161951	-40.650600
	0.046943	-149.473309	115.161951	-40.650600
	0.046952	-152.311070	115.161951	-40.531400
	0.046962	-155.236881	115.161951	-39.756500
	0.046971	-156.639945	115.161951	-39.100900
	0.046980	-156.799608	115.161951	-38.981700
	0.046990	-157.226521	115.161951	-38.981700
	0.046999	-156.431986	115.161951	-39.041300
	0.047009	-156.384381	115.161951	-39.100900
	0.047018	-156.077378	115.161951	-39.160500
	0.047028	-157.072154	115.161951	-39.279700
	0.047037	-155.865118	115.161951	-39.279700
	0.047047	-156.158710	115.161951	-39.339300
	0.047056	-155.545662	115.161951	-39.339300
	0.047066	-155.778544	115.161951	-39.220100
	0.047075	-157.281213	115.161951	-38.981700
	0.047085	-157.613598	115.161951	-38.862500
	0.047094	-158.292927	115.161951	-38.862500
	0.047104	-156.964177	115.161951	-38.862500
	0.047113	-158.681419	115.161951	-38.802900
	0.047122	-158.204491	115.161951	-38.802900
	0.047132	-157.061685	115.161951	-38.743300
	0.047141	-157.290618	115.161951	-38.683600
	0.047151	-158.597625	115.161951	-38.683600
	0.047160	-159.032797	115.161951	-38.683600
	0.047170	-158.664368	115.161951	-38.683600
	0.047179	-159.033379	115.161951	-38.743300
	0.047189	-158.910509	115.161951	-38.922100
	0.047198	-158.761542	115.161951	-38.922100
	0.047208	-158.459994	115.161951	-38.981700
	0.047217	-159.790982	115.161951	-39.100900
	0.047227	-158.925124	115.161951	-39.100900
	0.047236	-158.027075	115.161951	-39.279700
	0.047246	-157.967804	115.161951	-39.398900
	0.047255	-158.254928	115.161951	-39.458500
	0.047265	-157.858030	115.161951	-39.518100
	0.047274	-158.744409	115.161951	-39.518100
	0.047283	-156.924631	115.161951	-39.577700
	0.047293	-158.923015	115.161951	-39.518100
	0.047302	-159.197835	115.161951	-39.518100
	0.047312	-159.241741	115.161951	-39.458500
	0.047321	-158.200650	115.161951	-39.458500
	0.047331	-158.798995	115.161951	-39.458500
	0.047340	-159.357923	115.161951	-39.577700
	0.047350	-158.151721	115.161951	-39.577700
	0.047359	-158.323521	115.161951	-39.220100
	0.047369	-160.976331	115.161951	-38.743300
	0.047378	-159.878224	115.161951	-38.564400
	0.047388	-160.130267	115.161951	-38.385600
	0.047397	-163.243776	115.161951	-38.147200
	0.047407	-161.972666	115.161951	-37.968400
	0.047416	-161.334366	115.161951	-37.908800
	0.047425	-161.945928	115.161951	-37.789600
	0.047435	-162.724580	115.161951	-37.730000
	0.047444	-161.415350	115.161951	-37.670400
	0.047454	-162.750064	115.161951	-37.610800
	0.047463	-161.641780	115.161951	-37.610800
	0.047473	-161.050326	115.161951	-37.610800
	0.047482	-162.330964	115.161951	-37.551200
	0.047492	-161.545999	115.161951	-37.431900
	0.047501	-162.174928	115.161951	-37.372300
	0.047511	-161.802122	115.161951	-37.372300
	0.047520	-162.660026	115.161951	-37.372300
	0.047530	-160.967475	115.161951	-37.372300
	0.047539	-162.163653	115.161951	-37.372300
	0.047549	-163.276655	115.161951	-37.431900
	0.047558	-163.651484	115.161951	-37.431900
	0.047568	-163.608012	115.161951	-37.431900
	0.047577	-163.344018	115.161951	-37.372300
	0.047586	-163.442658	115.161951	-37.312700
	0.047596	-163.992012	115.161951	-37.074300
	0.047605	-163.292956	115.161951	-37.014700
	0.047615	-164.316624	115.161951	-36.955100
	0.047624	-162.602055	115.161951	-36.955100
	0.047634	-163.201572	115.161951	-37.014700
	0.047643	-163.166504	115.161951	-37.014700
	0.047653	-162.991315	115.161951	-36.955100
	0.047662	-164.880823	115.161951	-36.955100
	0.047672	-164.772191	115.161951	-36.955100
	0.047681	-164.135303	115.161951	-36.895500
	0.047691	-164.177403	115.161951	-36.955100
	0.047700	-165.019223	115.161951	-36.418700
	0.047710	-164.163646	115.161951	-36.001400
	0.047719	-165.082986	115.161951	-35.822600
	0.047728	-164.301446	115.161951	-35.763000
	0.047738	-165.114886	115.161951	-35.584200
	0.047747	-165.774204	115.161951	-35.465000
	0.047757	-166.160223	115.161951	-35.524600
	0.047766	-166.568284	115.161951	-35.405400
	0.047776	-166.552914	115.161951	-35.345800
	0.047785	-166.291832	115.161951	-35.286200
	0.047795	-165.942657	115.161951	-35.345800
	0.047804	-166.506499	115.161951	-35.405400
	0.047814	-166.362909	115.161951	-35.345800
	0.047823	-166.415373	115.161951	-35.405400
	0.047833	-167.341680	115.161951	-35.405400
	0.047842	-166.162438	115.161951	-35.405400
	0.047852	-166.249621	115.161951	-35.465000
	0.047861	-166.279809	115.161951	-35.465000
	0.047871	-166.490955	115.161951	-35.465000
	0.047880	-167.790178	115.161951	-35.524600
	0.047889	-167.104204	115.161951	-35.584200
	0.047899	-166.962850	115.161951	-35.584200
	0.047908	-166.615347	115.161951	-35.584200
	0.047918	-167.444641	115.161951	-35.584200
	0.047927	-166.332801	115.161951	-35.643800
	0.047937	-168.455377	115.161951	-35.643800
	0.047946	-167.351116	115.161951	-35.584200
	0.047956	-166.758592	115.161951	-35.584200
	0.047965	-168.107329	115.161951	-35.584200
	0.047975	-167.771305	115.161951	-35.584200
	0.047984	-167.475310	115.161951	-35.524600
	0.047994	-166.401381	115.161951	-35.643800
	0.048003	-167.512313	115.161951	-35.643800
	0.048013	-167.058130	115.161951	-35.643800
	0.048022	-166.605942	115.161951	-35.643800
	0.048031	-167.758478	115.161951	-35.643800
	0.048041	-167.811595	115.161951	-35.584200
	0.048050	-167.738303	115.161951	-35.643800
	0.048060	-168.036446	115.161951	-35.643800
	0.048069	-166.751023	115.161951	-35.643800
	0.048079	-166.901856	115.161951	-35.703400
	0.048088	-167.778797	115.161951	-35.703400
	0.048098	-167.319668	115.161951	-35.703400
	0.048107	-166.786776	115.161951	-35.703400
	0.048117	-168.615813	115.161951	-35.703400
	0.048126	-168.186326	115.161951	-35.703400
	0.048136	-167.177002	115.161951	-35.703400
	0.048145	-166.768427	115.161951	-35.763000
	0.048155	-167.130087	115.161951	-35.822600
	0.048164	-167.723257	115.161951	-35.882200
	0.048174	-168.072407	115.161951	-35.882200
	0.048183	-167.342772	115.161951	-35.882200
	0.048192	-166.844732	115.161951	-35.882200
	0.048202	-167.105635	115.161951	-35.941800
	0.048211	-168.128926	115.161951	-36.001400
	0.048221	-166.651539	115.161951	-36.061000
	0.048230	-168.591401	115.161951	-36.120600
	0.048240	-168.691774	115.161951	-36.120600
	0.048249	-167.646858	115.161951	-36.120600
	0.048259	-168.834386	115.161951	-36.120600
	0.048268	-167.895445	115.161951	-36.180300
	0.048278	-167.861757	115.161951	-36.239900
	0.048287	-167.775585	115.161951	-36.299500
	0.048297	-167.697136	115.161951	-36.418700
	0.048306	-168.410001	115.161951	-36.537900
	0.048316	-168.780042	115.161951	-36.716700
	0.048325	-168.619853	115.161951	-36.835900
	0.048334	-168.458579	115.161951	-37.074300
	0.048344	-168.698418	115.161951	-37.133900
	0.048353	-168.946251	115.161951	-37.312700
	0.048363	-168.458496	115.161951	-37.372300
	0.048372	-168.074744	115.161951	-37.551200
	0.048382	-168.113824	115.161951	-37.551200
	0.048391	-167.789930	115.161951	-37.551200
	0.048401	-171.794520	115.161951	-37.312700
	0.048410	-171.488454	115.161951	-36.776300
	0.048420	-175.072979	115.161951	-36.359100
	0.048429	-175.808430	115.161951	-36.120600
	0.048439	-176.109573	115.161951	-35.703400
	0.048448	-176.838557	115.161951	-35.584200
	0.048458	-176.676440	115.161951	-35.584200
	0.048467	-176.593908	115.161951	-35.524600
	0.048477	-177.286375	115.161951	-35.405400
	0.048486	-177.083397	115.161951	-35.286200
	0.048495	-176.671996	115.161951	-35.286200
	0.048505	-176.565630	115.161951	-35.167000
	0.048514	-176.974450	115.161951	-35.167000
	0.048524	-176.729277	115.161951	-35.107400
	0.048533	-176.311664	115.161951	-35.167000
	0.048543	-176.368832	115.161951	-35.226600
	0.048552	-176.237003	115.161951	-35.167000
	0.048562	-176.499257	115.161951	-35.107400
	0.048571	-176.710915	115.161951	-35.047800
	0.048581	-176.400796	115.161951	-35.047800
	0.048590	-175.526568	115.161951	-34.988200
	0.048600	-176.797886	115.161951	-34.988200
	0.048609	-176.229945	115.161951	-34.988200
	0.048619	-176.866779	115.161951	-34.988200
	0.048628	-176.166445	115.161951	-34.988200
	0.048637	-175.522556	115.161951	-34.869000
	0.048647	-175.764826	115.161951	-34.928600
	0.048656	-175.258902	115.161951	-34.869000
	0.048666	-175.640845	115.161951	-34.869000
	0.048675	-175.643998	115.161951	-34.809300
	0.048685	-175.000916	115.161951	-34.869000
	0.048694	-175.833407	115.161951	-34.869000
	0.048704	-175.152757	115.161951	-34.749700
	0.048713	-175.230435	115.161951	-34.749700
	0.048723	-176.110097	115.161951	-34.749700
	0.048732	-176.485706	115.161951	-34.749700
	0.048742	-176.722831	115.161951	-34.988200
	0.048751	-176.153339	115.161951	-35.107400
	0.048761	-176.018688	115.161951	-35.167000
	0.048770	-177.547331	115.161951	-35.405400
	0.048780	-177.338436	115.161951	-35.584200
	0.048789	-175.013232	115.161951	-35.643800
	0.048798	-176.953724	115.161951	-35.643800
	0.048808	-175.890154	115.161951	-35.643800
	0.048817	-176.376517	115.161951	-35.703400
	0.048827	-176.367532	115.161951	-35.882200
	0.048836	-176.174728	115.161951	-36.001400
	0.048846	-176.214197	115.161951	-36.120600
	0.048855	-176.660652	115.161951	-36.299500
	0.048865	-176.355720	115.161951	-36.597500
	0.048874	-176.683393	115.161951	-36.716700
	0.048884	-176.506090	115.161951	-36.776300
	0.048893	-176.537163	115.161951	-36.955100
	0.048903	-177.038237	115.161951	-37.014700
	0.048912	-177.130686	115.161951	-37.074300
	0.048922	-177.027502	115.161951	-37.133900
	0.048931	-176.532470	115.161951	-37.253100
	0.048940	-176.698243	115.161951	-37.312700
	0.048950	-177.169422	115.161951	-37.312700
	0.048959	-176.874424	115.161951	-37.193500
	0.048969	-177.210113	115.161951	-37.253100
	0.048978	-177.154338	115.161951	-37.253100
	0.048988	-176.531706	115.161951	-37.253100
	0.048997	-174.970584	115.161951	-37.312700
	0.049007	-177.636712	115.161951	-37.312700
	0.049016	-176.213362	115.161951	-37.372300
	0.049026	-176.820018	115.161951	-37.372300
	0.049035	-175.658031	115.161951	-37.372300
	0.049045	-177.448610	115.161951	-37.372300
	0.049054	-176.364642	115.161951	-37.312700
	0.049064	-177.083174	115.161951	-37.372300
	0.049073	-176.836338	115.161951	-37.431900
	0.049083	-177.165791	115.161951	-37.133900
	0.049092	-179.761640	115.161951	-36.359100
	0.049101	-180.077896	115.161951	-36.120600
	0.049111	-180.079342	115.161951	-36.001400
	0.049120	-180.212886	115.161951	-35.941800
	0.049130	-179.703642	115.161951	-35.822600
	0.049139	-180.537576	115.161951	-35.763000
	0.049149	-179.153000	115.161951	-35.763000
	0.049158	-179.913408	115.161951	-35.703400
	0.049168	-181.652913	115.161951	-35.584200
	0.049177	-180.024058	115.161951	-35.465000
	0.049187	-181.283929	115.161951	-35.345800
	0.049196	-181.733057	115.161951	-35.286200
	0.049206	-181.425063	115.161951	-35.167000
	0.049215	-181.571780	115.161951	-35.107400
	0.049225	-181.062633	115.161951	-35.107400
	0.049234	-180.994052	115.161951	-35.107400
	0.049243	-181.956283	115.161951	-35.167000
	0.049253	-181.410960	115.161951	-35.167000
	0.049262	-181.205769	115.161951	-35.107400
	0.049272	-181.467591	115.161951	-35.107400
	0.049281	-181.565588	115.161951	-35.047800
	0.049291	-180.464424	115.161951	-34.988200
	0.049300	-181.669662	115.161951	-34.928600
	0.049310	-180.698033	115.161951	-34.869000
	0.049319	-181.740926	115.161951	-34.869000
	0.049329	-180.292769	115.161951	-34.869000
	0.049338	-180.413380	115.161951	-34.749700
	0.049348	-181.179748	115.161951	-34.690100
	0.049357	-180.628303	115.161951	-34.690100
	0.049367	-180.381238	115.161951	-34.570900
	0.049376	-180.999388	115.161951	-34.511300
	0.049386	-180.710005	115.161951	-34.451700
	0.049395	-179.921118	115.161951	-34.332500
	0.049404	-181.434084	115.161951	-34.153700
	0.049414	-179.720658	115.161951	-34.153700
	0.049423	-180.945314	115.161951	-34.213300
	0.049433	-179.928501	115.161951	-34.153700
	0.049442	-180.223897	115.161951	-34.034500
	0.049452	-178.756032	115.161951	-34.034500
	0.049461	-179.006419	115.161951	-33.974900
	0.049471	-180.045264	115.161951	-33.915300
	0.049480	-179.314087	115.161951	-33.915300
	0.049490	-180.512517	115.161951	-33.915300
	0.049499	-179.355430	115.161951	-33.915300
	0.049509	-180.016590	115.161951	-33.855700
	0.049518	-179.912645	115.161951	-33.736500
	0.049528	-179.934344	115.161951	-33.736500
	0.049537	-178.911478	115.161951	-33.796100
	0.049546	-179.022420	115.161951	-33.736500
	0.049556	-179.694778	115.161951	-33.736500
	0.049565	-180.252246	115.161951	-33.736500
	0.049575	-180.343093	115.161951	-33.736500
	0.049584	-181.460110	115.161951	-33.617300
	0.049594	-181.402404	115.161951	-33.617300
	0.049603	-181.026768	115.161951	-33.617300
	0.049613	-181.155273	115.161951	-33.438400
	0.049622	-183.315290	115.161951	-32.782800
	0.049632	-184.466774	115.161951	-32.604000
	0.049641	-183.919030	115.161951	-32.544400
	0.049651	-184.111916	115.161951	-32.544400
	0.049660	-184.271001	115.161951	-32.604000
	0.049670	-183.525772	115.161951	-32.604000
	0.049679	-182.743548	115.161951	-32.663600
	0.049689	-184.054219	115.161951	-32.604000
	0.049698	-184.119990	115.161951	-32.604000
	0.049707	-184.445683	115.161951	-32.544400
	0.049717	-183.667759	115.161951	-32.484800
	0.049726	-183.413778	115.161951	-32.425200
	0.049736	-184.597348	115.161951	-32.425200
	0.049745	-184.202258	115.161951	-32.365600
	0.049755	-183.770077	115.161951	-32.365600
	0.049764	-183.293820	115.161951	-32.306000
	0.049774	-183.607246	115.161951	-32.306000
	0.049783	-184.084062	115.161951	-32.246300
	0.049793	-183.185865	115.161951	-31.948300
	0.049802	-183.921753	115.161951	-31.888700
	0.049812	-183.914826	115.161951	-31.888700
	0.049821	-184.372958	115.161951	-31.888700
	0.049831	-185.520837	115.161951	-31.888700
	0.049840	-183.966594	115.161951	-31.709900
	0.049849	-185.265970	115.161951	-31.709900
	0.049859	-184.350039	115.161951	-31.709900
	0.049868	-183.906637	115.161951	-31.709900
	0.049878	-184.842108	115.161951	-31.709900
	0.049887	-183.827081	115.161951	-31.709900
	0.049897	-183.950922	115.161951	-31.709900
	0.049906	-184.137499	115.161951	-31.709900
	0.049916	-184.084012	115.161951	-31.709900
	0.049925	-184.281905	115.161951	-31.709900
	0.049935	-184.851645	115.161951	-31.709900
	0.049944	-184.349828	115.161951	-31.709900
	0.049954	-184.290483	115.161951	-31.709900
	0.049963	-183.881993	115.161951	-31.769500
	0.049973	-184.081062	115.161951	-31.769500
	0.049982	-184.112465	115.161951	-31.888700
	0.049991	-183.841734	115.161951	-31.829100
	0.050001	-185.059840	115.161951	-31.769500
	0.050010	-184.224957	115.161951	-31.769500
	0.050020	-184.778769	115.161951	-31.769500
	0.050029	-184.102845	115.161951	-31.769500
	0.050039	-185.313070	115.161951	-31.769500
	0.050048	-185.088268	115.161951	-31.769500
	0.050058	-184.055181	115.161951	-31.888700
	0.050067	-184.715190	115.161951	-31.888700
	0.050077	-183.972479	115.161951	-31.829100
	0.050086	-184.265782	115.161951	-31.888700
	0.050096	-184.456319	115.161951	-31.888700
	0.050105	-184.791390	115.161951	-31.948300
	0.050115	-185.146225	115.161951	-32.067500
	0.050124	-184.725881	115.161951	-32.007900
	0.050134	-184.583255	115.161951	-32.067500
	0.050143	-183.998102	115.161951	-32.127100
	0.050152	-183.981874	115.161951	-32.127100
	0.050162	-183.976767	115.161951	-32.127100
	0.050171	-183.906356	115.161951	-32.127100
	0.050181	-182.951306	115.161951	-32.067500
	0.050190	-184.256646	115.161951	-32.067500
	0.050200	-184.196500	115.161951	-32.186700
	0.050209	-184.951676	115.161951	-32.246300
	0.050219	-183.980898	115.161951	-32.246300
	0.050228	-183.084948	115.161951	-32.186700
	0.050238	-183.008836	115.161951	-32.186700
	0.050247	-184.629374	115.161951	-32.306000
	0.050257	-183.439161	115.161951	-32.246300
	0.050266	-183.373267	115.161951	-32.186700
	0.050276	-183.905538	115.161951	-32.186700
	0.050285	-183.220208	115.161951	-32.246300
	0.050294	-182.996381	115.161951	-32.306000
	0.050304	-184.111023	115.161951	-32.306000
	0.050313	-184.016990	115.161951	-32.127100
	0.050323	-183.495784	115.161951	-32.127100
	0.050332	-182.857672	115.161951	-32.067500
	0.050342	-183.251891	115.161951	-32.067500
	0.050351	-182.576640	115.161951	-32.067500
	0.050361	-183.361221	115.161951	-32.067500
	0.050370	-182.832766	115.161951	-32.067500
	0.050380	-183.603163	115.161951	-32.067500
	0.050389	-183.320014	115.161951	-32.067500
	0.050399	-183.468299	115.161951	-32.127100
	0.050408	-183.921450	115.161951	-32.127100
	0.050418	-183.603689	115.161951	-32.127100
	0.050427	-183.510556	115.161951	-32.067500
	0.050437	-185.105583	115.161951	-32.127100
	0.050446	-183.657991	115.161951	-32.186700
	0.050455	-183.964835	115.161951	-32.186700
	0.050465	-183.640322	115.161951	-32.127100
	0.050474	-184.069340	115.161951	-32.186700
	0.050484	-183.849771	115.161951	-32.186700
