	-0.071022	-0.890653	115.161951	65.148300
	-0.068270	-0.983979	115.161951	65.148300
	-0.065518	-1.151277	115.161951	65.029100
	-0.062767	-0.976086	115.161951	64.790700
	-0.060015	-0.405724	115.161951	64.671500
	-0.057264	-0.679785	115.161951	64.373500
	-0.054512	-1.397069	115.161951	64.194700
	-0.051760	-1.294586	115.161951	63.956200
	-0.049009	-0.836208	115.161951	63.717800
	-0.046257	-1.446538	115.161951	63.479400
	-0.043506	-1.236821	115.161951	63.181400
	-0.040754	-2.934120	115.161951	62.823800
	-0.038002	-2.108628	115.161951	62.585300
	-0.035251	-2.493252	115.161951	62.168100
	-0.032499	-2.223952	115.161951	61.750900
	-0.029748	-3.729265	115.161951	61.393200
	-0.026996	-3.184125	115.161951	60.975800
	-0.024245	-2.500734	115.161951	60.498900
	-0.021493	-3.442568	115.161951	60.022100
	-0.018741	-2.977806	115.161951	59.604900
	-0.015990	-4.734818	115.161951	59.068400
	-0.013238	-4.239335	115.161951	58.532000
	-0.010487	-3.866112	115.161951	57.876300
	-0.007735	-5.125372	115.161951	57.280300
	-0.004984	-6.027499	115.161951	56.445800
	-0.002232	-4.785766	115.161951	55.671000
	0.000520	-5.217917	115.161951	54.955700
	0.003271	-5.770151	115.161951	54.061600
	0.006023	-6.458186	115.161951	52.988800
	0.008774	-6.773776	115.161951	51.915900
	0.011526	-7.490700	115.161951	50.604600
	0.014278	-7.566447	115.161951	49.472100
	0.017029	-8.681689	115.161951	47.862800
	0.019781	-9.215577	115.161951	45.538200
	0.022532	-10.623321	115.161951	43.452000
	0.025284	-11.853933	115.161951	40.889000
	0.028036	-11.815400	115.161951	37.908800
	0.030787	-14.710586	115.161951	34.034500
	0.033539	-16.782145	115.161951	28.908400
	0.036290	-18.818139	115.161951	24.557200
	0.036290	-22.613020	115.161951	19.550400
	0.036300	-21.774861	115.161951	17.583500
	0.036309	-21.297389	115.161951	17.106600
	0.036319	-21.706675	115.161951	17.047000
	0.036328	-21.071237	115.161951	17.047000
	0.036338	-21.344203	115.161951	16.987400
	0.036347	-22.295075	115.161951	16.868200
	0.036357	-22.525143	115.161951	16.927800
	0.036366	-21.675198	115.161951	16.927800
	0.036376	-21.366039	115.161951	16.927800
	0.036385	-22.593223	115.161951	16.868200
	0.036394	-21.305895	115.161951	16.927800
	0.036404	-21.447136	115.161951	16.927800
	0.036413	-21.839799	115.161951	16.927800
	0.036423	-21.194295	115.161951	16.808600
	0.036432	-21.344083	115.161951	16.808600
	0.036442	-21.267921	115.161951	16.749000
	0.036451	-22.318663	115.161951	16.808600
	0.036461	-20.897924	115.161951	16.749000
	0.036470	-21.294816	115.161951	16.629800
	0.036480	-21.581393	115.161951	16.629800
	0.036489	-22.425452	115.161951	16.570200
	0.036499	-21.786241	115.161951	16.570200
	0.036508	-22.456401	115.161951	16.570200
	0.036518	-22.805929	115.161951	16.629800
	0.036527	-22.148852	115.161951	16.570200
	0.036537	-22.896381	115.161951	16.510600
	0.036546	-22.332382	115.161951	16.451000
	0.036555	-22.430512	115.161951	16.391400
	0.036565	-21.757894	115.161951	16.391400
	0.036574	-22.216471	115.161951	16.451000
	0.036584	-22.627402	115.161951	16.451000
	0.036593	-22.589144	115.161951	16.451000
	0.036603	-23.127084	115.161951	16.451000
	0.036612	-22.456482	115.161951	16.451000
	0.036622	-23.311534	115.161951	16.451000
	0.036631	-22.162693	115.161951	16.451000
	0.036641	-22.526764	115.161951	16.451000
	0.036650	-22.697088	115.161951	16.391400
	0.036660	-21.739227	115.161951	16.391400
	0.036669	-21.766526	115.161951	16.391400
	0.036679	-21.684686	115.161951	16.331800
	0.036688	-22.548864	115.161951	16.272200
	0.036697	-22.161090	115.161951	16.212600
	0.036707	-21.058035	115.161951	16.212600
	0.036716	-22.469855	115.161951	16.153000
	0.036726	-21.569831	115.161951	16.153000
	0.036735	-21.904368	115.161951	16.153000
	0.036745	-21.755202	115.161951	16.033800
	0.036754	-22.393621	115.161951	16.093400
	0.036764	-22.543586	115.161951	16.093400
	0.036773	-22.381564	115.161951	16.093400
	0.036783	-22.397299	115.161951	16.153000
	0.036792	-22.937095	115.161951	16.093400
	0.036802	-22.304075	115.161951	16.093400
	0.036811	-22.909776	115.161951	16.093400
	0.036821	-23.307564	115.161951	16.093400
	0.036830	-22.195828	115.161951	16.033800
	0.036840	-21.857934	115.161951	15.974200
	0.036849	-22.220462	115.161951	15.914600
	0.036858	-23.197024	115.161951	15.914600
	0.036868	-22.466094	115.161951	15.855000
	0.036877	-22.122563	115.161951	15.795300
	0.036887	-23.243871	115.161951	15.795300
	0.036896	-22.769086	115.161951	15.795300
	0.036906	-23.131838	115.161951	15.676100
	0.036915	-22.827296	115.161951	15.735700
	0.036925	-23.028999	115.161951	15.735700
	0.036934	-23.083593	115.161951	15.795300
	0.036944	-22.368560	115.161951	15.795300
	0.036953	-23.987222	115.161951	15.795300
	0.036963	-23.062714	115.161951	15.735700
	0.036972	-23.084339	115.161951	15.735700
	0.036982	-21.742479	115.161951	15.676100
	0.036991	-21.360798	115.161951	15.676100
	0.037000	-22.288649	115.161951	15.676100
	0.037010	-21.873673	115.161951	15.676100
	0.037019	-22.108852	115.161951	15.676100
	0.037029	-21.334458	115.161951	15.676100
	0.037038	-21.914122	115.161951	15.556900
	0.037048	-21.995682	115.161951	15.616500
	0.037057	-22.383061	115.161951	15.616500
	0.037067	-22.894418	115.161951	15.616500
	0.037076	-22.013500	115.161951	15.616500
	0.037086	-21.534319	115.161951	15.616500
	0.037095	-21.319145	115.161951	15.616500
	0.037105	-22.219979	115.161951	15.616500
	0.037114	-21.923064	115.161951	15.556900
	0.037124	-21.659118	115.161951	15.497300
	0.037133	-22.731351	115.161951	15.497300
	0.037143	-22.922887	115.161951	15.556900
	0.037152	-22.271638	115.161951	15.556900
	0.037161	-22.163583	115.161951	15.556900
	0.037171	-22.214040	115.161951	15.497300
	0.037180	-21.959313	115.161951	15.497300
	0.037190	-21.832029	115.161951	15.556900
	0.037199	-22.358554	115.161951	15.497300
	0.037209	-21.178098	115.161951	15.378100
	0.037218	-20.793010	115.161951	15.437700
	0.037228	-21.342980	115.161951	15.497300
	0.037237	-22.465605	115.161951	15.497300
	0.037247	-23.506570	115.161951	15.497300
	0.037256	-22.390557	115.161951	15.497300
	0.037266	-21.809447	115.161951	15.497300
	0.037275	-21.941298	115.161951	15.437700
	0.037285	-22.657406	115.161951	15.378100
	0.037294	-23.372758	115.161951	15.318500
	0.037303	-22.444428	115.161951	15.318500
	0.037313	-23.613323	115.161951	15.318500
	0.037322	-22.570462	115.161951	15.378100
	0.037332	-22.895503	115.161951	15.318500
	0.037341	-21.929711	115.161951	15.258900
	0.037351	-23.071130	115.161951	15.318500
	0.037360	-22.379263	115.161951	15.318500
	0.037370	-22.359910	115.161951	15.258900
	0.037379	-21.754031	115.161951	15.258900
	0.037389	-21.242262	115.161951	15.199200
	0.037398	-22.382076	115.161951	15.258900
	0.037408	-21.991484	115.161951	15.258900
	0.037417	-22.312652	115.161951	15.258900
	0.037427	-22.632015	115.161951	15.139600
	0.037436	-21.717006	115.161951	15.139600
	0.037446	-21.924198	115.161951	15.139600
	0.037455	-22.373457	115.161951	15.139600
	0.037464	-22.975827	115.161951	15.139600
	0.037474	-23.178229	115.161951	15.139600
	0.037483	-22.219355	115.161951	15.139600
	0.037493	-21.826675	115.161951	15.080000
	0.037502	-21.547804	115.161951	15.139600
	0.037512	-21.927233	115.161951	15.139600
	0.037521	-22.260090	115.161951	15.199200
	0.037531	-21.732385	115.161951	15.139600
	0.037540	-22.037563	115.161951	15.139600
	0.037550	-21.960610	115.161951	15.199200
	0.037559	-21.600018	115.161951	15.139600
	0.037569	-22.014118	115.161951	15.080000
	0.037578	-22.156024	115.161951	15.080000
	0.037588	-20.831505	115.161951	15.080000
	0.037597	-21.429791	115.161951	15.080000
	0.037606	-21.550287	115.161951	15.080000
	0.037616	-21.209295	115.161951	15.020400
	0.037625	-21.874287	115.161951	15.020400
	0.037635	-20.287292	115.161951	15.020400
	0.037644	-21.678439	115.161951	15.020400
	0.037654	-22.326766	115.161951	15.080000
	0.037663	-22.523821	115.161951	15.020400
	0.037673	-22.198808	115.161951	15.020400
	0.037682	-21.931915	115.161951	14.960800
	0.037692	-22.013734	115.161951	14.960800
	0.037701	-21.932534	115.161951	14.960800
	0.037711	-21.948277	115.161951	14.841600
	0.037720	-21.974751	115.161951	14.841600
	0.037730	-22.535755	115.161951	14.841600
	0.037739	-22.457485	115.161951	14.782000
	0.037748	-22.306641	115.161951	14.782000
	0.037758	-23.478271	115.161951	14.722400
	0.037767	-23.076324	115.161951	14.722400
	0.037777	-22.688456	115.161951	14.662800
	0.037786	-21.714185	115.161951	14.662800
	0.037796	-22.387879	115.161951	14.662800
	0.037805	-22.691035	115.161951	14.662800
	0.037815	-22.457864	115.161951	14.662800
	0.037824	-22.153769	115.161951	14.722400
	0.037834	-22.513238	115.161951	14.662800
	0.037843	-23.091604	115.161951	14.662800
	0.037853	-21.815321	115.161951	14.603200
	0.037862	-22.685309	115.161951	14.543600
	0.037872	-21.267037	115.161951	14.543600
	0.037881	-22.958698	115.161951	14.543600
	0.037891	-22.778941	115.161951	14.484000
	0.037900	-22.921436	115.161951	14.543600
	0.037909	-21.969754	115.161951	14.543600
	0.037919	-21.757052	115.161951	14.484000
	0.037928	-21.966159	115.161951	14.484000
	0.037938	-22.265507	115.161951	14.484000
	0.037947	-22.717725	115.161951	14.484000
	0.037957	-22.606183	115.161951	14.484000
	0.037966	-22.407226	115.161951	14.484000
	0.037976	-22.177444	115.161951	14.484000
	0.037985	-22.922539	115.161951	14.484000
	0.037995	-22.608395	115.161951	14.484000
	0.038004	-21.477036	115.161951	14.484000
	0.038014	-22.129924	115.161951	14.484000
	0.038023	-23.553527	115.161951	14.424400
	0.038033	-22.547803	115.161951	14.364800
	0.038042	-22.835741	115.161951	14.364800
	0.038051	-22.907845	115.161951	14.364800
	0.038061	-23.899911	115.161951	14.364800
	0.038070	-23.891137	115.161951	14.424400
	0.038080	-23.820773	115.161951	14.364800
	0.038089	-24.867690	115.161951	14.305200
	0.038099	-23.370896	115.161951	14.245600
	0.038108	-23.982816	115.161951	14.245600
	0.038118	-22.682123	115.161951	14.245600
	0.038127	-22.601477	115.161951	14.245600
	0.038137	-22.251289	115.161951	14.186000
	0.038146	-22.896388	115.161951	14.186000
	0.038156	-23.385231	115.161951	14.186000
	0.038165	-23.162891	115.161951	14.186000
	0.038175	-22.336887	115.161951	14.126400
	0.038184	-24.028048	115.161951	14.126400
	0.038194	-23.844372	115.161951	14.126400
	0.038203	-23.469637	115.161951	14.066800
	0.038212	-22.971790	115.161951	14.066800
	0.038222	-23.463378	115.161951	14.126400
	0.038231	-23.159868	115.161951	14.066800
	0.038241	-23.664414	115.161951	14.007100
	0.038250	-23.923215	115.161951	13.947500
	0.038260	-25.185053	115.161951	13.947500
	0.038269	-24.073707	115.161951	13.947500
	0.038279	-24.195512	115.161951	13.947500
	0.038288	-24.065717	115.161951	13.887900
	0.038298	-24.562407	115.161951	13.887900
	0.038307	-24.340159	115.161951	13.947500
	0.038317	-24.661849	115.161951	13.887900
	0.038326	-23.222386	115.161951	13.887900
	0.038336	-24.017647	115.161951	13.887900
	0.038345	-24.374075	115.161951	13.828300
	0.038354	-23.672293	115.161951	13.768700
	0.038364	-22.919894	115.161951	13.709100
	0.038373	-23.404508	115.161951	13.768700
	0.038383	-22.709940	115.161951	13.768700
	0.038392	-23.514714	115.161951	13.709100
	0.038402	-24.952191	115.161951	13.709100
	0.038411	-23.336943	115.161951	13.709100
	0.038421	-24.137488	115.161951	13.649500
	0.038430	-23.519933	115.161951	13.649500
	0.038440	-24.215995	115.161951	13.649500
	0.038449	-24.006124	115.161951	13.649500
	0.038459	-23.463819	115.161951	13.589900
	0.038468	-23.180584	115.161951	13.530300
	0.038478	-24.057362	115.161951	13.530300
	0.038487	-23.727493	115.161951	13.411100
	0.038497	-21.590907	115.161951	13.411100
	0.038506	-23.598362	115.161951	13.470700
	0.038515	-24.136281	115.161951	13.530300
	0.038525	-23.315669	115.161951	13.470700
	0.038534	-22.996691	115.161951	13.411100
	0.038544	-21.903845	115.161951	13.411100
	0.038553	-22.664264	115.161951	13.411100
	0.038563	-23.886879	115.161951	13.470700
	0.038572	-24.966569	115.161951	13.530300
	0.038582	-23.567021	115.161951	13.470700
	0.038591	-24.997326	115.161951	13.411100
	0.038601	-23.603232	115.161951	13.411100
	0.038610	-22.740820	115.161951	13.351500
	0.038620	-23.841677	115.161951	13.351500
	0.038629	-22.807228	115.161951	13.291900
	0.038639	-21.983154	115.161951	13.291900
	0.038648	-23.571520	115.161951	13.232300
	0.038657	-22.691000	115.161951	13.232300
	0.038667	-22.543191	115.161951	13.232300
	0.038676	-23.194139	115.161951	13.232300
	0.038686	-23.383060	115.161951	13.172700
	0.038695	-23.867064	115.161951	13.113100
	0.038705	-23.332629	115.161951	13.113100
	0.038714	-21.545298	115.161951	12.993900
	0.038724	-24.234315	115.161951	12.993900
	0.038733	-22.662832	115.161951	12.934300
	0.038743	-22.986302	115.161951	12.874700
	0.038752	-22.751453	115.161951	12.815100
	0.038762	-24.084313	115.161951	12.874700
	0.038771	-23.905016	115.161951	12.874700
	0.038781	-24.113496	115.161951	12.874700
	0.038790	-24.716446	115.161951	12.755500
	0.038800	-23.800162	115.161951	12.755500
	0.038809	-24.066791	115.161951	12.755500
	0.038818	-23.158421	115.161951	12.755500
	0.038828	-24.113046	115.161951	12.755500
	0.038837	-22.934507	115.161951	12.695800
	0.038847	-22.610447	115.161951	12.636200
	0.038856	-22.509528	115.161951	12.695800
	0.038866	-23.405876	115.161951	12.636200
	0.038875	-23.526380	115.161951	12.576600
	0.038885	-23.822070	115.161951	12.517000
	0.038894	-23.317202	115.161951	12.457400
	0.038904	-24.419911	115.161951	12.397800
	0.038913	-24.048190	115.161951	12.397800
	0.038923	-24.332838	115.161951	12.338200
	0.038932	-25.439388	115.161951	12.397800
	0.038942	-24.285885	115.161951	12.397800
	0.038951	-24.499721	115.161951	12.397800
	0.038960	-23.453761	115.161951	12.397800
	0.038970	-24.049651	115.161951	12.457400
	0.038979	-24.368928	115.161951	12.397800
	0.038989	-23.277212	115.161951	12.278600
	0.038998	-24.438333	115.161951	12.278600
	0.039008	-24.457160	115.161951	12.338200
	0.039017	-24.577584	115.161951	12.278600
	0.039027	-23.477980	115.161951	12.338200
	0.039036	-25.262207	115.161951	12.278600
	0.039046	-23.620847	115.161951	12.219000
	0.039055	-24.078845	115.161951	12.219000
	0.039065	-24.697553	115.161951	12.219000
	0.039074	-24.435546	115.161951	12.278600
	0.039084	-24.265373	115.161951	12.278600
	0.039093	-23.892881	115.161951	12.278600
	0.039103	-25.111849	115.161951	12.278600
	0.039112	-25.725872	115.161951	12.219000
	0.039121	-23.574385	115.161951	12.219000
	0.039131	-24.064400	115.161951	12.159400
	0.039140	-24.252423	115.161951	12.040200
	0.039150	-24.290474	115.161951	11.980600
	0.039159	-23.408361	115.161951	11.980600
	0.039169	-23.805154	115.161951	11.980600
	0.039178	-24.479566	115.161951	11.921000
	0.039188	-24.286811	115.161951	11.861400
	0.039197	-24.029414	115.161951	11.861400
	0.039207	-23.538917	115.161951	11.861400
	0.039216	-23.652030	115.161951	11.861400
	0.039226	-23.737808	115.161951	11.861400
	0.039235	-23.833105	115.161951	11.742200
	0.039245	-23.440671	115.161951	11.742200
	0.039254	-24.379155	115.161951	11.682600
	0.039263	-23.677497	115.161951	11.623000
	0.039273	-24.391829	115.161951	11.623000
	0.039282	-24.065175	115.161951	11.563400
	0.039292	-22.221414	115.161951	11.563400
	0.039301	-22.966739	115.161951	11.563400
	0.039311	-22.590230	115.161951	11.563400
	0.039320	-23.500475	115.161951	11.563400
	0.039330	-24.206832	115.161951	11.444200
	0.039339	-23.333585	115.161951	11.384500
	0.039349	-23.821285	115.161951	11.384500
	0.039358	-23.509194	115.161951	11.384500
	0.039368	-24.076758	115.161951	11.384500
	0.039377	-24.508242	115.161951	11.324900
	0.039387	-23.833826	115.161951	11.265300
	0.039396	-24.123853	115.161951	11.265300
	0.039406	-24.526524	115.161951	11.265300
	0.039415	-23.199944	115.161951	11.265300
	0.039424	-23.878403	115.161951	11.205700
	0.039434	-24.882935	115.161951	11.205700
	0.039443	-24.692069	115.161951	11.146100
	0.039453	-24.865088	115.161951	11.146100
	0.039462	-25.675744	115.161951	11.146100
	0.039472	-24.840602	115.161951	11.086500
	0.039481	-25.595401	115.161951	11.086500
	0.039491	-24.693475	115.161951	11.086500
	0.039500	-23.878199	115.161951	11.026900
	0.039510	-24.334804	115.161951	11.026900
	0.039519	-24.046367	115.161951	11.026900
	0.039529	-25.054334	115.161951	10.907700
	0.039538	-24.434348	115.161951	10.848100
	0.039548	-24.843823	115.161951	10.848100
	0.039557	-25.591927	115.161951	10.848100
	0.039566	-24.231901	115.161951	10.788500
	0.039576	-23.312510	115.161951	10.788500
	0.039585	-23.920072	115.161951	10.728900
	0.039595	-23.742394	115.161951	10.728900
	0.039604	-24.109252	115.161951	10.669300
	0.039614	-23.261271	115.161951	10.609700
	0.039623	-24.226468	115.161951	10.609700
	0.039633	-24.181317	115.161951	10.669300
	0.039642	-24.943085	115.161951	10.609700
	0.039652	-23.969975	115.161951	10.550100
	0.039661	-23.938264	115.161951	10.550100
	0.039671	-25.266431	115.161951	10.490500
	0.039680	-24.910558	115.161951	10.490500
	0.039690	-24.381204	115.161951	10.430900
	0.039699	-24.756138	115.161951	10.430900
	0.039709	-24.433608	115.161951	10.430900
	0.039718	-25.420936	115.161951	10.430900
	0.039727	-25.387756	115.161951	10.430900
	0.039737	-23.766149	115.161951	10.311700
	0.039746	-25.779361	115.161951	10.311700
	0.039756	-24.211503	115.161951	10.311700
	0.039765	-26.191071	115.161951	10.311700
	0.039775	-25.362334	115.161951	10.311700
	0.039784	-24.536607	115.161951	10.252100
	0.039794	-25.002483	115.161951	10.252100
	0.039803	-25.539285	115.161951	10.192500
	0.039813	-25.394900	115.161951	10.192500
	0.039822	-24.971516	115.161951	10.252100
	0.039832	-24.595190	115.161951	10.192500
	0.039841	-24.479506	115.161951	10.132800
	0.039851	-25.073412	115.161951	10.192500
	0.039860	-26.557671	115.161951	10.192500
	0.039869	-25.782196	115.161951	10.192500
	0.039879	-25.844777	115.161951	10.132800
	0.039888	-26.058531	115.161951	10.073200
	0.039898	-25.509394	115.161951	10.073200
	0.039907	-25.381954	115.161951	10.132800
	0.039917	-25.561806	115.161951	10.252100
	0.039926	-25.805010	115.161951	10.252100
	0.039936	-25.553021	115.161951	10.192500
	0.039945	-25.412068	115.161951	10.252100
	0.039955	-26.019572	115.161951	10.311700
	0.039964	-25.710117	115.161951	10.311700
	0.039974	-24.505887	115.161951	10.311700
	0.039983	-25.252452	115.161951	10.252100
	0.039993	-25.012088	115.161951	10.132800
	0.040002	-24.805521	115.161951	10.013600
	0.040012	-25.176193	115.161951	10.073200
	0.040021	-24.550956	115.161951	10.073200
	0.040030	-24.883419	115.161951	10.073200
	0.040040	-25.619905	115.161951	10.073200
	0.040049	-25.131159	115.161951	10.073200
	0.040059	-25.409267	115.161951	10.073200
	0.040068	-24.843509	115.161951	10.073200
	0.040078	-25.130973	115.161951	10.013600
	0.040087	-25.215876	115.161951	9.954030
	0.040097	-25.888295	115.161951	9.954030
	0.040106	-25.115087	115.161951	9.954030
	0.040116	-25.365147	115.161951	9.954030
	0.040125	-25.430175	115.161951	9.894430
	0.040135	-26.074122	115.161951	9.834820
	0.040144	-25.304336	115.161951	9.775220
	0.040154	-25.030083	115.161951	9.775220
	0.040163	-25.914152	115.161951	9.715620
	0.040172	-25.823232	115.161951	9.715620
	0.040182	-26.354429	115.161951	9.715620
	0.040191	-25.506778	115.161951	9.596410
	0.040201	-23.991848	115.161951	9.656010
	0.040210	-26.142775	115.161951	9.596410
	0.040220	-24.799897	115.161951	9.596410
	0.040229	-25.435818	115.161951	9.656010
	0.040239	-25.644435	115.161951	9.656010
	0.040248	-25.409506	115.161951	9.596410
	0.040258	-25.500221	115.161951	9.596410
	0.040267	-25.684442	115.161951	9.596410
	0.040277	-25.732076	115.161951	9.536800
	0.040286	-26.455976	115.161951	9.477200
	0.040296	-25.872381	115.161951	9.417590
	0.040305	-25.222321	115.161951	9.417590
	0.040315	-24.807416	115.161951	9.417590
	0.040324	-24.816001	115.161951	9.417590
	0.040333	-25.642519	115.161951	9.357990
	0.040343	-25.287119	115.161951	9.357990
	0.040352	-26.158138	115.161951	9.357990
	0.040362	-25.327257	115.161951	9.357990
	0.040371	-26.135687	115.161951	9.298380
	0.040381	-25.526117	115.161951	9.238780
	0.040390	-26.875865	115.161951	9.238780
	0.040400	-25.298556	115.161951	9.179170
	0.040409	-25.808068	115.161951	9.119570
	0.040419	-25.503999	115.161951	9.059960
	0.040428	-25.600843	115.161951	9.059960
	0.040438	-25.774766	115.161951	9.059960
	0.040447	-24.781239	115.161951	8.940750
	0.040457	-24.716516	115.161951	8.881150
	0.040466	-25.175531	115.161951	8.881150
	0.040475	-25.736504	115.161951	8.881150
	0.040485	-25.590159	115.161951	8.881150
	0.040494	-25.873499	115.161951	8.881150
	0.040504	-25.224004	115.161951	8.881150
	0.040513	-24.977840	115.161951	8.881150
	0.040523	-26.286281	115.161951	8.940750
	0.040532	-26.274765	115.161951	9.119570
	0.040542	-26.462053	115.161951	9.119570
	0.040551	-25.155461	115.161951	9.119570
	0.040561	-25.620051	115.161951	9.119570
	0.040570	-27.141827	115.161951	9.059960
	0.040580	-26.947032	115.161951	9.059960
	0.040589	-26.125260	115.161951	8.940750
	0.040599	-25.807747	115.161951	8.940750
	0.040608	-27.069816	115.161951	8.881150
	0.040618	-25.775726	115.161951	8.881150
	0.040627	-26.403101	115.161951	8.761940
	0.040636	-26.389567	115.161951	8.761940
	0.040646	-25.923062	115.161951	8.761940
	0.040655	-26.600634	115.161951	8.761940
	0.040665	-26.653848	115.161951	8.761940
	0.040674	-26.044634	115.161951	8.761940
	0.040684	-26.189567	115.161951	8.702340
	0.040693	-26.134787	115.161951	8.642730
	0.040703	-26.521744	115.161951	8.583130
	0.040712	-26.468896	115.161951	8.583130
	0.040722	-26.712649	115.161951	8.583130
	0.040731	-26.965336	115.161951	8.642730
	0.040741	-27.217201	115.161951	8.583130
	0.040750	-27.597576	115.161951	8.583130
	0.040760	-26.444435	115.161951	8.523520
	0.040769	-26.364385	115.161951	8.523520
	0.040778	-27.749856	115.161951	8.523520
	0.040788	-27.214523	115.161951	8.344710
	0.040797	-27.529281	115.161951	8.344710
	0.040807	-26.463787	115.161951	8.285100
	0.040816	-27.607921	115.161951	8.225500
	0.040826	-27.509836	115.161951	8.225500
	0.040835	-27.244209	115.161951	8.165890
	0.040845	-27.096804	115.161951	8.046690
	0.040854	-26.785784	115.161951	8.046690
	0.040864	-25.411586	115.161951	7.987080
	0.040873	-26.946270	115.161951	7.987080
	0.040883	-27.028843	115.161951	7.987080
	0.040892	-26.612312	115.161951	7.987080
	0.040902	-26.742460	115.161951	7.927480
	0.040911	-26.784036	115.161951	7.867870
	0.040921	-27.262207	115.161951	7.867870
	0.040930	-27.983064	115.161951	7.867870
	0.040939	-27.416118	115.161951	7.808270
	0.040949	-27.541503	115.161951	7.748660
	0.040958	-27.228887	115.161951	7.748660
	0.040968	-27.001070	115.161951	7.689060
	0.040977	-27.212779	115.161951	7.629450
	0.040987	-27.856944	115.161951	7.629450
	0.040996	-26.763955	115.161951	7.510210
	0.041006	-27.225759	115.161951	7.510210
	0.041015	-27.526440	115.161951	7.450610
	0.041025	-28.228631	115.161951	7.450610
	0.041034	-26.994433	115.161951	7.450610
	0.041044	-26.493029	115.161951	7.450610
	0.041053	-27.354624	115.161951	7.450610
	0.041063	-26.305711	115.161951	7.391010
	0.041072	-26.727864	115.161951	7.391010
	0.041081	-26.273850	115.161951	7.331400
	0.041091	-26.599573	115.161951	7.331400
	0.041100	-27.009618	115.161951	7.271800
	0.041110	-26.004730	115.161951	7.271800
	0.041119	-26.247159	115.161951	7.271800
	0.041129	-28.570414	115.161951	7.212190
	0.041138	-27.740261	115.161951	7.152590
	0.041148	-26.919568	115.161951	7.152590
	0.041157	-27.368979	115.161951	7.092980
	0.041167	-27.368909	115.161951	7.033380
	0.041176	-28.285517	115.161951	6.973770
	0.041186	-28.037607	115.161951	6.973770
	0.041195	-26.894719	115.161951	7.092980
	0.041205	-27.742277	115.161951	7.092980
	0.041214	-28.124293	115.161951	7.092980
	0.041224	-27.435420	115.161951	7.092980
	0.041233	-27.526861	115.161951	7.092980
	0.041242	-28.046338	115.161951	7.033380
	0.041252	-28.645365	115.161951	7.092980
	0.041261	-27.933338	115.161951	7.092980
	0.041271	-28.189577	115.161951	7.033380
	0.041280	-28.567049	115.161951	6.973770
	0.041290	-27.813844	115.161951	6.914170
	0.041299	-28.137002	115.161951	6.794960
	0.041309	-28.130016	115.161951	6.794960
	0.041318	-27.811771	115.161951	6.854560
	0.041328	-27.654345	115.161951	6.854560
	0.041337	-28.264673	115.161951	6.794960
	0.041347	-28.649000	115.161951	6.675750
	0.041356	-28.265617	115.161951	6.616140
	0.041366	-28.714455	115.161951	6.616140
	0.041375	-27.370939	115.161951	6.616140
	0.041384	-27.891452	115.161951	6.496940
	0.041394	-28.333727	115.161951	6.496940
	0.041403	-27.352157	115.161951	6.437330
	0.041413	-26.402765	115.161951	6.377730
	0.041422	-27.603880	115.161951	6.377730
	0.041432	-26.642347	115.161951	6.318120
	0.041441	-27.041386	115.161951	6.318120
	0.041451	-27.929629	115.161951	6.318120
	0.041460	-27.638178	115.161951	6.318120
	0.041470	-27.619808	115.161951	6.318120
	0.041479	-28.663426	115.161951	6.318120
	0.041489	-27.786478	115.161951	6.198910
	0.041498	-28.588191	115.161951	6.198910
	0.041508	-28.165888	115.161951	6.079700
	0.041517	-29.567871	115.161951	6.079700
	0.041527	-29.398021	115.161951	6.079700
	0.041536	-30.245435	115.161951	6.020100
	0.041545	-29.596787	115.161951	5.960490
	0.041555	-30.232533	115.161951	5.960490
	0.041564	-29.546061	115.161951	5.900890
	0.041574	-29.068126	115.161951	5.900890
	0.041583	-29.473927	115.161951	5.900890
	0.041593	-30.042151	115.161951	5.841280
	0.041602	-28.217059	115.161951	5.841280
	0.041612	-29.102651	115.161951	5.781680
	0.041621	-28.359088	115.161951	5.781680
	0.041631	-29.080729	115.161951	5.781680
	0.041640	-27.698747	115.161951	5.722080
	0.041650	-28.716130	115.161951	5.662470
	0.041659	-28.606795	115.161951	5.662470
	0.041669	-29.422731	115.161951	5.543260
	0.041678	-29.299902	115.161951	5.543260
	0.041687	-28.322481	115.161951	5.483660
	0.041697	-28.985984	115.161951	5.424050
	0.041706	-30.532101	115.161951	5.424050
	0.041716	-29.494334	115.161951	5.364450
	0.041725	-28.820597	115.161951	5.304840
	0.041735	-29.453332	115.161951	5.900890
	0.041744	-31.945653	115.161951	7.271800
	0.041754	-30.696095	115.161951	7.808270
	0.041763	-31.319307	115.161951	7.867870
	0.041773	-31.773311	115.161951	7.808270
	0.041782	-31.380818	115.161951	7.867870
	0.041792	-31.988617	115.161951	7.808270
	0.041801	-31.460338	115.161951	7.748660
	0.041811	-31.863996	115.161951	7.808270
	0.041820	-31.461423	115.161951	7.808270
	0.041829	-31.427849	115.161951	7.808270
	0.041839	-30.561879	115.161951	7.748660
	0.041848	-30.861825	115.161951	7.689060
	0.041858	-31.891051	115.161951	7.689060
	0.041867	-30.719283	115.161951	7.689060
	0.041877	-32.359107	115.161951	7.689060
	0.041886	-30.757164	115.161951	7.689060
	0.041896	-31.859704	115.161951	7.569820
	0.041905	-31.462973	115.161951	7.450610
	0.041915	-32.144790	115.161951	7.450610
	0.041924	-31.342655	115.161951	7.391010
	0.041934	-31.735652	115.161951	7.450610
	0.041943	-31.465586	115.161951	7.391010
	0.041953	-32.451162	115.161951	7.331400
	0.041962	-32.401936	115.161951	7.331400
	0.041972	-32.068402	115.161951	7.331400
	0.041981	-31.470933	115.161951	7.331400
	0.041990	-32.686882	115.161951	7.212190
	0.042000	-32.408178	115.161951	7.152590
	0.042009	-32.250755	115.161951	7.152590
	0.042019	-33.185686	115.161951	7.152590
	0.042028	-33.363259	115.161951	7.152590
	0.042038	-32.108722	115.161951	7.033380
	0.042047	-33.159208	115.161951	6.973770
	0.042057	-32.651867	115.161951	6.973770
	0.042066	-33.091387	115.161951	6.973770
	0.042076	-33.346064	115.161951	6.973770
	0.042085	-33.873249	115.161951	6.973770
	0.042095	-33.822182	115.161951	6.973770
	0.042104	-32.447299	115.161951	7.033380
	0.042114	-33.571928	115.161951	7.092980
	0.042123	-33.148572	115.161951	6.973770
	0.042132	-32.857805	115.161951	6.973770
	0.042142	-32.663913	115.161951	6.973770
	0.042151	-31.371659	115.161951	6.973770
	0.042161	-31.885866	115.161951	6.914170
	0.042170	-31.819840	115.161951	6.914170
	0.042180	-32.140689	115.161951	6.914170
	0.042189	-30.979664	115.161951	6.794960
	0.042199	-32.946618	115.161951	6.794960
	0.042208	-34.645521	115.161951	6.675750
	0.042218	-33.695129	115.161951	6.675750
	0.042227	-34.153377	115.161951	6.556540
	0.042237	-33.123815	115.161951	6.556540
	0.042246	-33.514626	115.161951	6.556540
	0.042256	-34.454402	115.161951	6.616140
	0.042265	-33.070935	115.161951	6.556540
	0.042275	-34.291806	115.161951	6.556540
	0.042284	-34.797117	115.161951	6.437330
	0.042293	-33.813575	115.161951	6.377730
	0.042303	-34.183375	115.161951	6.437330
	0.042312	-34.627037	115.161951	6.437330
	0.042322	-34.027640	115.161951	6.318120
	0.042331	-33.773404	115.161951	6.318120
	0.042341	-33.019957	115.161951	6.318120
	0.042350	-35.239269	115.161951	6.258520
	0.042360	-33.929339	115.161951	6.258520
	0.042369	-34.814239	115.161951	6.258520
	0.042379	-34.075007	115.161951	6.258520
	0.042388	-34.155002	115.161951	6.198910
	0.042398	-34.851235	115.161951	6.139310
	0.042407	-34.785444	115.161951	6.079700
	0.042417	-35.430383	115.161951	6.020100
	0.042426	-33.888925	115.161951	6.020100
	0.042435	-34.256626	115.161951	5.960490
	0.042445	-34.835449	115.161951	5.960490
	0.042454	-34.077985	115.161951	5.900890
	0.042464	-33.812587	115.161951	5.841280
	0.042473	-34.124678	115.161951	5.781680
	0.042483	-34.586654	115.161951	5.841280
	0.042492	-36.875651	115.161951	6.377730
	0.042502	-37.071552	115.161951	6.735350
	0.042511	-37.959294	115.161951	6.973770
	0.042521	-39.413455	115.161951	7.450610
	0.042530	-39.257420	115.161951	7.689060
	0.042540	-38.912576	115.161951	7.748660
	0.042549	-43.992680	115.161951	9.179170
	0.042559	-44.994696	115.161951	10.311700
	0.042568	-44.411884	115.161951	10.550100
	0.042578	-45.431555	115.161951	10.609700
	0.042587	-44.703848	115.161951	10.669300
	0.042596	-45.417724	115.161951	10.609700
	0.042606	-45.186582	115.161951	10.609700
	0.042615	-45.065177	115.161951	10.967300
	0.042625	-45.639479	115.161951	11.324900
	0.042634	-44.408783	115.161951	11.324900
	0.042644	-44.773266	115.161951	11.384500
	0.042653	-46.085727	115.161951	11.384500
	0.042663	-46.107085	115.161951	11.384500
	0.042672	-46.475634	115.161951	11.444200
	0.042682	-45.428822	115.161951	11.444200
	0.042691	-44.919145	115.161951	11.384500
	0.042701	-45.873008	115.161951	11.384500
	0.042710	-45.771825	115.161951	11.384500
	0.042720	-44.072980	115.161951	11.324900
	0.042729	-45.548874	115.161951	11.384500
	0.042738	-45.150519	115.161951	11.384500
	0.042748	-45.499127	115.161951	11.324900
	0.042757	-44.261726	115.161951	11.324900
	0.042767	-43.935174	115.161951	11.265300
	0.042776	-45.524373	115.161951	11.324900
	0.042786	-46.599970	115.161951	11.265300
	0.042795	-46.490802	115.161951	11.980600
	0.042805	-46.714523	115.161951	12.576600
	0.042814	-45.818751	115.161951	12.755500
	0.042824	-45.197604	115.161951	12.695800
	0.042833	-46.427395	115.161951	12.695800
	0.042843	-46.378354	115.161951	12.576600
	0.042852	-46.308580	115.161951	12.517000
	0.042862	-46.039457	115.161951	12.517000
	0.042871	-46.293425	115.161951	12.517000
	0.042881	-46.413576	115.161951	12.576600
	0.042890	-46.694418	115.161951	12.576600
	0.042899	-46.326372	115.161951	12.576600
	0.042909	-46.322525	115.161951	12.517000
	0.042918	-45.826942	115.161951	12.576600
	0.042928	-46.494436	115.161951	12.576600
	0.042937	-44.929537	115.161951	12.576600
	0.042947	-46.866333	115.161951	12.576600
	0.042956	-47.208650	115.161951	12.517000
	0.042966	-47.104997	115.161951	12.576600
	0.042975	-47.193398	115.161951	12.517000
	0.042985	-47.343745	115.161951	12.457400
	0.042994	-47.233388	115.161951	12.457400
	0.043004	-47.250188	115.161951	12.517000
	0.043013	-45.645043	115.161951	12.517000
	0.043023	-46.432350	115.161951	12.576600
	0.043032	-47.442371	115.161951	12.576600
	0.043041	-46.776109	115.161951	12.576600
	0.043051	-46.583613	115.161951	12.457400
	0.043060	-46.148525	115.161951	12.457400
	0.043070	-46.431806	115.161951	12.457400
	0.043079	-45.957151	115.161951	12.397800
	0.043089	-47.507996	115.161951	12.397800
	0.043098	-46.947006	115.161951	12.457400
	0.043108	-46.675372	115.161951	12.397800
	0.043117	-46.637644	115.161951	12.397800
	0.043127	-46.280591	115.161951	12.397800
	0.043136	-46.563924	115.161951	12.338200
	0.043146	-46.223123	115.161951	12.397800
	0.043155	-46.738914	115.161951	12.278600
	0.043165	-46.021848	115.161951	12.278600
	0.043174	-46.973516	115.161951	12.278600
	0.043184	-47.267044	115.161951	12.219000
	0.043193	-46.718895	115.161951	12.219000
	0.043202	-46.265789	115.161951	12.219000
	0.043212	-47.744333	115.161951	12.278600
	0.043221	-47.774136	115.161951	12.397800
	0.043231	-47.079115	115.161951	12.457400
	0.043240	-47.253157	115.161951	12.397800
	0.043250	-48.269503	115.161951	12.397800
	0.043259	-48.542873	115.161951	12.397800
	0.043269	-47.931117	115.161951	12.338200
	0.043278	-48.149477	115.161951	12.338200
	0.043288	-49.348458	115.161951	12.457400
	0.043297	-50.230542	115.161951	12.874700
	0.043307	-49.746981	115.161951	13.053500
	0.043316	-49.326445	115.161951	13.053500
	0.043326	-49.638640	115.161951	13.053500
	0.043335	-50.549662	115.161951	13.053500
	0.043344	-51.619496	115.161951	13.232300
	0.043354	-53.055995	115.161951	13.709100
	0.043363	-51.232198	115.161951	13.887900
	0.043373	-51.721525	115.161951	13.947500
	0.043382	-52.526973	115.161951	13.947500
	0.043392	-55.404067	115.161951	15.974200
	0.043401	-57.790336	115.161951	17.762300
	0.043411	-56.799623	115.161951	18.298700
	0.043420	-57.091593	115.161951	18.418000
	0.043430	-56.257493	115.161951	18.418000
	0.043439	-57.689543	115.161951	18.418000
	0.043449	-57.891301	115.161951	18.537200
	0.043458	-58.034099	115.161951	18.656400
	0.043468	-56.695509	115.161951	18.656400
	0.043477	-58.245587	115.161951	18.537200
	0.043487	-58.646905	115.161951	18.060300
	0.043496	-59.158270	115.161951	17.941100
	0.043505	-57.308477	115.161951	17.881500
	0.043515	-57.708065	115.161951	17.821900
	0.043524	-59.199184	115.161951	17.762300
	0.043534	-58.247103	115.161951	17.702700
	0.043543	-58.143467	115.161951	17.643100
	0.043553	-59.067271	115.161951	17.643100
	0.043562	-58.959731	115.161951	17.643100
	0.043572	-58.958095	115.161951	17.643100
	0.043581	-59.056732	115.161951	17.643100
	0.043591	-58.929406	115.161951	17.583500
	0.043600	-58.921756	115.161951	17.583500
	0.043610	-60.061696	115.161951	17.821900
	0.043619	-59.896413	115.161951	18.060300
	0.043629	-59.949500	115.161951	18.119900
	0.043638	-59.551240	115.161951	18.119900
	0.043647	-59.521335	115.161951	18.060300
	0.043657	-60.432028	115.161951	18.000700
	0.043666	-58.756683	115.161951	18.000700
	0.043676	-59.657389	115.161951	18.000700
	0.043685	-60.324006	115.161951	18.060300
	0.043695	-59.062055	115.161951	18.060300
	0.043704	-59.079457	115.161951	18.000700
	0.043714	-59.718100	115.161951	18.000700
	0.043723	-59.718895	115.161951	17.881500
	0.043733	-60.672664	115.161951	17.881500
	0.043742	-60.831756	115.161951	17.821900
	0.043752	-59.125446	115.161951	17.762300
	0.043761	-60.509024	115.161951	17.762300
	0.043771	-61.267038	115.161951	17.762300
	0.043780	-59.021021	115.161951	17.821900
	0.043790	-61.032210	115.161951	17.821900
	0.043799	-59.472507	115.161951	17.881500
	0.043808	-60.968712	115.161951	17.881500
	0.043818	-61.493967	115.161951	17.941100
	0.043827	-61.407231	115.161951	18.298700
	0.043837	-61.199456	115.161951	18.894800
	0.043846	-61.178788	115.161951	19.073600
	0.043856	-62.511607	115.161951	19.252400
	0.043865	-62.190051	115.161951	19.371600
	0.043875	-62.490019	115.161951	19.431200
	0.043884	-62.454533	115.161951	19.490800
	0.043894	-62.332077	115.161951	19.729300
	0.043903	-61.733986	115.161951	19.908100
	0.043913	-61.231223	115.161951	19.848500
	0.043922	-62.121139	115.161951	19.848500
	0.043932	-62.671323	115.161951	19.848500
	0.043941	-62.199036	115.161951	19.908100
	0.043950	-62.206514	115.161951	19.908100
	0.043960	-61.858331	115.161951	19.848500
	0.043969	-61.355702	115.161951	19.848500
	0.043979	-62.336352	115.161951	19.908100
	0.043988	-61.904307	115.161951	19.908100
	0.043998	-61.989568	115.161951	19.908100
	0.044007	-62.918700	115.161951	19.848500
	0.044017	-61.917881	115.161951	19.788900
	0.044026	-63.673895	115.161951	19.788900
	0.044036	-62.209764	115.161951	19.788900
	0.044045	-63.004980	115.161951	19.788900
	0.044055	-62.292803	115.161951	19.729300
	0.044064	-63.174094	115.161951	19.788900
	0.044074	-62.474394	115.161951	19.729300
	0.044083	-61.344375	115.161951	19.788900
	0.044093	-69.727247	115.161951	20.206100
	0.044102	-74.827460	115.161951	21.577000
	0.044111	-75.242894	115.161951	22.351900
	0.044121	-74.912621	115.161951	22.828700
	0.044130	-76.056991	115.161951	23.007500
	0.044140	-75.550195	115.161951	22.947900
	0.044149	-75.133353	115.161951	22.888300
	0.044159	-76.157294	115.161951	22.888300
	0.044168	-75.612090	115.161951	22.947900
	0.044178	-75.070001	115.161951	22.947900
	0.044187	-77.449084	115.161951	23.424700
	0.044197	-77.925409	115.161951	23.901600
	0.044206	-77.272587	115.161951	24.020800
	0.044216	-77.295878	115.161951	24.080400
	0.044225	-77.445849	115.161951	24.140000
	0.044235	-77.910549	115.161951	24.140000
	0.044244	-78.050705	115.161951	24.140000
	0.044253	-77.454141	115.161951	24.140000
	0.044263	-77.810353	115.161951	24.199600
	0.044272	-78.373933	115.161951	24.140000
	0.044282	-78.270100	115.161951	24.259200
	0.044291	-77.338648	115.161951	24.259200
	0.044301	-78.286277	115.161951	24.140000
	0.044310	-77.927144	115.161951	24.199600
	0.044320	-79.602395	115.161951	24.259200
	0.044329	-79.363122	115.161951	24.259200
	0.044339	-81.453241	115.161951	24.676400
	0.044348	-81.067768	115.161951	24.974500
	0.044358	-82.494384	115.161951	25.153300
	0.044367	-83.273720	115.161951	25.093700
	0.044377	-82.280836	115.161951	25.093700
	0.044386	-82.099291	115.161951	25.093700
	0.044396	-81.833715	115.161951	25.153300
	0.044405	-82.711126	115.161951	25.093700
	0.044414	-82.382785	115.161951	24.974500
	0.044424	-81.729733	115.161951	25.034100
	0.044433	-81.808747	115.161951	25.034100
	0.044443	-87.884952	115.161951	26.345400
	0.044452	-94.768425	115.161951	29.444800
	0.044462	-94.775552	115.161951	30.637000
	0.044471	-94.558293	115.161951	30.875400
	0.044481	-94.661449	115.161951	31.054300
	0.044490	-94.154893	115.161951	31.233100
	0.044500	-96.767512	115.161951	31.650300
	0.044509	-99.432022	115.161951	32.306000
	0.044519	-99.698924	115.161951	32.604000
	0.044528	-98.821155	115.161951	32.663600
	0.044538	-97.992776	115.161951	32.604000
	0.044547	-98.894372	115.161951	32.604000
	0.044556	-98.565364	115.161951	32.663600
	0.044566	-98.399903	115.161951	32.663600
	0.044575	-99.132231	115.161951	32.663600
	0.044585	-98.381728	115.161951	32.663600
	0.044594	-98.715084	115.161951	32.663600
	0.044604	-98.775269	115.161951	32.663600
	0.044613	-100.706908	115.161951	32.961600
	0.044623	-104.395887	115.161951	33.915300
	0.044632	-103.439690	115.161951	34.332500
	0.044642	-104.006529	115.161951	34.392100
	0.044651	-103.102469	115.161951	34.392100
	0.044661	-102.061292	115.161951	34.392100
	0.044670	-103.046506	115.161951	34.392100
	0.044680	-103.094134	115.161951	34.332500
	0.044689	-101.581405	115.161951	34.332500
	0.044699	-102.512490	115.161951	34.332500
	0.044708	-103.241938	115.161951	34.332500
	0.044717	-102.279438	115.161951	34.332500
	0.044727	-101.787489	115.161951	34.332500
	0.044736	-103.110714	115.161951	34.272900
	0.044746	-103.445982	115.161951	34.392100
	0.044755	-103.169685	115.161951	34.690100
	0.044765	-103.586871	115.161951	34.809300
	0.044774	-103.207893	115.161951	34.809300
	0.044784	-104.450446	115.161951	34.988200
	0.044793	-110.506967	115.161951	36.299500
	0.044803	-110.962330	115.161951	37.849200
	0.044812	-115.053806	115.161951	38.624000
	0.044822	-115.429999	115.161951	39.100900
	0.044831	-115.519843	115.161951	39.279700
	0.044841	-115.333450	115.161951	39.339300
	0.044850	-115.560285	115.161951	39.279700
	0.044859	-114.946253	115.161951	39.220100
	0.044869	-115.049019	115.161951	39.279700
	0.044878	-115.614681	115.161951	39.220100
	0.044888	-115.653389	115.161951	39.220100
	0.044897	-115.355732	115.161951	39.220100
	0.044907	-115.732518	115.161951	39.279700
	0.044916	-116.278071	115.161951	39.279700
	0.044926	-116.029978	115.161951	39.279700
	0.044935	-115.778205	115.161951	39.339300
	0.044945	-113.908408	115.161951	39.339300
	0.044954	-116.836761	115.161951	39.398900
	0.044964	-115.323156	115.161951	39.398900
	0.044973	-115.276201	115.161951	39.279700
	0.044983	-115.160389	115.161951	39.279700
	0.044992	-114.668185	115.161951	39.279700
	0.045002	-114.657792	115.161951	39.279700
	0.045011	-114.854518	115.161951	39.279700
	0.045020	-115.522937	115.161951	39.279700
	0.045030	-114.840080	115.161951	39.279700
	0.045039	-114.459259	115.161951	39.279700
	0.045049	-115.488882	115.161951	39.279700
	0.045058	-114.553470	115.161951	39.279700
	0.045068	-114.738731	115.161951	39.279700
	0.045077	-115.056890	115.161951	39.220100
	0.045087	-114.715719	115.161951	39.220100
	0.045096	-116.762306	115.161951	39.220100
	0.045106	-114.807722	115.161951	39.160500
	0.045115	-115.333900	115.161951	39.220100
	0.045125	-115.268639	115.161951	39.220100
	0.045134	-116.591339	115.161951	39.220100
	0.045144	-116.176241	115.161951	39.220100
	0.045153	-117.065415	115.161951	39.279700
	0.045162	-115.786262	115.161951	39.339300
	0.045172	-116.438553	115.161951	39.398900
	0.045181	-116.910249	115.161951	39.398900
	0.045191	-116.061805	115.161951	39.339300
	0.045200	-117.243226	115.161951	39.398900
	0.045210	-116.355351	115.161951	39.339300
	0.045219	-116.229989	115.161951	39.339300
	0.045229	-116.692673	115.161951	39.279700
	0.045238	-115.024083	115.161951	39.339300
	0.045248	-116.359770	115.161951	39.279700
	0.045257	-116.689155	115.161951	39.279700
	0.045267	-116.066366	115.161951	39.279700
	0.045276	-117.010847	115.161951	39.279700
	0.045286	-117.110217	115.161951	39.279700
	0.045295	-116.953670	115.161951	39.279700
	0.045305	-115.993062	115.161951	39.220100
	0.045314	-116.586208	115.161951	39.220100
	0.045323	-116.856323	115.161951	39.279700
	0.045333	-116.250639	115.161951	39.220100
	0.045342	-115.369949	115.161951	39.220100
	0.045352	-116.042771	115.161951	39.220100
	0.045361	-116.296381	115.161951	39.279700
	0.045371	-116.792558	115.161951	39.339300
	0.045380	-116.474771	115.161951	39.279700
	0.045390	-116.195323	115.161951	39.279700
	0.045399	-118.103519	115.161951	39.339300
	0.045409	-116.573031	115.161951	39.458500
	0.045418	-117.909020	115.161951	39.458500
	0.045428	-121.924837	115.161951	40.293000
	0.045437	-127.434053	115.161951	41.842700
	0.045447	-127.542719	115.161951	42.557900
	0.045456	-127.905281	115.161951	42.736800
	0.045465	-126.783679	115.161951	42.796400
	0.045475	-130.868851	115.161951	43.392400
	0.045484	-130.214481	115.161951	43.809600
	0.045494	-130.979439	115.161951	44.226900
	0.045503	-131.740527	115.161951	44.286500
	0.045513	-131.676158	115.161951	44.286500
	0.045522	-130.847132	115.161951	44.286500
	0.045532	-130.441323	115.161951	44.226900
	0.045541	-129.713165	115.161951	44.226900
	0.045551	-129.764486	115.161951	44.286500
	0.045560	-131.410874	115.161951	44.286500
	0.045570	-131.031111	115.161951	44.346100
	0.045579	-130.760486	115.161951	44.346100
	0.045589	-130.029590	115.161951	44.286500
	0.045598	-131.229734	115.161951	44.346100
	0.045608	-131.320202	115.161951	44.286500
	0.045617	-130.685359	115.161951	44.226900
	0.045626	-130.512263	115.161951	44.286500
	0.045636	-131.030117	115.161951	44.286500
	0.045645	-130.866127	115.161951	44.226900
	0.045655	-131.120704	115.161951	44.167300
	0.045664	-131.176293	115.161951	44.167300
	0.045674	-129.932301	115.161951	44.167300
	0.045683	-130.695980	115.161951	44.167300
	0.045693	-130.610508	115.161951	44.226900
	0.045702	-129.899463	115.161951	44.226900
	0.045712	-129.391443	115.161951	44.107700
	0.045721	-129.466126	115.161951	44.167300
	0.045731	-129.751156	115.161951	44.226900
	0.045740	-130.631165	115.161951	44.167300
	0.045750	-130.650231	115.161951	44.107700
	0.045759	-130.537635	115.161951	44.107700
	0.045768	-130.427370	115.161951	44.167300
	0.045778	-131.104356	115.161951	44.167300
	0.045787	-130.490016	115.161951	44.226900
	0.045797	-130.459172	115.161951	44.226900
	0.045806	-130.931314	115.161951	44.226900
	0.045816	-131.169340	115.161951	44.226900
	0.045825	-130.814233	115.161951	44.226900
	0.045835	-130.335947	115.161951	44.167300
	0.045844	-130.538061	115.161951	44.226900
	0.045854	-134.929359	115.161951	44.942100
	0.045863	-137.936549	115.161951	45.955400
	0.045873	-138.145011	115.161951	46.253400
	0.045882	-137.605216	115.161951	46.313000
	0.045892	-138.133726	115.161951	46.313000
	0.045901	-138.683506	115.161951	46.313000
	0.045910	-138.258189	115.161951	46.253400
	0.045920	-137.050010	115.161951	46.253400
	0.045929	-138.140782	115.161951	46.313000
	0.045939	-137.639806	115.161951	46.253400
	0.045948	-137.307809	115.161951	46.313000
	0.045958	-137.531437	115.161951	46.372600
	0.045967	-137.413025	115.161951	46.372600
	0.045977	-137.218692	115.161951	46.372600
	0.045986	-137.886295	115.161951	46.372600
	0.045996	-138.636337	115.161951	46.372600
	0.046005	-137.546471	115.161951	46.372600
	0.046015	-138.367614	115.161951	46.372600
	0.046024	-138.454327	115.161951	46.372600
	0.046034	-137.722724	115.161951	46.372600
	0.046043	-138.397978	115.161951	46.313000
	0.046053	-139.254086	115.161951	46.253400
	0.046062	-138.926984	115.161951	46.253400
	0.046071	-139.206890	115.161951	46.253400
	0.046081	-139.368433	115.161951	46.253400
	0.046090	-139.919229	115.161951	46.313000
	0.046100	-138.549463	115.161951	46.313000
	0.046109	-138.787078	115.161951	46.313000
	0.046119	-139.496956	115.161951	46.313000
	0.046128	-138.673399	115.161951	46.313000
	0.046138	-139.608678	115.161951	46.253400
	0.046147	-139.073944	115.161951	46.193800
	0.046157	-138.373744	115.161951	46.193800
	0.046166	-138.258423	115.161951	46.253400
	0.046176	-139.173111	115.161951	46.253400
	0.046185	-140.035582	115.161951	46.193800
	0.046195	-139.462857	115.161951	46.313000
	0.046204	-140.968590	115.161951	46.491900
	0.046213	-140.667621	115.161951	46.551500
	0.046223	-139.488945	115.161951	46.611100
	0.046232	-139.293848	115.161951	46.730300
	0.046242	-139.687254	115.161951	46.670700
	0.046251	-139.969814	115.161951	46.670700
	0.046261	-139.950904	115.161951	46.670700
	0.046270	-139.645083	115.161951	46.670700
	0.046280	-138.639431	115.161951	46.730300
	0.046289	-139.623277	115.161951	46.789900
	0.046299	-139.517746	115.161951	46.849500
	0.046308	-139.044918	115.161951	46.849500
	0.046318	-139.186816	115.161951	46.789900
	0.046327	-141.607266	115.161951	47.147500
	0.046337	-142.668046	115.161951	47.564700
	0.046346	-142.032474	115.161951	47.683900
	0.046356	-142.953571	115.161951	47.683900
	0.046365	-141.816248	115.161951	47.683900
	0.046374	-142.476129	115.161951	47.683900
	0.046384	-143.512592	115.161951	47.683900
	0.046393	-141.896877	115.161951	47.624300
	0.046403	-141.630130	115.161951	47.564700
	0.046412	-142.592201	115.161951	47.564700
	0.046422	-142.153297	115.161951	47.803200
	0.046431	-142.457575	115.161951	47.982000
	0.046441	-142.683222	115.161951	48.041600
	0.046450	-143.283722	115.161951	48.041600
	0.046460	-144.030253	115.161951	48.160800
	0.046469	-143.375608	115.161951	48.041600
	0.046479	-143.558886	115.161951	48.041600
	0.046488	-143.287856	115.161951	48.041600
	0.046498	-143.499224	115.161951	48.101200
	0.046507	-144.005737	115.161951	48.041600
	0.046516	-143.665356	115.161951	47.982000
	0.046526	-144.196392	115.161951	47.982000
	0.046535	-144.756211	115.161951	47.982000
	0.046545	-145.658508	115.161951	48.339600
	0.046554	-145.601321	115.161951	48.518400
	0.046564	-145.799579	115.161951	48.578000
	0.046573	-145.484714	115.161951	48.578000
	0.046583	-143.598873	115.161951	48.578000
	0.046592	-145.869595	115.161951	48.697200
	0.046602	-149.312380	115.161951	49.889300
	0.046611	-151.213678	115.161951	50.545000
	0.046621	-151.621977	115.161951	50.723800
	0.046630	-150.967045	115.161951	50.783400
	0.046640	-151.375994	115.161951	50.723800
	0.046649	-151.240089	115.161951	50.783400
	0.046659	-150.878583	115.161951	50.783400
	0.046668	-152.204094	115.161951	50.843000
	0.046677	-150.512818	115.161951	50.843000
	0.046687	-155.972959	115.161951	51.737100
	0.046696	-155.581011	115.161951	52.452300
	0.046706	-156.515989	115.161951	52.571500
	0.046715	-156.746299	115.161951	52.571500
	0.046725	-156.772243	115.161951	52.631100
	0.046734	-156.343168	115.161951	52.571500
	0.046744	-156.223160	115.161951	52.571500
	0.046753	-155.688300	115.161951	52.571500
	0.046763	-156.778579	115.161951	52.511900
	0.046772	-156.704075	115.161951	52.571500
	0.046782	-156.717920	115.161951	52.631100
	0.046791	-157.068705	115.161951	52.392700
	0.046801	-157.369057	115.161951	52.273500
	0.046810	-157.613693	115.161951	52.213900
	0.046819	-156.775775	115.161951	52.154300
	0.046829	-156.622374	115.161951	52.154300
	0.046838	-159.432499	115.161951	52.392700
	0.046848	-159.061331	115.161951	52.690700
	0.046857	-159.385421	115.161951	52.750300
	0.046867	-159.354660	115.161951	52.750300
	0.046876	-159.854759	115.161951	52.750300
	0.046886	-161.291386	115.161951	52.809900
	0.046895	-160.543363	115.161951	53.286800
	0.046905	-162.048817	115.161951	53.465600
	0.046914	-161.081157	115.161951	53.525200
	0.046924	-162.521274	115.161951	53.525200
	0.046933	-162.173212	115.161951	53.406000
	0.046943	-161.905714	115.161951	53.406000
	0.046952	-161.798113	115.161951	53.406000
	0.046962	-162.138413	115.161951	53.406000
	0.046971	-161.654899	115.161951	53.406000
	0.046980	-161.522127	115.161951	53.465600
	0.046990	-160.964302	115.161951	53.525200
	0.046999	-161.766302	115.161951	53.465600
	0.047009	-161.655079	115.161951	53.406000
	0.047018	-162.203296	115.161951	53.406000
	0.047028	-161.232836	115.161951	53.406000
	0.047037	-161.202057	115.161951	53.406000
	0.047047	-160.703818	115.161951	53.465600
	0.047056	-161.171046	115.161951	53.406000
	0.047066	-161.033492	115.161951	53.406000
	0.047075	-161.389708	115.161951	53.406000
	0.047085	-160.279339	115.161951	53.346400
	0.047094	-161.509402	115.161951	53.406000
	0.047104	-161.088357	115.161951	53.406000
	0.047113	-161.653912	115.161951	53.406000
	0.047122	-162.020411	115.161951	53.406000
	0.047132	-162.172361	115.161951	53.406000
	0.047141	-161.714474	115.161951	53.406000
	0.047151	-161.436145	115.161951	53.465600
	0.047160	-162.000014	115.161951	53.525200
	0.047170	-161.712614	115.161951	53.584800
	0.047179	-162.095083	115.161951	53.584800
	0.047189	-162.866840	115.161951	53.525200
	0.047198	-162.390737	115.161951	53.584800
	0.047208	-162.758316	115.161951	53.584800
	0.047217	-161.915131	115.161951	53.644400
	0.047227	-162.411299	115.161951	53.644400
	0.047236	-163.301889	115.161951	53.584800
	0.047246	-163.025104	115.161951	53.525200
	0.047255	-163.312285	115.161951	53.584800
	0.047265	-162.688051	115.161951	53.644400
	0.047274	-162.000074	115.161951	53.704000
	0.047283	-162.228898	115.161951	53.644400
	0.047293	-161.549731	115.161951	53.644400
	0.047302	-161.919039	115.161951	53.644400
	0.047312	-163.082870	115.161951	53.584800
	0.047321	-162.708874	115.161951	53.525200
	0.047331	-161.647216	115.161951	53.584800
	0.047340	-163.023356	115.161951	53.704000
	0.047350	-164.288643	115.161951	54.002000
	0.047359	-163.763693	115.161951	54.121300
	0.047369	-164.394542	115.161951	54.180900
	0.047378	-163.669276	115.161951	54.121300
	0.047388	-165.238282	115.161951	54.121300
	0.047397	-164.933639	115.161951	54.121300
	0.047407	-163.902428	115.161951	54.180900
	0.047416	-164.475807	115.161951	54.240500
	0.047425	-165.172598	115.161951	54.240500
	0.047435	-164.181487	115.161951	54.300100
	0.047444	-164.605989	115.161951	54.359700
	0.047454	-164.696372	115.161951	54.240500
	0.047463	-163.937816	115.161951	54.240500
	0.047473	-164.520272	115.161951	54.240500
	0.047482	-164.894948	115.161951	54.180900
	0.047492	-164.354405	115.161951	54.180900
	0.047501	-164.369292	115.161951	54.180900
	0.047511	-164.679687	115.161951	54.121300
	0.047520	-163.984685	115.161951	54.121300
	0.047530	-165.042347	115.161951	54.240500
	0.047539	-164.329359	115.161951	54.180900
	0.047549	-165.303977	115.161951	54.180900
	0.047558	-164.894836	115.161951	54.180900
	0.047568	-164.108209	115.161951	54.240500
	0.047577	-164.380817	115.161951	54.240500
	0.047586	-164.067306	115.161951	54.240500
	0.047596	-168.058694	115.161951	54.896100
	0.047605	-168.317418	115.161951	55.372900
	0.047615	-168.578429	115.161951	55.492200
	0.047624	-168.385407	115.161951	55.492200
	0.047634	-168.066918	115.161951	55.551800
	0.047643	-168.575830	115.161951	55.492200
	0.047653	-168.881519	115.161951	55.492200
	0.047662	-168.058374	115.161951	55.551800
	0.047672	-167.554483	115.161951	55.611400
	0.047681	-167.809444	115.161951	55.611400
	0.047691	-167.595398	115.161951	55.790200
	0.047700	-168.591502	115.161951	55.730600
	0.047710	-168.942491	115.161951	55.730600
	0.047719	-169.030388	115.161951	55.790200
	0.047728	-169.099489	115.161951	55.790200
	0.047738	-168.889378	115.161951	55.790200
	0.047747	-169.883479	115.161951	55.790200
	0.047757	-170.221767	115.161951	55.790200
	0.047766	-168.834727	115.161951	55.849800
	0.047776	-169.122906	115.161951	55.909400
	0.047785	-169.730308	115.161951	56.028600
	0.047795	-168.925322	115.161951	56.028600
	0.047804	-169.851717	115.161951	56.028600
	0.047814	-169.720211	115.161951	56.028600
	0.047823	-169.881164	115.161951	55.969000
	0.047833	-169.889633	115.161951	55.969000
	0.047842	-169.063001	115.161951	55.969000
	0.047852	-169.966873	115.161951	55.969000
	0.047861	-170.588069	115.161951	55.909400
	0.047871	-169.012903	115.161951	55.909400
	0.047880	-168.459206	115.161951	55.849800
	0.047889	-169.717055	115.161951	55.849800
	0.047899	-169.979532	115.161951	55.909400
	0.047908	-169.076811	115.161951	55.909400
	0.047918	-170.894422	115.161951	55.909400
	0.047927	-169.917759	115.161951	55.909400
	0.047937	-169.695256	115.161951	55.909400
	0.047946	-170.990416	115.161951	55.969000
	0.047956	-169.076147	115.161951	55.909400
	0.047965	-169.432601	115.161951	55.849800
	0.047975	-170.182127	115.161951	55.849800
	0.047984	-170.714857	115.161951	55.909400
	0.047994	-170.503814	115.161951	55.909400
	0.048003	-170.107946	115.161951	55.909400
	0.048013	-169.950848	115.161951	55.969000
	0.048022	-169.537204	115.161951	56.028600
	0.048031	-170.070241	115.161951	56.028600
	0.048041	-169.318611	115.161951	56.028600
	0.048050	-169.287863	115.161951	55.909400
	0.048060	-169.825845	115.161951	55.909400
	0.048069	-170.204623	115.161951	55.909400
	0.048079	-170.529994	115.161951	55.849800
	0.048088	-170.312901	115.161951	55.790200
	0.048098	-169.298295	115.161951	55.790200
	0.048107	-169.993735	115.161951	55.730600
	0.048117	-171.440861	115.161951	55.730600
	0.048126	-171.008167	115.161951	55.671000
	0.048136	-169.818766	115.161951	55.730600
	0.048145	-169.905487	115.161951	56.028600
	0.048155	-172.130837	115.161951	56.684300
	0.048164	-171.397250	115.161951	56.863100
	0.048174	-172.343872	115.161951	56.863100
	0.048183	-172.081348	115.161951	56.922700
	0.048192	-172.187280	115.161951	56.922700
	0.048202	-171.849663	115.161951	56.922700
	0.048211	-171.039427	115.161951	56.922700
	0.048221	-171.792295	115.161951	56.982300
	0.048230	-171.151786	115.161951	56.982300
	0.048240	-171.889664	115.161951	56.982300
	0.048249	-170.853811	115.161951	56.982300
	0.048259	-171.552441	115.161951	56.982300
	0.048268	-170.575683	115.161951	56.922700
	0.048278	-170.964906	115.161951	56.922700
	0.048287	-171.309601	115.161951	56.982300
	0.048297	-172.312477	115.161951	56.922700
	0.048306	-171.508078	115.161951	56.922700
	0.048316	-172.164471	115.161951	56.922700
	0.048325	-171.916127	115.161951	56.922700
	0.048334	-171.506440	115.161951	56.922700
	0.048344	-172.543324	115.161951	56.982300
	0.048353	-171.935827	115.161951	56.922700
	0.048363	-171.693550	115.161951	56.922700
	0.048372	-171.970166	115.161951	56.922700
	0.048382	-172.211245	115.161951	56.922700
	0.048391	-173.057252	115.161951	56.863100
	0.048401	-171.512270	115.161951	56.863100
	0.048410	-171.243498	115.161951	56.863100
	0.048420	-172.076028	115.161951	56.982300
	0.048429	-173.807009	115.161951	57.518700
	0.048439	-174.973351	115.161951	57.637900
	0.048448	-175.671940	115.161951	57.637900
	0.048458	-175.421166	115.161951	57.637900
	0.048467	-175.560123	115.161951	57.637900
	0.048477	-176.010054	115.161951	57.637900
	0.048486	-175.388194	115.161951	57.637900
	0.048495	-175.668099	115.161951	57.697500
	0.048505	-174.992998	115.161951	57.697500
	0.048514	-175.038738	115.161951	57.757100
	0.048524	-176.180197	115.161951	57.697500
	0.048533	-175.187449	115.161951	57.637900
	0.048543	-175.152309	115.161951	57.697500
	0.048552	-174.174754	115.161951	57.697500
	0.048562	-174.874843	115.161951	57.757100
	0.048571	-174.816513	115.161951	57.757100
	0.048581	-174.202328	115.161951	57.697500
	0.048590	-174.825867	115.161951	57.697500
	0.048600	-174.256223	115.161951	57.757100
	0.048609	-174.560147	115.161951	57.757100
	0.048619	-174.134216	115.161951	57.757100
	0.048628	-173.344979	115.161951	57.757100
	0.048637	-173.769973	115.161951	57.757100
	0.048647	-174.428033	115.161951	57.816700
	0.048656	-174.753359	115.161951	57.816700
	0.048666	-175.458305	115.161951	58.174400
	0.048675	-175.545044	115.161951	58.651200
	0.048685	-175.476520	115.161951	58.770400
	0.048694	-175.299520	115.161951	58.770400
	0.048704	-176.144112	115.161951	58.770400
	0.048713	-175.365176	115.161951	58.770400
	0.048723	-175.711177	115.161951	58.830000
	0.048732	-175.262565	115.161951	58.770400
	0.048742	-175.383672	115.161951	58.770400
	0.048751	-174.734604	115.161951	58.770400
	0.048761	-174.282363	115.161951	58.770400
	0.048770	-174.419034	115.161951	58.770400
	0.048780	-175.411534	115.161951	58.889600
	0.048789	-175.336106	115.161951	58.889600
	0.048798	-174.832819	115.161951	58.770400
	0.048808	-174.895221	115.161951	58.770400
	0.048817	-175.279588	115.161951	58.889600
	0.048827	-174.937665	115.161951	58.889600
	0.048836	-174.626649	115.161951	58.889600
	0.048846	-176.463242	115.161951	58.889600
	0.048855	-175.249610	115.161951	58.889600
	0.048865	-175.380168	115.161951	58.830000
	0.048874	-175.575439	115.161951	58.770400
	0.048884	-175.318283	115.161951	58.770400
	0.048893	-175.772677	115.161951	58.770400
	0.048903	-176.177509	115.161951	58.830000
	0.048912	-175.758781	115.161951	59.008800
	0.048922	-176.595754	115.161951	59.128000
	0.048931	-176.645113	115.161951	59.128000
	0.048940	-176.216140	115.161951	59.187600
	0.048950	-176.473486	115.161951	59.187600
	0.048959	-177.007070	115.161951	59.187600
	0.048969	-176.603605	115.161951	59.128000
	0.048978	-176.722402	115.161951	59.128000
	0.048988	-176.087822	115.161951	59.247200
	0.048997	-176.582220	115.161951	59.247200
	0.049007	-176.807246	115.161951	59.247200
	0.049016	-177.587438	115.161951	59.128000
	0.049026	-177.500814	115.161951	59.128000
	0.049035	-176.572448	115.161951	59.187600
	0.049045	-178.299189	115.161951	59.187600
	0.049054	-177.362508	115.161951	59.187600
	0.049064	-177.232360	115.161951	59.128000
	0.049073	-176.811663	115.161951	59.187600
	0.049083	-176.849346	115.161951	59.128000
	0.049092	-176.656911	115.161951	59.187600
	0.049101	-177.300876	115.161951	59.247200
	0.049111	-177.640819	115.161951	59.306900
	0.049120	-176.357183	115.161951	59.366500
	0.049130	-178.238727	115.161951	59.426100
	0.049139	-177.858593	115.161951	59.485700
	0.049149	-177.681350	115.161951	59.485700
	0.049158	-177.990351	115.161951	59.485700
	0.049168	-179.224109	115.161951	59.426100
	0.049177	-179.192506	115.161951	59.545300
	0.049187	-180.459644	115.161951	60.141300
	0.049196	-181.775776	115.161951	60.379700
	0.049206	-180.483786	115.161951	60.379700
	0.049215	-181.679343	115.161951	60.379700
	0.049225	-180.070799	115.161951	60.379700
	0.049234	-181.494944	115.161951	60.379700
	0.049243	-181.815146	115.161951	60.320100
	0.049253	-181.913978	115.161951	60.379700
	0.049262	-181.499574	115.161951	60.320100
	0.049272	-181.126308	115.161951	60.379700
	0.049281	-182.213477	115.161951	60.379700
	0.049291	-182.015584	115.161951	60.379700
	0.049300	-182.565271	115.161951	60.379700
	0.049310	-181.144744	115.161951	60.320100
	0.049319	-182.376522	115.161951	60.379700
	0.049329	-180.758268	115.161951	60.379700
	0.049338	-182.206044	115.161951	60.320100
	0.049348	-181.780175	115.161951	60.320100
	0.049357	-182.436850	115.161951	60.379700
	0.049367	-181.005496	115.161951	60.320100
	0.049376	-180.956715	115.161951	60.320100
	0.049386	-180.825180	115.161951	60.320100
	0.049395	-181.394295	115.161951	60.260500
	0.049404	-180.104374	115.161951	60.141300
	0.049414	-182.257235	115.161951	60.260500
	0.049423	-181.112530	115.161951	60.320100
	0.049433	-182.063065	115.161951	60.260500
	0.049442	-181.548080	115.161951	60.320100
	0.049452	-182.633577	115.161951	60.320100
	0.049461	-182.417099	115.161951	60.320100
	0.049471	-181.988046	115.161951	60.320100
	0.049480	-181.940163	115.161951	60.379700
	0.049490	-181.244140	115.161951	60.439300
	0.049499	-180.755906	115.161951	60.439300
	0.049509	-180.919821	115.161951	60.439300
	0.049518	-181.076733	115.161951	60.379700
	0.049528	-181.291337	115.161951	60.379700
	0.049537	-181.411942	115.161951	60.320100
	0.049546	-181.403450	115.161951	60.260500
	0.049556	-181.479395	115.161951	60.260500
	0.049565	-181.239261	115.161951	60.260500
	0.049575	-181.305673	115.161951	60.260500
	0.049584	-181.108351	115.161951	60.260500
	0.049594	-181.417337	115.161951	60.260500
	0.049603	-182.414466	115.161951	60.200900
	0.049613	-180.952426	115.161951	60.260500
	0.049622	-181.104689	115.161951	60.320100
	0.049632	-181.141066	115.161951	60.320100
	0.049641	-180.847630	115.161951	60.260500
	0.049651	-182.132666	115.161951	60.200900
	0.049660	-182.195260	115.161951	60.260500
	0.049670	-181.597228	115.161951	60.260500
	0.049679	-181.269503	115.161951	60.260500
	0.049689	-181.225338	115.161951	60.320100
	0.049698	-181.988800	115.161951	60.320100
	0.049707	-181.531869	115.161951	60.320100
	0.049717	-182.207070	115.161951	60.320100
	0.049726	-181.837364	115.161951	60.320100
	0.049736	-181.128065	115.161951	60.260500
	0.049745	-180.720797	115.161951	60.260500
	0.049755	-180.533119	115.161951	60.260500
	0.049764	-180.813617	115.161951	60.260500
	0.049774	-181.829505	115.161951	60.200900
	0.049783	-181.749710	115.161951	60.260500
	0.049793	-181.090000	115.161951	60.260500
	0.049802	-180.249877	115.161951	60.260500
	0.049812	-180.531743	115.161951	60.260500
	0.049821	-181.078888	115.161951	60.260500
	0.049831	-180.077511	115.161951	60.260500
	0.049840	-181.064691	115.161951	60.379700
	0.049849	-181.452868	115.161951	60.439300
	0.049859	-181.071079	115.161951	60.379700
	0.049868	-181.448846	115.161951	60.439300
	0.049878	-181.965970	115.161951	60.439300
	0.049887	-181.217044	115.161951	60.379700
	0.049897	-181.740868	115.161951	60.439300
	0.049906	-181.566816	115.161951	60.439300
	0.049916	-180.931344	115.161951	60.379700
	0.049925	-181.593468	115.161951	60.439300
	0.049935	-181.415186	115.161951	60.379700
	0.049944	-181.099384	115.161951	60.379700
	0.049954	-181.878534	115.161951	60.379700
	0.049963	-180.697755	115.161951	60.320100
	0.049973	-181.201664	115.161951	60.260500
	0.049982	-180.966719	115.161951	60.320100
	0.049991	-180.855079	115.161951	60.320100
	0.050001	-180.224340	115.161951	60.320100
	0.050010	-180.030031	115.161951	60.320100
	0.050020	-181.190360	115.161951	60.320100
	0.050029	-181.237424	115.161951	60.320100
	0.050039	-181.431457	115.161951	60.260500
	0.050048	-181.769199	115.161951	60.260500
	0.050058	-180.022524	115.161951	60.260500
	0.050067	-181.261778	115.161951	60.320100
	0.050077	-181.462772	115.161951	60.439300
	0.050086	-181.900197	115.161951	60.439300
	0.050096	-182.514370	115.161951	60.379700
	0.050105	-181.808199	115.161951	60.320100
	0.050115	-181.851114	115.161951	60.320100
	0.050124	-182.950001	115.161951	60.320100
	0.050134	-182.503197	115.161951	60.379700
	0.050143	-181.746116	115.161951	60.439300
	0.050152	-181.097728	115.161951	60.439300
	0.050162	-181.419819	115.161951	60.439300
	0.050171	-182.171576	115.161951	60.439300
	0.050181	-182.102819	115.161951	60.379700
	0.050190	-181.160029	115.161951	60.379700
	0.050200	-181.559090	115.161951	60.439300
	0.050209	-180.432862	115.161951	60.558600
	0.050219	-180.712820	115.161951	60.498900
	0.050228	-180.923515	115.161951	60.439300
	0.050238	-181.552416	115.161951	60.439300
	0.050247	-181.522469	115.161951	60.379700
	0.050257	-180.931869	115.161951	60.439300
	0.050266	-181.332832	115.161951	60.439300
	0.050276	-182.285360	115.161951	60.439300
	0.050285	-180.937864	115.161951	60.439300
	0.050294	-182.160681	115.161951	60.379700
	0.050304	-181.132547	115.161951	60.498900
	0.050313	-181.363321	115.161951	60.558600
	0.050323	-181.449003	115.161951	60.558600
	0.050332	-181.336573	115.161951	60.558600
	0.050342	-181.040629	115.161951	60.558600
	0.050351	-181.869564	115.161951	60.558600
	0.050361	-180.992284	115.161951	60.498900
	0.050370	-181.634587	115.161951	60.498900
	0.050380	-182.525127	115.161951	60.439300
	0.050389	-180.819389	115.161951	60.439300
	0.050399	-180.998606	115.161951	60.439300
	0.050408	-180.759995	115.161951	60.498900
	0.050418	-180.818894	115.161951	60.498900
	0.050427	-181.584053	115.161951	60.498900
	0.050437	-181.781696	115.161951	60.498900
	0.050446	-181.732897	115.161951	60.558600
	0.050455	-181.774046	115.161951	60.558600
	0.050465	-182.047442	115.161951	60.558600
	0.050474	-181.387095	115.161951	60.558600
	0.050484	-181.536950	115.161951	60.558600
