	-0.071022	0.453113	115.161951	-20.921300
	-0.068270	0.117552	115.161951	-20.981000
	-0.065518	0.026718	115.161951	-21.100200
	-0.062767	0.253637	115.161951	-21.279000
	-0.060015	-0.003920	115.161951	-21.457800
	-0.057264	-0.553529	115.161951	-21.577000
	-0.054512	-0.866969	115.161951	-21.815400
	-0.051760	-0.115184	115.161951	-22.053800
	-0.049009	-0.179464	115.161951	-22.351900
	-0.046257	-0.183175	115.161951	-22.649900
	-0.043506	-0.155962	115.161951	-22.888300
	-0.040754	-0.967162	115.161951	-23.126700
	-0.038002	-1.567571	115.161951	-23.424700
	-0.035251	-1.201406	115.161951	-23.722800
	-0.032499	-0.820927	115.161951	-24.020800
	-0.029748	-0.763638	115.161951	-24.438000
	-0.026996	-1.796926	115.161951	-24.974500
	-0.024245	-0.575983	115.161951	-25.332100
	-0.021493	-2.152552	115.161951	-25.868500
	-0.018741	-1.508239	115.161951	-26.345400
	-0.015990	-1.636632	115.161951	-27.001000
	-0.013238	-3.028527	115.161951	-27.597100
	-0.010487	-2.011628	115.161951	-28.133500
	-0.007735	-2.224111	115.161951	-28.848800
	-0.004984	-3.309317	115.161951	-29.504400
	-0.002232	-2.906639	115.161951	-30.279300
	0.000520	-4.263497	115.161951	-31.113900
	0.003271	-3.860097	115.161951	-32.067500
	0.006023	-3.783003	115.161951	-33.140400
	0.008774	-5.868614	115.161951	-34.153700
	0.011526	-6.115315	115.161951	-35.167000
	0.014278	-6.534961	115.161951	-37.253100
	0.017029	-6.615226	115.161951	-38.564400
	0.019781	-7.116969	115.161951	-40.114200
	0.022532	-8.374947	115.161951	-42.617600
	0.025284	-9.689094	115.161951	-45.597800
	0.028036	-10.069476	115.161951	-48.578000
	0.030787	-11.542267	115.161951	-52.035100
	0.033539	-13.880853	115.161951	-56.684300
	0.036290	-15.722824	115.161951	-63.062200
	0.036290	-18.410665	115.161951	-67.174900
	0.036300	-17.647671	115.161951	-68.247800
	0.036309	-17.258929	115.161951	-68.486200
	0.036319	-17.717931	115.161951	-68.486200
	0.036328	-17.946633	115.161951	-68.486200
	0.036338	-17.902035	115.161951	-68.605400
	0.036347	-19.010890	115.161951	-68.605400
	0.036357	-18.048315	115.161951	-68.605400
	0.036366	-18.481883	115.161951	-68.605400
	0.036376	-17.937376	115.161951	-68.665000
	0.036385	-18.559334	115.161951	-68.665000
	0.036394	-19.610160	115.161951	-68.724600
	0.036404	-18.858606	115.161951	-68.724600
	0.036413	-18.974533	115.161951	-68.784200
	0.036423	-19.031509	115.161951	-68.784200
	0.036432	-18.335377	115.161951	-68.784200
	0.036442	-19.768268	115.161951	-68.843800
	0.036451	-19.250448	115.161951	-68.963000
	0.036461	-19.648110	115.161951	-69.082200
	0.036470	-20.410746	115.161951	-69.141900
	0.036480	-20.276395	115.161951	-69.261100
	0.036489	-19.771713	115.161951	-69.320700
	0.036499	-20.783542	115.161951	-69.380300
	0.036508	-19.436581	115.161951	-69.380300
	0.036518	-19.877553	115.161951	-69.380300
	0.036527	-20.755618	115.161951	-69.320700
	0.036537	-20.111595	115.161951	-69.320700
	0.036546	-20.013028	115.161951	-69.380300
	0.036555	-19.684999	115.161951	-69.439900
	0.036565	-19.058705	115.161951	-69.499500
	0.036574	-19.222346	115.161951	-69.499500
	0.036584	-20.318089	115.161951	-69.499500
	0.036593	-18.288953	115.161951	-69.499500
	0.036603	-19.389461	115.161951	-69.499500
	0.036612	-19.690485	115.161951	-69.559100
	0.036622	-19.331288	115.161951	-69.618700
	0.036631	-19.221763	115.161951	-69.678300
	0.036641	-19.474754	115.161951	-69.678300
	0.036650	-18.848810	115.161951	-69.678300
	0.036660	-19.496485	115.161951	-69.678300
	0.036669	-18.942636	115.161951	-69.737900
	0.036679	-17.460286	115.161951	-69.737900
	0.036688	-18.169117	115.161951	-69.857100
	0.036697	-18.503953	115.161951	-69.916700
	0.036707	-19.075523	115.161951	-69.916700
	0.036716	-18.763657	115.161951	-69.916700
	0.036726	-18.661621	115.161951	-69.916700
	0.036735	-19.174299	115.161951	-69.976300
	0.036745	-18.723117	115.161951	-69.976300
	0.036754	-18.795623	115.161951	-69.976300
	0.036764	-18.981712	115.161951	-69.916700
	0.036773	-19.057699	115.161951	-69.916700
	0.036783	-19.893135	115.161951	-69.916700
	0.036792	-19.242671	115.161951	-69.976300
	0.036802	-18.739815	115.161951	-70.035900
	0.036811	-20.090911	115.161951	-70.095500
	0.036821	-19.242046	115.161951	-70.095500
	0.036830	-20.482302	115.161951	-70.095500
	0.036840	-19.879173	115.161951	-70.155100
	0.036849	-19.606574	115.161951	-70.095500
	0.036858	-19.895482	115.161951	-70.035900
	0.036868	-19.075059	115.161951	-70.035900
	0.036877	-19.811741	115.161951	-70.035900
	0.036887	-19.433640	115.161951	-70.095500
	0.036896	-20.147230	115.161951	-70.095500
	0.036906	-19.756495	115.161951	-70.155100
	0.036915	-21.106073	115.161951	-70.155100
	0.036925	-20.643219	115.161951	-70.155100
	0.036934	-20.459594	115.161951	-70.214700
	0.036944	-21.419953	115.161951	-70.214700
	0.036953	-21.167907	115.161951	-70.214700
	0.036963	-20.458664	115.161951	-70.274300
	0.036972	-19.364341	115.161951	-70.274300
	0.036982	-20.867348	115.161951	-70.274300
	0.036991	-20.025403	115.161951	-70.393600
	0.037000	-20.666146	115.161951	-70.333900
	0.037010	-20.503288	115.161951	-70.333900
	0.037019	-19.430739	115.161951	-70.274300
	0.037029	-19.691581	115.161951	-70.393600
	0.037038	-20.838120	115.161951	-70.393600
	0.037048	-20.885542	115.161951	-70.393600
	0.037057	-19.571108	115.161951	-70.453200
	0.037067	-20.429133	115.161951	-70.453200
	0.037076	-19.515604	115.161951	-70.453200
	0.037086	-19.661731	115.161951	-70.512800
	0.037095	-20.012077	115.161951	-70.512800
	0.037105	-20.504045	115.161951	-70.512800
	0.037114	-20.709063	115.161951	-70.512800
	0.037124	-20.642387	115.161951	-70.512800
	0.037133	-20.460302	115.161951	-70.512800
	0.037143	-20.811456	115.161951	-70.572400
	0.037152	-19.600442	115.161951	-70.512800
	0.037161	-20.019124	115.161951	-70.453200
	0.037171	-20.540069	115.161951	-70.453200
	0.037180	-19.916129	115.161951	-70.453200
	0.037190	-19.910121	115.161951	-70.453200
	0.037199	-19.344886	115.161951	-70.333900
	0.037209	-19.556432	115.161951	-70.333900
	0.037218	-19.733464	115.161951	-70.274300
	0.037228	-20.228359	115.161951	-70.333900
	0.037237	-19.822690	115.161951	-70.333900
	0.037247	-19.630433	115.161951	-70.333900
	0.037256	-19.434009	115.161951	-70.333900
	0.037266	-21.068358	115.161951	-70.333900
	0.037275	-19.749545	115.161951	-70.333900
	0.037285	-20.092834	115.161951	-70.333900
	0.037294	-19.842683	115.161951	-70.393600
	0.037303	-20.045609	115.161951	-70.393600
	0.037313	-20.817073	115.161951	-70.333900
	0.037322	-20.679176	115.161951	-70.333900
	0.037332	-19.502611	115.161951	-70.333900
	0.037341	-20.738513	115.161951	-70.453200
	0.037351	-20.295353	115.161951	-70.453200
	0.037360	-20.543211	115.161951	-70.512800
	0.037370	-19.732256	115.161951	-70.512800
	0.037379	-19.557714	115.161951	-70.512800
	0.037389	-20.181249	115.161951	-70.512800
	0.037398	-19.566227	115.161951	-70.512800
	0.037408	-19.895976	115.161951	-70.572400
	0.037417	-20.295658	115.161951	-70.572400
	0.037427	-20.487631	115.161951	-70.632000
	0.037436	-20.022912	115.161951	-70.691600
	0.037446	-19.923101	115.161951	-70.751200
	0.037455	-20.214500	115.161951	-70.751200
	0.037464	-21.278020	115.161951	-70.751200
	0.037474	-21.797149	115.161951	-70.751200
	0.037483	-20.777773	115.161951	-70.751200
	0.037493	-21.461662	115.161951	-70.810800
	0.037502	-21.529857	115.161951	-70.870400
	0.037512	-21.917856	115.161951	-70.930000
	0.037521	-21.329473	115.161951	-70.930000
	0.037531	-20.674655	115.161951	-71.049200
	0.037540	-21.057823	115.161951	-71.049200
	0.037550	-21.227160	115.161951	-71.108800
	0.037559	-20.718342	115.161951	-71.108800
	0.037569	-20.883204	115.161951	-71.108800
	0.037578	-20.217406	115.161951	-71.228000
	0.037588	-20.287244	115.161951	-71.287600
	0.037597	-20.333420	115.161951	-71.287600
	0.037606	-19.788616	115.161951	-71.347200
	0.037616	-19.284622	115.161951	-71.287600
	0.037625	-19.417511	115.161951	-71.406800
	0.037635	-19.345527	115.161951	-71.466400
	0.037644	-20.194557	115.161951	-71.526000
	0.037654	-20.006450	115.161951	-71.466400
	0.037663	-19.888516	115.161951	-71.466400
	0.037673	-19.274699	115.161951	-71.585600
	0.037682	-20.296725	115.161951	-71.645200
	0.037692	-19.863234	115.161951	-71.645200
	0.037701	-20.256759	115.161951	-71.704900
	0.037711	-19.135981	115.161951	-71.645200
	0.037720	-19.601665	115.161951	-71.645200
	0.037730	-20.610179	115.161951	-71.704900
	0.037739	-20.203448	115.161951	-71.764500
	0.037748	-20.452173	115.161951	-71.764500
	0.037758	-19.960617	115.161951	-71.824100
	0.037767	-20.577233	115.161951	-71.824100
	0.037777	-19.360526	115.161951	-71.824100
	0.037786	-20.481528	115.161951	-71.883700
	0.037796	-19.372446	115.161951	-71.943300
	0.037805	-21.247636	115.161951	-71.883700
	0.037815	-20.569820	115.161951	-71.883700
	0.037824	-20.914216	115.161951	-71.943300
	0.037834	-19.905078	115.161951	-72.002900
	0.037843	-20.215261	115.161951	-72.002900
	0.037853	-19.477759	115.161951	-72.062500
	0.037862	-20.636199	115.161951	-72.062500
	0.037872	-20.831363	115.161951	-72.062500
	0.037881	-20.703919	115.161951	-72.062500
	0.037891	-20.845742	115.161951	-72.122100
	0.037900	-20.370804	115.161951	-72.181700
	0.037909	-21.415153	115.161951	-72.181700
	0.037919	-20.647921	115.161951	-72.181700
	0.037928	-20.307258	115.161951	-72.181700
	0.037938	-20.037008	115.161951	-72.241300
	0.037947	-20.488919	115.161951	-72.300900
	0.037957	-20.393036	115.161951	-72.300900
	0.037966	-19.675167	115.161951	-72.360500
	0.037976	-19.767458	115.161951	-72.420100
	0.037985	-18.758284	115.161951	-72.420100
	0.037995	-20.300504	115.161951	-72.420100
	0.038004	-20.214745	115.161951	-72.479700
	0.038014	-20.716292	115.161951	-72.479700
	0.038023	-20.406763	115.161951	-72.479700
	0.038033	-20.122455	115.161951	-72.539300
	0.038042	-20.589775	115.161951	-72.539300
	0.038051	-20.078884	115.161951	-72.479700
	0.038061	-19.607749	115.161951	-72.479700
	0.038070	-20.722269	115.161951	-72.539300
	0.038080	-20.308641	115.161951	-72.539300
	0.038089	-20.757095	115.161951	-72.598900
	0.038099	-21.466161	115.161951	-72.718100
	0.038108	-21.080630	115.161951	-72.718100
	0.038118	-20.636532	115.161951	-72.718100
	0.038127	-20.590603	115.161951	-72.718100
	0.038137	-21.225676	115.161951	-72.777700
	0.038146	-21.279619	115.161951	-72.837300
	0.038156	-21.002047	115.161951	-72.837300
	0.038165	-20.461593	115.161951	-72.896900
	0.038175	-20.983485	115.161951	-73.016200
	0.038184	-19.728153	115.161951	-73.075800
	0.038194	-20.984507	115.161951	-73.075800
	0.038203	-20.602173	115.161951	-73.075800
	0.038212	-21.681023	115.161951	-73.075800
	0.038222	-20.850584	115.161951	-73.016200
	0.038231	-20.923735	115.161951	-73.016200
	0.038241	-20.964137	115.161951	-73.075800
	0.038250	-21.800456	115.161951	-73.135400
	0.038260	-20.855466	115.161951	-73.254600
	0.038269	-21.649072	115.161951	-73.254600
	0.038279	-20.879557	115.161951	-73.254600
	0.038288	-19.554758	115.161951	-73.314200
	0.038298	-21.831885	115.161951	-73.373800
	0.038307	-20.469019	115.161951	-73.373800
	0.038317	-21.093699	115.161951	-73.314200
	0.038326	-20.234943	115.161951	-73.373800
	0.038336	-21.040901	115.161951	-73.433400
	0.038345	-22.078564	115.161951	-73.373800
	0.038354	-21.281440	115.161951	-73.433400
	0.038364	-21.773540	115.161951	-73.433400
	0.038373	-21.025454	115.161951	-73.433400
	0.038383	-20.497966	115.161951	-73.493000
	0.038392	-20.702490	115.161951	-73.612200
	0.038402	-21.718181	115.161951	-73.612200
	0.038411	-21.280875	115.161951	-73.552600
	0.038421	-20.970978	115.161951	-73.552600
	0.038430	-20.420571	115.161951	-73.612200
	0.038440	-21.542865	115.161951	-73.671800
	0.038449	-20.615119	115.161951	-73.612200
	0.038459	-21.278169	115.161951	-73.671800
	0.038468	-22.094898	115.161951	-73.731400
	0.038478	-23.257403	115.161951	-73.731400
	0.038487	-21.691352	115.161951	-73.850600
	0.038497	-21.961682	115.161951	-73.910200
	0.038506	-22.217741	115.161951	-73.910200
	0.038515	-21.684417	115.161951	-73.969800
	0.038525	-21.027471	115.161951	-73.969800
	0.038534	-21.896729	115.161951	-73.969800
	0.038544	-22.514778	115.161951	-74.029400
	0.038553	-21.302037	115.161951	-74.029400
	0.038563	-22.218002	115.161951	-74.029400
	0.038572	-21.338297	115.161951	-74.029400
	0.038582	-21.341457	115.161951	-74.029400
	0.038591	-20.756859	115.161951	-74.089000
	0.038601	-19.711827	115.161951	-74.148600
	0.038610	-21.096082	115.161951	-74.148600
	0.038620	-21.180426	115.161951	-74.029400
	0.038629	-20.535785	115.161951	-74.148600
	0.038639	-21.398736	115.161951	-74.208200
	0.038648	-20.153970	115.161951	-74.267900
	0.038657	-21.185989	115.161951	-74.267900
	0.038667	-21.040690	115.161951	-74.267900
	0.038676	-21.064231	115.161951	-74.267900
	0.038686	-22.795703	115.161951	-74.267900
	0.038695	-21.549756	115.161951	-74.327500
	0.038705	-21.409828	115.161951	-74.387100
	0.038714	-21.193471	115.161951	-74.327500
	0.038724	-20.724627	115.161951	-74.327500
	0.038733	-20.957917	115.161951	-74.387100
	0.038743	-21.170768	115.161951	-74.446700
	0.038752	-20.664510	115.161951	-74.446700
	0.038762	-21.222261	115.161951	-74.506300
	0.038771	-21.513851	115.161951	-74.446700
	0.038781	-19.158805	115.161951	-74.446700
	0.038790	-20.040628	115.161951	-74.565900
	0.038800	-20.600630	115.161951	-74.625500
	0.038809	-21.907109	115.161951	-74.565900
	0.038818	-21.944256	115.161951	-74.565900
	0.038828	-21.493640	115.161951	-74.565900
	0.038837	-20.294342	115.161951	-74.685100
	0.038847	-20.793168	115.161951	-74.685100
	0.038856	-20.057942	115.161951	-74.625500
	0.038866	-20.634555	115.161951	-74.685100
	0.038875	-20.354842	115.161951	-74.744700
	0.038885	-20.425013	115.161951	-74.804300
	0.038894	-19.552572	115.161951	-74.804300
	0.038904	-20.754893	115.161951	-74.804300
	0.038913	-20.548508	115.161951	-74.863900
	0.038923	-20.934661	115.161951	-74.804300
	0.038932	-20.060514	115.161951	-74.923500
	0.038942	-20.932723	115.161951	-74.983100
	0.038951	-20.917232	115.161951	-74.983100
	0.038960	-21.258210	115.161951	-74.983100
	0.038970	-20.330004	115.161951	-74.983100
	0.038979	-20.008810	115.161951	-74.983100
	0.038989	-22.057913	115.161951	-74.863900
	0.038998	-21.578427	115.161951	-74.804300
	0.039008	-21.093580	115.161951	-74.804300
	0.039017	-22.011000	115.161951	-74.744700
	0.039027	-20.819915	115.161951	-74.744700
	0.039036	-21.561130	115.161951	-74.804300
	0.039046	-21.273057	115.161951	-74.863900
	0.039055	-21.070745	115.161951	-74.863900
	0.039065	-22.033547	115.161951	-74.983100
	0.039074	-20.768814	115.161951	-74.983100
	0.039084	-21.027937	115.161951	-74.983100
	0.039093	-21.334374	115.161951	-75.042700
	0.039103	-21.089179	115.161951	-75.102300
	0.039112	-21.048173	115.161951	-75.102300
	0.039121	-22.698774	115.161951	-75.102300
	0.039131	-23.143296	115.161951	-75.221500
	0.039140	-21.281279	115.161951	-75.221500
	0.039150	-22.565795	115.161951	-75.221500
	0.039159	-21.218771	115.161951	-75.281100
	0.039169	-20.624298	115.161951	-75.281100
	0.039178	-21.610258	115.161951	-75.281100
	0.039188	-22.107807	115.161951	-75.281100
	0.039197	-21.166610	115.161951	-75.281100
	0.039207	-21.741254	115.161951	-75.281100
	0.039216	-21.999686	115.161951	-75.281100
	0.039226	-22.649636	115.161951	-75.281100
	0.039235	-21.175306	115.161951	-75.221500
	0.039245	-21.705203	115.161951	-75.221500
	0.039254	-22.391102	115.161951	-75.221500
	0.039263	-22.978105	115.161951	-75.102300
	0.039273	-22.593351	115.161951	-75.042700
	0.039282	-23.764040	115.161951	-74.983100
	0.039292	-22.504121	115.161951	-75.042700
	0.039301	-21.980940	115.161951	-75.042700
	0.039311	-22.391150	115.161951	-75.042700
	0.039320	-23.206332	115.161951	-74.983100
	0.039330	-22.983121	115.161951	-75.042700
	0.039339	-22.747266	115.161951	-75.042700
	0.039349	-22.167878	115.161951	-75.102300
	0.039358	-21.931455	115.161951	-75.161900
	0.039368	-21.936647	115.161951	-75.102300
	0.039377	-22.021284	115.161951	-75.161900
	0.039387	-21.869186	115.161951	-75.281100
	0.039396	-22.795539	115.161951	-75.340700
	0.039406	-22.553685	115.161951	-75.459900
	0.039415	-23.173638	115.161951	-75.459900
	0.039424	-21.686867	115.161951	-75.400300
	0.039434	-22.280104	115.161951	-75.459900
	0.039443	-21.862039	115.161951	-75.579200
	0.039453	-21.707302	115.161951	-75.579200
	0.039462	-22.776373	115.161951	-75.579200
	0.039472	-22.640905	115.161951	-75.579200
	0.039481	-21.783383	115.161951	-75.638800
	0.039491	-21.702768	115.161951	-75.638800
	0.039500	-22.624228	115.161951	-75.638800
	0.039510	-22.829620	115.161951	-75.638800
	0.039519	-23.934359	115.161951	-75.698400
	0.039529	-23.197706	115.161951	-75.817600
	0.039538	-22.397538	115.161951	-75.877200
	0.039548	-22.819166	115.161951	-75.936800
	0.039557	-23.523061	115.161951	-75.936800
	0.039566	-23.639194	115.161951	-75.936800
	0.039576	-22.687555	115.161951	-75.996400
	0.039585	-22.177193	115.161951	-75.996400
	0.039595	-24.427098	115.161951	-75.996400
	0.039604	-23.240609	115.161951	-75.996400
	0.039614	-22.849086	115.161951	-76.056000
	0.039623	-23.927222	115.161951	-76.115600
	0.039633	-23.420257	115.161951	-76.115600
	0.039642	-23.202801	115.161951	-76.056000
	0.039652	-23.584699	115.161951	-75.996400
	0.039661	-22.410633	115.161951	-76.056000
	0.039671	-21.945037	115.161951	-75.996400
	0.039680	-22.037594	115.161951	-76.115600
	0.039690	-21.510593	115.161951	-76.234800
	0.039699	-21.966045	115.161951	-76.234800
	0.039709	-21.878757	115.161951	-76.175200
	0.039718	-22.530293	115.161951	-76.234800
	0.039727	-23.420268	115.161951	-76.294400
	0.039737	-22.531024	115.161951	-76.473200
	0.039746	-23.471549	115.161951	-76.473200
	0.039756	-23.307921	115.161951	-76.413600
	0.039765	-22.882711	115.161951	-76.473200
	0.039775	-22.155373	115.161951	-76.532800
	0.039784	-23.302931	115.161951	-76.592400
	0.039794	-23.373620	115.161951	-76.592400
	0.039803	-23.246293	115.161951	-76.652000
	0.039813	-24.092896	115.161951	-76.652000
	0.039822	-23.464046	115.161951	-76.771200
	0.039832	-24.713365	115.161951	-76.830900
	0.039841	-24.778191	115.161951	-76.711600
	0.039851	-23.906103	115.161951	-76.652000
	0.039860	-24.195650	115.161951	-76.652000
	0.039869	-24.891375	115.161951	-76.652000
	0.039879	-23.662812	115.161951	-76.711600
	0.039888	-23.511151	115.161951	-76.711600
	0.039898	-24.170212	115.161951	-76.771200
	0.039907	-25.087553	115.161951	-76.830900
	0.039917	-26.434142	115.161951	-76.890500
	0.039926	-23.918475	115.161951	-76.950100
	0.039936	-25.388150	115.161951	-77.009700
	0.039945	-25.276692	115.161951	-77.069300
	0.039955	-25.463821	115.161951	-77.128900
	0.039964	-25.341151	115.161951	-77.128900
	0.039974	-24.839545	115.161951	-77.069300
	0.039983	-24.888359	115.161951	-77.128900
	0.039993	-25.977104	115.161951	-77.009700
	0.040002	-24.581333	115.161951	-76.771200
	0.040012	-26.269163	115.161951	-76.711600
	0.040021	-26.149272	115.161951	-76.711600
	0.040030	-24.674381	115.161951	-76.711600
	0.040040	-25.416754	115.161951	-76.771200
	0.040049	-25.414221	115.161951	-76.771200
	0.040059	-25.521233	115.161951	-76.771200
	0.040068	-25.522852	115.161951	-76.771200
	0.040078	-25.205166	115.161951	-76.830900
	0.040087	-25.035402	115.161951	-76.830900
	0.040097	-26.084348	115.161951	-76.890500
	0.040106	-25.131192	115.161951	-76.950100
	0.040116	-25.742122	115.161951	-76.890500
	0.040125	-25.880872	115.161951	-76.950100
	0.040135	-25.227455	115.161951	-76.950100
	0.040144	-25.886633	115.161951	-76.950100
	0.040154	-26.281416	115.161951	-77.009700
	0.040163	-26.287854	115.161951	-77.009700
	0.040172	-26.133301	115.161951	-77.009700
	0.040182	-25.384241	115.161951	-76.950100
	0.040191	-26.548824	115.161951	-77.009700
	0.040201	-25.722423	115.161951	-77.069300
	0.040210	-25.508394	115.161951	-77.128900
	0.040220	-24.932497	115.161951	-77.069300
	0.040229	-26.496267	115.161951	-77.128900
	0.040239	-24.833072	115.161951	-77.128900
	0.040248	-26.504844	115.161951	-77.069300
	0.040258	-26.581005	115.161951	-77.069300
	0.040267	-24.850904	115.161951	-77.128900
	0.040277	-26.412726	115.161951	-77.188500
	0.040286	-26.616161	115.161951	-77.307700
	0.040296	-27.590269	115.161951	-77.307700
	0.040305	-27.075195	115.161951	-77.248100
	0.040315	-26.454336	115.161951	-77.248100
	0.040324	-27.386414	115.161951	-77.307700
	0.040333	-26.651137	115.161951	-77.307700
	0.040343	-26.958313	115.161951	-77.367300
	0.040352	-26.813037	115.161951	-77.367300
	0.040362	-26.610605	115.161951	-77.426900
	0.040371	-26.841622	115.161951	-77.426900
	0.040381	-27.255362	115.161951	-77.367300
	0.040390	-26.453750	115.161951	-77.367300
	0.040400	-26.130291	115.161951	-77.367300
	0.040409	-26.441467	115.161951	-77.426900
	0.040419	-27.649448	115.161951	-77.486500
	0.040428	-26.706958	115.161951	-77.546100
	0.040438	-26.850204	115.161951	-77.546100
	0.040447	-26.838785	115.161951	-77.605700
	0.040457	-26.799123	115.161951	-77.665300
	0.040466	-27.847831	115.161951	-77.665300
	0.040475	-26.989079	115.161951	-77.724900
	0.040485	-27.227247	115.161951	-77.724900
	0.040494	-26.263138	115.161951	-77.665300
	0.040504	-26.762677	115.161951	-77.605700
	0.040513	-26.652383	115.161951	-77.605700
	0.040523	-27.564468	115.161951	-77.605700
	0.040532	-27.390920	115.161951	-77.665300
	0.040542	-26.484243	115.161951	-77.784500
	0.040551	-26.227655	115.161951	-77.784500
	0.040561	-27.173755	115.161951	-77.844100
	0.040570	-27.194776	115.161951	-77.844100
	0.040580	-27.584975	115.161951	-77.903700
	0.040589	-27.696195	115.161951	-78.082600
	0.040599	-26.767287	115.161951	-78.082600
	0.040608	-27.833309	115.161951	-78.082600
	0.040618	-27.481310	115.161951	-78.082600
	0.040627	-26.943018	115.161951	-78.022900
	0.040636	-26.861932	115.161951	-78.082600
	0.040646	-26.947200	115.161951	-78.142200
	0.040655	-27.378916	115.161951	-78.082600
	0.040665	-26.227509	115.161951	-78.082600
	0.040674	-27.502248	115.161951	-78.142200
	0.040684	-27.474024	115.161951	-78.142200
	0.040693	-27.745266	115.161951	-78.142200
	0.040703	-27.531019	115.161951	-78.261400
	0.040712	-27.645658	115.161951	-78.201800
	0.040722	-28.194061	115.161951	-78.261400
	0.040731	-27.938347	115.161951	-78.321000
	0.040741	-27.614538	115.161951	-78.380600
	0.040750	-27.526671	115.161951	-78.380600
	0.040760	-27.821574	115.161951	-78.321000
	0.040769	-26.756630	115.161951	-78.321000
	0.040778	-25.811343	115.161951	-78.380600
	0.040788	-25.645053	115.161951	-78.440200
	0.040797	-26.773979	115.161951	-78.440200
	0.040807	-26.656209	115.161951	-78.440200
	0.040816	-26.499929	115.161951	-78.380600
	0.040826	-27.386492	115.161951	-78.380600
	0.040835	-27.354390	115.161951	-78.440200
	0.040845	-27.259155	115.161951	-78.499800
	0.040854	-27.305778	115.161951	-78.499800
	0.040864	-26.830678	115.161951	-78.559400
	0.040873	-25.591001	115.161951	-78.619000
	0.040883	-26.310684	115.161951	-78.619000
	0.040892	-27.565876	115.161951	-78.678600
	0.040902	-27.695991	115.161951	-78.738200
	0.040911	-26.008615	115.161951	-78.738200
	0.040921	-27.542341	115.161951	-78.738200
	0.040930	-27.337111	115.161951	-78.738200
	0.040939	-27.510454	115.161951	-78.797800
	0.040949	-27.675965	115.161951	-78.797800
	0.040958	-27.023764	115.161951	-78.797800
	0.040968	-26.269163	115.161951	-78.797800
	0.040977	-27.267636	115.161951	-78.857400
	0.040987	-27.840507	115.161951	-79.036200
	0.040996	-27.044225	115.161951	-79.095800
	0.041006	-26.622364	115.161951	-79.095800
	0.041015	-27.960725	115.161951	-79.036200
	0.041025	-27.531180	115.161951	-79.155400
	0.041034	-27.545059	115.161951	-79.215000
	0.041044	-28.174615	115.161951	-79.274600
	0.041053	-26.885885	115.161951	-79.274600
	0.041063	-28.162774	115.161951	-79.215000
	0.041072	-27.163891	115.161951	-79.215000
	0.041081	-26.971029	115.161951	-79.155400
	0.041091	-27.559451	115.161951	-79.274600
	0.041100	-27.013996	115.161951	-79.274600
	0.041110	-27.430464	115.161951	-79.274600
	0.041119	-25.981783	115.161951	-79.274600
	0.041129	-26.142729	115.161951	-79.274600
	0.041138	-27.070973	115.161951	-79.334200
	0.041148	-27.346191	115.161951	-79.334200
	0.041157	-26.850411	115.161951	-79.334200
	0.041167	-26.805660	115.161951	-79.334200
	0.041176	-26.722075	115.161951	-79.334200
	0.041186	-26.253439	115.161951	-79.393900
	0.041195	-27.402516	115.161951	-79.453500
	0.041205	-28.250433	115.161951	-79.513100
	0.041214	-25.768462	115.161951	-79.632300
	0.041224	-25.767447	115.161951	-79.632300
	0.041233	-27.776511	115.161951	-79.572700
	0.041242	-26.413674	115.161951	-79.632300
	0.041252	-27.495460	115.161951	-79.632300
	0.041261	-26.597253	115.161951	-79.632300
	0.041271	-27.079692	115.161951	-79.632300
	0.041280	-27.249130	115.161951	-79.632300
	0.041290	-28.033890	115.161951	-79.691900
	0.041299	-27.744005	115.161951	-79.691900
	0.041309	-26.974463	115.161951	-79.691900
	0.041318	-26.304840	115.161951	-79.751500
	0.041328	-26.960118	115.161951	-79.811100
	0.041337	-27.214828	115.161951	-79.870700
	0.041347	-27.620787	115.161951	-79.811100
	0.041356	-27.116282	115.161951	-79.811100
	0.041366	-27.388707	115.161951	-79.870700
	0.041375	-27.457607	115.161951	-79.870700
	0.041384	-27.670686	115.161951	-79.930300
	0.041394	-28.531041	115.161951	-79.870700
	0.041403	-28.137748	115.161951	-79.811100
	0.041413	-27.838013	115.161951	-79.870700
	0.041422	-27.594470	115.161951	-79.930300
	0.041432	-27.582640	115.161951	-79.989900
	0.041441	-26.857812	115.161951	-80.049500
	0.041451	-28.379771	115.161951	-80.049500
	0.041460	-26.530652	115.161951	-80.049500
	0.041470	-27.052157	115.161951	-80.049500
	0.041479	-26.645734	115.161951	-80.109100
	0.041489	-27.651742	115.161951	-80.168700
	0.041498	-27.593318	115.161951	-80.109100
	0.041508	-27.525384	115.161951	-80.168700
	0.041517	-28.247709	115.161951	-80.168700
	0.041527	-26.909799	115.161951	-80.168700
	0.041536	-27.637482	115.161951	-80.287900
	0.041545	-28.585666	115.161951	-80.228300
	0.041555	-29.312893	115.161951	-80.168700
	0.041564	-29.188134	115.161951	-80.168700
	0.041574	-29.272130	115.161951	-80.109100
	0.041583	-30.384393	115.161951	-80.168700
	0.041593	-28.625503	115.161951	-80.228300
	0.041602	-29.360340	115.161951	-80.347500
	0.041612	-29.135805	115.161951	-80.347500
	0.041621	-29.324450	115.161951	-80.407100
	0.041631	-29.068482	115.161951	-80.347500
	0.041640	-31.136796	115.161951	-80.347500
	0.041650	-29.716315	115.161951	-80.407100
	0.041659	-30.327132	115.161951	-80.466700
	0.041669	-29.918142	115.161951	-80.585900
	0.041678	-30.447061	115.161951	-80.585900
	0.041687	-29.547781	115.161951	-80.645600
	0.041697	-30.643403	115.161951	-80.705200
	0.041706	-29.965143	115.161951	-80.764800
	0.041716	-29.737144	115.161951	-80.824400
	0.041725	-29.562094	115.161951	-80.884000
	0.041735	-30.510969	115.161951	-80.884000
	0.041744	-29.331632	115.161951	-80.884000
	0.041754	-28.891940	115.161951	-80.884000
	0.041763	-28.719718	115.161951	-80.884000
	0.041773	-28.439356	115.161951	-80.943600
	0.041782	-28.563413	115.161951	-80.884000
	0.041792	-30.750426	115.161951	-80.287900
	0.041801	-29.658471	115.161951	-80.049500
	0.041811	-29.752956	115.161951	-80.168700
	0.041820	-29.742244	115.161951	-80.466700
	0.041829	-29.306580	115.161951	-80.407100
	0.041839	-32.333184	115.161951	-79.632300
	0.041848	-32.130668	115.161951	-78.917000
	0.041858	-31.449281	115.161951	-78.738200
	0.041867	-31.535585	115.161951	-78.738200
	0.041877	-31.692007	115.161951	-78.678600
	0.041886	-34.552251	115.161951	-78.440200
	0.041896	-33.533798	115.161951	-78.321000
	0.041905	-35.345629	115.161951	-78.261400
	0.041915	-34.336618	115.161951	-78.321000
	0.041924	-33.483498	115.161951	-78.321000
	0.041934	-34.392561	115.161951	-78.321000
	0.041943	-33.730968	115.161951	-78.380600
	0.041953	-32.898191	115.161951	-78.380600
	0.041962	-32.760361	115.161951	-78.440200
	0.041972	-33.225110	115.161951	-78.440200
	0.041981	-33.483899	115.161951	-78.440200
	0.041990	-32.911498	115.161951	-78.440200
	0.042000	-32.474056	115.161951	-78.380600
	0.042009	-31.818183	115.161951	-78.321000
	0.042019	-32.599901	115.161951	-78.261400
	0.042028	-33.453394	115.161951	-78.142200
	0.042038	-34.291327	115.161951	-78.142200
	0.042047	-34.234098	115.161951	-78.201800
	0.042057	-33.876799	115.161951	-77.963300
	0.042066	-36.979850	115.161951	-77.367300
	0.042076	-38.244055	115.161951	-77.069300
	0.042085	-37.222018	115.161951	-77.009700
	0.042095	-37.716843	115.161951	-77.009700
	0.042104	-37.086474	115.161951	-77.009700
	0.042114	-37.954443	115.161951	-77.009700
	0.042123	-36.833755	115.161951	-77.009700
	0.042132	-37.434363	115.161951	-76.950100
	0.042142	-36.774069	115.161951	-76.950100
	0.042151	-36.927731	115.161951	-77.009700
	0.042161	-36.129503	115.161951	-76.950100
	0.042170	-38.593893	115.161951	-76.771200
	0.042180	-39.231177	115.161951	-76.711600
	0.042189	-39.192225	115.161951	-76.771200
	0.042199	-38.385894	115.161951	-76.830900
	0.042208	-37.641171	115.161951	-76.771200
	0.042218	-37.763504	115.161951	-76.771200
	0.042227	-38.409195	115.161951	-76.771200
	0.042237	-38.086829	115.161951	-76.592400
	0.042246	-38.730936	115.161951	-76.354000
	0.042256	-37.967148	115.161951	-75.936800
	0.042265	-38.807307	115.161951	-75.817600
	0.042275	-38.398259	115.161951	-75.817600
	0.042284	-37.878703	115.161951	-75.817600
	0.042293	-37.887008	115.161951	-75.877200
	0.042303	-37.658581	115.161951	-75.936800
	0.042312	-37.273365	115.161951	-75.936800
	0.042322	-37.931017	115.161951	-75.936800
	0.042331	-38.545244	115.161951	-75.936800
	0.042341	-38.008138	115.161951	-75.936800
	0.042350	-38.754694	115.161951	-75.877200
	0.042360	-38.476283	115.161951	-75.936800
	0.042369	-37.915406	115.161951	-75.936800
	0.042379	-38.355858	115.161951	-75.936800
	0.042388	-38.339409	115.161951	-75.936800
	0.042398	-38.555681	115.161951	-75.936800
	0.042407	-37.944768	115.161951	-75.936800
	0.042417	-37.818338	115.161951	-75.996400
	0.042426	-38.500567	115.161951	-75.996400
	0.042435	-38.021975	115.161951	-76.056000
	0.042445	-38.669654	115.161951	-75.996400
	0.042454	-37.702379	115.161951	-75.996400
	0.042464	-37.301924	115.161951	-76.056000
	0.042473	-38.526606	115.161951	-75.996400
	0.042483	-37.366099	115.161951	-75.996400
	0.042492	-39.278818	115.161951	-75.996400
	0.042502	-38.790883	115.161951	-75.996400
	0.042511	-39.322717	115.161951	-75.936800
	0.042521	-40.200551	115.161951	-75.877200
	0.042530	-39.791766	115.161951	-75.877200
	0.042540	-39.309011	115.161951	-75.877200
	0.042549	-39.082556	115.161951	-75.817600
	0.042559	-41.328199	115.161951	-75.758000
	0.042568	-40.459306	115.161951	-75.698400
	0.042578	-40.529224	115.161951	-75.758000
	0.042587	-41.697879	115.161951	-75.877200
	0.042596	-42.568977	115.161951	-75.996400
	0.042606	-42.157494	115.161951	-75.996400
	0.042615	-41.637979	115.161951	-75.996400
	0.042625	-41.362941	115.161951	-75.996400
	0.042634	-40.427559	115.161951	-75.996400
	0.042644	-41.272419	115.161951	-76.056000
	0.042653	-41.567843	115.161951	-75.996400
	0.042663	-42.017394	115.161951	-75.996400
	0.042672	-41.613909	115.161951	-75.936800
	0.042682	-40.754228	115.161951	-75.996400
	0.042691	-41.308060	115.161951	-75.996400
	0.042701	-42.479791	115.161951	-75.996400
	0.042710	-40.924673	115.161951	-75.996400
	0.042720	-40.035249	115.161951	-75.996400
	0.042729	-41.356025	115.161951	-75.996400
	0.042738	-41.222601	115.161951	-75.996400
	0.042748	-41.013361	115.161951	-75.936800
	0.042757	-41.132070	115.161951	-75.877200
	0.042767	-42.039497	115.161951	-75.698400
	0.042776	-42.071376	115.161951	-75.638800
	0.042786	-43.205242	115.161951	-75.698400
	0.042795	-41.586514	115.161951	-75.698400
	0.042805	-42.991649	115.161951	-75.698400
	0.042814	-42.556396	115.161951	-75.698400
	0.042824	-43.236040	115.161951	-75.698400
	0.042833	-41.888324	115.161951	-75.042700
	0.042843	-43.573316	115.161951	-74.685100
	0.042852	-43.600025	115.161951	-74.685100
	0.042862	-44.076652	115.161951	-74.685100
	0.042871	-44.324157	115.161951	-74.685100
	0.042881	-43.706329	115.161951	-74.685100
	0.042890	-44.803900	115.161951	-74.685100
	0.042899	-44.708736	115.161951	-74.625500
	0.042909	-44.549202	115.161951	-74.565900
	0.042918	-44.737285	115.161951	-74.565900
	0.042928	-44.901067	115.161951	-74.565900
	0.042937	-44.333079	115.161951	-74.804300
	0.042947	-44.420301	115.161951	-75.042700
	0.042956	-43.848444	115.161951	-75.102300
	0.042966	-43.538327	115.161951	-75.042700
	0.042975	-45.673909	115.161951	-74.625500
	0.042985	-48.667408	115.161951	-73.969800
	0.042994	-48.851902	115.161951	-73.791000
	0.043004	-46.934727	115.161951	-73.791000
	0.043013	-46.647933	115.161951	-73.791000
	0.043023	-47.042347	115.161951	-73.731400
	0.043032	-47.275984	115.161951	-73.671800
	0.043041	-47.264476	115.161951	-73.612200
	0.043051	-47.561859	115.161951	-73.552600
	0.043060	-47.246503	115.161951	-73.552600
	0.043070	-47.158556	115.161951	-73.612200
	0.043079	-47.364412	115.161951	-73.671800
	0.043089	-47.464190	115.161951	-73.671800
	0.043098	-47.770923	115.161951	-73.671800
	0.043108	-47.041097	115.161951	-73.731400
	0.043117	-47.532403	115.161951	-73.731400
	0.043127	-46.989297	115.161951	-73.671800
	0.043136	-47.870986	115.161951	-72.181700
	0.043146	-59.696054	115.161951	-68.903400
	0.043155	-58.747161	115.161951	-67.472900
	0.043165	-60.594037	115.161951	-67.174900
	0.043174	-59.863112	115.161951	-67.174900
	0.043184	-59.132071	115.161951	-67.234500
	0.043193	-60.176161	115.161951	-67.353700
	0.043202	-59.649573	115.161951	-67.353700
	0.043212	-59.307634	115.161951	-67.413300
	0.043221	-59.164759	115.161951	-67.413300
	0.043231	-59.455637	115.161951	-67.472900
	0.043240	-58.986314	115.161951	-67.472900
	0.043250	-60.332852	115.161951	-67.472900
	0.043259	-58.320457	115.161951	-67.472900
	0.043269	-67.639003	115.161951	-66.280800
	0.043278	-68.876061	115.161951	-64.909900
	0.043288	-68.562440	115.161951	-64.611900
	0.043297	-68.374176	115.161951	-64.611900
	0.043307	-67.482492	115.161951	-64.611900
	0.043316	-67.989536	115.161951	-64.611900
	0.043326	-68.602913	115.161951	-64.492700
	0.043335	-68.719393	115.161951	-64.552300
	0.043344	-69.976480	115.161951	-64.552300
	0.043354	-69.348537	115.161951	-64.552300
	0.043363	-69.352201	115.161951	-64.611900
	0.043373	-69.259877	115.161951	-64.671500
	0.043382	-70.825888	115.161951	-64.671500
	0.043392	-69.442037	115.161951	-64.671500
	0.043401	-69.878029	115.161951	-64.671500
	0.043411	-68.970911	115.161951	-64.731100
	0.043420	-69.024010	115.161951	-64.790700
	0.043430	-69.735501	115.161951	-64.850300
	0.043439	-69.669199	115.161951	-64.790700
	0.043449	-69.107145	115.161951	-64.850300
	0.043458	-69.575933	115.161951	-64.909900
	0.043468	-69.092624	115.161951	-64.909900
	0.043477	-70.620313	115.161951	-64.850300
	0.043487	-70.112433	115.161951	-64.731100
	0.043496	-70.210752	115.161951	-64.731100
	0.043505	-69.836468	115.161951	-64.731100
	0.043515	-70.227057	115.161951	-64.790700
	0.043524	-70.811273	115.161951	-64.850300
	0.043534	-69.281420	115.161951	-64.850300
	0.043543	-70.520622	115.161951	-64.850300
	0.043553	-70.172228	115.161951	-64.850300
	0.043562	-70.023176	115.161951	-64.850300
	0.043572	-69.263255	115.161951	-64.731100
	0.043581	-69.847517	115.161951	-64.671500
	0.043591	-69.585824	115.161951	-64.731100
	0.043600	-69.124553	115.161951	-64.731100
	0.043610	-70.950024	115.161951	-64.731100
	0.043619	-70.143173	115.161951	-64.731100
	0.043629	-71.038230	115.161951	-64.731100
	0.043638	-70.325404	115.161951	-64.790700
	0.043647	-70.274166	115.161951	-64.850300
	0.043657	-70.300400	115.161951	-64.909900
	0.043666	-71.031960	115.161951	-64.850300
	0.043676	-70.101867	115.161951	-64.850300
	0.043685	-70.326416	115.161951	-64.969500
	0.043695	-69.957671	115.161951	-64.969500
	0.043704	-69.532957	115.161951	-64.909900
	0.043714	-69.541876	115.161951	-64.850300
	0.043723	-69.187090	115.161951	-64.671500
	0.043733	-72.061564	115.161951	-64.075500
	0.043742	-70.483138	115.161951	-63.896600
	0.043752	-71.827799	115.161951	-63.896600
	0.043761	-72.010614	115.161951	-64.015900
	0.043771	-71.745753	115.161951	-64.075500
	0.043780	-72.173121	115.161951	-64.075500
	0.043790	-71.401547	115.161951	-64.015900
	0.043799	-71.634708	115.161951	-63.956200
	0.043808	-72.079213	115.161951	-63.956200
	0.043818	-71.450786	115.161951	-63.956200
	0.043827	-71.318484	115.161951	-63.896600
	0.043837	-70.495637	115.161951	-63.896600
	0.043846	-73.566559	115.161951	-63.121800
	0.043856	-75.805456	115.161951	-62.048900
	0.043865	-75.151453	115.161951	-61.989300
	0.043875	-75.414043	115.161951	-61.989300
	0.043884	-74.854640	115.161951	-61.989300
	0.043894	-75.038755	115.161951	-61.989300
	0.043903	-75.961315	115.161951	-61.929700
	0.043913	-75.412244	115.161951	-61.929700
	0.043922	-75.858467	115.161951	-61.929700
	0.043932	-77.015762	115.161951	-61.870100
	0.043941	-75.457765	115.161951	-61.870100
	0.043950	-75.476498	115.161951	-61.870100
	0.043960	-74.831075	115.161951	-61.870100
	0.043969	-76.020940	115.161951	-61.929700
	0.043979	-74.712420	115.161951	-61.929700
	0.043988	-75.329278	115.161951	-61.989300
	0.043998	-74.471170	115.161951	-61.989300
	0.044007	-75.788566	115.161951	-61.989300
	0.044017	-75.041315	115.161951	-61.989300
	0.044026	-75.935169	115.161951	-62.048900
	0.044036	-75.751386	115.161951	-62.048900
	0.044045	-76.382566	115.161951	-61.810500
	0.044055	-81.353749	115.161951	-61.035600
	0.044064	-82.232187	115.161951	-60.439300
	0.044074	-81.270210	115.161951	-60.260500
	0.044083	-81.174715	115.161951	-60.320100
	0.044093	-80.427810	115.161951	-60.379700
	0.044102	-81.495779	115.161951	-60.379700
	0.044111	-80.643514	115.161951	-60.379700
	0.044121	-81.413488	115.161951	-60.439300
	0.044130	-81.754946	115.161951	-60.439300
	0.044140	-80.985689	115.161951	-60.439300
	0.044149	-80.591409	115.161951	-60.439300
	0.044159	-80.689692	115.161951	-60.498900
	0.044168	-80.346890	115.161951	-60.439300
	0.044178	-80.638349	115.161951	-60.439300
	0.044187	-80.651462	115.161951	-60.558600
	0.044197	-80.955728	115.161951	-60.558600
	0.044206	-80.158386	115.161951	-60.618200
	0.044216	-80.780383	115.161951	-60.618200
	0.044225	-80.479683	115.161951	-60.498900
	0.044235	-80.560057	115.161951	-60.379700
	0.044244	-80.941625	115.161951	-60.379700
	0.044253	-81.049267	115.161951	-60.379700
	0.044263	-80.842445	115.161951	-60.439300
	0.044272	-81.747771	115.161951	-60.439300
	0.044282	-80.802106	115.161951	-60.439300
	0.044291	-81.150201	115.161951	-60.439300
	0.044301	-80.989512	115.161951	-60.260500
	0.044310	-80.752108	115.161951	-60.141300
	0.044320	-80.942030	115.161951	-60.141300
	0.044329	-80.647022	115.161951	-60.081700
	0.044339	-81.414407	115.161951	-60.141300
	0.044348	-82.070263	115.161951	-60.081700
	0.044358	-81.391674	115.161951	-60.081700
	0.044367	-81.701500	115.161951	-60.081700
	0.044377	-81.543639	115.161951	-60.141300
	0.044386	-82.602188	115.161951	-60.200900
	0.044396	-81.461080	115.161951	-60.141300
	0.044405	-82.757505	115.161951	-60.141300
	0.044414	-82.060464	115.161951	-60.141300
	0.044424	-82.386145	115.161951	-60.141300
	0.044433	-82.070316	115.161951	-60.200900
	0.044443	-81.920645	115.161951	-60.141300
	0.044452	-82.631755	115.161951	-59.545300
	0.044462	-83.964210	115.161951	-59.306900
	0.044471	-84.297702	115.161951	-59.247200
	0.044481	-83.686662	115.161951	-59.247200
	0.044490	-84.342406	115.161951	-59.306900
	0.044500	-85.405439	115.161951	-59.306900
	0.044509	-83.968717	115.161951	-59.247200
	0.044519	-84.187971	115.161951	-59.247200
	0.044528	-85.725491	115.161951	-59.187600
	0.044538	-85.455909	115.161951	-59.187600
	0.044547	-85.663888	115.161951	-59.068400
	0.044556	-85.194727	115.161951	-59.008800
	0.044566	-86.228397	115.161951	-59.068400
	0.044575	-86.368942	115.161951	-59.128000
	0.044585	-85.681547	115.161951	-59.128000
	0.044594	-85.594894	115.161951	-59.068400
	0.044604	-85.498857	115.161951	-59.128000
	0.044613	-86.034113	115.161951	-59.187600
	0.044623	-86.266620	115.161951	-59.247200
	0.044632	-85.217836	115.161951	-59.306900
	0.044642	-85.913150	115.161951	-59.366500
	0.044651	-86.200091	115.161951	-59.426100
	0.044661	-84.812754	115.161951	-59.426100
	0.044670	-85.044197	115.161951	-59.366500
	0.044680	-84.335717	115.161951	-59.366500
	0.044689	-84.385512	115.161951	-59.485700
	0.044699	-85.377212	115.161951	-59.485700
	0.044708	-84.289977	115.161951	-59.366500
	0.044717	-85.007322	115.161951	-59.366500
	0.044727	-84.518759	115.161951	-59.426100
	0.044736	-85.302544	115.161951	-59.485700
	0.044746	-83.895525	115.161951	-59.485700
	0.044755	-85.141150	115.161951	-59.485700
	0.044765	-83.941208	115.161951	-59.485700
	0.044774	-84.789286	115.161951	-59.485700
	0.044784	-85.092800	115.161951	-59.485700
	0.044793	-84.588822	115.161951	-59.485700
	0.044803	-84.211490	115.161951	-59.545300
	0.044812	-84.954074	115.161951	-59.485700
	0.044822	-85.551335	115.161951	-59.545300
	0.044831	-84.794771	115.161951	-59.545300
	0.044841	-85.613968	115.161951	-58.949200
	0.044850	-94.832423	115.161951	-56.982300
	0.044859	-97.749801	115.161951	-55.909400
	0.044869	-99.320718	115.161951	-55.253700
	0.044878	-98.800417	115.161951	-55.074900
	0.044888	-98.169596	115.161951	-55.015300
	0.044897	-98.612667	115.161951	-55.015300
	0.044907	-98.097338	115.161951	-55.015300
	0.044916	-98.072835	115.161951	-55.015300
	0.044926	-97.496754	115.161951	-55.015300
	0.044935	-97.939516	115.161951	-55.015300
	0.044945	-100.667406	115.161951	-54.478900
	0.044954	-105.855017	115.161951	-53.286800
	0.044964	-106.756257	115.161951	-52.929200
	0.044973	-106.652415	115.161951	-52.750300
	0.044983	-107.965075	115.161951	-52.750300
	0.044992	-106.717461	115.161951	-52.809900
	0.045002	-106.999755	115.161951	-52.809900
	0.045011	-106.714838	115.161951	-52.809900
	0.045020	-106.515562	115.161951	-52.809900
	0.045030	-107.074817	115.161951	-52.809900
	0.045039	-106.945740	115.161951	-52.869600
	0.045049	-106.171371	115.161951	-52.869600
	0.045058	-107.593176	115.161951	-52.869600
	0.045068	-107.830349	115.161951	-52.809900
	0.045077	-106.194201	115.161951	-52.511900
	0.045087	-111.105148	115.161951	-51.081400
	0.045096	-110.836215	115.161951	-49.650900
	0.045106	-112.181103	115.161951	-49.472100
	0.045115	-111.586201	115.161951	-49.412500
	0.045125	-111.259071	115.161951	-49.352900
	0.045134	-111.573787	115.161951	-49.352900
	0.045144	-111.474990	115.161951	-49.412500
	0.045153	-112.670343	115.161951	-49.352900
	0.045162	-111.697382	115.161951	-49.352900
	0.045172	-111.492654	115.161951	-49.352900
	0.045181	-111.496090	115.161951	-49.352900
	0.045191	-111.113540	115.161951	-49.352900
	0.045200	-111.765323	115.161951	-49.293300
	0.045210	-112.339927	115.161951	-49.233700
	0.045219	-111.914013	115.161951	-49.233700
	0.045229	-112.143878	115.161951	-49.233700
	0.045238	-112.134050	115.161951	-49.233700
	0.045248	-113.296644	115.161951	-49.233700
	0.045257	-112.824203	115.161951	-49.233700
	0.045267	-113.378739	115.161951	-49.233700
	0.045276	-113.514355	115.161951	-49.233700
	0.045286	-113.253520	115.161951	-49.352900
	0.045295	-112.358072	115.161951	-49.352900
	0.045305	-113.252211	115.161951	-49.293300
	0.045314	-112.415200	115.161951	-49.233700
	0.045323	-112.896484	115.161951	-49.233700
	0.045333	-112.665976	115.161951	-49.233700
	0.045342	-112.097120	115.161951	-49.233700
	0.045352	-113.317056	115.161951	-49.233700
	0.045361	-112.361943	115.161951	-49.293300
	0.045371	-112.854238	115.161951	-49.352900
	0.045380	-111.686929	115.161951	-49.412500
	0.045390	-112.673584	115.161951	-49.472100
	0.045399	-111.359325	115.161951	-49.412500
	0.045409	-113.734525	115.161951	-49.114500
	0.045418	-113.356587	115.161951	-48.876000
	0.045428	-113.479834	115.161951	-48.876000
	0.045437	-112.109163	115.161951	-48.876000
	0.045447	-113.091005	115.161951	-48.876000
	0.045456	-113.243261	115.161951	-48.935600
	0.045465	-112.561757	115.161951	-48.935600
	0.045475	-112.681900	115.161951	-48.876000
	0.045484	-112.572225	115.161951	-48.876000
	0.045494	-112.896123	115.161951	-48.816400
	0.045503	-113.168272	115.161951	-48.816400
	0.045513	-116.583815	115.161951	-48.280000
	0.045522	-122.728348	115.161951	-46.968700
	0.045532	-123.575419	115.161951	-46.372600
	0.045541	-123.981172	115.161951	-46.313000
	0.045551	-124.440814	115.161951	-46.313000
	0.045560	-124.076343	115.161951	-46.313000
	0.045570	-123.723070	115.161951	-46.015000
	0.045579	-133.467985	115.161951	-43.809600
	0.045589	-132.146178	115.161951	-42.438700
	0.045598	-133.383225	115.161951	-42.081100
	0.045608	-133.305374	115.161951	-41.961900
	0.045617	-132.797951	115.161951	-41.961900
	0.045626	-132.613853	115.161951	-41.902300
	0.045636	-132.496904	115.161951	-41.902300
	0.045645	-132.652583	115.161951	-41.902300
	0.045655	-131.979753	115.161951	-41.902300
	0.045664	-133.121803	115.161951	-41.902300
	0.045674	-132.507780	115.161951	-41.902300
	0.045683	-133.313831	115.161951	-41.961900
	0.045693	-133.229016	115.161951	-41.961900
	0.045702	-133.725946	115.161951	-41.961900
	0.045712	-131.941779	115.161951	-41.902300
	0.045721	-132.609549	115.161951	-41.902300
	0.045731	-133.295321	115.161951	-41.842700
	0.045740	-132.284627	115.161951	-41.783100
	0.045750	-133.437728	115.161951	-41.723500
	0.045759	-133.532109	115.161951	-41.723500
	0.045768	-133.189092	115.161951	-41.783100
	0.045778	-133.094855	115.161951	-41.723500
	0.045787	-134.094338	115.161951	-41.663900
	0.045797	-132.742201	115.161951	-41.604300
	0.045806	-134.148977	115.161951	-41.544700
	0.045816	-133.869675	115.161951	-41.544700
	0.045825	-134.106081	115.161951	-41.544700
	0.045835	-133.862906	115.161951	-41.544700
	0.045844	-133.237489	115.161951	-41.544700
	0.045854	-134.236117	115.161951	-41.544700
	0.045863	-134.631207	115.161951	-41.485100
	0.045873	-134.320795	115.161951	-41.544700
	0.045882	-134.079759	115.161951	-41.544700
	0.045892	-133.742796	115.161951	-41.544700
	0.045901	-133.421980	115.161951	-41.544700
	0.045910	-134.878490	115.161951	-41.485100
	0.045920	-135.142136	115.161951	-41.485100
	0.045929	-135.276452	115.161951	-41.485100
	0.045939	-133.986101	115.161951	-41.544700
	0.045948	-134.278596	115.161951	-41.544700
	0.045958	-134.605709	115.161951	-41.544700
	0.045967	-134.829669	115.161951	-41.306300
	0.045977	-134.449497	115.161951	-41.187000
	0.045986	-135.508390	115.161951	-41.127400
	0.045996	-135.345008	115.161951	-41.127400
	0.046005	-134.670873	115.161951	-41.187000
	0.046015	-134.113773	115.161951	-41.127400
	0.046024	-135.012508	115.161951	-41.187000
	0.046034	-134.811308	115.161951	-41.246600
	0.046043	-135.214446	115.161951	-41.306300
	0.046053	-135.947932	115.161951	-41.306300
	0.046062	-135.919078	115.161951	-41.187000
	0.046071	-135.476064	115.161951	-41.187000
	0.046081	-136.157700	115.161951	-41.127400
	0.046090	-135.934983	115.161951	-41.127400
	0.046100	-135.371569	115.161951	-41.127400
	0.046109	-136.342677	115.161951	-41.187000
	0.046119	-136.315387	115.161951	-41.187000
	0.046128	-135.160993	115.161951	-41.187000
	0.046138	-135.629254	115.161951	-41.187000
	0.046147	-135.721347	115.161951	-41.246600
	0.046157	-134.809745	115.161951	-41.246600
	0.046166	-135.934338	115.161951	-41.127400
	0.046176	-136.214693	115.161951	-41.067800
	0.046185	-136.426636	115.161951	-41.067800
	0.046195	-137.144735	115.161951	-41.067800
	0.046204	-135.335382	115.161951	-41.127400
	0.046213	-137.452735	115.161951	-41.067800
	0.046223	-135.882035	115.161951	-41.067800
	0.046232	-135.173470	115.161951	-41.187000
	0.046242	-135.868001	115.161951	-41.127400
	0.046251	-134.968439	115.161951	-41.127400
	0.046261	-136.150611	115.161951	-41.187000
	0.046270	-136.486092	115.161951	-41.067800
	0.046280	-135.859915	115.161951	-41.067800
	0.046289	-136.087390	115.161951	-41.067800
	0.046299	-135.172416	115.161951	-41.127400
	0.046308	-136.121599	115.161951	-41.127400
	0.046318	-136.280644	115.161951	-41.067800
	0.046327	-135.345666	115.161951	-40.948600
	0.046337	-136.116701	115.161951	-40.829400
	0.046346	-137.019993	115.161951	-40.352600
	0.046356	-137.830934	115.161951	-39.041300
	0.046365	-139.377732	115.161951	-38.445200
	0.046374	-139.191248	115.161951	-38.385600
	0.046384	-140.436483	115.161951	-38.385600
	0.046393	-139.708817	115.161951	-38.266400
	0.046403	-139.229253	115.161951	-38.266400
	0.046412	-139.441186	115.161951	-38.326000
	0.046422	-139.829342	115.161951	-38.385600
	0.046431	-140.138452	115.161951	-38.385600
	0.046441	-139.914724	115.161951	-38.326000
	0.046450	-138.972860	115.161951	-38.326000
	0.046460	-141.534268	115.161951	-38.385600
	0.046469	-140.264402	115.161951	-38.266400
	0.046479	-140.325393	115.161951	-38.266400
	0.046488	-139.098833	115.161951	-38.206800
	0.046498	-140.068489	115.161951	-38.206800
	0.046507	-139.691919	115.161951	-38.206800
	0.046516	-139.902464	115.161951	-38.266400
	0.046526	-139.917153	115.161951	-38.266400
	0.046535	-139.950129	115.161951	-38.266400
	0.046545	-138.867350	115.161951	-38.266400
	0.046554	-139.783783	115.161951	-38.206800
	0.046564	-138.850492	115.161951	-38.206800
	0.046573	-139.208954	115.161951	-38.147200
	0.046583	-140.574741	115.161951	-38.087600
	0.046592	-139.772708	115.161951	-38.028000
	0.046602	-140.573719	115.161951	-37.908800
	0.046611	-139.833356	115.161951	-38.028000
	0.046621	-140.246115	115.161951	-37.968400
	0.046630	-140.555536	115.161951	-37.908800
	0.046640	-140.379840	115.161951	-37.908800
	0.046649	-140.472947	115.161951	-37.908800
	0.046659	-141.023280	115.161951	-37.908800
	0.046668	-141.164824	115.161951	-37.849200
	0.046677	-139.999760	115.161951	-37.908800
	0.046687	-140.275041	115.161951	-37.968400
	0.046696	-140.720709	115.161951	-37.849200
	0.046706	-144.165651	115.161951	-37.372300
	0.046715	-146.280849	115.161951	-36.478300
	0.046725	-146.980073	115.161951	-36.120600
	0.046734	-147.080077	115.161951	-36.061000
	0.046744	-146.214790	115.161951	-36.061000
	0.046753	-146.949375	115.161951	-36.061000
	0.046763	-145.829436	115.161951	-36.120600
	0.046772	-146.164587	115.161951	-36.120600
	0.046782	-146.782659	115.161951	-36.061000
	0.046791	-145.839950	115.161951	-36.001400
	0.046801	-145.787973	115.161951	-36.061000
	0.046810	-146.058972	115.161951	-35.703400
	0.046819	-147.519023	115.161951	-35.584200
	0.046829	-146.873045	115.161951	-35.524600
	0.046838	-146.765880	115.161951	-35.524600
	0.046848	-147.616169	115.161951	-35.465000
	0.046857	-147.946847	115.161951	-35.524600
	0.046867	-146.932116	115.161951	-35.584200
	0.046876	-146.970873	115.161951	-35.524600
	0.046886	-147.979287	115.161951	-35.524600
	0.046895	-147.094698	115.161951	-35.524600
	0.046905	-146.110223	115.161951	-35.524600
	0.046914	-147.902012	115.161951	-35.584200
	0.046924	-147.642314	115.161951	-35.584200
	0.046933	-148.055847	115.161951	-35.465000
	0.046943	-147.096469	115.161951	-35.465000
	0.046952	-146.194570	115.161951	-35.465000
	0.046962	-147.962411	115.161951	-35.465000
	0.046971	-147.612501	115.161951	-35.465000
	0.046980	-147.542723	115.161951	-35.524600
	0.046990	-147.465306	115.161951	-35.465000
	0.046999	-147.487073	115.161951	-35.465000
	0.047009	-146.745330	115.161951	-35.405400
	0.047018	-146.502511	115.161951	-35.465000
	0.047028	-148.003777	115.161951	-35.524600
	0.047037	-146.418580	115.161951	-35.584200
	0.047047	-146.945313	115.161951	-35.465000
	0.047056	-146.743354	115.161951	-35.167000
	0.047066	-146.717468	115.161951	-35.047800
	0.047075	-147.629160	115.161951	-34.988200
	0.047085	-147.473371	115.161951	-34.928600
	0.047094	-146.275154	115.161951	-34.928600
	0.047104	-151.130195	115.161951	-34.511300
	0.047113	-151.648827	115.161951	-33.915300
	0.047122	-152.603192	115.161951	-33.736500
	0.047132	-153.275184	115.161951	-33.557600
	0.047141	-152.970600	115.161951	-33.378800
	0.047151	-152.867187	115.161951	-33.319200
	0.047160	-153.204091	115.161951	-33.319200
	0.047170	-153.202773	115.161951	-33.378800
	0.047179	-153.203408	115.161951	-33.378800
	0.047189	-153.502750	115.161951	-33.319200
	0.047198	-154.021138	115.161951	-33.319200
	0.047208	-152.588000	115.161951	-33.319200
	0.047217	-153.649567	115.161951	-33.378800
	0.047227	-154.815071	115.161951	-33.378800
	0.047236	-153.306805	115.161951	-33.319200
	0.047246	-153.727650	115.161951	-33.319200
	0.047255	-154.279549	115.161951	-33.319200
	0.047265	-153.418899	115.161951	-33.319200
	0.047274	-155.352331	115.161951	-33.319200
	0.047283	-154.038286	115.161951	-33.319200
	0.047293	-156.125456	115.161951	-33.319200
	0.047302	-156.232948	115.161951	-33.140400
	0.047312	-154.818247	115.161951	-33.140400
	0.047321	-155.895710	115.161951	-33.200000
	0.047331	-155.870500	115.161951	-32.902000
	0.047340	-157.693457	115.161951	-32.425200
	0.047350	-157.864232	115.161951	-32.306000
	0.047359	-158.162650	115.161951	-32.246300
	0.047369	-157.119190	115.161951	-32.246300
	0.047378	-157.465480	115.161951	-32.186700
	0.047388	-158.199729	115.161951	-32.127100
	0.047397	-156.484004	115.161951	-32.067500
	0.047407	-156.904399	115.161951	-32.067500
	0.047416	-158.090989	115.161951	-32.007900
	0.047425	-157.402512	115.161951	-32.007900
	0.047435	-158.175513	115.161951	-32.067500
	0.047444	-158.294965	115.161951	-32.067500
	0.047454	-156.989287	115.161951	-32.067500
	0.047463	-157.152305	115.161951	-32.067500
	0.047473	-157.645471	115.161951	-32.007900
	0.047482	-157.020996	115.161951	-32.007900
	0.047492	-156.151171	115.161951	-31.948300
	0.047501	-157.835712	115.161951	-31.948300
	0.047511	-157.616501	115.161951	-32.007900
	0.047520	-156.508727	115.161951	-32.007900
	0.047530	-157.610545	115.161951	-32.007900
	0.047539	-156.780718	115.161951	-31.948300
	0.047549	-156.515920	115.161951	-31.888700
	0.047558	-156.875195	115.161951	-31.888700
	0.047568	-158.357060	115.161951	-31.888700
	0.047577	-157.206376	115.161951	-31.888700
	0.047586	-157.349750	115.161951	-31.888700
	0.047596	-157.354752	115.161951	-31.888700
	0.047605	-158.155899	115.161951	-31.888700
	0.047615	-158.614104	115.161951	-31.888700
	0.047624	-158.201533	115.161951	-31.888700
	0.047634	-157.488151	115.161951	-31.948300
	0.047643	-158.489644	115.161951	-31.948300
	0.047653	-159.043177	115.161951	-31.888700
	0.047662	-158.250780	115.161951	-31.888700
	0.047672	-158.033451	115.161951	-31.829100
	0.047681	-158.667435	115.161951	-31.769500
	0.047691	-158.445155	115.161951	-31.769500
	0.047700	-158.109328	115.161951	-31.769500
	0.047710	-161.573967	115.161951	-31.173500
	0.047719	-162.955332	115.161951	-30.577400
	0.047728	-162.692083	115.161951	-30.338900
	0.047738	-167.933260	115.161951	-29.444800
	0.047747	-167.612563	115.161951	-29.027600
	0.047757	-167.190814	115.161951	-28.848800
	0.047766	-166.863616	115.161951	-28.789200
	0.047776	-166.339938	115.161951	-28.789200
	0.047785	-166.786811	115.161951	-28.789200
	0.047795	-166.937817	115.161951	-28.848800
	0.047804	-167.025142	115.161951	-28.848800
	0.047814	-167.340548	115.161951	-28.789200
	0.047823	-167.927350	115.161951	-28.789200
	0.047833	-167.691438	115.161951	-28.789200
	0.047842	-167.825952	115.161951	-28.789200
	0.047852	-167.891138	115.161951	-28.729600
	0.047861	-167.850850	115.161951	-28.670000
	0.047871	-168.210872	115.161951	-28.610300
	0.047880	-167.801366	115.161951	-28.550700
	0.047889	-167.693530	115.161951	-28.550700
	0.047899	-168.299995	115.161951	-28.491100
	0.047908	-169.300806	115.161951	-28.491100
	0.047918	-168.700736	115.161951	-28.610300
	0.047927	-167.918580	115.161951	-28.610300
	0.047937	-168.159980	115.161951	-28.550700
	0.047946	-168.541915	115.161951	-28.550700
	0.047956	-167.781761	115.161951	-28.550700
	0.047965	-168.031907	115.161951	-28.550700
	0.047975	-168.384844	115.161951	-28.550700
	0.047984	-167.655251	115.161951	-28.550700
	0.047994	-168.115646	115.161951	-28.550700
	0.048003	-167.955615	115.161951	-28.550700
	0.048013	-167.185826	115.161951	-28.610300
	0.048022	-167.095990	115.161951	-28.610300
	0.048031	-168.672598	115.161951	-28.610300
	0.048041	-167.842015	115.161951	-28.670000
	0.048050	-167.438576	115.161951	-28.610300
	0.048060	-168.273146	115.161951	-28.610300
	0.048069	-167.888531	115.161951	-28.610300
	0.048079	-167.759625	115.161951	-28.670000
	0.048088	-167.440303	115.161951	-28.729600
	0.048098	-167.838369	115.161951	-28.729600
	0.048107	-168.424989	115.161951	-28.670000
	0.048117	-167.754901	115.161951	-28.610300
	0.048126	-166.445644	115.161951	-28.610300
	0.048136	-167.206797	115.161951	-28.670000
	0.048145	-167.223771	115.161951	-28.670000
	0.048155	-166.596994	115.161951	-28.670000
	0.048164	-167.476613	115.161951	-28.610300
	0.048174	-167.024293	115.161951	-28.550700
	0.048183	-167.259529	115.161951	-28.610300
	0.048192	-167.742531	115.161951	-28.610300
	0.048202	-166.855346	115.161951	-28.610300
	0.048211	-166.944921	115.161951	-28.550700
	0.048221	-167.751925	115.161951	-28.550700
	0.048230	-168.449738	115.161951	-28.550700
	0.048240	-167.646906	115.161951	-28.550700
	0.048249	-167.800957	115.161951	-28.491100
	0.048259	-167.983331	115.161951	-28.550700
	0.048268	-168.506862	115.161951	-28.550700
	0.048278	-167.212689	115.161951	-28.491100
	0.048287	-169.250142	115.161951	-28.133500
	0.048297	-170.267757	115.161951	-27.716300
	0.048306	-170.802168	115.161951	-27.477900
	0.048316	-168.746321	115.161951	-27.418300
	0.048325	-169.795293	115.161951	-27.477900
	0.048334	-169.556536	115.161951	-27.537500
	0.048344	-169.433108	115.161951	-27.477900
	0.048353	-169.950759	115.161951	-27.477900
	0.048363	-168.631198	115.161951	-27.477900
	0.048372	-169.445938	115.161951	-27.537500
	0.048382	-169.394453	115.161951	-27.537500
	0.048391	-170.341899	115.161951	-27.477900
	0.048401	-168.600314	115.161951	-27.418300
	0.048410	-169.999363	115.161951	-27.418300
	0.048420	-169.949350	115.161951	-27.477900
	0.048429	-169.852069	115.161951	-27.418300
	0.048439	-170.246425	115.161951	-27.358600
	0.048448	-170.119769	115.161951	-27.239400
	0.048458	-169.181388	115.161951	-27.179800
	0.048467	-171.093556	115.161951	-27.120200
	0.048477	-169.911698	115.161951	-27.179800
	0.048486	-170.669408	115.161951	-27.120200
	0.048495	-169.730592	115.161951	-27.001000
	0.048505	-170.867791	115.161951	-27.001000
	0.048514	-169.894181	115.161951	-26.941400
	0.048524	-171.160729	115.161951	-26.881800
	0.048533	-170.572220	115.161951	-26.941400
	0.048543	-170.680989	115.161951	-26.941400
	0.048552	-171.469076	115.161951	-26.941400
	0.048562	-171.205009	115.161951	-27.001000
	0.048571	-169.955358	115.161951	-27.001000
	0.048581	-170.717870	115.161951	-26.941400
	0.048590	-170.410647	115.161951	-26.881800
	0.048600	-171.013730	115.161951	-26.941400
	0.048609	-172.218753	115.161951	-26.881800
	0.048619	-171.006206	115.161951	-26.822200
	0.048628	-170.681961	115.161951	-26.881800
	0.048637	-171.976803	115.161951	-26.345400
	0.048647	-174.278307	115.161951	-24.795600
	0.048656	-175.176100	115.161951	-24.140000
	0.048666	-174.751289	115.161951	-24.020800
	0.048675	-174.569629	115.161951	-23.961200
	0.048685	-173.173649	115.161951	-23.901600
	0.048694	-176.715823	115.161951	-23.424700
	0.048704	-176.762144	115.161951	-23.245900
	0.048713	-179.119593	115.161951	-23.186300
	0.048723	-178.842948	115.161951	-22.947900
	0.048732	-180.591290	115.161951	-22.947900
	0.048742	-178.464493	115.161951	-22.888300
	0.048751	-179.364939	115.161951	-22.888300
	0.048761	-178.733625	115.161951	-22.888300
	0.048770	-179.422252	115.161951	-22.888300
	0.048780	-179.161438	115.161951	-22.888300
	0.048789	-179.074352	115.161951	-22.888300
	0.048798	-180.270075	115.161951	-22.947900
	0.048808	-178.943589	115.161951	-22.947900
	0.048817	-179.341603	115.161951	-22.947900
	0.048827	-179.096307	115.161951	-22.947900
	0.048836	-179.052523	115.161951	-22.769100
	0.048846	-177.742145	115.161951	-22.649900
	0.048855	-179.258802	115.161951	-22.709500
	0.048865	-179.162483	115.161951	-22.649900
	0.048874	-178.630635	115.161951	-22.769100
	0.048884	-180.237439	115.161951	-22.769100
	0.048893	-179.722339	115.161951	-22.709500
	0.048903	-179.907235	115.161951	-22.649900
	0.048912	-178.816397	115.161951	-22.649900
	0.048922	-179.983314	115.161951	-22.649900
	0.048931	-179.164861	115.161951	-22.649900
	0.048940	-178.938464	115.161951	-22.649900
	0.048950	-178.862992	115.161951	-22.649900
	0.048959	-179.192911	115.161951	-22.709500
	0.048969	-179.032899	115.161951	-22.709500
	0.048978	-178.976579	115.161951	-22.709500
	0.048988	-179.117547	115.161951	-22.769100
	0.048997	-178.100272	115.161951	-22.769100
	0.049007	-179.744366	115.161951	-22.828700
	0.049016	-180.062161	115.161951	-22.769100
	0.049026	-179.754473	115.161951	-22.769100
	0.049035	-178.608890	115.161951	-22.769100
	0.049045	-179.459295	115.161951	-22.709500
	0.049054	-180.253576	115.161951	-22.709500
	0.049064	-180.155039	115.161951	-22.709500
	0.049073	-179.440398	115.161951	-22.709500
	0.049083	-179.241656	115.161951	-22.709500
	0.049092	-178.845096	115.161951	-22.649900
	0.049101	-178.364498	115.161951	-22.590300
	0.049111	-178.270304	115.161951	-22.590300
	0.049120	-178.218832	115.161951	-22.590300
	0.049130	-178.220617	115.161951	-22.530700
	0.049139	-177.979892	115.161951	-22.530700
	0.049149	-177.009972	115.161951	-22.590300
	0.049158	-177.866137	115.161951	-22.590300
	0.049168	-178.194453	115.161951	-22.590300
	0.049177	-178.163269	115.161951	-22.590300
	0.049187	-178.755393	115.161951	-22.590300
	0.049196	-179.760225	115.161951	-22.590300
	0.049206	-179.146415	115.161951	-22.590300
	0.049215	-179.165534	115.161951	-22.590300
	0.049225	-178.129304	115.161951	-22.590300
	0.049234	-179.502295	115.161951	-22.649900
	0.049243	-179.145269	115.161951	-22.649900
	0.049253	-179.823607	115.161951	-22.649900
	0.049262	-179.254324	115.161951	-22.590300
	0.049272	-179.469241	115.161951	-22.530700
	0.049281	-179.161537	115.161951	-22.590300
	0.049291	-178.386910	115.161951	-22.590300
	0.049300	-178.095866	115.161951	-22.590300
	0.049310	-178.691627	115.161951	-22.590300
	0.049319	-178.868138	115.161951	-22.530700
	0.049329	-178.409427	115.161951	-22.530700
	0.049338	-178.405149	115.161951	-22.590300
	0.049348	-177.870841	115.161951	-22.530700
	0.049357	-179.250610	115.161951	-22.530700
	0.049367	-179.560357	115.161951	-22.530700
	0.049376	-177.987296	115.161951	-22.590300
	0.049386	-178.087040	115.161951	-22.590300
	0.049395	-179.050169	115.161951	-22.590300
	0.049404	-178.573322	115.161951	-22.590300
	0.049414	-178.407827	115.161951	-22.590300
	0.049423	-179.710957	115.161951	-22.649900
	0.049433	-179.001385	115.161951	-22.649900
	0.049442	-179.380337	115.161951	-22.769100
	0.049452	-179.508811	115.161951	-22.769100
	0.049461	-178.561941	115.161951	-22.709500
	0.049471	-179.655588	115.161951	-22.709500
	0.049480	-179.312085	115.161951	-22.769100
	0.049490	-178.319069	115.161951	-22.769100
	0.049499	-179.946066	115.161951	-22.769100
	0.049509	-179.417767	115.161951	-22.709500
	0.049518	-178.874189	115.161951	-22.709500
	0.049528	-180.239363	115.161951	-22.649900
	0.049537	-179.924539	115.161951	-22.649900
	0.049546	-179.248241	115.161951	-22.649900
	0.049556	-179.073810	115.161951	-22.649900
	0.049565	-179.417717	115.161951	-22.649900
	0.049575	-178.863539	115.161951	-22.649900
	0.049584	-179.980988	115.161951	-22.649900
	0.049594	-179.013821	115.161951	-22.649900
	0.049603	-178.881785	115.161951	-22.649900
	0.049613	-178.797729	115.161951	-22.709500
	0.049622	-179.331419	115.161951	-22.769100
	0.049632	-179.089642	115.161951	-22.769100
	0.049641	-178.432853	115.161951	-22.769100
	0.049651	-178.480469	115.161951	-22.709500
	0.049660	-179.508414	115.161951	-22.709500
	0.049670	-179.026686	115.161951	-22.649900
	0.049679	-179.881471	115.161951	-22.649900
	0.049689	-179.940585	115.161951	-22.649900
	0.049698	-178.357308	115.161951	-22.709500
	0.049707	-179.539228	115.161951	-22.709500
	0.049717	-179.465854	115.161951	-22.709500
	0.049726	-178.871462	115.161951	-22.709500
	0.049736	-179.283344	115.161951	-22.709500
	0.049745	-179.894274	115.161951	-22.709500
	0.049755	-179.878676	115.161951	-22.709500
	0.049764	-179.686580	115.161951	-22.709500
	0.049774	-180.447384	115.161951	-22.709500
	0.049783	-179.206373	115.161951	-22.709500
	0.049793	-179.521217	115.161951	-22.649900
	0.049802	-180.506806	115.161951	-22.649900
	0.049812	-179.439982	115.161951	-22.649900
	0.049821	-178.559512	115.161951	-22.649900
	0.049831	-178.396176	115.161951	-22.649900
	0.049840	-178.397938	115.161951	-22.649900
	0.049849	-178.265988	115.161951	-22.590300
	0.049859	-178.022045	115.161951	-22.590300
	0.049868	-178.925935	115.161951	-22.649900
	0.049878	-179.108999	115.161951	-22.649900
	0.049887	-178.418088	115.161951	-22.590300
	0.049897	-178.724796	115.161951	-22.590300
	0.049906	-178.434041	115.161951	-22.649900
	0.049916	-178.299141	115.161951	-22.709500
	0.049925	-179.227582	115.161951	-22.649900
	0.049935	-179.363516	115.161951	-22.590300
	0.049944	-180.071457	115.161951	-22.649900
	0.049954	-179.873350	115.161951	-22.590300
	0.049963	-180.336505	115.161951	-22.590300
	0.049973	-178.972698	115.161951	-22.530700
	0.049982	-178.937259	115.161951	-22.471100
	0.049991	-178.408238	115.161951	-22.471100
	0.050001	-178.945644	115.161951	-22.471100
	0.050010	-178.994870	115.161951	-22.471100
	0.050020	-178.262018	115.161951	-22.530700
	0.050029	-178.261600	115.161951	-22.590300
	0.050039	-179.567643	115.161951	-22.590300
	0.050048	-179.808370	115.161951	-22.530700
	0.050058	-180.280313	115.161951	-22.471100
	0.050067	-179.609716	115.161951	-22.471100
	0.050077	-178.455883	115.161951	-22.411500
	0.050086	-179.143705	115.161951	-22.411500
	0.050096	-179.003814	115.161951	-22.411500
	0.050105	-179.842588	115.161951	-22.471100
	0.050115	-179.309154	115.161951	-22.411500
	0.050124	-179.154910	115.161951	-22.471100
	0.050134	-179.594176	115.161951	-22.411500
	0.050143	-178.438651	115.161951	-22.351900
	0.050152	-179.208827	115.161951	-22.351900
	0.050162	-178.614132	115.161951	-22.351900
	0.050171	-178.015885	115.161951	-22.411500
	0.050181	-178.706255	115.161951	-22.411500
	0.050190	-179.406845	115.161951	-22.411500
	0.050200	-179.705271	115.161951	-22.351900
	0.050209	-179.829698	115.161951	-22.351900
	0.050219	-179.015637	115.161951	-22.292300
	0.050228	-178.565049	115.161951	-22.292300
	0.050238	-180.316434	115.161951	-22.232600
	0.050247	-179.985221	115.161951	-22.232600
	0.050257	-179.117043	115.161951	-22.173000
	0.050266	-180.153736	115.161951	-22.232600
	0.050276	-179.628339	115.161951	-22.232600
	0.050285	-179.290715	115.161951	-22.232600
	0.050294	-180.274986	115.161951	-22.292300
	0.050304	-180.335770	115.161951	-22.292300
	0.050313	-179.965315	115.161951	-22.232600
	0.050323	-180.312777	115.161951	-22.232600
	0.050332	-181.529514	115.161951	-22.173000
	0.050342	-180.480925	115.161951	-22.173000
	0.050351	-180.153555	115.161951	-22.113400
	0.050361	-179.623630	115.161951	-22.113400
	0.050370	-180.377186	115.161951	-22.053800
	0.050380	-180.297124	115.161951	-22.053800
	0.050389	-179.877886	115.161951	-22.053800
	0.050399	-178.932615	115.161951	-22.113400
	0.050408	-179.582781	115.161951	-22.113400
	0.050418	-180.913544	115.161951	-22.053800
	0.050427	-180.223022	115.161951	-22.113400
	0.050437	-180.336752	115.161951	-22.113400
	0.050446	-180.608178	115.161951	-22.113400
	0.050455	-180.665781	115.161951	-22.053800
	0.050465	-179.281932	115.161951	-22.053800
	0.050474	-179.338414	115.161951	-22.053800
	0.050484	-179.564090	115.161951	-22.053800
