	-0.071022	0.294692	115.161951	-33.736500
	-0.068270	0.520851	115.161951	-33.736500
	-0.065518	-0.638193	115.161951	-33.855700
	-0.062767	-0.507880	115.161951	-33.974900
	-0.060015	-0.460359	115.161951	-34.213300
	-0.057264	-0.947176	115.161951	-34.392100
	-0.054512	-1.044440	115.161951	-34.511300
	-0.051760	-1.869507	115.161951	-34.749700
	-0.049009	-0.928485	115.161951	-34.988200
	-0.046257	-0.681970	115.161951	-35.226600
	-0.043506	0.152283	115.161951	-35.524600
	-0.040754	-1.379611	115.161951	-35.822600
	-0.038002	-0.393448	115.161951	-36.180300
	-0.035251	-0.887907	115.161951	-36.478300
	-0.032499	-0.055319	115.161951	-36.895500
	-0.029748	0.026657	115.161951	-37.253100
	-0.026996	-0.608722	115.161951	-37.610800
	-0.024245	-0.655240	115.161951	-37.908800
	-0.021493	-1.649409	115.161951	-38.504800
	-0.018741	-1.813082	115.161951	-38.981700
	-0.015990	-2.475442	115.161951	-39.577700
	-0.013238	-1.060118	115.161951	-40.173800
	-0.010487	-2.018792	115.161951	-40.829400
	-0.007735	-1.849435	115.161951	-41.425500
	-0.004984	-3.399980	115.161951	-42.140700
	-0.002232	-4.202687	115.161951	-42.915600
	0.000520	-3.753819	115.161951	-43.750000
	0.003271	-4.380156	115.161951	-44.822900
	0.006023	-5.261712	115.161951	-45.776600
	0.008774	-4.429132	115.161951	-47.087900
	0.011526	-5.127033	115.161951	-48.339600
	0.014278	-7.502794	115.161951	-49.650900
	0.017029	-7.126528	115.161951	-51.379400
	0.019781	-7.256742	115.161951	-53.167600
	0.022532	-8.253088	115.161951	-55.372900
	0.025284	-10.045723	115.161951	-58.114800
	0.028036	-10.582965	115.161951	-61.154800
	0.030787	-12.127063	115.161951	-65.088700
	0.033539	-13.749864	115.161951	-69.737900
	0.036290	-18.444490	115.161951	-75.519600
	0.036290	-21.748421	115.161951	-80.287900
	0.036300	-21.112314	115.161951	-81.956900
	0.036309	-21.929625	115.161951	-82.314500
	0.036319	-21.210314	115.161951	-82.314500
	0.036328	-21.877676	115.161951	-82.374100
	0.036338	-22.661047	115.161951	-82.374100
	0.036347	-21.772368	115.161951	-82.433700
	0.036357	-21.652560	115.161951	-82.433700
	0.036366	-21.269505	115.161951	-82.433700
	0.036376	-22.255958	115.161951	-82.552900
	0.036385	-22.841973	115.161951	-82.493300
	0.036394	-22.305532	115.161951	-82.552900
	0.036404	-22.404008	115.161951	-82.552900
	0.036413	-21.851453	115.161951	-82.552900
	0.036423	-21.719734	115.161951	-82.552900
	0.036432	-22.095097	115.161951	-82.552900
	0.036442	-21.923868	115.161951	-82.612500
	0.036451	-22.060173	115.161951	-82.612500
	0.036461	-22.293599	115.161951	-82.612500
	0.036470	-21.798624	115.161951	-82.612500
	0.036480	-21.881025	115.161951	-82.612500
	0.036489	-22.002409	115.161951	-82.612500
	0.036499	-21.906505	115.161951	-82.672100
	0.036508	-22.508120	115.161951	-82.672100
	0.036518	-22.467788	115.161951	-82.731700
	0.036527	-22.381039	115.161951	-82.672100
	0.036537	-22.930099	115.161951	-82.672100
	0.036546	-22.130202	115.161951	-82.672100
	0.036555	-21.260350	115.161951	-82.612500
	0.036565	-21.663716	115.161951	-82.612500
	0.036574	-22.096825	115.161951	-82.672100
	0.036584	-22.532926	115.161951	-82.672100
	0.036593	-22.620227	115.161951	-82.672100
	0.036603	-22.543830	115.161951	-82.731700
	0.036612	-22.788053	115.161951	-82.672100
	0.036622	-22.524573	115.161951	-82.612500
	0.036631	-22.546236	115.161951	-82.612500
	0.036641	-21.980074	115.161951	-82.672100
	0.036650	-22.582081	115.161951	-82.731700
	0.036660	-21.478200	115.161951	-82.731700
	0.036669	-22.061540	115.161951	-82.672100
	0.036679	-22.640952	115.161951	-82.672100
	0.036688	-23.030104	115.161951	-82.731700
	0.036697	-22.389511	115.161951	-82.731700
	0.036707	-22.265650	115.161951	-82.791300
	0.036716	-22.646223	115.161951	-82.791300
	0.036726	-23.125838	115.161951	-82.791300
	0.036735	-22.757795	115.161951	-82.850900
	0.036745	-22.926371	115.161951	-82.850900
	0.036754	-22.893579	115.161951	-82.910500
	0.036764	-22.705726	115.161951	-82.910500
	0.036773	-22.734516	115.161951	-82.910500
	0.036783	-22.353860	115.161951	-82.970100
	0.036792	-21.934040	115.161951	-82.970100
	0.036802	-22.661617	115.161951	-82.970100
	0.036811	-23.560753	115.161951	-82.970100
	0.036821	-22.201413	115.161951	-82.970100
	0.036830	-22.848901	115.161951	-82.970100
	0.036840	-22.876724	115.161951	-83.089300
	0.036849	-23.952919	115.161951	-83.208500
	0.036858	-24.704884	115.161951	-83.268200
	0.036868	-24.093290	115.161951	-83.327800
	0.036877	-23.712466	115.161951	-83.387400
	0.036887	-23.966664	115.161951	-83.387400
	0.036896	-23.226414	115.161951	-83.447000
	0.036906	-24.019037	115.161951	-83.447000
	0.036915	-22.235239	115.161951	-83.447000
	0.036925	-24.029300	115.161951	-83.447000
	0.036934	-23.350774	115.161951	-83.447000
	0.036944	-22.980221	115.161951	-83.447000
	0.036953	-22.134516	115.161951	-83.506600
	0.036963	-22.323051	115.161951	-83.506600
	0.036972	-22.349108	115.161951	-83.566200
	0.036982	-23.130115	115.161951	-83.566200
	0.036991	-23.947367	115.161951	-83.566200
	0.037000	-22.908667	115.161951	-83.506600
	0.037010	-23.171808	115.161951	-83.447000
	0.037019	-23.217477	115.161951	-83.387400
	0.037029	-22.891239	115.161951	-83.387400
	0.037038	-22.268894	115.161951	-83.387400
	0.037048	-22.178729	115.161951	-83.447000
	0.037057	-22.348359	115.161951	-83.447000
	0.037067	-22.766255	115.161951	-83.447000
	0.037076	-22.310928	115.161951	-83.506600
	0.037086	-23.211579	115.161951	-83.506600
	0.037095	-24.099150	115.161951	-83.506600
	0.037105	-23.233157	115.161951	-83.506600
	0.037114	-23.601622	115.161951	-83.447000
	0.037124	-23.267674	115.161951	-83.506600
	0.037133	-23.195459	115.161951	-83.506600
	0.037143	-23.719145	115.161951	-83.506600
	0.037152	-22.746303	115.161951	-83.506600
	0.037161	-22.456392	115.161951	-83.566200
	0.037171	-23.282393	115.161951	-83.566200
	0.037180	-23.966706	115.161951	-83.625800
	0.037190	-23.998742	115.161951	-83.625800
	0.037199	-23.547929	115.161951	-83.685400
	0.037209	-23.642028	115.161951	-83.625800
	0.037218	-23.768221	115.161951	-83.625800
	0.037228	-22.522831	115.161951	-83.625800
	0.037237	-23.842772	115.161951	-83.685400
	0.037247	-22.886576	115.161951	-83.685400
	0.037256	-24.245833	115.161951	-83.685400
	0.037266	-23.522135	115.161951	-83.625800
	0.037275	-22.886772	115.161951	-83.625800
	0.037285	-23.402067	115.161951	-83.625800
	0.037294	-24.178083	115.161951	-83.685400
	0.037303	-24.306624	115.161951	-83.685400
	0.037313	-24.680062	115.161951	-83.745000
	0.037322	-23.826228	115.161951	-83.745000
	0.037332	-23.625900	115.161951	-83.804600
	0.037341	-23.998057	115.161951	-83.864200
	0.037351	-24.275821	115.161951	-83.864200
	0.037360	-23.336274	115.161951	-83.804600
	0.037370	-23.784949	115.161951	-83.804600
	0.037379	-25.055474	115.161951	-83.864200
	0.037389	-24.213353	115.161951	-83.923800
	0.037398	-23.802898	115.161951	-83.923800
	0.037408	-24.811438	115.161951	-83.923800
	0.037417	-24.702732	115.161951	-83.923800
	0.037427	-24.344383	115.161951	-83.864200
	0.037436	-24.405787	115.161951	-83.923800
	0.037446	-25.345857	115.161951	-83.983400
	0.037455	-23.989427	115.161951	-84.043000
	0.037464	-24.130214	115.161951	-84.102600
	0.037474	-23.991084	115.161951	-84.102600
	0.037483	-24.972400	115.161951	-84.102600
	0.037493	-24.743060	115.161951	-84.162200
	0.037502	-23.414858	115.161951	-84.162200
	0.037512	-22.929165	115.161951	-84.162200
	0.037521	-23.547569	115.161951	-84.102600
	0.037531	-23.190585	115.161951	-84.162200
	0.037540	-22.922629	115.161951	-84.221800
	0.037550	-24.182465	115.161951	-84.281400
	0.037559	-23.296314	115.161951	-84.221800
	0.037569	-23.736641	115.161951	-84.281400
	0.037578	-22.539834	115.161951	-84.281400
	0.037588	-23.429927	115.161951	-84.281400
	0.037597	-22.568461	115.161951	-84.341000
	0.037606	-21.960740	115.161951	-84.341000
	0.037616	-21.814906	115.161951	-84.341000
	0.037625	-22.951949	115.161951	-84.281400
	0.037635	-22.481884	115.161951	-84.341000
	0.037644	-22.949912	115.161951	-84.400600
	0.037654	-22.182876	115.161951	-84.400600
	0.037663	-23.158271	115.161951	-84.341000
	0.037673	-23.280437	115.161951	-84.341000
	0.037682	-22.706625	115.161951	-84.281400
	0.037692	-22.807072	115.161951	-84.341000
	0.037701	-23.868089	115.161951	-84.341000
	0.037711	-24.323409	115.161951	-84.400600
	0.037720	-23.444590	115.161951	-84.341000
	0.037730	-23.388076	115.161951	-84.400600
	0.037739	-24.296649	115.161951	-84.519900
	0.037748	-24.031462	115.161951	-84.579500
	0.037758	-22.974548	115.161951	-84.579500
	0.037767	-22.262741	115.161951	-84.579500
	0.037777	-23.995972	115.161951	-84.639100
	0.037786	-23.681415	115.161951	-84.698700
	0.037796	-24.545857	115.161951	-84.698700
	0.037805	-23.919865	115.161951	-84.758300
	0.037815	-24.954299	115.161951	-84.817900
	0.037824	-24.272574	115.161951	-84.817900
	0.037834	-25.292235	115.161951	-84.817900
	0.037843	-24.975720	115.161951	-84.937100
	0.037853	-25.859089	115.161951	-84.937100
	0.037862	-24.986200	115.161951	-84.996700
	0.037872	-25.608068	115.161951	-85.056300
	0.037881	-25.547480	115.161951	-85.056300
	0.037891	-24.856355	115.161951	-85.115900
	0.037900	-25.727689	115.161951	-85.175500
	0.037909	-24.024278	115.161951	-85.115900
	0.037919	-24.563107	115.161951	-85.115900
	0.037928	-25.424750	115.161951	-85.175500
	0.037938	-25.151569	115.161951	-85.235100
	0.037947	-23.935010	115.161951	-85.175500
	0.037957	-24.956639	115.161951	-85.235100
	0.037966	-24.045307	115.161951	-85.235100
	0.037976	-24.691996	115.161951	-85.235100
	0.037985	-24.574221	115.161951	-85.235100
	0.037995	-24.257720	115.161951	-85.235100
	0.038004	-24.070752	115.161951	-85.235100
	0.038014	-24.872819	115.161951	-85.235100
	0.038023	-25.642653	115.161951	-85.294700
	0.038033	-22.484746	115.161951	-85.354300
	0.038042	-23.822182	115.161951	-85.354300
	0.038051	-23.690684	115.161951	-85.413900
	0.038061	-24.093744	115.161951	-85.413900
	0.038070	-24.457211	115.161951	-85.354300
	0.038080	-24.619543	115.161951	-85.413900
	0.038089	-23.999475	115.161951	-85.413900
	0.038099	-23.893942	115.161951	-85.413900
	0.038108	-22.516423	115.161951	-85.413900
	0.038118	-23.455113	115.161951	-85.413900
	0.038127	-24.176448	115.161951	-85.473500
	0.038137	-22.327376	115.161951	-85.473500
	0.038146	-23.167945	115.161951	-85.473500
	0.038156	-23.066814	115.161951	-85.473500
	0.038165	-22.455805	115.161951	-85.473500
	0.038175	-24.125357	115.161951	-85.533100
	0.038184	-23.669292	115.161951	-85.533100
	0.038194	-22.430224	115.161951	-85.533100
	0.038203	-23.293026	115.161951	-85.533100
	0.038212	-24.435166	115.161951	-85.592700
	0.038222	-24.071539	115.161951	-85.533100
	0.038231	-24.970195	115.161951	-85.533100
	0.038241	-25.025303	115.161951	-85.592700
	0.038250	-25.027019	115.161951	-85.652300
	0.038260	-24.572875	115.161951	-85.652300
	0.038269	-23.430225	115.161951	-85.652300
	0.038279	-24.097323	115.161951	-85.652300
	0.038288	-23.133515	115.161951	-85.711900
	0.038298	-24.203484	115.161951	-85.711900
	0.038307	-24.454230	115.161951	-85.711900
	0.038317	-23.596092	115.161951	-85.771500
	0.038326	-23.493312	115.161951	-85.771500
	0.038336	-24.077796	115.161951	-85.890800
	0.038345	-22.936675	115.161951	-85.950400
	0.038354	-24.631197	115.161951	-85.950400
	0.038364	-23.702902	115.161951	-86.010000
	0.038373	-24.705040	115.161951	-86.069600
	0.038383	-23.516739	115.161951	-86.069600
	0.038392	-23.786849	115.161951	-86.129200
	0.038402	-23.914004	115.161951	-86.129200
	0.038411	-24.522720	115.161951	-86.248400
	0.038421	-23.273204	115.161951	-86.308000
	0.038430	-23.515992	115.161951	-86.308000
	0.038440	-24.398708	115.161951	-86.367600
	0.038449	-23.429666	115.161951	-86.308000
	0.038459	-24.737992	115.161951	-86.367600
	0.038468	-24.231752	115.161951	-86.367600
	0.038478	-24.683830	115.161951	-86.367600
	0.038487	-24.421201	115.161951	-86.486800
	0.038497	-24.382026	115.161951	-86.486800
	0.038506	-24.524767	115.161951	-86.486800
	0.038515	-23.485067	115.161951	-86.546400
	0.038525	-24.160634	115.161951	-86.546400
	0.038534	-23.948484	115.161951	-86.546400
	0.038544	-24.442631	115.161951	-86.546400
	0.038553	-24.640025	115.161951	-86.606000
	0.038563	-24.319773	115.161951	-86.606000
	0.038572	-24.592811	115.161951	-86.606000
	0.038582	-24.971626	115.161951	-86.606000
	0.038591	-24.296391	115.161951	-86.665600
	0.038601	-24.245714	115.161951	-86.725200
	0.038610	-24.504079	115.161951	-86.665600
	0.038620	-25.286419	115.161951	-86.665600
	0.038629	-24.326276	115.161951	-86.665600
	0.038639	-25.154670	115.161951	-86.665600
	0.038648	-24.734208	115.161951	-86.784800
	0.038657	-25.398578	115.161951	-86.665600
	0.038667	-24.132389	115.161951	-86.665600
	0.038676	-25.763698	115.161951	-86.784800
	0.038686	-23.624927	115.161951	-86.844400
	0.038695	-24.522003	115.161951	-86.844400
	0.038705	-23.077329	115.161951	-86.844400
	0.038714	-24.803391	115.161951	-86.844400
	0.038724	-24.142816	115.161951	-86.844400
	0.038733	-23.705361	115.161951	-86.844400
	0.038743	-24.350561	115.161951	-86.963600
	0.038752	-23.741550	115.161951	-86.963600
	0.038762	-24.872220	115.161951	-86.963600
	0.038771	-24.106277	115.161951	-86.963600
	0.038781	-24.317558	115.161951	-87.023200
	0.038790	-25.716486	115.161951	-87.023200
	0.038800	-23.814938	115.161951	-87.082900
	0.038809	-24.430687	115.161951	-87.082900
	0.038818	-25.094441	115.161951	-86.963600
	0.038828	-25.698325	115.161951	-86.963600
	0.038837	-24.767731	115.161951	-86.963600
	0.038847	-24.876128	115.161951	-86.963600
	0.038856	-24.631522	115.161951	-86.904000
	0.038866	-24.394466	115.161951	-86.904000
	0.038875	-25.416135	115.161951	-86.963600
	0.038885	-25.521304	115.161951	-87.023200
	0.038894	-24.677106	115.161951	-87.023200
	0.038904	-25.854638	115.161951	-87.082900
	0.038913	-25.395489	115.161951	-87.142500
	0.038923	-24.728344	115.161951	-87.142500
	0.038932	-26.265947	115.161951	-87.202100
	0.038942	-26.079693	115.161951	-87.261700
	0.038951	-25.353096	115.161951	-87.261700
	0.038960	-25.841071	115.161951	-87.261700
	0.038970	-26.616559	115.161951	-87.202100
	0.038979	-25.557949	115.161951	-87.202100
	0.038989	-24.975908	115.161951	-87.261700
	0.038998	-25.788214	115.161951	-87.202100
	0.039008	-25.092930	115.161951	-87.202100
	0.039017	-24.711940	115.161951	-87.202100
	0.039027	-25.644767	115.161951	-87.261700
	0.039036	-25.454648	115.161951	-87.380900
	0.039046	-24.853987	115.161951	-87.380900
	0.039055	-24.993140	115.161951	-87.380900
	0.039065	-25.577922	115.161951	-87.440500
	0.039074	-24.941876	115.161951	-87.440500
	0.039084	-24.264626	115.161951	-87.440500
	0.039093	-24.857129	115.161951	-87.500100
	0.039103	-24.618028	115.161951	-87.500100
	0.039112	-25.666561	115.161951	-87.500100
	0.039121	-24.864711	115.161951	-87.500100
	0.039131	-23.995054	115.161951	-87.619300
	0.039140	-25.756395	115.161951	-87.678900
	0.039150	-24.534083	115.161951	-87.738500
	0.039159	-25.809444	115.161951	-87.738500
	0.039169	-25.267725	115.161951	-87.738500
	0.039178	-26.044758	115.161951	-87.738500
	0.039188	-25.011758	115.161951	-87.738500
	0.039197	-24.831174	115.161951	-87.738500
	0.039207	-25.766418	115.161951	-87.798100
	0.039216	-25.632557	115.161951	-87.798100
	0.039226	-25.079183	115.161951	-87.798100
	0.039235	-24.327240	115.161951	-87.917300
	0.039245	-24.921301	115.161951	-87.917300
	0.039254	-24.556278	115.161951	-87.917300
	0.039263	-25.057497	115.161951	-87.857700
	0.039273	-24.729536	115.161951	-87.917300
	0.039282	-25.199036	115.161951	-87.917300
	0.039292	-24.975640	115.161951	-87.917300
	0.039301	-24.298370	115.161951	-87.976900
	0.039311	-24.962747	115.161951	-88.036500
	0.039320	-24.519965	115.161951	-88.036500
	0.039330	-24.258726	115.161951	-88.036500
	0.039339	-23.967157	115.161951	-88.096100
	0.039349	-24.583279	115.161951	-88.096100
	0.039358	-24.914134	115.161951	-88.096100
	0.039368	-25.206428	115.161951	-88.096100
	0.039377	-25.028670	115.161951	-88.096100
	0.039387	-25.504119	115.161951	-88.215300
	0.039396	-24.706610	115.161951	-88.274900
	0.039406	-24.937712	115.161951	-88.274900
	0.039415	-24.788101	115.161951	-88.334500
	0.039424	-24.929063	115.161951	-88.334500
	0.039434	-24.382660	115.161951	-88.334500
	0.039443	-25.558298	115.161951	-88.394200
	0.039453	-24.493855	115.161951	-88.334500
	0.039462	-25.515444	115.161951	-88.274900
	0.039472	-24.998728	115.161951	-88.215300
	0.039481	-25.331015	115.161951	-88.274900
	0.039491	-24.922290	115.161951	-88.394200
	0.039500	-26.170658	115.161951	-88.394200
	0.039510	-25.369667	115.161951	-88.453800
	0.039519	-25.737034	115.161951	-88.394200
	0.039529	-24.825506	115.161951	-88.453800
	0.039538	-25.948287	115.161951	-88.513400
	0.039548	-24.380540	115.161951	-88.513400
	0.039557	-25.512779	115.161951	-88.513400
	0.039566	-26.002763	115.161951	-88.573000
	0.039576	-25.139853	115.161951	-88.632600
	0.039585	-25.077153	115.161951	-88.632600
	0.039595	-24.544221	115.161951	-88.692200
	0.039604	-25.848603	115.161951	-88.751800
	0.039614	-24.231375	115.161951	-88.811400
	0.039623	-25.596960	115.161951	-88.871000
	0.039633	-25.459359	115.161951	-88.811400
	0.039642	-26.365519	115.161951	-88.871000
	0.039652	-24.801872	115.161951	-88.871000
	0.039661	-25.300851	115.161951	-88.811400
	0.039671	-25.148659	115.161951	-88.871000
	0.039680	-25.493465	115.161951	-88.871000
	0.039690	-25.983116	115.161951	-88.930600
	0.039699	-25.716449	115.161951	-89.049800
	0.039709	-25.334140	115.161951	-88.990200
	0.039718	-25.666706	115.161951	-88.990200
	0.039727	-26.405834	115.161951	-89.109400
	0.039737	-25.366630	115.161951	-89.109400
	0.039746	-25.277712	115.161951	-89.169000
	0.039756	-25.225197	115.161951	-89.228600
	0.039765	-26.674752	115.161951	-89.228600
	0.039775	-26.123142	115.161951	-89.228600
	0.039784	-27.126227	115.161951	-89.347800
	0.039794	-26.949105	115.161951	-89.347800
	0.039803	-26.270792	115.161951	-89.347800
	0.039813	-28.128017	115.161951	-89.347800
	0.039822	-26.010081	115.161951	-89.347800
	0.039832	-26.065664	115.161951	-89.467000
	0.039841	-25.432645	115.161951	-89.347800
	0.039851	-26.288946	115.161951	-89.049800
	0.039860	-26.383662	115.161951	-88.930600
	0.039869	-26.097307	115.161951	-89.049800
	0.039879	-26.533373	115.161951	-89.049800
	0.039888	-25.833150	115.161951	-89.109400
	0.039898	-26.278468	115.161951	-89.109400
	0.039907	-27.892539	115.161951	-89.049800
	0.039917	-27.607898	115.161951	-88.751800
	0.039926	-27.905567	115.161951	-88.692200
	0.039936	-27.931218	115.161951	-88.751800
	0.039945	-27.087608	115.161951	-88.751800
	0.039955	-27.618880	115.161951	-88.632600
	0.039964	-27.651891	115.161951	-88.632600
	0.039974	-26.941405	115.161951	-88.632600
	0.039983	-26.872979	115.161951	-88.751800
	0.039993	-28.068805	115.161951	-88.811400
	0.040002	-26.824938	115.161951	-88.811400
	0.040012	-27.662472	115.161951	-88.751800
	0.040021	-27.222187	115.161951	-88.751800
	0.040030	-27.818440	115.161951	-88.751800
	0.040040	-28.498164	115.161951	-88.811400
	0.040049	-27.237157	115.161951	-88.871000
	0.040059	-28.371395	115.161951	-88.871000
	0.040068	-27.872505	115.161951	-88.871000
	0.040078	-26.697663	115.161951	-88.871000
	0.040087	-27.050889	115.161951	-88.871000
	0.040097	-27.067680	115.161951	-89.049800
	0.040106	-27.114321	115.161951	-89.109400
	0.040116	-27.028504	115.161951	-89.169000
	0.040125	-25.541931	115.161951	-89.169000
	0.040135	-26.276475	115.161951	-89.169000
	0.040144	-27.263432	115.161951	-89.169000
	0.040154	-26.209671	115.161951	-89.169000
	0.040163	-27.787020	115.161951	-89.228600
	0.040172	-27.045178	115.161951	-89.228600
	0.040182	-27.357034	115.161951	-89.288200
	0.040191	-28.011681	115.161951	-89.347800
	0.040201	-27.688834	115.161951	-89.347800
	0.040210	-27.256508	115.161951	-89.407400
	0.040220	-26.618143	115.161951	-89.407400
	0.040229	-27.769196	115.161951	-89.467000
	0.040239	-27.221678	115.161951	-89.586200
	0.040248	-28.872272	115.161951	-89.645900
	0.040258	-28.738245	115.161951	-89.705500
	0.040267	-28.994677	115.161951	-89.645900
	0.040277	-29.475902	115.161951	-89.645900
	0.040286	-29.215404	115.161951	-89.705500
	0.040296	-28.893852	115.161951	-89.765100
	0.040305	-27.902350	115.161951	-89.824700
	0.040315	-27.253851	115.161951	-89.824700
	0.040324	-27.328704	115.161951	-89.884300
	0.040333	-27.940815	115.161951	-89.765100
	0.040343	-27.767557	115.161951	-89.884300
	0.040352	-27.633873	115.161951	-89.824700
	0.040362	-28.349080	115.161951	-89.824700
	0.040371	-26.893223	115.161951	-89.824700
	0.040381	-27.605032	115.161951	-89.824700
	0.040390	-27.572850	115.161951	-89.884300
	0.040400	-28.496319	115.161951	-89.943900
	0.040409	-28.257421	115.161951	-90.003500
	0.040419	-28.299429	115.161951	-89.943900
	0.040428	-29.145709	115.161951	-90.003500
	0.040438	-28.633872	115.161951	-90.003500
	0.040447	-28.186769	115.161951	-90.063100
	0.040457	-28.720260	115.161951	-90.063100
	0.040466	-28.620648	115.161951	-90.122700
	0.040475	-28.919637	115.161951	-90.182300
	0.040485	-28.360601	115.161951	-90.003500
	0.040494	-29.194638	115.161951	-88.930600
	0.040504	-28.297555	115.161951	-88.513400
	0.040513	-29.425813	115.161951	-88.453800
	0.040523	-28.497633	115.161951	-88.394200
	0.040532	-28.982656	115.161951	-88.453800
	0.040542	-29.513113	115.161951	-88.573000
	0.040551	-27.503773	115.161951	-88.513400
	0.040561	-27.735640	115.161951	-87.738500
	0.040570	-28.113371	115.161951	-87.559700
	0.040580	-28.681794	115.161951	-87.500100
	0.040589	-28.543722	115.161951	-87.559700
	0.040599	-28.418663	115.161951	-87.559700
	0.040608	-28.757453	115.161951	-87.619300
	0.040618	-30.617934	115.161951	-87.619300
	0.040627	-29.676736	115.161951	-87.559700
	0.040636	-30.711447	115.161951	-87.261700
	0.040646	-29.584546	115.161951	-87.082900
	0.040655	-29.746462	115.161951	-87.023200
	0.040665	-30.200293	115.161951	-87.082900
	0.040674	-30.860839	115.161951	-87.082900
	0.040684	-29.629648	115.161951	-87.082900
	0.040693	-30.210810	115.161951	-87.082900
	0.040703	-30.430406	115.161951	-87.082900
	0.040712	-30.797070	115.161951	-87.082900
	0.040722	-31.670697	115.161951	-87.023200
	0.040731	-30.804154	115.161951	-87.023200
	0.040741	-30.083010	115.161951	-87.142500
	0.040750	-30.406794	115.161951	-87.082900
	0.040760	-30.794658	115.161951	-87.202100
	0.040769	-30.143744	115.161951	-87.440500
	0.040778	-30.326453	115.161951	-87.619300
	0.040788	-31.147486	115.161951	-87.619300
	0.040797	-30.641791	115.161951	-87.619300
	0.040807	-30.294821	115.161951	-87.559700
	0.040816	-30.752361	115.161951	-87.500100
	0.040826	-29.353612	115.161951	-87.559700
	0.040835	-30.272039	115.161951	-87.500100
	0.040845	-31.701590	115.161951	-87.559700
	0.040854	-30.146331	115.161951	-87.559700
	0.040864	-31.348279	115.161951	-87.619300
	0.040873	-30.550841	115.161951	-87.619300
	0.040883	-31.491152	115.161951	-87.619300
	0.040892	-30.793497	115.161951	-87.678900
	0.040902	-30.782441	115.161951	-87.678900
	0.040911	-31.242076	115.161951	-87.678900
	0.040921	-31.014350	115.161951	-87.738500
	0.040930	-30.722620	115.161951	-87.738500
	0.040939	-30.981071	115.161951	-87.798100
	0.040949	-31.055367	115.161951	-87.917300
	0.040958	-30.348888	115.161951	-87.917300
	0.040968	-30.460101	115.161951	-87.976900
	0.040977	-30.598158	115.161951	-88.036500
	0.040987	-30.675616	115.161951	-88.036500
	0.040996	-30.565663	115.161951	-88.155700
	0.041006	-31.301838	115.161951	-88.155700
	0.041015	-30.948995	115.161951	-88.215300
	0.041025	-31.514727	115.161951	-88.274900
	0.041034	-30.847360	115.161951	-88.334500
	0.041044	-31.552921	115.161951	-88.334500
	0.041053	-30.293529	115.161951	-88.334500
	0.041063	-31.970653	115.161951	-88.334500
	0.041072	-31.507070	115.161951	-88.394200
	0.041081	-30.355196	115.161951	-88.394200
	0.041091	-31.767327	115.161951	-88.453800
	0.041100	-31.900316	115.161951	-88.453800
	0.041110	-31.544484	115.161951	-88.453800
	0.041119	-31.424632	115.161951	-88.513400
	0.041129	-30.517777	115.161951	-88.573000
	0.041138	-33.693373	115.161951	-88.453800
	0.041148	-32.951627	115.161951	-88.274900
	0.041157	-33.787619	115.161951	-88.215300
	0.041167	-33.359687	115.161951	-88.215300
	0.041176	-32.473264	115.161951	-88.215300
	0.041186	-31.923211	115.161951	-88.215300
	0.041195	-33.219485	115.161951	-88.274900
	0.041205	-31.810698	115.161951	-88.334500
	0.041214	-32.365165	115.161951	-88.334500
	0.041224	-32.290753	115.161951	-88.274900
	0.041233	-32.342128	115.161951	-88.215300
	0.041242	-32.354148	115.161951	-88.334500
	0.041252	-32.187183	115.161951	-88.274900
	0.041261	-33.100544	115.161951	-88.215300
	0.041271	-31.859743	115.161951	-88.274900
	0.041280	-33.233806	115.161951	-88.274900
	0.041290	-33.011015	115.161951	-88.274900
	0.041299	-32.911546	115.161951	-88.274900
	0.041309	-32.993270	115.161951	-88.334500
	0.041318	-33.271923	115.161951	-88.215300
	0.041328	-34.392323	115.161951	-88.274900
	0.041337	-34.692289	115.161951	-88.215300
	0.041347	-32.745833	115.161951	-88.215300
	0.041356	-34.247246	115.161951	-88.215300
	0.041366	-34.277395	115.161951	-88.155700
	0.041375	-34.295614	115.161951	-88.274900
	0.041384	-34.947845	115.161951	-88.274900
	0.041394	-33.355569	115.161951	-88.274900
	0.041403	-34.664498	115.161951	-88.334500
	0.041413	-34.711624	115.161951	-88.274900
	0.041422	-34.460548	115.161951	-88.274900
	0.041432	-34.568718	115.161951	-88.334500
	0.041441	-34.792128	115.161951	-88.394200
	0.041451	-35.248427	115.161951	-88.394200
	0.041460	-34.347340	115.161951	-88.394200
	0.041470	-34.741888	115.161951	-88.453800
	0.041479	-35.139185	115.161951	-88.513400
	0.041489	-34.515435	115.161951	-88.573000
	0.041498	-34.132817	115.161951	-88.632600
	0.041508	-34.748052	115.161951	-88.692200
	0.041517	-34.377950	115.161951	-88.751800
	0.041527	-33.753089	115.161951	-88.751800
	0.041536	-33.294120	115.161951	-88.811400
	0.041545	-34.580751	115.161951	-88.871000
	0.041555	-35.057194	115.161951	-88.811400
	0.041564	-34.718995	115.161951	-88.871000
	0.041574	-34.894214	115.161951	-88.871000
	0.041583	-34.650456	115.161951	-88.930600
	0.041593	-34.183396	115.161951	-89.049800
	0.041602	-34.126397	115.161951	-89.049800
	0.041612	-34.960460	115.161951	-89.109400
	0.041621	-34.673095	115.161951	-89.109400
	0.041631	-33.455771	115.161951	-89.109400
	0.041640	-34.191513	115.161951	-89.109400
	0.041650	-34.322883	115.161951	-89.049800
	0.041659	-34.171152	115.161951	-89.049800
	0.041669	-35.057716	115.161951	-89.049800
	0.041678	-36.100189	115.161951	-89.109400
	0.041687	-35.366563	115.161951	-89.109400
	0.041697	-35.098834	115.161951	-89.109400
	0.041706	-36.142126	115.161951	-89.109400
	0.041716	-35.669097	115.161951	-89.109400
	0.041725	-36.040137	115.161951	-89.109400
	0.041735	-35.914407	115.161951	-89.169000
	0.041744	-35.624456	115.161951	-89.228600
	0.041754	-35.587620	115.161951	-89.228600
	0.041763	-34.929463	115.161951	-89.288200
	0.041773	-35.532614	115.161951	-89.347800
	0.041782	-35.313292	115.161951	-89.347800
	0.041792	-35.976062	115.161951	-89.407400
	0.041801	-35.866690	115.161951	-89.467000
	0.041811	-35.217117	115.161951	-89.705500
	0.041820	-35.883826	115.161951	-90.003500
	0.041829	-34.560053	115.161951	-90.063100
	0.041839	-34.627151	115.161951	-90.122700
	0.041848	-34.913638	115.161951	-90.182300
	0.041858	-35.277607	115.161951	-90.241900
	0.041867	-36.030514	115.161951	-90.182300
	0.041877	-35.235428	115.161951	-90.241900
	0.041886	-35.170249	115.161951	-90.361100
	0.041896	-35.561753	115.161951	-90.420700
	0.041905	-36.337009	115.161951	-90.301500
	0.041915	-36.214376	115.161951	-90.182300
	0.041924	-35.961148	115.161951	-90.182300
	0.041934	-35.677238	115.161951	-90.182300
	0.041943	-36.244908	115.161951	-90.182300
	0.041953	-36.163633	115.161951	-90.241900
	0.041962	-36.453489	115.161951	-90.241900
	0.041972	-36.726343	115.161951	-90.241900
	0.041981	-35.968046	115.161951	-90.301500
	0.041990	-36.264216	115.161951	-90.241900
	0.042000	-37.310879	115.161951	-90.241900
	0.042009	-36.470455	115.161951	-90.241900
	0.042019	-35.395416	115.161951	-90.301500
	0.042028	-36.872697	115.161951	-90.301500
	0.042038	-36.693319	115.161951	-90.420700
	0.042047	-36.275104	115.161951	-90.420700
	0.042057	-37.381677	115.161951	-90.361100
	0.042066	-36.777337	115.161951	-90.361100
	0.042076	-37.325749	115.161951	-90.420700
	0.042085	-36.417416	115.161951	-90.539900
	0.042095	-36.994013	115.161951	-90.659100
	0.042104	-36.594568	115.161951	-90.659100
	0.042114	-36.543711	115.161951	-90.718700
	0.042123	-37.012020	115.161951	-90.659100
	0.042132	-36.264527	115.161951	-90.599500
	0.042142	-36.974301	115.161951	-90.718700
	0.042151	-37.930031	115.161951	-90.718700
	0.042161	-38.687978	115.161951	-90.778300
	0.042170	-37.160807	115.161951	-90.718700
	0.042180	-38.338166	115.161951	-90.659100
	0.042189	-40.266664	115.161951	-90.003500
	0.042199	-39.583173	115.161951	-89.705500
	0.042208	-39.415123	115.161951	-89.645900
	0.042218	-40.198861	115.161951	-89.645900
	0.042227	-39.025787	115.161951	-89.645900
	0.042237	-38.931742	115.161951	-89.705500
	0.042246	-39.921311	115.161951	-89.645900
	0.042256	-39.646341	115.161951	-89.645900
	0.042265	-39.341903	115.161951	-89.705500
	0.042275	-38.948459	115.161951	-89.705500
	0.042284	-39.069996	115.161951	-89.705500
	0.042293	-40.444496	115.161951	-89.705500
	0.042303	-39.394664	115.161951	-89.705500
	0.042312	-38.707769	115.161951	-89.586200
	0.042322	-39.024276	115.161951	-89.467000
	0.042331	-39.769723	115.161951	-89.407400
	0.042341	-39.272774	115.161951	-89.467000
	0.042350	-40.584349	115.161951	-89.467000
	0.042360	-39.877474	115.161951	-89.526600
	0.042369	-40.144475	115.161951	-89.526600
	0.042379	-40.074205	115.161951	-89.586200
	0.042388	-40.549754	115.161951	-89.645900
	0.042398	-38.553546	115.161951	-89.645900
	0.042407	-40.084025	115.161951	-89.705500
	0.042417	-39.280380	115.161951	-89.705500
	0.042426	-41.207497	115.161951	-89.765100
	0.042435	-40.989257	115.161951	-89.645900
	0.042445	-40.520888	115.161951	-89.407400
	0.042454	-39.111054	115.161951	-89.347800
	0.042464	-40.120589	115.161951	-89.288200
	0.042473	-41.177956	115.161951	-89.288200
	0.042483	-39.942532	115.161951	-89.347800
	0.042492	-40.402234	115.161951	-89.407400
	0.042502	-39.201974	115.161951	-89.407400
	0.042511	-39.128074	115.161951	-89.407400
	0.042521	-40.012131	115.161951	-89.407400
	0.042530	-39.911714	115.161951	-89.347800
	0.042540	-41.062573	115.161951	-89.347800
	0.042549	-40.024395	115.161951	-89.407400
	0.042559	-40.323229	115.161951	-89.467000
	0.042568	-39.378740	115.161951	-89.467000
	0.042578	-40.333618	115.161951	-89.526600
	0.042587	-40.203000	115.161951	-89.586200
	0.042596	-39.347784	115.161951	-89.645900
	0.042606	-40.795213	115.161951	-89.645900
	0.042615	-41.299194	115.161951	-89.526600
	0.042625	-41.443588	115.161951	-88.990200
	0.042634	-42.133011	115.161951	-88.811400
	0.042644	-41.357330	115.161951	-88.930600
	0.042653	-42.112455	115.161951	-89.109400
	0.042663	-41.928068	115.161951	-89.109400
	0.042672	-41.966028	115.161951	-89.169000
	0.042682	-42.329732	115.161951	-89.169000
	0.042691	-41.949121	115.161951	-89.109400
	0.042701	-44.071999	115.161951	-87.500100
	0.042710	-43.635460	115.161951	-86.546400
	0.042720	-44.527213	115.161951	-86.308000
	0.042729	-44.456819	115.161951	-86.308000
	0.042738	-44.687807	115.161951	-86.308000
	0.042748	-43.912519	115.161951	-86.308000
	0.042757	-44.510802	115.161951	-86.248400
	0.042767	-45.893055	115.161951	-86.129200
	0.042776	-44.606463	115.161951	-86.069600
	0.042786	-44.290918	115.161951	-86.129200
	0.042795	-44.776637	115.161951	-86.129200
	0.042805	-44.962343	115.161951	-86.129200
	0.042814	-47.573976	115.161951	-85.711900
	0.042824	-49.487139	115.161951	-84.579500
	0.042833	-50.158720	115.161951	-84.162200
	0.042843	-50.577949	115.161951	-84.162200
	0.042852	-49.857182	115.161951	-84.162200
	0.042862	-50.050747	115.161951	-84.102600
	0.042871	-50.134560	115.161951	-84.043000
	0.042881	-50.646185	115.161951	-83.745000
	0.042890	-53.026349	115.161951	-82.552900
	0.042899	-51.220739	115.161951	-81.897200
	0.042909	-51.937492	115.161951	-81.778000
	0.042918	-51.682592	115.161951	-81.718400
	0.042928	-51.725600	115.161951	-81.718400
	0.042937	-52.280788	115.161951	-81.778000
	0.042947	-51.397571	115.161951	-81.778000
	0.042956	-52.140411	115.161951	-81.778000
	0.042966	-51.604110	115.161951	-81.718400
	0.042975	-52.376862	115.161951	-81.718400
	0.042985	-51.668247	115.161951	-81.778000
	0.042994	-51.739631	115.161951	-81.778000
	0.043004	-51.137715	115.161951	-81.778000
	0.043013	-51.676027	115.161951	-81.718400
	0.043023	-51.138999	115.161951	-81.778000
	0.043032	-51.504161	115.161951	-81.778000
	0.043041	-51.729629	115.161951	-81.837600
	0.043051	-50.963987	115.161951	-81.778000
	0.043060	-52.197590	115.161951	-81.837600
	0.043070	-52.294722	115.161951	-81.897200
	0.043079	-51.198578	115.161951	-81.897200
	0.043089	-51.897751	115.161951	-81.897200
	0.043098	-52.510187	115.161951	-81.897200
	0.043108	-52.689078	115.161951	-82.016500
	0.043117	-51.509342	115.161951	-81.956900
	0.043127	-51.826290	115.161951	-82.016500
	0.043136	-52.134859	115.161951	-82.016500
	0.043146	-52.408930	115.161951	-82.076100
	0.043155	-52.235362	115.161951	-82.076100
	0.043165	-52.687509	115.161951	-82.195300
	0.043174	-52.512898	115.161951	-82.314500
	0.043184	-52.707972	115.161951	-82.314500
	0.043193	-53.278495	115.161951	-82.374100
	0.043202	-52.623923	115.161951	-82.433700
	0.043212	-52.518335	115.161951	-82.433700
	0.043221	-52.098628	115.161951	-82.493300
	0.043231	-53.083892	115.161951	-82.552900
	0.043240	-52.348434	115.161951	-82.552900
	0.043250	-53.168833	115.161951	-82.552900
	0.043259	-52.249123	115.161951	-82.493300
	0.043269	-52.998400	115.161951	-82.552900
	0.043278	-52.542585	115.161951	-82.612500
	0.043288	-52.423133	115.161951	-82.612500
	0.043297	-56.715694	115.161951	-81.360800
	0.043307	-56.991952	115.161951	-80.407100
	0.043316	-56.921937	115.161951	-80.228300
	0.043326	-56.924361	115.161951	-80.168700
	0.043335	-55.732284	115.161951	-80.228300
	0.043344	-60.872360	115.161951	-78.976600
	0.043354	-66.130362	115.161951	-76.413600
	0.043363	-65.561149	115.161951	-75.459900
	0.043373	-71.661295	115.161951	-73.969800
	0.043382	-75.130871	115.161951	-72.062500
	0.043392	-75.126980	115.161951	-71.347200
	0.043401	-76.452144	115.161951	-71.287600
	0.043411	-75.521733	115.161951	-71.228000
	0.043420	-76.056948	115.161951	-71.168400
	0.043430	-76.730722	115.161951	-71.168400
	0.043439	-76.011152	115.161951	-71.287600
	0.043449	-75.763620	115.161951	-71.347200
	0.043458	-76.655938	115.161951	-71.287600
	0.043468	-75.562807	115.161951	-71.287600
	0.043477	-75.434703	115.161951	-71.287600
	0.043487	-76.350173	115.161951	-71.347200
	0.043496	-76.749893	115.161951	-71.406800
	0.043505	-75.244998	115.161951	-71.406800
	0.043515	-75.668768	115.161951	-71.347200
	0.043524	-75.495714	115.161951	-71.406800
	0.043534	-78.254118	115.161951	-71.108800
	0.043543	-79.314138	115.161951	-70.810800
	0.043553	-78.919632	115.161951	-70.751200
	0.043562	-79.844637	115.161951	-70.691600
	0.043572	-78.492427	115.161951	-70.691600
	0.043581	-78.323411	115.161951	-70.691600
	0.043591	-78.904377	115.161951	-70.751200
	0.043600	-79.038666	115.161951	-70.751200
	0.043610	-78.759870	115.161951	-70.751200
	0.043619	-79.263989	115.161951	-70.691600
	0.043629	-79.027061	115.161951	-70.751200
	0.043638	-79.104105	115.161951	-70.691600
	0.043647	-81.359682	115.161951	-70.274300
	0.043657	-83.876719	115.161951	-69.201500
	0.043666	-84.603925	115.161951	-68.784200
	0.043676	-85.616218	115.161951	-68.843800
	0.043685	-83.821978	115.161951	-68.963000
	0.043695	-84.099662	115.161951	-69.022600
	0.043704	-83.373126	115.161951	-69.022600
	0.043714	-83.529975	115.161951	-69.022600
	0.043723	-84.018146	115.161951	-69.082200
	0.043733	-83.186730	115.161951	-69.141900
	0.043742	-84.333345	115.161951	-69.141900
	0.043752	-83.662838	115.161951	-69.141900
	0.043761	-84.587534	115.161951	-69.201500
	0.043771	-84.596689	115.161951	-69.201500
	0.043780	-84.218254	115.161951	-69.261100
	0.043790	-84.206237	115.161951	-69.320700
	0.043799	-84.476381	115.161951	-69.320700
	0.043808	-84.943248	115.161951	-69.320700
	0.043818	-84.807604	115.161951	-69.320700
	0.043827	-85.666424	115.161951	-69.380300
	0.043837	-85.510996	115.161951	-69.380300
	0.043846	-83.604965	115.161951	-69.380300
	0.043856	-85.195780	115.161951	-69.380300
	0.043865	-85.627103	115.161951	-69.380300
	0.043875	-84.964791	115.161951	-69.380300
	0.043884	-84.814846	115.161951	-69.439900
	0.043894	-84.794255	115.161951	-69.439900
	0.043903	-84.851838	115.161951	-69.499500
	0.043913	-84.519325	115.161951	-69.559100
	0.043922	-84.818206	115.161951	-69.499500
	0.043932	-85.475839	115.161951	-69.678300
	0.043941	-86.320885	115.161951	-70.155100
	0.043950	-84.864780	115.161951	-70.274300
	0.043960	-85.417707	115.161951	-70.333900
	0.043969	-85.806317	115.161951	-70.333900
	0.043979	-84.693274	115.161951	-70.453200
	0.043988	-85.218453	115.161951	-70.453200
	0.043998	-85.796054	115.161951	-70.512800
	0.044007	-85.224847	115.161951	-70.512800
	0.044017	-84.687521	115.161951	-70.572400
	0.044026	-85.094283	115.161951	-70.572400
	0.044036	-83.692432	115.161951	-70.512800
	0.044045	-84.967222	115.161951	-70.572400
	0.044055	-84.951815	115.161951	-70.512800
	0.044064	-84.202587	115.161951	-70.572400
	0.044074	-87.325089	115.161951	-69.797500
	0.044083	-88.076004	115.161951	-68.247800
	0.044093	-87.735673	115.161951	-67.651700
	0.044102	-90.313337	115.161951	-67.472900
	0.044111	-91.866896	115.161951	-67.174900
	0.044121	-90.826025	115.161951	-67.055700
	0.044130	-90.999394	115.161951	-67.055700
	0.044140	-91.053233	115.161951	-67.115300
	0.044149	-90.696712	115.161951	-67.115300
	0.044159	-90.125940	115.161951	-67.115300
	0.044168	-90.137247	115.161951	-67.115300
	0.044178	-90.533739	115.161951	-67.115300
	0.044187	-91.119075	115.161951	-67.174900
	0.044197	-89.711148	115.161951	-67.174900
	0.044206	-90.299484	115.161951	-67.115300
	0.044216	-89.936669	115.161951	-67.174900
	0.044225	-91.380934	115.161951	-67.174900
	0.044235	-92.916317	115.161951	-66.936500
	0.044244	-94.649311	115.161951	-66.698100
	0.044253	-94.168399	115.161951	-66.638500
	0.044263	-94.144713	115.161951	-66.519200
	0.044272	-93.443151	115.161951	-66.400000
	0.044282	-93.677398	115.161951	-66.400000
	0.044291	-93.768034	115.161951	-66.459600
	0.044301	-93.081272	115.161951	-66.459600
	0.044310	-93.889783	115.161951	-66.459600
	0.044320	-93.075431	115.161951	-66.400000
	0.044329	-101.019856	115.161951	-65.744400
	0.044339	-102.115702	115.161951	-64.909900
	0.044348	-101.707607	115.161951	-64.671500
	0.044358	-101.724707	115.161951	-64.611900
	0.044367	-102.635566	115.161951	-64.671500
	0.044377	-103.503757	115.161951	-64.373500
	0.044386	-104.449439	115.161951	-64.075500
	0.044396	-103.243358	115.161951	-64.015900
	0.044405	-103.886155	115.161951	-64.015900
	0.044414	-104.068911	115.161951	-64.015900
	0.044424	-104.113163	115.161951	-63.956200
	0.044433	-103.126339	115.161951	-63.896600
	0.044443	-104.931227	115.161951	-63.837000
	0.044452	-104.218181	115.161951	-63.837000
	0.044462	-104.220265	115.161951	-63.896600
	0.044471	-104.552816	115.161951	-63.896600
	0.044481	-104.391534	115.161951	-63.896600
	0.044490	-104.002266	115.161951	-63.956200
	0.044500	-104.357278	115.161951	-63.956200
	0.044509	-105.573421	115.161951	-64.015900
	0.044519	-103.993522	115.161951	-64.015900
	0.044528	-104.664160	115.161951	-63.956200
	0.044538	-105.736351	115.161951	-64.015900
	0.044547	-104.830198	115.161951	-64.015900
	0.044556	-104.643060	115.161951	-64.015900
	0.044566	-103.803286	115.161951	-64.015900
	0.044575	-104.288313	115.161951	-64.015900
	0.044585	-104.605676	115.161951	-63.956200
	0.044594	-105.840455	115.161951	-63.717800
	0.044604	-104.653566	115.161951	-63.539000
	0.044613	-105.900132	115.161951	-63.539000
	0.044623	-104.793889	115.161951	-63.539000
	0.044632	-105.850991	115.161951	-63.539000
	0.044642	-105.126276	115.161951	-63.539000
	0.044651	-105.108484	115.161951	-63.479400
	0.044661	-105.686965	115.161951	-63.419800
	0.044670	-106.371779	115.161951	-63.419800
	0.044680	-106.608815	115.161951	-63.360200
	0.044689	-105.546762	115.161951	-63.360200
	0.044699	-105.993387	115.161951	-63.419800
	0.044708	-107.046552	115.161951	-63.419800
	0.044717	-106.173772	115.161951	-63.419800
	0.044727	-106.474158	115.161951	-63.419800
	0.044736	-106.978618	115.161951	-63.419800
	0.044746	-107.569319	115.161951	-63.241000
	0.044755	-107.108282	115.161951	-63.062200
	0.044765	-107.113514	115.161951	-63.002600
	0.044774	-107.197698	115.161951	-63.002600
	0.044784	-107.324006	115.161951	-63.002600
	0.044793	-106.810273	115.161951	-62.943000
	0.044803	-106.117042	115.161951	-63.002600
	0.044812	-107.303998	115.161951	-63.062200
	0.044822	-107.597593	115.161951	-63.002600
	0.044831	-106.775964	115.161951	-62.943000
	0.044841	-107.940997	115.161951	-62.764200
	0.044850	-108.246755	115.161951	-62.764200
	0.044859	-108.281316	115.161951	-62.704600
	0.044869	-107.551917	115.161951	-62.704600
	0.044878	-108.563206	115.161951	-62.764200
	0.044888	-107.923010	115.161951	-62.823800
	0.044897	-108.021443	115.161951	-62.883400
	0.044907	-107.872008	115.161951	-62.823800
	0.044916	-107.159496	115.161951	-62.764200
	0.044926	-107.572051	115.161951	-62.764200
	0.044935	-108.268921	115.161951	-62.823800
	0.044945	-107.774300	115.161951	-62.823800
	0.044954	-108.905050	115.161951	-62.883400
	0.044964	-108.606620	115.161951	-62.943000
	0.044973	-108.741855	115.161951	-62.943000
	0.044983	-107.757207	115.161951	-62.883400
	0.044992	-108.360862	115.161951	-62.823800
	0.045002	-108.213281	115.161951	-62.823800
	0.045011	-107.838625	115.161951	-62.883400
	0.045020	-108.287344	115.161951	-62.823800
	0.045030	-107.217896	115.161951	-62.823800
	0.045039	-109.169310	115.161951	-62.883400
	0.045049	-108.362199	115.161951	-62.883400
	0.045058	-107.401310	115.161951	-62.883400
	0.045068	-108.832561	115.161951	-62.883400
	0.045077	-108.311754	115.161951	-62.764200
	0.045087	-109.674441	115.161951	-62.585300
	0.045096	-119.733840	115.161951	-60.498900
	0.045106	-120.389537	115.161951	-59.068400
	0.045115	-119.833594	115.161951	-58.710800
	0.045125	-120.079343	115.161951	-58.651200
	0.045134	-120.481489	115.161951	-58.710800
	0.045144	-119.899974	115.161951	-58.651200
	0.045153	-119.747947	115.161951	-58.532000
	0.045162	-120.294596	115.161951	-58.472400
	0.045172	-120.789503	115.161951	-58.472400
	0.045181	-119.900284	115.161951	-58.412800
	0.045191	-119.109513	115.161951	-58.353200
	0.045200	-120.171629	115.161951	-58.353200
	0.045210	-119.703658	115.161951	-58.353200
	0.045219	-118.849716	115.161951	-58.353200
	0.045229	-119.777953	115.161951	-58.412800
	0.045238	-119.129088	115.161951	-58.353200
	0.045248	-119.113014	115.161951	-58.353200
	0.045257	-119.138026	115.161951	-58.412800
	0.045267	-119.232892	115.161951	-58.412800
	0.045276	-120.204795	115.161951	-58.412800
	0.045286	-119.340269	115.161951	-58.472400
	0.045295	-119.483995	115.161951	-58.472400
	0.045305	-119.974548	115.161951	-58.472400
	0.045314	-118.974403	115.161951	-58.472400
	0.045323	-119.508738	115.161951	-58.532000
	0.045333	-119.189502	115.161951	-58.472400
	0.045342	-120.351990	115.161951	-58.412800
	0.045352	-118.805704	115.161951	-58.353200
	0.045361	-120.293305	115.161951	-58.353200
	0.045371	-119.526755	115.161951	-58.293600
	0.045380	-118.964203	115.161951	-58.293600
	0.045390	-119.332564	115.161951	-58.293600
	0.045399	-119.122272	115.161951	-58.234000
	0.045409	-118.264200	115.161951	-58.174400
	0.045418	-118.270399	115.161951	-58.234000
	0.045428	-117.396643	115.161951	-58.174400
	0.045437	-118.263993	115.161951	-58.174400
	0.045447	-118.687050	115.161951	-58.174400
	0.045456	-119.368874	115.161951	-58.234000
	0.045465	-118.710584	115.161951	-58.234000
	0.045475	-121.098450	115.161951	-57.518700
	0.045484	-123.183918	115.161951	-56.445800
	0.045494	-122.994344	115.161951	-56.088200
	0.045503	-122.331353	115.161951	-56.028600
	0.045513	-123.600407	115.161951	-56.088200
	0.045522	-122.518610	115.161951	-56.028600
	0.045532	-123.582008	115.161951	-55.969000
	0.045541	-122.587833	115.161951	-55.969000
	0.045551	-123.604857	115.161951	-56.028600
	0.045560	-124.196040	115.161951	-56.088200
	0.045570	-123.778363	115.161951	-56.147800
	0.045579	-123.206777	115.161951	-56.088200
	0.045589	-126.581338	115.161951	-55.611400
	0.045598	-126.546389	115.161951	-54.717300
	0.045608	-128.116655	115.161951	-54.359700
	0.045617	-127.121313	115.161951	-54.300100
	0.045626	-128.305423	115.161951	-54.300100
	0.045636	-127.292130	115.161951	-54.300100
	0.045645	-126.972689	115.161951	-54.359700
	0.045655	-127.219304	115.161951	-54.478900
	0.045664	-128.107218	115.161951	-54.538500
	0.045674	-126.891613	115.161951	-54.478900
	0.045683	-127.402223	115.161951	-54.478900
	0.045693	-126.632862	115.161951	-54.478900
	0.045702	-126.557682	115.161951	-54.419300
	0.045712	-127.827847	115.161951	-54.478900
	0.045721	-127.977018	115.161951	-54.478900
	0.045731	-129.551917	115.161951	-54.180900
	0.045740	-131.791340	115.161951	-53.465600
	0.045750	-131.712396	115.161951	-53.167600
	0.045759	-131.639164	115.161951	-53.108000
	0.045768	-132.081080	115.161951	-53.108000
	0.045778	-132.610139	115.161951	-53.108000
	0.045787	-133.940199	115.161951	-52.869600
	0.045797	-134.143571	115.161951	-52.452300
	0.045806	-134.775316	115.161951	-52.333100
	0.045816	-134.480028	115.161951	-52.273500
	0.045825	-134.199839	115.161951	-52.273500
	0.045835	-134.408770	115.161951	-52.273500
	0.045844	-134.335700	115.161951	-52.273500
	0.045854	-134.773471	115.161951	-52.273500
	0.045863	-134.196790	115.161951	-52.273500
	0.045873	-134.951211	115.161951	-52.213900
	0.045882	-133.597408	115.161951	-52.213900
	0.045892	-134.905061	115.161951	-52.213900
	0.045901	-134.315032	115.161951	-52.213900
	0.045910	-134.149876	115.161951	-52.213900
	0.045920	-134.071866	115.161951	-52.213900
	0.045929	-133.937723	115.161951	-52.213900
	0.045939	-134.713764	115.161951	-52.213900
	0.045948	-132.762323	115.161951	-52.154300
	0.045958	-134.169825	115.161951	-52.154300
	0.045967	-134.835965	115.161951	-52.035100
	0.045977	-134.927187	115.161951	-52.035100
	0.045986	-135.052325	115.161951	-52.035100
	0.045996	-135.049980	115.161951	-52.035100
	0.046005	-135.739975	115.161951	-52.035100
	0.046015	-135.602824	115.161951	-51.975500
	0.046024	-135.164830	115.161951	-51.975500
	0.046034	-135.368065	115.161951	-51.915900
	0.046043	-134.982609	115.161951	-51.856300
	0.046053	-135.498265	115.161951	-51.856300
	0.046062	-136.112198	115.161951	-51.796700
	0.046071	-135.192612	115.161951	-51.677500
	0.046081	-135.995910	115.161951	-51.617900
	0.046090	-135.561470	115.161951	-51.617900
	0.046100	-137.501853	115.161951	-51.379400
	0.046109	-139.399451	115.161951	-50.902600
	0.046119	-139.570071	115.161951	-50.783400
	0.046128	-140.249123	115.161951	-50.664200
	0.046138	-140.120876	115.161951	-50.664200
	0.046147	-139.895540	115.161951	-50.664200
	0.046157	-140.586913	115.161951	-50.664200
	0.046166	-139.858759	115.161951	-50.604600
	0.046176	-139.869633	115.161951	-50.604600
	0.046185	-140.737977	115.161951	-50.604600
	0.046195	-140.818266	115.161951	-50.604600
	0.046204	-138.750227	115.161951	-50.545000
	0.046213	-139.438631	115.161951	-50.485400
	0.046223	-139.592856	115.161951	-50.545000
	0.046232	-138.832926	115.161951	-50.604600
	0.046242	-138.543414	115.161951	-50.664200
	0.046251	-139.641826	115.161951	-50.664200
	0.046261	-138.749392	115.161951	-50.604600
	0.046270	-139.316415	115.161951	-50.545000
	0.046280	-139.787023	115.161951	-50.545000
	0.046289	-140.127690	115.161951	-50.545000
	0.046299	-143.059338	115.161951	-50.008500
	0.046308	-144.459333	115.161951	-48.935600
	0.046318	-143.955267	115.161951	-48.280000
	0.046327	-144.184466	115.161951	-48.220400
	0.046337	-143.470904	115.161951	-48.220400
	0.046346	-144.238935	115.161951	-48.101200
	0.046356	-144.397299	115.161951	-48.101200
	0.046365	-143.661248	115.161951	-48.041600
	0.046374	-143.933277	115.161951	-48.101200
	0.046384	-144.433226	115.161951	-48.041600
	0.046393	-143.767893	115.161951	-48.041600
	0.046403	-143.839015	115.161951	-48.101200
	0.046412	-144.368363	115.161951	-48.101200
	0.046422	-143.720928	115.161951	-48.101200
	0.046431	-144.125900	115.161951	-48.101200
	0.046441	-143.260761	115.161951	-48.101200
	0.046450	-143.748422	115.161951	-48.101200
	0.046460	-143.842006	115.161951	-48.160800
	0.046469	-143.721590	115.161951	-48.220400
	0.046479	-143.429570	115.161951	-48.220400
	0.046488	-143.596057	115.161951	-48.160800
	0.046498	-143.446604	115.161951	-48.101200
	0.046507	-143.754223	115.161951	-48.101200
	0.046516	-144.723473	115.161951	-48.041600
	0.046526	-144.306417	115.161951	-48.041600
	0.046535	-144.413186	115.161951	-48.041600
	0.046545	-144.402318	115.161951	-47.982000
	0.046554	-145.411833	115.161951	-47.862800
	0.046564	-145.173176	115.161951	-47.743600
	0.046573	-145.033155	115.161951	-47.743600
	0.046583	-145.907753	115.161951	-47.743600
	0.046592	-145.613859	115.161951	-47.743600
	0.046602	-144.714619	115.161951	-47.803200
	0.046611	-145.283740	115.161951	-47.862800
	0.046621	-145.916100	115.161951	-47.922400
	0.046630	-145.083071	115.161951	-47.922400
	0.046640	-144.728160	115.161951	-47.922400
	0.046649	-145.347964	115.161951	-47.922400
	0.046659	-144.781307	115.161951	-47.922400
	0.046668	-146.274614	115.161951	-47.922400
	0.046677	-145.295144	115.161951	-47.803200
	0.046687	-146.089986	115.161951	-47.803200
	0.046696	-144.118217	115.161951	-47.803200
	0.046706	-145.639134	115.161951	-47.803200
	0.046715	-145.092999	115.161951	-47.922400
	0.046725	-145.206635	115.161951	-47.862800
	0.046734	-144.714765	115.161951	-47.743600
	0.046744	-144.678419	115.161951	-47.743600
	0.046753	-145.247403	115.161951	-47.743600
	0.046763	-147.076751	115.161951	-47.743600
	0.046772	-146.206501	115.161951	-47.743600
	0.046782	-144.451841	115.161951	-47.922400
	0.046791	-146.159891	115.161951	-47.862800
	0.046801	-145.580020	115.161951	-47.922400
	0.046810	-146.339694	115.161951	-47.862800
	0.046819	-145.995833	115.161951	-47.803200
	0.046829	-146.581286	115.161951	-47.683900
	0.046838	-145.883919	115.161951	-47.683900
	0.046848	-146.049949	115.161951	-47.743600
	0.046857	-145.650037	115.161951	-47.743600
	0.046867	-145.339316	115.161951	-47.743600
	0.046876	-145.620677	115.161951	-47.743600
	0.046886	-146.644153	115.161951	-47.683900
	0.046895	-147.238367	115.161951	-47.385900
	0.046905	-147.460164	115.161951	-47.207100
	0.046914	-147.022557	115.161951	-47.207100
	0.046924	-146.839334	115.161951	-47.147500
	0.046933	-146.413051	115.161951	-47.147500
	0.046943	-147.533908	115.161951	-47.028300
	0.046952	-148.897670	115.161951	-46.789900
	0.046962	-146.672657	115.161951	-46.611100
	0.046971	-147.985288	115.161951	-46.670700
	0.046980	-147.849859	115.161951	-46.670700
	0.046990	-147.988851	115.161951	-46.730300
	0.046999	-146.376508	115.161951	-46.730300
	0.047009	-148.489709	115.161951	-46.789900
	0.047018	-148.006008	115.161951	-46.730300
	0.047028	-148.582847	115.161951	-46.670700
	0.047037	-148.961137	115.161951	-46.611100
	0.047047	-148.352211	115.161951	-46.611100
	0.047056	-148.128524	115.161951	-46.611100
	0.047066	-148.666019	115.161951	-46.611100
	0.047075	-148.274879	115.161951	-46.611100
	0.047085	-148.377087	115.161951	-46.551500
	0.047094	-149.074626	115.161951	-46.551500
	0.047104	-148.147216	115.161951	-46.551500
	0.047113	-147.233629	115.161951	-46.551500
	0.047122	-148.510623	115.161951	-46.551500
	0.047132	-148.548914	115.161951	-46.372600
	0.047141	-151.211517	115.161951	-45.836200
	0.047151	-150.878871	115.161951	-45.717000
	0.047160	-149.891684	115.161951	-45.597800
	0.047170	-150.550554	115.161951	-45.597800
	0.047179	-150.930669	115.161951	-45.597800
	0.047189	-151.440143	115.161951	-45.597800
	0.047198	-150.678685	115.161951	-45.538200
	0.047208	-154.731992	115.161951	-44.584500
	0.047217	-160.834014	115.161951	-43.273200
	0.047227	-160.873324	115.161951	-42.915600
	0.047236	-160.707636	115.161951	-42.736800
	0.047246	-160.632248	115.161951	-42.736800
	0.047255	-160.776876	115.161951	-42.677200
	0.047265	-160.810176	115.161951	-42.617600
	0.047274	-160.136805	115.161951	-42.498300
	0.047283	-161.457769	115.161951	-42.319500
	0.047293	-161.821218	115.161951	-42.140700
	0.047302	-161.968929	115.161951	-41.902300
	0.047312	-163.356883	115.161951	-41.485100
	0.047321	-164.823526	115.161951	-41.187000
	0.047331	-164.232081	115.161951	-41.067800
	0.047340	-162.729783	115.161951	-41.008200
	0.047350	-164.334804	115.161951	-40.948600
	0.047359	-165.851504	115.161951	-40.531400
	0.047369	-167.163972	115.161951	-40.352600
	0.047378	-165.332566	115.161951	-40.293000
	0.047388	-165.646545	115.161951	-40.293000
	0.047397	-165.208599	115.161951	-40.352600
	0.047407	-166.478600	115.161951	-40.233400
	0.047416	-167.086626	115.161951	-40.233400
	0.047425	-167.213931	115.161951	-40.173800
	0.047435	-167.515234	115.161951	-40.173800
	0.047444	-166.830074	115.161951	-40.293000
	0.047454	-166.980236	115.161951	-40.233400
	0.047463	-167.610482	115.161951	-40.293000
	0.047473	-167.149293	115.161951	-40.233400
	0.047482	-166.455937	115.161951	-40.233400
	0.047492	-167.366002	115.161951	-40.352600
	0.047501	-166.425311	115.161951	-40.412200
	0.047511	-166.830788	115.161951	-40.412200
	0.047520	-167.828185	115.161951	-40.412200
	0.047530	-167.825936	115.161951	-40.352600
	0.047539	-168.304524	115.161951	-40.412200
	0.047549	-167.302272	115.161951	-40.412200
	0.047558	-167.934608	115.161951	-40.412200
	0.047568	-167.815049	115.161951	-40.233400
	0.047577	-170.745983	115.161951	-39.518100
	0.047586	-171.260786	115.161951	-38.922100
	0.047596	-171.000185	115.161951	-38.743300
	0.047605	-170.819900	115.161951	-38.743300
	0.047615	-171.058850	115.161951	-38.743300
	0.047624	-171.423150	115.161951	-38.802900
	0.047634	-170.759197	115.161951	-38.802900
	0.047643	-171.051994	115.161951	-38.802900
	0.047653	-171.423446	115.161951	-38.743300
	0.047662	-171.962957	115.161951	-38.743300
	0.047672	-170.849759	115.161951	-38.743300
	0.047681	-171.662189	115.161951	-38.743300
	0.047691	-171.352314	115.161951	-38.743300
	0.047700	-171.331440	115.161951	-38.683600
	0.047710	-171.459881	115.161951	-38.683600
	0.047719	-171.617747	115.161951	-38.624000
	0.047728	-171.061647	115.161951	-38.624000
	0.047738	-171.146627	115.161951	-38.624000
	0.047747	-171.707535	115.161951	-38.564400
	0.047757	-171.910542	115.161951	-38.564400
	0.047766	-170.755584	115.161951	-38.564400
	0.047776	-171.904888	115.161951	-38.564400
	0.047785	-170.438424	115.161951	-38.564400
	0.047795	-170.576919	115.161951	-38.683600
	0.047804	-171.516298	115.161951	-38.683600
	0.047814	-170.934178	115.161951	-38.624000
	0.047823	-171.944779	115.161951	-38.683600
	0.047833	-171.585937	115.161951	-38.624000
	0.047842	-171.224863	115.161951	-38.564400
	0.047852	-171.158608	115.161951	-38.564400
	0.047861	-171.831366	115.161951	-38.564400
	0.047871	-171.274652	115.161951	-38.504800
	0.047880	-170.933201	115.161951	-38.504800
	0.047889	-170.270147	115.161951	-38.564400
	0.047899	-171.062539	115.161951	-38.564400
	0.047908	-171.088377	115.161951	-38.504800
	0.047918	-170.358847	115.161951	-38.504800
	0.047927	-170.607967	115.161951	-38.564400
	0.047937	-169.974066	115.161951	-38.564400
	0.047946	-170.983036	115.161951	-38.504800
	0.047956	-170.342608	115.161951	-38.445200
	0.047965	-171.381785	115.161951	-38.445200
	0.047975	-171.841900	115.161951	-38.504800
	0.047984	-171.111306	115.161951	-38.504800
	0.047994	-170.988107	115.161951	-38.564400
	0.048003	-172.620353	115.161951	-38.564400
	0.048013	-171.606489	115.161951	-38.683600
	0.048022	-171.924004	115.161951	-38.683600
	0.048031	-171.020744	115.161951	-38.743300
	0.048041	-172.120672	115.161951	-38.743300
	0.048050	-171.486708	115.161951	-38.802900
	0.048060	-170.768931	115.161951	-38.802900
	0.048069	-171.685282	115.161951	-38.802900
	0.048079	-171.378269	115.161951	-38.802900
	0.048088	-170.736133	115.161951	-38.862500
	0.048098	-171.030087	115.161951	-38.743300
	0.048107	-171.148616	115.161951	-38.683600
	0.048117	-172.144069	115.161951	-38.624000
	0.048126	-172.020749	115.161951	-38.624000
	0.048136	-172.367129	115.161951	-38.564400
	0.048145	-171.847135	115.161951	-38.564400
	0.048155	-172.607560	115.161951	-38.624000
	0.048164	-173.069339	115.161951	-38.624000
	0.048174	-171.239578	115.161951	-38.683600
	0.048183	-171.517358	115.161951	-38.683600
	0.048192	-171.846109	115.161951	-38.683600
	0.048202	-171.586141	115.161951	-38.683600
	0.048211	-172.224531	115.161951	-38.683600
	0.048221	-171.439233	115.161951	-38.743300
	0.048230	-172.690013	115.161951	-38.802900
	0.048240	-172.931586	115.161951	-38.802900
	0.048249	-172.317114	115.161951	-38.504800
	0.048259	-176.770671	115.161951	-37.730000
	0.048268	-176.374395	115.161951	-37.610800
	0.048278	-177.160828	115.161951	-37.551200
	0.048287	-177.514361	115.161951	-37.551200
	0.048297	-176.618648	115.161951	-37.610800
	0.048306	-175.868125	115.161951	-37.551200
	0.048316	-176.398976	115.161951	-37.610800
	0.048325	-175.510540	115.161951	-37.610800
	0.048334	-175.993863	115.161951	-37.551200
	0.048344	-176.578235	115.161951	-37.551200
	0.048353	-176.090424	115.161951	-37.551200
	0.048363	-176.168424	115.161951	-37.610800
	0.048372	-176.303771	115.161951	-37.610800
	0.048382	-176.343693	115.161951	-37.610800
	0.048391	-175.715897	115.161951	-37.551200
	0.048401	-176.661229	115.161951	-37.312700
	0.048410	-177.644132	115.161951	-36.895500
	0.048420	-177.617045	115.161951	-36.776300
	0.048429	-178.170560	115.161951	-36.776300
	0.048439	-177.661294	115.161951	-36.716700
	0.048448	-178.599477	115.161951	-36.716700
	0.048458	-178.414203	115.161951	-36.716700
	0.048467	-178.512569	115.161951	-36.716700
	0.048477	-177.463085	115.161951	-36.657100
	0.048486	-178.078816	115.161951	-36.716700
	0.048495	-178.394256	115.161951	-36.716700
	0.048505	-177.767117	115.161951	-36.657100
	0.048514	-178.155058	115.161951	-36.657100
	0.048524	-177.551883	115.161951	-36.657100
	0.048533	-177.869848	115.161951	-36.716700
	0.048543	-177.468356	115.161951	-36.716700
	0.048552	-177.497897	115.161951	-36.716700
	0.048562	-177.116188	115.161951	-36.657100
	0.048571	-177.896330	115.161951	-36.657100
	0.048581	-177.818455	115.161951	-36.597500
	0.048590	-179.366751	115.161951	-36.716700
	0.048600	-178.642961	115.161951	-36.716700
	0.048609	-178.139036	115.161951	-36.776300
	0.048619	-178.020005	115.161951	-36.776300
	0.048628	-178.896445	115.161951	-36.776300
	0.048637	-178.549027	115.161951	-36.776300
	0.048647	-178.543747	115.161951	-36.835900
	0.048656	-178.847445	115.161951	-36.835900
	0.048666	-178.654327	115.161951	-36.776300
	0.048675	-179.703776	115.161951	-36.776300
	0.048685	-177.475090	115.161951	-36.776300
	0.048694	-178.791488	115.161951	-36.776300
	0.048704	-177.664244	115.161951	-36.895500
	0.048713	-178.291478	115.161951	-36.835900
	0.048723	-178.287421	115.161951	-36.895500
	0.048732	-179.129327	115.161951	-36.955100
	0.048742	-176.920147	115.161951	-36.835900
	0.048751	-177.006888	115.161951	-36.835900
	0.048761	-177.515743	115.161951	-36.955100
	0.048770	-177.562101	115.161951	-36.955100
	0.048780	-177.458746	115.161951	-37.014700
	0.048789	-176.673306	115.161951	-37.133900
	0.048798	-177.649176	115.161951	-37.193500
	0.048808	-177.258417	115.161951	-37.133900
	0.048817	-178.251908	115.161951	-37.133900
	0.048827	-176.970717	115.161951	-37.133900
	0.048836	-175.504537	115.161951	-37.133900
	0.048846	-178.651982	115.161951	-37.014700
	0.048855	-178.369632	115.161951	-36.895500
	0.048865	-178.765851	115.161951	-36.835900
	0.048874	-178.547990	115.161951	-36.776300
	0.048884	-179.296054	115.161951	-36.776300
	0.048893	-178.074204	115.161951	-36.776300
	0.048903	-179.289204	115.161951	-36.776300
	0.048912	-179.643367	115.161951	-36.776300
	0.048922	-179.579808	115.161951	-36.716700
	0.048931	-179.893379	115.161951	-36.716700
	0.048940	-180.155181	115.161951	-36.657100
	0.048950	-178.939547	115.161951	-36.537900
	0.048959	-179.484269	115.161951	-36.597500
	0.048969	-179.310816	115.161951	-36.537900
	0.048978	-179.010398	115.161951	-36.418700
	0.048988	-180.406737	115.161951	-36.299500
	0.048997	-179.789499	115.161951	-36.299500
	0.049007	-179.854512	115.161951	-36.239900
	0.049016	-178.969910	115.161951	-36.180300
	0.049026	-179.892773	115.161951	-36.061000
	0.049035	-179.368548	115.161951	-36.001400
	0.049045	-179.351544	115.161951	-35.941800
	0.049054	-179.469632	115.161951	-35.882200
	0.049064	-178.443985	115.161951	-35.822600
	0.049073	-179.318682	115.161951	-35.763000
	0.049083	-179.568139	115.161951	-35.643800
	0.049092	-179.814444	115.161951	-35.524600
	0.049101	-179.730499	115.161951	-35.405400
	0.049111	-180.801141	115.161951	-35.405400
	0.049120	-180.395689	115.161951	-35.405400
	0.049130	-180.961193	115.161951	-35.345800
	0.049139	-180.848623	115.161951	-35.286200
	0.049149	-180.167481	115.161951	-35.286200
	0.049158	-180.207490	115.161951	-35.167000
	0.049168	-180.424664	115.161951	-35.107400
	0.049177	-180.940942	115.161951	-34.869000
	0.049187	-180.926637	115.161951	-34.749700
	0.049196	-181.265795	115.161951	-34.690100
	0.049206	-182.184686	115.161951	-34.570900
	0.049215	-181.331546	115.161951	-34.511300
	0.049225	-181.408229	115.161951	-34.451700
	0.049234	-180.766315	115.161951	-34.451700
	0.049243	-180.377401	115.161951	-34.332500
	0.049253	-180.805406	115.161951	-34.332500
	0.049262	-181.000931	115.161951	-34.392100
	0.049272	-181.055138	115.161951	-34.332500
	0.049281	-181.021051	115.161951	-34.272900
	0.049291	-180.726507	115.161951	-34.272900
	0.049300	-181.168307	115.161951	-34.213300
	0.049310	-180.359565	115.161951	-34.213300
	0.049319	-180.554530	115.161951	-34.153700
	0.049329	-180.878594	115.161951	-34.153700
	0.049338	-179.500014	115.161951	-34.153700
	0.049348	-180.324832	115.161951	-34.213300
	0.049357	-180.484666	115.161951	-34.213300
	0.049367	-181.233878	115.161951	-34.213300
	0.049376	-181.126887	115.161951	-34.272900
	0.049386	-181.013035	115.161951	-34.332500
	0.049395	-180.806834	115.161951	-34.272900
	0.049404	-180.526013	115.161951	-34.272900
	0.049414	-181.969027	115.161951	-34.332500
	0.049423	-180.792951	115.161951	-34.392100
	0.049433	-181.315072	115.161951	-34.451700
	0.049442	-180.967179	115.161951	-34.511300
	0.049452	-180.983065	115.161951	-34.511300
	0.049461	-181.365804	115.161951	-34.511300
	0.049471	-180.709596	115.161951	-34.451700
	0.049480	-181.341174	115.161951	-34.511300
	0.049490	-180.763858	115.161951	-34.570900
	0.049499	-180.821852	115.161951	-34.690100
	0.049509	-179.422531	115.161951	-34.690100
	0.049518	-179.584978	115.161951	-34.570900
	0.049528	-179.904914	115.161951	-34.570900
	0.049537	-180.489222	115.161951	-34.511300
	0.049546	-180.263364	115.161951	-34.451700
	0.049556	-178.981226	115.161951	-34.451700
	0.049565	-179.664394	115.161951	-34.511300
	0.049575	-179.842739	115.161951	-34.511300
	0.049584	-179.739056	115.161951	-34.570900
	0.049594	-180.835523	115.161951	-34.570900
	0.049603	-180.392461	115.161951	-34.570900
	0.049613	-179.032575	115.161951	-34.570900
	0.049622	-179.978521	115.161951	-34.630500
	0.049632	-180.258013	115.161951	-34.630500
	0.049641	-179.537303	115.161951	-34.690100
	0.049651	-180.108926	115.161951	-34.690100
	0.049660	-180.977183	115.161951	-34.749700
	0.049670	-181.405986	115.161951	-34.690100
	0.049679	-180.498656	115.161951	-34.749700
	0.049689	-180.564978	115.161951	-34.749700
	0.049698	-179.037781	115.161951	-34.809300
	0.049707	-179.536375	115.161951	-34.809300
	0.049717	-180.083823	115.161951	-34.809300
	0.049726	-180.042341	115.161951	-34.869000
	0.049736	-180.662699	115.161951	-34.869000
	0.049745	-180.357417	115.161951	-34.988200
	0.049755	-180.061369	115.161951	-34.988200
	0.049764	-180.705063	115.161951	-34.988200
	0.049774	-180.275081	115.161951	-34.988200
	0.049783	-180.820646	115.161951	-34.988200
	0.049793	-180.595567	115.161951	-34.988200
	0.049802	-180.186095	115.161951	-34.988200
	0.049812	-180.691216	115.161951	-34.988200
	0.049821	-180.541796	115.161951	-34.988200
	0.049831	-179.327337	115.161951	-35.047800
	0.049840	-181.123672	115.161951	-35.107400
	0.049849	-180.548859	115.161951	-35.047800
	0.049859	-181.926507	115.161951	-35.107400
	0.049868	-181.116717	115.161951	-35.107400
	0.049878	-180.096377	115.161951	-35.107400
	0.049887	-181.515621	115.161951	-35.167000
	0.049897	-182.357741	115.161951	-35.167000
	0.049906	-181.392387	115.161951	-35.226600
	0.049916	-181.731145	115.161951	-35.286200
	0.049925	-180.680997	115.161951	-35.286200
	0.049935	-180.693322	115.161951	-35.226600
	0.049944	-181.460988	115.161951	-35.226600
	0.049954	-180.680582	115.161951	-35.226600
	0.049963	-180.738149	115.161951	-35.226600
	0.049973	-181.093509	115.161951	-35.286200
	0.049982	-181.238038	115.161951	-35.345800
	0.049991	-181.215023	115.161951	-35.286200
	0.050001	-180.989561	115.161951	-35.286200
	0.050010	-181.159727	115.161951	-35.345800
	0.050020	-180.509184	115.161951	-35.405400
	0.050029	-180.555233	115.161951	-35.405400
	0.050039	-181.115711	115.161951	-35.465000
	0.050048	-180.116197	115.161951	-35.465000
	0.050058	-180.712700	115.161951	-35.465000
	0.050067	-181.041401	115.161951	-35.465000
	0.050077	-181.479958	115.161951	-35.465000
	0.050086	-179.806275	115.161951	-35.465000
	0.050096	-180.333409	115.161951	-35.524600
	0.050105	-180.124659	115.161951	-35.405400
	0.050115	-180.516522	115.161951	-35.345800
	0.050124	-181.645065	115.161951	-35.405400
	0.050134	-181.103008	115.161951	-35.405400
	0.050143	-180.327523	115.161951	-35.345800
	0.050152	-180.896828	115.161951	-35.345800
	0.050162	-181.731688	115.161951	-35.405400
	0.050171	-180.966638	115.161951	-35.345800
	0.050181	-180.147073	115.161951	-35.405400
	0.050190	-181.197847	115.161951	-35.465000
	0.050200	-180.228727	115.161951	-35.465000
	0.050209	-180.488197	115.161951	-35.465000
	0.050219	-180.562621	115.161951	-35.405400
	0.050228	-179.706347	115.161951	-35.345800
	0.050238	-180.506142	115.161951	-35.345800
	0.050247	-180.295012	115.161951	-35.405400
	0.050257	-180.949434	115.161951	-35.405400
	0.050266	-180.250781	115.161951	-35.405400
	0.050276	-180.842005	115.161951	-35.465000
	0.050285	-180.791912	115.161951	-35.405400
	0.050294	-179.667778	115.161951	-35.405400
	0.050304	-179.200049	115.161951	-35.345800
	0.050313	-180.622459	115.161951	-35.345800
	0.050323	-180.357744	115.161951	-35.345800
	0.050332	-179.666752	115.161951	-35.286200
	0.050342	-179.361430	115.161951	-35.226600
	0.050351	-179.523358	115.161951	-35.167000
	0.050361	-180.276361	115.161951	-35.226600
	0.050370	-180.219719	115.161951	-35.167000
	0.050380	-179.805512	115.161951	-35.226600
	0.050389	-180.702775	115.161951	-35.286200
	0.050399	-180.016492	115.161951	-35.286200
	0.050408	-180.313568	115.161951	-35.345800
	0.050418	-180.882789	115.161951	-35.345800
	0.050427	-180.555007	115.161951	-35.345800
	0.050437	-181.146910	115.161951	-35.345800
	0.050446	-181.583864	115.161951	-35.345800
	0.050455	-180.188657	115.161951	-35.345800
	0.050465	-180.412963	115.161951	-35.286200
	0.050474	-179.651095	115.161951	-35.345800
	0.050484	-180.097964	115.161951	-35.286200
