	0.049617	-0.023585	47.151200
	0.047700	-0.004609	46.963100
	0.045783	-0.081214	46.586900
	0.043866	0.013398	46.309300
	0.041949	0.117393	45.981500
	0.040033	0.217968	45.627600
	0.038116	0.204827	45.171200
	0.036199	0.358811	44.809900
	0.034282	0.393269	44.416900
	0.032365	0.590404	43.984700
	0.030448	0.693117	43.532100
	0.028531	0.665050	43.034800
	0.026614	0.823588	42.381000
	0.024698	0.805211	41.598700
	0.022781	0.858156	40.816400
	0.020864	1.034013	40.056400
	0.018947	1.348442	39.125100
	0.017030	1.428512	38.294400
	0.015113	1.471217	37.407700
	0.013196	1.584107	36.346000
	0.011279	1.752072	35.288000
	0.009363	1.914945	34.263600
	0.007446	2.066120	33.211200
	0.005529	2.390537	32.050800
	0.003612	2.493380	30.966700
	0.001695	2.558123	29.748400
	-0.000222	2.821532	28.515400
	-0.002139	2.958054	27.051300
	-0.004056	3.232662	25.419600
	-0.005972	3.573779	23.730200
	-0.007889	3.802274	21.897400
	-0.009806	4.053213	19.850300
	-0.011723	4.445770	17.479200
	-0.013640	5.154868	14.653500
	-0.015557	5.535508	11.386400
	-0.017474	5.877843	7.752390
	-0.019391	6.508974	3.494340
	-0.021307	8.125417	-1.700600
	-0.023224	9.033021	-7.586580
	-0.025141	10.043200	-13.569400
	-0.025141	11.596563	-17.808900
	-0.025148	13.594051	-19.665900
	-0.025155	13.721842	-20.411000
	-0.025161	13.891537	-20.742500
	-0.025168	13.661994	-20.895300
	-0.025175	13.840233	-21.090800
	-0.025182	13.796659	-21.200700
	-0.025189	13.674815	-21.308800
	-0.025195	13.884513	-21.444800
	-0.025202	13.863138	-21.550900
	-0.025209	13.878932	-21.536000
	-0.025216	13.871974	-21.487600
	-0.025223	13.972817	-21.463400
	-0.025229	13.919952	-21.444800
	-0.025236	13.861892	-21.409400
	-0.025243	13.873754	-21.375800
	-0.025250	13.837179	-21.374000
	-0.025256	13.766849	-21.374000
	-0.025263	13.833355	-21.370200
	-0.025270	13.748281	-21.442900
	-0.025277	13.800986	-21.493200
	-0.025284	13.749094	-21.517400
	-0.025290	13.982911	-21.495000
	-0.025297	13.830471	-21.414900
	-0.025304	13.662058	-21.478300
	-0.025311	13.697975	-21.604900
	-0.025317	13.790586	-21.556500
	-0.025324	13.909140	-21.550900
	-0.025331	13.721521	-21.552800
	-0.025338	13.741606	-21.467100
	-0.025345	13.530045	-21.524800
	-0.025351	13.949160	-21.660800
	-0.025358	13.774461	-21.785600
	-0.025365	13.788898	-21.798700
	-0.025372	13.864437	-21.770700
	-0.025378	13.847715	-21.843400
	-0.025385	14.092275	-22.027800
	-0.025392	13.854827	-21.968200
	-0.025399	13.974536	-22.066900
	-0.025406	13.819839	-22.171200
	-0.025412	13.770734	-22.227100
	-0.025419	13.874613	-22.342500
	-0.025426	13.735038	-22.376100
	-0.025433	13.867893	-22.353700
	-0.025439	13.805778	-22.391000
	-0.025446	13.918443	-22.450600
	-0.025453	13.851898	-22.448700
	-0.025460	13.687848	-22.502700
	-0.025467	13.866009	-22.422600
	-0.025473	13.654822	-22.422600
	-0.025480	13.727349	-22.471100
	-0.025487	13.699715	-22.407700
	-0.025494	13.712202	-22.251300
	-0.025501	13.834936	-22.206600
	-0.025507	13.866147	-22.260600
	-0.025514	14.010411	-22.309000
	-0.025521	13.770424	-22.320200
	-0.025528	13.890979	-22.305300
	-0.025534	13.831164	-22.392800
	-0.025541	13.954382	-22.405900
	-0.025548	13.843833	-22.359300
	-0.025555	14.017217	-22.262500
	-0.025562	13.934314	-22.230800
	-0.025568	13.976796	-22.338800
	-0.025575	14.029504	-22.517600
	-0.025582	13.818930	-22.789600
	-0.025589	13.997900	-23.044800
	-0.025595	13.907049	-23.091300
	-0.025602	13.862077	-22.960900
	-0.025609	14.001564	-22.912500
	-0.025616	14.050326	-22.825000
	-0.025623	13.825381	-22.776500
	-0.025629	13.981844	-22.692700
	-0.025636	13.956637	-22.681500
	-0.025643	14.051868	-22.724400
	-0.025650	13.909671	-22.748600
	-0.025656	13.960372	-22.730000
	-0.025663	13.847665	-22.817500
	-0.025670	13.896085	-22.972100
	-0.025677	14.029426	-23.042900
	-0.025684	14.044656	-23.031700
	-0.025690	13.993769	-23.203100
	-0.025697	14.031974	-23.234800
	-0.025704	14.162782	-23.199400
	-0.025711	14.201321	-23.169600
	-0.025718	14.088951	-23.013100
	-0.025724	14.029681	-22.884600
	-0.025731	14.022350	-22.865900
	-0.025738	13.988006	-22.912500
	-0.025745	13.884082	-22.923700
	-0.025751	13.944311	-22.791400
	-0.025758	14.010342	-22.748600
	-0.025765	13.931231	-22.724400
	-0.025772	13.999505	-22.631300
	-0.025779	14.102020	-22.735600
	-0.025785	14.090133	-22.789600
	-0.025792	14.062630	-22.875300
	-0.025799	14.084906	-22.957200
	-0.025806	14.141313	-22.940500
	-0.025812	14.019910	-23.029900
	-0.025819	14.225721	-23.078300
	-0.025826	14.015907	-23.197500
	-0.025833	14.050373	-23.281300
	-0.025840	14.010939	-23.372600
	-0.025846	14.067766	-23.372600
	-0.025853	13.998533	-23.344600
	-0.025860	14.059030	-23.426600
	-0.025867	14.020386	-23.456400
	-0.025873	14.176039	-23.376300
	-0.025880	13.911113	-23.391200
	-0.025887	14.152860	-23.361400
	-0.025894	13.966247	-23.340900
	-0.025901	14.171903	-23.497400
	-0.025907	14.102675	-23.601700
	-0.025914	14.191559	-23.557000
	-0.025921	14.166794	-23.562600
	-0.025928	14.062199	-23.605400
	-0.025935	13.920027	-23.631500
	-0.025941	14.210190	-23.691100
	-0.025948	13.952128	-23.689200
	-0.025955	13.941258	-23.581200
	-0.025962	14.028957	-23.573800
	-0.025968	14.041890	-23.588700
	-0.025975	14.248455	-23.627800
	-0.025982	14.090592	-23.601700
	-0.025989	14.024829	-23.551400
	-0.025996	14.080822	-23.538400
	-0.026002	14.103661	-23.622200
	-0.026009	13.956957	-23.586800
	-0.026016	13.986223	-23.560700
	-0.026023	14.087566	-23.631500
	-0.026029	14.259952	-23.666900
	-0.026036	14.128796	-23.577500
	-0.026043	14.170250	-23.476900
	-0.026050	14.101091	-23.480600
	-0.026057	14.019651	-23.460100
	-0.026063	14.097281	-23.391200
	-0.026070	14.270673	-23.380000
	-0.026077	14.071969	-23.309300
	-0.026084	14.195422	-23.340900
	-0.026090	14.107165	-23.359500
	-0.026097	14.309386	-23.387500
	-0.026104	14.145032	-23.361400
	-0.026111	14.206142	-23.532800
	-0.026118	14.334527	-23.665000
	-0.026124	14.232977	-23.728400
	-0.026131	14.308977	-23.815900
	-0.026138	14.169093	-23.774900
	-0.026145	14.251730	-23.724600
	-0.026151	14.383618	-23.676200
	-0.026158	14.156018	-23.726500
	-0.026165	14.188287	-23.791700
	-0.026172	14.313058	-23.661300
	-0.026179	14.056706	-23.687400
	-0.026185	14.157596	-23.843800
	-0.026192	14.285687	-24.045000
	-0.026199	14.352556	-24.084100
	-0.026206	14.375611	-24.177300
	-0.026213	14.300163	-24.173500
	-0.026219	14.574859	-24.151200
	-0.026226	14.334723	-24.104600
	-0.026233	14.203805	-24.093400
	-0.026240	14.279087	-24.192200
	-0.026246	14.205858	-24.188400
	-0.026253	14.316111	-24.266700
	-0.026260	14.345576	-24.322500
	-0.026267	14.248295	-24.469700
	-0.026274	14.261630	-24.471500
	-0.026280	14.133096	-24.471500
	-0.026287	14.298715	-24.592600
	-0.026294	14.440269	-24.652200
	-0.026301	14.247422	-24.670900
	-0.026307	14.262251	-24.540500
	-0.026314	14.300627	-24.544200
	-0.026321	14.342089	-24.456600
	-0.026328	14.359093	-24.432400
	-0.026335	14.337506	-24.311400
	-0.026341	14.553907	-24.385900
	-0.026348	14.365186	-24.438000
	-0.026355	14.565561	-24.428700
	-0.026362	14.475752	-24.490200
	-0.026368	14.475669	-24.546100
	-0.026375	14.443877	-24.564700
	-0.026382	14.416504	-24.622400
	-0.026389	14.498190	-24.715600
	-0.026396	14.539293	-24.754700
	-0.026402	14.496499	-24.767700
	-0.026409	14.439553	-24.737900
	-0.026416	14.508516	-24.749100
	-0.026423	14.512688	-24.685800
	-0.026430	14.515899	-24.778900
	-0.026436	14.419482	-24.913000
	-0.026443	14.561257	-25.015400
	-0.026450	14.686787	-25.153300
	-0.026457	14.511558	-25.229600
	-0.026463	14.495883	-25.164500
	-0.026470	14.419518	-25.045200
	-0.026477	14.482764	-25.063900
	-0.026484	14.372414	-24.954000
	-0.026491	14.565503	-24.695100
	-0.026497	14.692940	-24.402600
	-0.026504	14.741479	-24.296500
	-0.026511	14.757571	-24.276000
	-0.026518	14.819129	-24.341200
	-0.026524	14.806830	-24.385900
	-0.026531	15.045925	-24.371000
	-0.026538	14.863801	-24.365400
	-0.026545	14.817178	-24.361700
	-0.026552	14.908585	-24.305800
	-0.026558	14.855841	-24.333700
	-0.026565	15.075055	-24.354200
	-0.026572	14.902224	-24.393300
	-0.026579	14.830316	-24.445500
	-0.026585	14.861326	-24.497600
	-0.026592	14.941064	-24.503200
	-0.026599	15.025950	-24.449200
	-0.026606	15.005153	-24.315100
	-0.026613	14.953166	-24.393300
	-0.026619	14.864130	-24.475300
	-0.026626	15.065180	-24.559100
	-0.026633	14.944361	-24.607500
	-0.026640	14.798237	-24.607500
	-0.026647	14.986801	-24.562800
	-0.026653	14.921983	-24.540500
	-0.026660	15.192103	-24.559100
	-0.026667	15.089398	-24.419400
	-0.026674	15.281568	-24.194000
	-0.026680	15.213445	-24.182800
	-0.026687	15.229736	-24.266700
	-0.026694	15.204125	-24.372800
	-0.026701	15.227777	-24.426800
	-0.026708	15.172320	-24.497600
	-0.026714	15.359414	-24.475300
	-0.026721	15.247549	-24.432400
	-0.026728	15.288895	-24.493900
	-0.026735	15.288337	-24.534900
	-0.026741	15.322480	-24.566500
	-0.026748	15.452404	-24.594500
	-0.026755	15.313180	-24.572100
	-0.026762	15.286334	-24.607500
	-0.026769	15.232712	-24.616800
	-0.026775	15.353970	-24.598200
	-0.026782	15.368217	-24.635500
	-0.026789	15.308820	-24.631700
	-0.026796	15.304418	-24.587000
	-0.026802	15.452476	-24.587000
	-0.026809	15.158847	-24.547900
	-0.026816	15.452277	-24.538600
	-0.026823	15.343584	-24.410100
	-0.026830	15.273541	-24.417500
	-0.026836	15.287588	-24.395200
	-0.026843	15.402738	-24.328100
	-0.026850	15.286627	-24.188400
	-0.026857	15.410301	-24.033800
	-0.026863	15.397908	-24.100900
	-0.026870	15.256363	-24.037600
	-0.026877	15.363218	-24.127000
	-0.026884	15.460174	-24.173500
	-0.026891	15.332971	-24.190300
	-0.026897	15.503578	-24.289000
	-0.026904	15.548384	-24.354200
	-0.026911	15.585862	-24.417500
	-0.026918	15.477943	-24.506900
	-0.026925	15.420068	-24.628000
	-0.026931	15.354924	-24.760300
	-0.026938	15.464465	-24.978200
	-0.026945	15.517692	-25.108600
	-0.026952	15.332786	-25.168200
	-0.026958	15.419079	-25.160700
	-0.026965	15.191260	-25.095500
	-0.026972	15.434767	-25.082500
	-0.026979	15.437224	-25.080600
	-0.026986	15.426743	-25.067600
	-0.026992	15.433375	-25.065700
	-0.026999	15.409591	-25.108600
	-0.027006	15.479609	-25.056400
	-0.027013	15.535074	-24.866400
	-0.027019	15.584115	-24.764000
	-0.027026	15.557883	-24.750900
	-0.027033	15.636768	-24.734200
	-0.027040	15.661939	-24.734200
	-0.027047	15.593775	-24.717400
	-0.027053	15.621762	-24.669000
	-0.027060	15.519518	-24.717400
	-0.027067	15.584701	-24.780700
	-0.027074	15.533538	-24.829200
	-0.027080	15.579844	-24.920400
	-0.027087	15.597889	-25.123500
	-0.027094	15.531930	-25.293000
	-0.027101	15.640061	-25.276200
	-0.027108	15.733350	-25.261300
	-0.027114	15.670858	-25.242700
	-0.027121	15.626970	-25.203600
	-0.027128	15.603877	-25.209200
	-0.027135	15.709113	-25.304200
	-0.027142	15.896963	-25.455000
	-0.027148	15.798781	-25.473700
	-0.027155	15.561052	-25.518400
	-0.027162	15.758933	-25.509000
	-0.027169	15.666838	-25.494100
	-0.027175	15.690094	-25.445700
	-0.027182	15.643068	-25.432700
	-0.027189	15.773920	-25.523900
	-0.027196	15.729327	-25.622700
	-0.027203	15.679589	-25.732600
	-0.027209	15.632789	-25.712100
	-0.027216	15.885759	-25.719500
	-0.027223	15.564069	-25.678500
	-0.027230	15.596220	-25.663600
	-0.027236	15.690633	-25.695300
	-0.027243	15.760582	-25.825700
	-0.027250	15.727570	-25.961700
	-0.027257	15.774403	-26.069700
	-0.027264	15.821049	-26.101400
	-0.027270	15.807040	-26.095800
	-0.027277	15.942214	-26.133000
	-0.027284	15.934930	-26.082700
	-0.027291	15.878865	-25.993300
	-0.027297	15.915053	-25.836900
	-0.027304	15.868617	-25.823800
	-0.027311	15.997834	-25.885300
	-0.027318	15.868173	-25.874100
	-0.027325	15.965537	-25.943000
	-0.027331	15.953236	-26.140500
	-0.027338	16.043394	-26.371400
	-0.027345	15.925414	-26.529800
	-0.027352	15.969156	-26.581900
	-0.027359	15.935505	-26.589400
	-0.027365	15.876404	-26.332300
	-0.027372	16.156631	-26.026900
	-0.027379	16.153396	-25.833100
	-0.027386	16.229156	-25.749300
	-0.027392	16.130393	-25.835000
	-0.027399	16.207333	-25.788400
	-0.027406	16.050873	-25.613300
	-0.027413	16.087926	-25.583500
	-0.027420	16.205700	-25.449400
	-0.027426	16.172162	-25.339500
	-0.027433	16.217473	-25.399100
	-0.027440	16.301254	-25.382400
	-0.027447	15.959099	-25.469900
	-0.027453	16.203258	-25.477400
	-0.027460	16.330117	-25.455000
	-0.027467	16.376194	-24.797500
	-0.027474	16.226227	-23.359500
	-0.027481	17.243780	-22.595900
	-0.027487	17.171383	-22.262500
	-0.027494	17.196400	-22.096700
	-0.027501	17.204822	-22.050100
	-0.027508	17.233308	-22.195400
	-0.027514	17.252575	-22.292300
	-0.027521	17.086047	-22.273600
	-0.027528	16.986315	-22.212200
	-0.027535	17.221300	-22.152600
	-0.027542	17.162873	-22.122800
	-0.027548	17.277559	-22.100400
	-0.027555	17.386276	-22.126500
	-0.027562	17.274050	-22.141400
	-0.027569	17.268482	-22.174900
	-0.027575	17.167730	-22.279200
	-0.027582	17.137099	-22.256900
	-0.027589	17.306090	-22.271800
	-0.027596	17.206993	-22.329500
	-0.027603	17.352829	-22.433800
	-0.027609	17.234720	-22.335100
	-0.027616	17.372452	-22.335100
	-0.027623	17.195634	-22.359300
	-0.027630	16.950948	-22.374200
	-0.027637	17.334778	-22.482200
	-0.027643	17.305924	-22.575400
	-0.027650	17.369388	-22.690900
	-0.027657	17.369258	-22.722500
	-0.027664	17.231007	-22.746700
	-0.027670	17.436063	-22.806300
	-0.027677	17.201260	-22.927400
	-0.027684	17.256126	-22.966500
	-0.027691	17.531606	-23.041000
	-0.027698	17.409052	-23.033600
	-0.027704	17.474671	-22.966500
	-0.027711	17.447563	-22.966500
	-0.027718	17.487378	-22.897600
	-0.027725	17.422922	-22.739300
	-0.027731	17.402067	-22.676000
	-0.027738	17.315106	-22.795200
	-0.027745	17.685878	-22.960900
	-0.027752	17.453625	-23.137900
	-0.027759	17.320107	-23.216100
	-0.027765	17.419281	-23.313000
	-0.027772	17.387179	-23.361400
	-0.027779	17.527785	-23.404300
	-0.027786	17.570955	-23.534600
	-0.027792	17.581217	-23.620300
	-0.027799	17.454040	-23.700400
	-0.027806	17.617208	-23.752600
	-0.027813	17.537928	-23.776800
	-0.027820	17.640150	-23.640800
	-0.027826	17.541241	-23.544000
	-0.027833	17.487268	-23.560700
	-0.027840	17.561743	-23.454500
	-0.027847	17.554087	-23.482500
	-0.027854	17.483422	-23.463900
	-0.027860	17.719902	-23.421000
	-0.027867	17.693943	-23.450800
	-0.027874	17.739702	-23.404300
	-0.027881	17.889194	-22.756100
	-0.027887	17.873942	-21.243600
	-0.027894	18.809488	-20.433300
	-0.027901	19.069535	-20.062700
	-0.027908	19.035704	-19.950900
	-0.027915	18.890946	-19.814900
	-0.027921	19.049362	-19.684600
	-0.027928	19.152600	-19.634300
	-0.027935	19.292985	-19.693900
	-0.027942	19.017211	-19.675200
	-0.027948	19.283858	-19.675200
	-0.027955	19.272502	-19.665900
	-0.027962	19.197629	-19.736700
	-0.027969	19.441703	-19.855900
	-0.027976	19.192747	-19.854100
	-0.027982	19.258156	-19.844700
	-0.027989	19.405863	-19.822400
	-0.027996	19.408864	-19.809300
	-0.028003	19.385577	-19.859600
	-0.028009	19.203824	-19.785100
	-0.028016	19.410494	-19.915500
	-0.028023	19.438846	-19.967700
	-0.028030	19.365970	-20.008700
	-0.028037	19.372704	-20.042200
	-0.028043	19.422955	-20.148300
	-0.028050	19.449359	-20.144600
	-0.028057	19.528316	-20.265700
	-0.028064	19.461262	-20.381200
	-0.028071	19.449055	-20.394200
	-0.028077	19.378147	-20.373700
	-0.028084	19.230134	-20.291800
	-0.028091	19.393651	-20.250800
	-0.028098	19.638301	-20.267600
	-0.028104	19.365014	-20.295500
	-0.028111	19.534088	-20.371900
	-0.028118	19.461823	-20.414700
	-0.028125	19.370447	-20.498500
	-0.028132	19.463754	-20.576800
	-0.028138	19.723262	-20.684800
	-0.028145	19.690561	-20.643800
	-0.028152	19.631446	-20.524600
	-0.028159	19.554509	-20.550700
	-0.028165	19.623781	-20.608400
	-0.028172	19.574088	-20.612100
	-0.028179	19.597972	-20.630800
	-0.028186	19.676603	-20.714600
	-0.028193	19.531120	-20.757400
	-0.028199	19.486414	-20.813300
	-0.028206	19.512646	-20.804000
	-0.028213	19.625923	-20.783500
	-0.028220	19.631007	-20.785400
	-0.028226	19.726768	-20.830100
	-0.028233	19.757618	-20.886000
	-0.028240	19.847662	-20.943700
	-0.028247	19.550426	-20.949300
	-0.028254	19.569960	-20.865500
	-0.028260	19.673461	-20.854300
	-0.028267	19.668015	-20.733200
	-0.028274	19.515354	-20.612100
	-0.028281	19.616247	-20.610300
	-0.028288	19.671521	-20.632600
	-0.028294	19.644037	-20.574900
	-0.028301	19.773765	-20.511600
	-0.028308	19.650942	-20.448200
	-0.028315	19.582703	-19.909900
	-0.028321	19.727791	-18.641500
	-0.028328	20.638685	-18.023100
	-0.028335	21.026813	-17.794000
	-0.028342	21.123185	-17.808900
	-0.028349	20.845991	-17.780900
	-0.028355	21.063042	-17.639400
	-0.028362	21.071607	-17.572300
	-0.028369	21.247099	-17.514600
	-0.028376	21.181631	-13.902800
	-0.028382	21.133734	-4.394010
	-0.028389	30.692753	2.337630
	-0.028396	32.308093	5.580510
	-0.028403	32.479407	7.115330
	-0.028410	32.380653	7.705820
	-0.028416	32.637649	8.106290
	-0.028423	32.238301	8.391270
	-0.028430	32.449434	8.380100
	-0.028437	32.329346	8.391270
	-0.028443	32.608162	8.298140
	-0.028450	32.358151	8.279520
	-0.028457	32.645524	8.242260
	-0.028464	32.426970	8.305590
	-0.028471	32.643606	8.359610
	-0.028477	32.675437	8.344710
	-0.028484	32.576973	8.288830
	-0.028491	32.469115	8.339120
	-0.028498	32.709215	8.501170
	-0.028504	32.485839	8.558910
	-0.028511	32.309325	8.653910
	-0.028518	32.543861	8.713510
	-0.028525	32.651884	8.644590
	-0.028532	32.409032	8.611070
	-0.028538	32.672919	8.532840
	-0.028545	32.636873	8.482540
	-0.028552	32.686795	8.584990
	-0.028559	32.598511	8.752630
	-0.028566	32.604117	8.808510
	-0.028572	32.586491	8.849490
	-0.028579	32.689387	8.808510
	-0.028586	32.492029	8.676260
	-0.028593	32.486118	8.534700
	-0.028599	32.639467	8.437840
	-0.028606	32.625182	8.380100
	-0.028613	32.714302	8.247850
	-0.028620	32.682422	8.318630
	-0.028627	32.551420	8.422940
	-0.028633	32.697295	8.676260
	-0.028640	32.823243	8.875560
	-0.028647	32.701114	9.045060
	-0.028654	32.807772	9.093490
	-0.028660	33.002843	9.197800
	-0.028667	32.834582	9.257400
	-0.028674	32.660171	9.298380
	-0.028681	32.782684	9.343090
	-0.028688	32.859240	9.210840
	-0.028694	32.929656	9.166130
	-0.028701	32.906106	9.141920
	-0.028708	32.981971	9.138200
	-0.028715	32.978504	9.110260
	-0.028721	32.748444	8.972420
	-0.028728	32.921342	8.927720
	-0.028735	32.872267	8.961240
	-0.028742	32.944662	9.030160
	-0.028749	33.004896	9.058100
	-0.028755	32.871154	9.203390
	-0.028762	33.069242	9.229460
	-0.028769	33.031280	9.298380
	-0.028776	33.120145	9.363580
	-0.028783	32.925547	9.486510
	-0.028789	33.082900	9.626210
	-0.028796	33.121764	9.656010
	-0.028803	33.148922	9.559150
	-0.028810	33.144046	9.436220
	-0.028816	33.167001	9.538660
	-0.028823	33.074597	9.806880
	-0.028830	33.379810	9.905610
	-0.028837	33.560635	9.987560
	-0.028844	33.476141	10.116100
	-0.028850	33.664990	10.211100
	-0.028857	33.485400	10.233400
	-0.028864	33.681291	10.185000
	-0.028871	33.579426	10.164500
	-0.028877	33.439354	10.147700
	-0.028884	33.475655	10.062100
	-0.028891	33.561561	10.045300
	-0.028898	33.594120	10.026700
	-0.028905	33.606908	9.926090
	-0.028911	33.755407	9.935410
	-0.028918	33.543068	9.950310
	-0.028925	33.708875	10.401100
	-0.028932	33.574920	12.738700
	-0.028938	35.824423	14.277200
	-0.028945	36.255526	15.070700
	-0.028952	36.212442	15.402300
	-0.028959	36.547126	15.471200
	-0.028966	36.379957	15.516000
	-0.028972	36.596245	15.584900
	-0.028979	36.644759	15.663100
	-0.028986	36.606656	15.590500
	-0.028993	36.547057	15.532700
	-0.029000	36.697488	15.516000
	-0.029006	36.539492	15.478700
	-0.029013	36.604379	15.439600
	-0.029020	36.797627	15.460100
	-0.029027	36.623461	15.510400
	-0.029033	36.555532	15.674300
	-0.029040	36.637909	15.698500
	-0.029047	36.626578	15.642600
	-0.029054	36.734038	15.743200
	-0.029061	36.609615	15.797200
	-0.029067	36.650765	16.180900
	-0.029074	36.672309	17.523900
	-0.029081	37.459649	18.462700
	-0.029088	38.042625	18.963700
	-0.029094	38.115896	19.125800
	-0.029101	38.101401	19.105300
	-0.029108	38.198674	19.023300
	-0.029115	38.202473	19.079200
	-0.029122	38.186232	19.157400
	-0.029128	38.150967	19.399600
	-0.029135	38.224450	19.574700
	-0.029142	38.219466	19.693900
	-0.029149	38.188826	19.826100
	-0.029155	38.158988	20.053400
	-0.029162	38.234049	20.051500
	-0.029169	38.216661	19.930400
	-0.029176	38.158353	19.978800
	-0.029183	38.341708	20.073800
	-0.029189	38.406811	20.120400
	-0.029196	38.265379	20.157700
	-0.029203	38.241523	20.105500
	-0.029210	38.304239	20.047800
	-0.029216	38.540064	19.969500
	-0.029223	38.154255	19.917400
	-0.029230	38.331507	19.978800
	-0.029237	38.276558	20.058900
	-0.029244	38.295905	20.036600
	-0.029250	38.219463	20.040300
	-0.029257	38.253208	19.977000
	-0.029264	38.341136	21.485700
	-0.029271	39.724257	23.527200
	-0.029278	40.689277	25.233400
	-0.029284	42.131839	26.060400
	-0.029291	42.020040	26.421700
	-0.029298	42.243476	26.432900
	-0.029305	42.308557	26.535400
	-0.029311	42.131319	26.706700
	-0.029318	42.115001	26.762600
	-0.029325	42.325691	26.725300
	-0.029332	42.373149	26.917200
	-0.029339	42.316288	27.058800
	-0.029345	42.349204	27.161200
	-0.029352	42.486831	27.192900
	-0.029359	42.230999	27.211500
	-0.029366	42.405744	27.209600
	-0.029372	42.500525	27.220800
	-0.029379	42.239990	27.248800
	-0.029386	42.444615	27.418300
	-0.029393	42.303211	27.472300
	-0.029400	42.496193	27.613800
	-0.029406	42.220949	27.785200
	-0.029413	42.424047	27.887600
	-0.029420	42.567413	27.848500
	-0.029427	42.637298	27.824300
	-0.029433	42.543429	27.837300
	-0.029440	42.389575	27.882100
	-0.029447	42.422751	27.930500
	-0.029454	42.530106	28.027300
	-0.029461	42.467965	28.172600
	-0.029467	42.603191	28.236000
	-0.029474	42.525685	28.357000
	-0.029481	42.584665	28.388700
	-0.029488	42.443593	28.420400
	-0.029495	42.515081	28.373800
	-0.029501	42.505728	28.457600
	-0.029508	42.598323	28.541400
	-0.029515	42.401376	28.483700
	-0.029522	42.650721	28.388700
	-0.029528	42.635831	28.349600
	-0.029535	42.535104	28.345900
	-0.029542	42.474735	28.301100
	-0.029549	42.547767	28.317900
	-0.029556	42.465194	28.288100
	-0.029562	42.562740	28.256400
	-0.029569	42.410511	28.295600
	-0.029576	42.369521	28.327200
	-0.029583	42.459364	28.388700
	-0.029589	42.652727	28.401700
	-0.029596	42.604440	28.420400
	-0.029603	42.582471	28.351400
	-0.029610	42.393894	28.507900
	-0.029617	42.519786	28.610300
	-0.029623	42.518838	28.664400
	-0.029630	42.774536	28.683000
	-0.029637	42.547187	28.679300
	-0.029644	42.623071	28.578700
	-0.029650	42.406540	28.658800
	-0.029657	42.510113	28.699800
	-0.029664	42.514744	28.690400
	-0.029671	42.475119	28.709100
	-0.029678	42.592982	28.764900
	-0.029684	42.482579	28.912100
	-0.029691	42.538083	29.014500
	-0.029698	42.489970	28.940000
	-0.029705	42.620485	28.830100
	-0.029712	42.630612	28.759400
	-0.029718	42.402053	28.722100
	-0.029725	42.496013	28.822700
	-0.029732	42.687389	28.737000
	-0.029739	42.501895	28.805900
	-0.029745	42.621773	28.802200
	-0.029752	42.686422	28.871100
	-0.029759	42.424196	28.858100
	-0.029766	42.470510	28.880400
	-0.029773	42.589506	28.837600
	-0.029779	42.641711	28.848800
	-0.029786	42.772447	28.884200
	-0.029793	42.531885	28.925100
	-0.029800	42.653073	28.958700
	-0.029806	42.495071	28.919500
	-0.029813	42.704460	28.982900
	-0.029820	42.596300	29.027600
	-0.029827	42.573513	29.059200
	-0.029834	42.725080	29.118800
	-0.029840	42.625735	29.239900
	-0.029847	42.751442	29.325600
	-0.029854	42.710831	29.223200
	-0.029861	42.608217	29.200800
	-0.029867	42.706529	29.184000
	-0.029874	42.625550	29.213800
	-0.029881	42.601279	29.202700
	-0.029888	42.734093	29.210100
	-0.029895	42.731424	29.243600
	-0.029901	42.524190	29.191500
	-0.029908	42.591551	29.212000
	-0.029915	42.568324	29.258500
	-0.029922	42.631109	29.148700
	-0.029928	42.671449	29.152400
	-0.029935	42.577434	29.275300
	-0.029942	42.734831	29.524900
	-0.029949	42.658145	29.560300
	-0.029956	42.767667	29.429900
	-0.029962	42.572729	29.392700
	-0.029969	42.839561	29.513700
	-0.029976	42.750992	29.603100
	-0.029983	42.719991	29.597500
	-0.029990	42.661771	29.590100
	-0.029996	42.825492	29.750300
	-0.030003	42.840343	29.754000
	-0.030010	42.808143	29.735400
	-0.030017	42.787644	29.981300
	-0.030023	43.155399	30.100500
	-0.030030	43.617791	30.260600
	-0.030037	43.604584	30.202900
	-0.030044	43.467656	30.283000
	-0.030051	43.700191	30.450600
	-0.030057	43.502238	30.575600
	-0.030064	43.622660	30.592300
	-0.030071	43.594582	30.584900
	-0.030078	43.629578	30.534600
	-0.030084	43.634002	30.668700
	-0.030091	43.534201	30.735700
	-0.030098	43.565180	30.868000
	-0.030105	43.697010	30.925700
	-0.030112	43.618805	30.884800
	-0.030118	43.776636	30.907100
	-0.030125	43.662511	30.890300
	-0.030132	43.520148	30.879200
	-0.030139	43.564564	30.922000
	-0.030145	43.478738	31.002100
	-0.030152	43.786458	31.091500
	-0.030159	43.703506	31.143700
	-0.030166	43.839147	31.080300
	-0.030173	43.764354	30.957400
	-0.030179	43.786898	30.959300
	-0.030186	43.740970	31.041200
	-0.030193	43.664663	31.065400
	-0.030200	43.727454	30.987200
	-0.030207	43.782145	30.946200
	-0.030213	43.800890	31.017000
	-0.030220	43.597693	30.970400
	-0.030227	43.739122	30.827000
	-0.030234	43.867219	30.828900
	-0.030240	43.604777	30.875400
	-0.030247	43.575262	30.840000
	-0.030254	43.613437	30.923900
	-0.030261	43.623489	30.940600
	-0.030268	43.650724	31.089600
	-0.030274	43.689340	31.199500
	-0.030281	43.591645	31.253600
	-0.030288	43.924500	31.279600
	-0.030295	43.867592	31.223800
	-0.030301	43.600970	31.154800
	-0.030308	43.816327	31.195800
	-0.030315	43.773094	31.190200
	-0.030322	43.648105	31.195800
	-0.030329	43.708646	31.195800
	-0.030335	43.688835	31.236800
	-0.030342	43.839346	31.272200
	-0.030349	43.942388	31.391400
	-0.030356	43.903194	31.413700
	-0.030362	43.839708	31.395100
	-0.030369	43.901951	31.303800
	-0.030376	43.992288	31.108300
	-0.030383	43.720342	31.091500
	-0.030390	43.950986	31.065400
	-0.030396	43.952923	31.102700
	-0.030403	43.934171	31.177200
	-0.030410	43.836608	31.171600
	-0.030417	44.058289	31.255400
	-0.030424	43.669300	31.268500
	-0.030430	43.992570	31.292700
	-0.030437	44.064796	31.220000
	-0.030444	43.826044	31.134300
	-0.030451	43.850975	31.093400
	-0.030457	43.839348	31.058000
	-0.030464	43.827738	31.074700
	-0.030471	43.926050	31.000200
	-0.030478	44.018720	31.044900
	-0.030485	43.848765	31.097100
	-0.030491	43.932264	31.043100
	-0.030498	43.924306	30.996500
	-0.030505	43.797997	31.039400
	-0.030512	43.930833	31.175300
	-0.030518	44.056897	31.400700
	-0.030525	44.011660	31.413700
	-0.030532	44.048875	31.367200
	-0.030539	44.062069	31.430500
	-0.030546	44.161171	31.460300
	-0.030552	44.235994	31.469600
	-0.030559	44.157234	31.478900
	-0.030566	43.942181	31.613000
	-0.030573	44.071886	31.682000
	-0.030579	44.161433	31.695000
	-0.030586	44.059242	31.756500
	-0.030593	44.179805	31.777000
	-0.030600	44.227730	31.797400
	-0.030607	44.118722	31.909200
	-0.030613	44.156068	31.911100
	-0.030620	44.049740	31.872000
	-0.030627	44.152512	31.825400
	-0.030634	44.148552	31.821700
	-0.030640	44.150387	31.896200
	-0.030647	43.973367	31.953900
	-0.030654	44.069855	31.952000
	-0.030661	44.228807	31.993000
	-0.030668	44.088854	31.998600
	-0.030674	44.064290	32.063800
	-0.030681	44.100224	32.143900
	-0.030688	44.082115	32.244500
	-0.030695	43.993617	32.244500
	-0.030702	44.371726	32.201600
	-0.030708	44.095800	32.231400
	-0.030715	44.281515	32.335800
	-0.030722	44.123569	32.428900
	-0.030729	44.071372	32.363700
	-0.030735	44.157308	32.300400
	-0.030742	44.089592	32.356200
	-0.030749	44.114442	32.393500
	-0.030756	44.226434	32.361800
	-0.030763	44.072867	32.322700
	-0.030769	44.097433	32.170000
	-0.030776	44.085803	32.097300
	-0.030783	44.137613	32.125300
	-0.030790	44.374903	32.116000
	-0.030796	44.224992	32.076800
	-0.030803	44.157060	32.056400
	-0.030810	44.032035	32.080600
	-0.030817	44.061715	32.099200
	-0.030824	44.113495	32.156900
	-0.030830	44.025271	32.265000
	-0.030837	44.182049	32.304100
	-0.030844	44.060480	32.427000
	-0.030851	44.258842	32.419600
	-0.030857	44.149688	32.335800
	-0.030864	44.196966	32.365600
	-0.030871	44.006361	32.343200
	-0.030878	44.044507	32.255700
	-0.030885	44.187282	32.278000
	-0.030891	44.033234	32.434500
	-0.030898	44.227141	32.421400
	-0.030905	44.172066	32.261200
	-0.030912	44.182247	32.069400
	-0.030919	44.148204	32.007900
	-0.030925	44.167808	32.073100
	-0.030932	44.170759	32.089900
	-0.030939	44.108029	32.170000
	-0.030946	44.066774	32.244500
	-0.030952	44.336701	32.356200
	-0.030959	44.481186	32.447500
	-0.030966	44.539694	32.458700
	-0.030973	44.384604	32.490400
	-0.030980	44.426340	32.494100
	-0.030986	44.463467	32.440100
	-0.030993	44.474809	32.445600
	-0.031000	44.621881	32.441900
	-0.031007	44.480062	32.376700
	-0.031013	44.488008	32.417700
	-0.031020	44.308831	32.447500
	-0.031027	44.326196	32.566700
	-0.031034	44.496554	32.594700
	-0.031041	44.244164	32.622600
	-0.031047	44.386892	32.641200
	-0.031054	44.397776	32.553700
	-0.031061	44.391459	32.577900
	-0.031068	44.422975	32.743700
	-0.031074	44.327904	32.823800
	-0.031081	44.404277	32.706400
	-0.031088	44.476738	32.631900
	-0.031095	44.577266	32.702700
	-0.031102	44.411013	32.764200
	-0.031108	44.375282	32.743700
	-0.031115	44.485997	32.695200
	-0.031122	44.652235	32.708300
	-0.031129	44.389663	32.756700
	-0.031136	44.296295	32.771600
	-0.031142	44.488967	32.764200
	-0.031149	44.469421	32.833100
	-0.031156	44.255029	32.842400
	-0.031163	44.534958	32.836800
	-0.031169	44.503683	32.853600
	-0.031176	44.488815	32.758600
	-0.031183	44.482737	32.708300
	-0.031190	44.394300	32.687800
	-0.031197	44.510784	32.708300
	-0.031203	44.456361	32.795800
	-0.031210	44.487826	32.792100
	-0.031217	44.449135	32.879600
	-0.031224	44.587704	32.848000
	-0.031230	44.554161	32.870300
	-0.031237	44.568858	32.896400
	-0.031244	44.583880	32.918800
	-0.031251	44.436315	32.827500
	-0.031258	44.509276	32.844300
	-0.031264	44.421720	32.864700
	-0.031271	44.489141	32.792100
	-0.031278	44.479211	32.786500
	-0.031285	44.469805	32.833100
	-0.031291	44.497486	32.842400
	-0.031298	44.598710	32.859200
	-0.031305	44.484618	32.840500
	-0.031312	44.497314	32.918800
	-0.031319	44.416142	33.017500
	-0.031325	44.442529	33.226100
	-0.031332	44.306228	33.397500
	-0.031339	44.504719	33.408600
	-0.031346	44.337812	33.417900
	-0.031353	44.512141	33.479400
	-0.031359	44.473572	33.576300
	-0.031366	44.404518	33.738300
	-0.031373	44.462047	33.745800
	-0.031380	44.555714	33.665700
	-0.031386	44.482377	33.654500
	-0.031393	44.687622	33.602400
	-0.031400	44.563779	33.505500
	-0.031407	44.468175	33.468200
	-0.031414	44.393634	33.371400
	-0.031420	44.452816	33.295000
	-0.031427	44.422610	33.311800
	-0.031434	44.365379	33.347200
	-0.031441	44.420275	33.425400
	-0.031447	44.282966	33.449600
	-0.031454	44.648044	33.460800
	-0.031461	44.338130	33.453300
	-0.031468	44.290197	33.533400
	-0.031475	44.517719	33.475700
	-0.031481	44.538724	33.406800
	-0.031488	44.482853	33.296900
	-0.031495	44.485160	33.187000
	-0.031502	44.569839	33.267100
	-0.031508	44.561478	33.324800
	-0.031515	44.570684	33.408600
	-0.031522	44.549859	33.494300
	-0.031529	44.461997	33.544600
	-0.031536	44.384430	33.600500
	-0.031542	44.521204	33.537200
	-0.031549	44.477056	33.565100
	-0.031556	44.546820	33.550200
	-0.031563	44.548160	33.613500
	-0.031569	44.528584	33.622800
	-0.031576	44.626199	33.671300
	-0.031583	44.438777	33.894800
	-0.031590	44.452103	33.902200
	-0.031597	44.555148	33.837000
	-0.031603	44.520778	33.682400
	-0.031610	44.412367	33.479400
	-0.031617	44.729004	33.417900
	-0.031624	44.567482	33.468200
	-0.031631	44.516512	33.472000
	-0.031637	44.418347	33.535300
	-0.031644	44.557761	33.522300
	-0.031651	44.560251	33.624700
	-0.031658	44.618253	33.697300
	-0.031664	44.513713	33.710400
	-0.031671	44.440224	33.732700
	-0.031678	44.506217	33.775600
	-0.031685	44.478526	33.829600
	-0.031692	44.606921	33.835200
	-0.031698	44.540072	33.660100
	-0.031705	44.479413	33.563200
	-0.031712	44.593258	33.662000
	-0.031719	44.590976	33.676900
	-0.031725	44.616401	33.602400
	-0.031732	44.588481	33.591200
	-0.031739	44.415973	33.647100
	-0.031746	44.518764	33.643300
	-0.031753	44.496322	33.667500
	-0.031759	44.513555	33.779300
	-0.031766	44.410762	33.827700
	-0.031773	44.427758	34.107100
	-0.031780	44.389086	34.252400
	-0.031786	44.581477	34.256100
	-0.031793	44.496063	34.168600
	-0.031800	44.662378	34.140700
	-0.031807	44.523494	34.177900
	-0.031814	44.712401	34.170500
	-0.031820	44.640128	34.213300
	-0.031827	44.692103	34.168600
	-0.031834	44.603799	34.043800
	-0.031841	44.742556	33.995400
	-0.031848	44.497961	34.002800
	-0.031854	44.522593	33.932000
	-0.031861	44.652426	33.922700
	-0.031868	44.586773	33.911600
	-0.031875	44.592277	33.932000
	-0.031881	44.651719	33.935800
	-0.031888	44.734707	34.041900
	-0.031895	44.695786	34.187200
	-0.031902	44.659712	34.181600
	-0.031909	44.739437	34.101500
	-0.031915	44.854274	33.995400
