	0.049617	0.004153	54.609300
	0.047700	-0.172513	54.609300
	0.045783	-0.115056	54.609300
	0.043866	-0.064478	54.609300
	0.041949	0.046939	54.609300
	0.040033	-3.591954E-5	54.609300
	0.038116	0.160414	54.285200
	0.036199	0.202661	53.838100
	0.034282	0.418565	53.329600
	0.032365	0.372524	52.826700
	0.030448	0.653951	52.336800
	0.028531	0.538652	51.796700
	0.026614	0.900423	51.264000
	0.024698	0.948049	50.640000
	0.022781	0.912232	49.907900
	0.020864	0.997814	49.086500
	0.018947	1.297942	48.356400
	0.017030	1.241150	47.577800
	0.015113	1.346947	46.689300
	0.013196	1.442800	45.826900
	0.011279	1.538089	44.968200
	0.009363	1.658458	43.977300
	0.007446	1.821969	42.826200
	0.005529	2.140600	41.643400
	0.003612	2.174282	40.440100
	0.001695	2.499547	39.089700
	-0.000222	2.680496	37.780300
	-0.002139	2.873373	36.370200
	-0.004056	2.954371	34.790700
	-0.005972	3.231084	33.172100
	-0.007889	3.694071	31.326200
	-0.009806	3.855175	29.238100
	-0.011723	4.183029	26.876200
	-0.013640	4.831468	24.043100
	-0.015557	5.410309	21.064800
	-0.017474	5.578255	17.607700
	-0.019391	6.225055	13.638300
	-0.021307	7.805300	8.616650
	-0.023224	8.644695	2.920640
	-0.025141	9.551752	-2.924370
	-0.025141	10.965816	-6.835940
	-0.025148	13.828940	-8.588710
	-0.025155	13.780498	-9.153100
	-0.025161	13.833756	-9.391520
	-0.025168	13.836025	-9.533080
	-0.025175	13.798163	-9.512590
	-0.025182	13.841349	-9.557290
	-0.025189	13.906811	-9.652290
	-0.025195	13.805330	-9.695130
	-0.025202	13.829404	-9.745420
	-0.025209	13.880081	-9.682090
	-0.025216	13.880161	-9.620620
	-0.025223	13.760690	-9.650420
	-0.025229	13.779371	-9.695130
	-0.025236	13.868576	-9.823650
	-0.025243	14.000851	-9.868350
	-0.025250	13.822389	-9.885120
	-0.025256	13.796637	-9.862760
	-0.025263	13.912014	-9.965210
	-0.025270	13.976567	-10.037900
	-0.025277	13.686353	-10.034100
	-0.025284	13.950249	-10.065800
	-0.025290	13.846659	-10.103000
	-0.025297	13.855393	-10.134700
	-0.025304	13.999812	-10.140300
	-0.025311	13.959906	-10.132800
	-0.025317	13.859823	-10.132800
	-0.025324	13.776965	-10.088100
	-0.025331	13.911887	-10.095600
	-0.025338	13.794747	-10.131000
	-0.025345	14.026354	-10.212900
	-0.025351	13.992368	-10.207400
	-0.025358	13.945330	-10.278100
	-0.025365	13.944991	-10.190600
	-0.025372	13.908242	-10.140300
	-0.025378	13.958344	-10.110500
	-0.025385	13.854272	-10.060200
	-0.025392	13.926826	-10.041600
	-0.025399	13.964735	-10.149600
	-0.025406	13.870297	-10.168200
	-0.025412	14.076370	-10.144000
	-0.025419	14.017783	-10.131000
	-0.025426	13.991537	-10.158900
	-0.025433	14.187530	-10.265100
	-0.025439	14.145242	-10.235300
	-0.025446	14.075116	-10.235300
	-0.025453	14.064984	-10.117900
	-0.025460	14.040465	-10.006200
	-0.025467	13.999298	-9.995010
	-0.025473	13.947184	-10.060200
	-0.025480	13.893819	-10.123500
	-0.025487	14.025387	-10.149600
	-0.025494	14.112657	-10.134700
	-0.025501	14.156656	-10.134700
	-0.025507	14.122748	-10.212900
	-0.025514	14.108853	-10.183100
	-0.025521	14.053327	-10.157100
	-0.025528	14.136356	-10.121700
	-0.025534	14.132515	-10.179400
	-0.025541	14.116529	-10.231600
	-0.025548	13.997171	-10.248300
	-0.025555	13.918523	-10.324700
	-0.025562	13.945493	-10.378700
	-0.025568	13.917023	-10.339600
	-0.025575	13.952105	-10.324700
	-0.025582	14.027404	-10.350800
	-0.025589	14.048911	-10.328400
	-0.025595	13.931968	-10.317200
	-0.025602	13.941669	-10.380600
	-0.025609	13.946872	-10.391800
	-0.025616	13.896988	-10.287400
	-0.025623	13.964453	-10.157100
	-0.025629	13.950166	-10.101200
	-0.025636	13.941622	-10.078800
	-0.025643	13.992186	-10.166400
	-0.025650	14.014357	-10.175700
	-0.025656	13.914260	-10.097500
	-0.025663	13.901661	-10.039700
	-0.025670	14.059021	-9.961480
	-0.025677	14.072535	-10.047200
	-0.025684	14.096781	-10.117900
	-0.025690	13.985997	-10.142200
	-0.025697	13.973964	-10.121700
	-0.025704	14.198464	-10.164500
	-0.025711	13.992255	-10.229700
	-0.025718	14.045444	-10.242700
	-0.025724	13.916067	-10.218500
	-0.025731	13.958215	-10.317200
	-0.025738	14.027990	-10.425300
	-0.025745	14.069236	-10.477400
	-0.025751	13.957247	-10.544500
	-0.025758	14.033076	-10.579900
	-0.025765	13.984825	-10.749400
	-0.025772	14.135967	-10.814600
	-0.025779	14.009925	-10.831300
	-0.025785	13.948624	-10.870500
	-0.025792	14.173420	-10.985900
	-0.025799	14.069839	-11.082800
	-0.025806	14.242228	-11.064200
	-0.025812	13.952813	-11.032500
	-0.025819	14.090777	-10.920700
	-0.025826	13.954700	-10.904000
	-0.025833	14.120640	-10.987800
	-0.025840	14.003780	-11.045500
	-0.025846	14.236851	-11.077200
	-0.025853	14.118360	-11.043700
	-0.025860	13.915556	-11.062300
	-0.025867	13.997687	-11.040000
	-0.025873	14.009383	-11.080900
	-0.025880	14.086953	-11.278400
	-0.025887	14.042758	-11.395700
	-0.025894	14.121706	-11.472100
	-0.025901	14.190921	-11.608100
	-0.025907	13.998710	-11.522400
	-0.025914	14.089183	-11.228100
	-0.025921	14.019228	-11.077200
	-0.025928	14.068313	-11.218800
	-0.025935	14.090089	-11.306300
	-0.025941	13.965782	-11.317500
	-0.025948	14.028144	-11.315600
	-0.025955	14.152904	-11.326800
	-0.025962	14.025669	-11.332400
	-0.025968	14.062381	-11.338000
	-0.025975	14.131278	-11.323100
	-0.025982	14.261218	-11.334300
	-0.025989	14.161182	-11.298900
	-0.025996	14.155490	-11.377100
	-0.026002	13.961483	-11.468400
	-0.026009	14.172947	-11.438600
	-0.026016	14.112171	-11.332400
	-0.026023	13.943115	-11.371500
	-0.026029	14.136201	-11.501900
	-0.026036	14.095618	-11.585700
	-0.026043	14.241037	-11.697500
	-0.026050	14.071635	-11.783200
	-0.026057	14.205601	-11.814800
	-0.026063	14.057524	-11.829700
	-0.026070	14.392719	-11.857700
	-0.026077	14.166305	-11.948900
	-0.026084	14.213564	-11.971300
	-0.026090	14.246057	-11.976900
	-0.026097	14.093338	-11.986200
	-0.026104	14.184994	-12.006700
	-0.026111	14.237854	-12.027200
	-0.026118	14.223820	-11.922800
	-0.026124	14.104059	-11.900500
	-0.026131	14.361055	-11.973100
	-0.026138	14.096637	-12.053200
	-0.026145	14.336624	-12.161300
	-0.026151	14.209864	-12.185500
	-0.026158	14.206999	-12.178000
	-0.026165	14.113014	-12.146400
	-0.026172	14.143264	-12.034600
	-0.026179	14.258038	-11.989900
	-0.026185	14.229415	-12.002900
	-0.026192	14.229120	-11.939600
	-0.026199	14.164746	-11.870700
	-0.026206	14.183212	-11.876300
	-0.026213	14.248044	-11.956400
	-0.026219	14.141247	-11.997400
	-0.026226	14.181932	-12.155700
	-0.026233	14.109549	-12.191100
	-0.026240	14.300450	-12.200400
	-0.026246	14.121112	-12.192900
	-0.026253	14.140114	-12.192900
	-0.026260	14.229830	-12.237600
	-0.026267	14.223107	-12.319600
	-0.026274	14.057654	-12.345700
	-0.026280	14.121093	-12.431400
	-0.026287	14.214597	-12.552400
	-0.026294	14.352224	-12.563600
	-0.026301	14.300677	-12.545000
	-0.026307	14.198290	-12.453700
	-0.026314	14.131410	-12.353100
	-0.026321	14.222530	-12.278600
	-0.026328	14.194797	-12.306600
	-0.026335	14.275630	-12.330800
	-0.026341	14.090258	-12.355000
	-0.026348	14.419123	-12.368000
	-0.026355	14.269358	-12.377300
	-0.026362	14.171814	-12.396000
	-0.026368	14.139445	-12.412700
	-0.026375	14.371496	-12.409000
	-0.026382	14.228302	-12.554300
	-0.026389	14.165205	-12.636200
	-0.026396	14.300995	-12.625100
	-0.026402	14.315465	-12.684700
	-0.026409	14.174967	-12.656700
	-0.026416	14.271375	-12.608300
	-0.026423	14.449702	-12.593400
	-0.026430	14.269792	-12.531900
	-0.026436	14.288404	-12.498400
	-0.026443	14.237685	-12.472300
	-0.026450	14.346085	-12.541200
	-0.026457	14.274975	-12.643700
	-0.026463	14.398124	-12.667900
	-0.026470	14.095090	-12.586000
	-0.026477	14.297784	-12.643700
	-0.026484	14.333972	-12.643700
	-0.026491	14.233850	-12.634400
	-0.026497	14.195237	-12.701400
	-0.026504	14.331540	-12.656700
	-0.026511	14.293764	-12.679100
	-0.026518	14.274102	-12.690300
	-0.026524	14.069087	-12.654900
	-0.026531	14.330031	-12.612000
	-0.026538	14.389155	-12.679100
	-0.026545	14.212876	-12.794600
	-0.026552	14.278865	-12.774100
	-0.026558	14.073878	-12.649300
	-0.026565	14.310613	-12.623200
	-0.026572	14.391774	-12.651100
	-0.026579	14.317388	-12.688400
	-0.026585	14.302028	-12.870900
	-0.026592	14.427139	-12.915600
	-0.026599	14.318402	-12.928700
	-0.026606	14.405300	-12.807600
	-0.026613	14.570372	-12.649300
	-0.026619	14.428562	-12.526300
	-0.026626	14.485104	-12.576600
	-0.026633	14.311621	-12.543100
	-0.026640	14.454205	-12.522600
	-0.026647	14.535397	-12.602700
	-0.026653	14.423284	-12.671600
	-0.026660	14.408952	-12.705200
	-0.026667	14.385599	-12.677200
	-0.026674	14.612014	-12.604600
	-0.026680	14.474179	-12.677200
	-0.026687	14.566382	-12.623200
	-0.026694	14.778346	-12.595300
	-0.026701	14.527302	-12.613900
	-0.026708	14.830866	-12.757300
	-0.026714	14.720670	-12.796400
	-0.026721	14.670969	-12.748000
	-0.026728	14.521065	-12.826200
	-0.026735	14.701431	-13.001300
	-0.026741	14.537729	-13.070200
	-0.026748	14.685334	-13.066500
	-0.026755	14.792175	-13.109400
	-0.026762	14.635226	-13.161500
	-0.026769	14.807792	-13.182000
	-0.026775	14.644792	-13.219300
	-0.026782	14.677702	-13.286300
	-0.026789	14.563138	-13.271400
	-0.026796	14.762641	-13.226700
	-0.026802	14.868012	-13.252800
	-0.026809	14.684212	-13.379400
	-0.026816	14.783383	-13.278900
	-0.026823	14.731419	-13.217400
	-0.026830	14.784276	-13.264000
	-0.026836	14.507253	-13.344000
	-0.026843	14.789702	-13.372000
	-0.026850	14.748798	-13.401800
	-0.026857	14.730432	-13.310500
	-0.026863	14.673110	-13.247200
	-0.026870	14.891741	-13.204300
	-0.026877	14.804490	-13.120500
	-0.026884	14.779529	-13.241600
	-0.026891	14.955877	-13.390600
	-0.026897	14.748362	-13.379400
	-0.026904	14.681269	-13.321700
	-0.026911	14.752031	-13.284400
	-0.026918	14.740987	-13.135400
	-0.026925	14.663901	-13.254600
	-0.026931	14.844562	-13.340300
	-0.026938	14.896969	-13.375700
	-0.026945	14.963509	-13.338500
	-0.026952	14.870913	-13.368300
	-0.026958	15.021121	-13.435300
	-0.026965	14.950301	-13.453900
	-0.026972	14.895281	-13.446500
	-0.026979	14.813216	-13.480000
	-0.026986	14.767020	-13.459500
	-0.026992	14.759099	-13.485600
	-0.026999	14.909637	-13.519100
	-0.027006	15.037326	-13.599200
	-0.027013	14.864495	-13.612300
	-0.027019	14.982223	-13.746400
	-0.027026	14.908740	-13.802300
	-0.027033	14.977291	-13.748200
	-0.027040	14.937519	-13.750100
	-0.027047	14.939404	-13.666300
	-0.027053	15.034961	-13.558300
	-0.027060	14.960530	-13.586200
	-0.027067	15.008844	-13.612300
	-0.027074	14.771919	-13.586200
	-0.027080	14.939907	-13.509800
	-0.027087	15.092263	-13.565700
	-0.027094	15.025080	-13.666300
	-0.027101	15.099784	-13.699800
	-0.027108	15.157283	-13.653200
	-0.027114	15.021259	-13.755700
	-0.027121	15.030639	-13.794800
	-0.027128	14.971695	-13.785500
	-0.027135	15.030512	-13.955000
	-0.027142	15.031258	-14.113300
	-0.027148	15.151111	-14.070500
	-0.027155	15.094678	-14.009000
	-0.027162	15.076136	-13.962400
	-0.027169	15.039031	-13.955000
	-0.027175	15.244833	-14.070500
	-0.027182	15.108786	-14.081700
	-0.027189	15.212116	-14.057400
	-0.027196	15.141636	-13.982900
	-0.027203	15.200627	-14.059300
	-0.027209	15.099525	-14.048100
	-0.027216	15.147682	-13.742700
	-0.027223	15.340824	-13.247200
	-0.027230	15.561019	-13.025500
	-0.027236	15.563854	-12.934300
	-0.027243	15.504833	-12.949200
	-0.027250	15.675901	-13.019900
	-0.027257	15.560920	-12.861600
	-0.027264	15.442601	-12.794600
	-0.027270	15.510823	-12.733100
	-0.027277	15.726688	-12.707000
	-0.027284	15.764387	-12.803900
	-0.027291	15.710124	-12.740600
	-0.027297	15.694504	-12.740600
	-0.027304	15.611865	-12.815100
	-0.027311	15.697580	-12.943600
	-0.027318	15.805388	-13.057200
	-0.027325	15.786469	-13.167100
	-0.027331	15.708872	-13.219300
	-0.027338	15.935886	-13.221100
	-0.027345	15.811641	-13.191300
	-0.027352	15.989885	-13.126100
	-0.027359	15.875296	-13.191300
	-0.027365	15.848508	-13.137300
	-0.027372	15.758847	-13.064700
	-0.027379	15.900865	-12.980800
	-0.027386	15.727014	-12.571100
	-0.027392	15.995958	-12.353100
	-0.027399	16.005421	-12.287900
	-0.027406	15.933800	-12.170600
	-0.027413	16.031330	-12.191100
	-0.027420	16.074301	-12.161300
	-0.027426	15.972745	-12.140800
	-0.027433	16.055957	-12.017800
	-0.027440	16.052456	-11.803600
	-0.027447	16.196096	-11.645300
	-0.027453	16.273198	-11.528000
	-0.027460	16.257557	-11.338000
	-0.027467	16.310298	-11.256000
	-0.027474	16.404410	-11.323100
	-0.027481	16.239290	-11.367800
	-0.027487	16.273268	-11.241100
	-0.027494	16.379341	-11.177800
	-0.027501	16.382643	-11.192700
	-0.027508	16.280009	-11.164800
	-0.027514	16.340788	-11.116300
	-0.027521	16.360997	-11.099600
	-0.027528	16.424050	-11.136800
	-0.027535	16.356855	-11.142400
	-0.027542	16.358364	-11.101400
	-0.027548	16.300862	-10.958000
	-0.027555	16.415351	-10.961700
	-0.027562	16.343126	-11.092100
	-0.027569	16.525227	-11.038100
	-0.027575	16.486663	-11.071600
	-0.027582	16.481781	-10.904000
	-0.027589	16.717084	-10.842500
	-0.027596	16.582623	-10.809000
	-0.027603	16.544380	-10.734500
	-0.027609	16.497378	-10.665600
	-0.027616	16.605410	-10.633900
	-0.027623	16.332825	-10.639500
	-0.027630	16.713274	-10.743800
	-0.027637	16.587729	-10.755000
	-0.027643	16.532200	-10.764300
	-0.027650	16.646950	-10.904000
	-0.027657	16.731866	-10.935600
	-0.027664	16.681383	-10.933800
	-0.027670	16.697201	-10.965500
	-0.027677	16.577431	-10.943100
	-0.027684	16.416846	-10.950500
	-0.027691	16.528498	-11.015700
	-0.027698	16.785790	-11.054900
	-0.027704	16.663495	-11.038100
	-0.027711	16.636815	-11.053000
	-0.027718	16.776545	-10.984100
	-0.027725	16.730142	-10.913300
	-0.027731	16.857336	-10.974800
	-0.027738	16.743203	-11.053000
	-0.027745	16.775213	-11.092100
	-0.027752	16.793769	-11.088400
	-0.027759	16.764655	-11.023200
	-0.027765	16.783530	-10.915200
	-0.027772	16.826053	-10.868600
	-0.027779	16.784643	-10.913300
	-0.027786	16.795574	-10.965500
	-0.027792	16.801697	-10.863000
	-0.027799	16.896079	-10.844400
	-0.027806	16.808162	-10.855600
	-0.027813	16.758413	-10.984100
	-0.027820	16.941343	-11.062300
	-0.027826	16.797665	-11.190800
	-0.027833	16.852774	-11.289600
	-0.027840	16.860745	-11.425500
	-0.027847	16.929244	-11.321200
	-0.027854	16.956139	-11.267200
	-0.027860	16.834593	-11.291400
	-0.027867	16.929598	-11.438600
	-0.027874	16.867153	-11.369600
	-0.027881	16.827205	-11.261600
	-0.027887	17.094388	-11.291400
	-0.027894	16.808372	-11.321200
	-0.027901	16.722149	-11.257900
	-0.027908	16.850939	-11.274600
	-0.027915	16.828180	-11.196400
	-0.027921	16.873160	-11.203900
	-0.027928	16.791283	-11.252300
	-0.027935	17.030830	-11.358500
	-0.027942	16.874489	-11.399400
	-0.027948	16.926368	-11.369600
	-0.027955	16.896126	-11.338000
	-0.027962	17.060096	-11.308200
	-0.027969	16.884975	-11.351000
	-0.027976	17.092228	-11.429200
	-0.027982	16.912594	-11.429200
	-0.027989	16.966255	-11.416200
	-0.027996	17.143794	-11.440400
	-0.028003	17.060232	-11.440400
	-0.028009	17.090434	-11.418100
	-0.028016	16.964710	-11.496300
	-0.028023	17.156269	-11.531700
	-0.028030	17.027335	-11.680700
	-0.028037	16.988287	-11.893000
	-0.028043	17.065661	-11.913500
	-0.028050	17.128849	-11.030600
	-0.028057	17.671168	-10.356400
	-0.028064	17.970065	-10.114200
	-0.028071	17.931515	-9.991290
	-0.028077	17.978865	-9.965210
	-0.028084	17.904719	-10.052800
	-0.028091	18.161163	-9.976390
	-0.028098	18.132272	-10.052800
	-0.028104	18.021911	-10.017400
	-0.028111	18.034013	-9.896290
	-0.028118	17.967512	-9.873940
	-0.028125	17.929128	-9.888840
	-0.028132	17.951987	-9.983840
	-0.028138	18.157225	-10.039700
	-0.028145	18.154017	-10.117900
	-0.028152	17.898997	-10.062100
	-0.028159	17.879335	-10.052800
	-0.028165	17.846853	-10.125400
	-0.028172	17.992592	-10.047200
	-0.028179	17.910461	-9.944720
	-0.028186	17.934834	-9.696990
	-0.028193	18.455863	-9.432490
	-0.028199	18.451301	-8.588710
	-0.028206	18.721491	-2.536940
	-0.028213	19.735654	1.773250
	-0.028220	23.501202	3.723440
	-0.028226	23.665788	4.403320
	-0.028233	23.725829	4.677130
	-0.028240	23.808372	4.773990
	-0.028247	23.750083	4.813100
	-0.028254	23.724381	4.924860
	-0.028260	23.819427	4.971430
	-0.028267	23.499796	4.958390
	-0.028274	23.657590	4.945350
	-0.028281	23.723848	4.930450
	-0.028288	23.743982	4.975150
	-0.028294	23.599978	5.107400
	-0.028301	23.743504	5.207980
	-0.028308	23.869775	5.153970
	-0.028315	23.882596	5.018000
	-0.028321	23.928622	4.956530
	-0.028328	23.760886	4.885750
	-0.028335	23.843385	4.831730
	-0.028342	23.826213	4.850360
	-0.028349	23.914094	4.833590
	-0.028355	23.852998	4.861530
	-0.028362	24.054954	4.956530
	-0.028369	23.589644	5.012410
	-0.028376	23.826166	5.111130
	-0.028382	23.836019	5.288080
	-0.028389	24.014793	5.405430
	-0.028396	23.904308	5.431500
	-0.028403	24.014768	5.334640
	-0.028410	24.016832	5.299250
	-0.028416	23.938160	5.269450
	-0.028423	24.013381	5.256410
	-0.028430	24.088721	5.176320
	-0.028437	23.887254	5.053390
	-0.028443	23.984776	5.099950
	-0.028450	24.123389	5.316020
	-0.028457	24.200403	5.299250
	-0.028464	23.982209	5.282490
	-0.028471	23.923442	5.271310
	-0.028477	23.975257	5.329060
	-0.028484	24.078269	5.371900
	-0.028491	24.114337	5.379350
	-0.028498	24.027246	5.304840
	-0.028504	24.195300	5.248960
	-0.028511	23.973077	5.299250
	-0.028518	23.962746	5.397970
	-0.028525	24.049621	5.481790
	-0.028532	24.102089	6.118820
	-0.028538	24.526086	6.506250
	-0.028545	24.659375	6.632910
	-0.028552	24.595201	6.699960
	-0.028559	24.510107	6.729770
	-0.028566	24.753012	6.862010
	-0.028572	24.874815	6.871330
	-0.028579	24.784483	6.962600
	-0.028586	24.846941	6.996120
	-0.028593	24.845438	7.024060
	-0.028599	24.787323	7.009160
	-0.028606	24.761362	7.022200
	-0.028613	24.940965	7.076220
	-0.028620	24.846309	7.163760
	-0.028627	24.736967	7.119060
	-0.028633	24.907521	7.104160
	-0.028640	24.862431	7.109750
	-0.028647	25.037005	7.202880
	-0.028654	24.758568	7.305320
	-0.028660	24.878039	7.342580
	-0.028667	24.897635	7.381690
	-0.028674	24.646477	7.402180
	-0.028681	24.803653	7.346300
	-0.028688	24.799489	7.342580
	-0.028694	24.780037	7.322090
	-0.028701	24.825039	7.357480
	-0.028708	24.864009	7.405910
	-0.028715	24.973925	7.407770
	-0.028721	24.815608	7.471100
	-0.028728	24.878625	7.521390
	-0.028735	24.893402	7.452470
	-0.028742	24.848326	7.377970
	-0.028749	24.667686	7.255030
	-0.028755	24.949732	8.046690
	-0.028762	24.636323	10.971000
	-0.028769	27.885878	12.850400
	-0.028776	28.106349	13.696100
	-0.028783	28.127666	14.014600
	-0.028789	27.982632	14.349900
	-0.028796	28.144969	14.742900
	-0.028803	28.385679	14.927300
	-0.028810	28.401299	14.940300
	-0.028816	28.443673	14.847200
	-0.028823	28.414169	14.815500
	-0.028830	28.388221	14.776400
	-0.028837	28.474370	14.755900
	-0.028844	28.381571	16.657800
	-0.028850	30.123047	18.302500
	-0.028857	30.936953	19.157400
	-0.028864	31.262210	19.418200
	-0.028871	30.905999	19.533700
	-0.028877	30.996425	19.589600
	-0.028884	31.019410	19.762800
	-0.028891	30.961016	19.749700
	-0.028898	31.203067	19.693900
	-0.028905	30.992802	19.775800
	-0.028911	31.107364	19.928600
	-0.028918	31.155758	19.891300
	-0.028925	31.075892	19.777700
	-0.028932	30.936804	19.632400
	-0.028938	31.140191	19.604500
	-0.028945	30.973342	19.615600
	-0.028952	31.072720	19.613800
	-0.028959	30.988837	19.639800
	-0.028966	31.144468	19.744200
	-0.028972	31.397096	19.764600
	-0.028979	31.268772	19.673400
	-0.028986	31.622762	19.706900
	-0.028993	31.379647	19.779500
	-0.029000	31.275453	19.822400
	-0.029006	31.362279	19.839100
	-0.029013	31.439542	19.923000
	-0.029020	31.391711	20.006800
	-0.029027	31.378081	20.111100
	-0.029033	31.291553	23.478800
	-0.029040	34.396416	28.113000
	-0.029047	36.587146	30.651900
	-0.029054	36.638044	31.797400
	-0.029061	36.767670	32.201600
	-0.029067	36.687685	32.302200
	-0.029074	36.726732	32.300400
	-0.029081	36.572823	32.224000
	-0.029088	36.655476	32.343200
	-0.029094	36.685558	32.635600
	-0.029101	36.509386	32.739900
	-0.029108	36.727572	32.859200
	-0.029115	36.771347	32.954200
	-0.029122	36.633132	33.075200
	-0.029128	36.741437	33.259600
	-0.029135	36.660980	33.432900
	-0.029142	36.837663	33.447800
	-0.029149	36.903017	33.466400
	-0.029155	36.932723	33.563200
	-0.029162	37.082772	33.624700
	-0.029169	37.103166	33.725300
	-0.029176	37.006731	33.894800
	-0.029183	37.109555	34.073600
	-0.029189	37.024735	34.038200
	-0.029196	37.030092	34.012100
	-0.029203	37.021463	34.040100
	-0.029210	36.974945	34.006500
	-0.029216	37.136784	33.958100
	-0.029223	37.055363	33.950700
	-0.029230	36.883839	33.917100
	-0.029237	37.247745	33.961800
	-0.029244	37.135190	34.008400
	-0.029250	37.193471	34.027000
	-0.029257	37.208657	34.103400
	-0.029264	37.075221	34.140700
	-0.029271	37.018902	34.133200
	-0.029278	37.261370	34.144400
	-0.029284	37.163611	34.144400
	-0.029291	37.243139	34.161100
	-0.029298	36.946289	34.140700
	-0.029305	37.362268	34.194700
	-0.029311	37.192584	34.295300
	-0.029318	37.169294	34.330600
	-0.029325	37.300710	34.222600
	-0.029332	37.227929	34.135100
	-0.029339	37.175917	34.073600
	-0.029345	37.282140	34.112700
	-0.029352	37.100870	34.166700
	-0.029359	37.181684	34.312000
	-0.029366	37.369421	34.375300
	-0.029372	37.449467	34.360400
	-0.029379	37.544584	34.360400
	-0.029386	37.363533	34.192800
	-0.029393	37.273049	34.041900
	-0.029400	37.528327	34.144400
	-0.029406	37.201826	34.172300
	-0.029413	37.435364	34.217000
	-0.029420	37.416401	34.204000
	-0.029427	37.527188	34.120200
	-0.029433	37.574972	34.101500
	-0.029440	37.420847	34.196500
	-0.029447	37.346734	34.258000
	-0.029454	37.573784	34.313900
	-0.029461	37.406137	34.565300
	-0.029467	37.451337	34.882000
	-0.029474	37.481985	34.919200
	-0.029481	37.571640	34.911800
	-0.029488	37.553904	34.934100
	-0.029495	37.489752	34.993700
	-0.029501	37.580363	34.991900
	-0.029508	37.376426	34.967700
	-0.029515	37.395701	34.898800
	-0.029522	37.492385	34.902500
	-0.029528	37.416772	34.997500
	-0.029535	37.547052	35.016100
	-0.029542	37.605717	35.064500
	-0.029549	37.702561	35.129700
	-0.029556	37.503401	35.193100
	-0.029562	37.602321	35.183700
	-0.029569	37.609560	35.243300
	-0.029576	37.577368	35.366300
	-0.029583	37.715490	36.092700
	-0.029589	38.196806	36.634700
	-0.029596	38.507637	36.940200
	-0.029603	38.444272	37.014700
	-0.029610	38.392145	37.106000
	-0.029617	38.463370	37.264300
	-0.029623	38.537738	37.251300
	-0.029630	38.433916	37.236400
	-0.029637	38.531584	37.858500
	-0.029644	38.970560	38.532800
	-0.029650	39.186096	38.856900
	-0.029657	39.216004	38.996600
	-0.029664	39.373917	39.026400
	-0.029671	39.371560	39.123200
	-0.029678	39.414373	39.361700
	-0.029684	39.362555	39.616800
	-0.029691	39.903423	39.726700
	-0.029698	39.717877	39.775200
	-0.029705	39.813312	39.702500
	-0.029712	39.814907	39.613100
	-0.029718	40.090824	39.629900
	-0.029725	40.016730	39.583300
	-0.029732	40.076346	39.607500
	-0.029739	40.035209	39.624300
	-0.029745	40.003147	39.678300
	-0.029752	39.961494	39.823600
	-0.029759	40.094289	39.752800
	-0.029766	39.742667	39.678300
	-0.029773	40.152675	39.665300
	-0.029779	39.860828	39.592600
	-0.029786	39.957314	40.542600
	-0.029793	40.200348	41.924600
	-0.029800	42.995090	42.600800
	-0.029806	42.929714	42.865300
	-0.029813	42.907554	42.960300
	-0.029820	42.808516	43.040400
	-0.029827	42.925318	43.146500
	-0.029834	43.013655	43.306700
	-0.029840	42.868186	43.330900
	-0.029847	42.892609	43.321600
	-0.029854	43.099743	43.336500
	-0.029861	42.936500	43.273200
	-0.029867	42.997812	43.278800
	-0.029874	42.857764	43.368200
	-0.029881	42.867073	43.330900
	-0.029888	43.128965	43.306700
	-0.029895	42.924561	43.381200
	-0.029901	42.988144	43.394300
	-0.029908	43.093761	43.455700
	-0.029915	42.998132	43.509800
	-0.029922	43.036301	43.500400
	-0.029928	42.871867	43.390600
	-0.029935	42.971513	43.416600
	-0.029942	43.009414	43.556300
	-0.029949	43.173171	43.614100
	-0.029956	43.062887	43.601000
	-0.029962	42.894032	43.614100
	-0.029969	43.016896	43.666200
	-0.029976	43.070795	43.595400
	-0.029983	42.949260	43.584300
	-0.029990	42.911903	43.560100
	-0.029996	43.083422	43.504200
	-0.030003	43.037616	43.461300
	-0.030010	42.884444	43.396100
	-0.030017	43.072557	43.308600
	-0.030023	43.025586	43.329100
	-0.030030	43.002854	43.504200
	-0.030037	42.974030	43.645700
	-0.030044	43.150188	43.673700
	-0.030051	43.119195	43.751900
	-0.030057	43.089520	43.742600
	-0.030064	43.030537	43.709100
	-0.030071	43.091973	43.779800
	-0.030078	42.961804	43.923300
	-0.030084	43.053661	44.035000
	-0.030091	43.181115	44.165400
	-0.030098	43.920060	44.273400
	-0.030105	43.698505	44.426200
	-0.030112	43.732007	44.416900
	-0.030118	43.751133	44.483900
	-0.030125	43.629117	44.608700
	-0.030132	43.807632	44.752100
	-0.030139	43.853299	44.802400
	-0.030145	43.959557	44.806200
	-0.030152	43.729819	44.923500
	-0.030159	43.749367	45.074400
	-0.030166	43.863423	45.156300
	-0.030173	43.871610	45.148900
	-0.030179	43.851583	45.189900
	-0.030186	43.822602	45.236400
	-0.030193	43.881957	45.320300
	-0.030200	44.009742	45.448800
	-0.030207	43.805125	45.556800
	-0.030213	43.941523	45.554900
	-0.030220	43.841606	45.577300
	-0.030227	43.803504	45.476700
	-0.030234	43.759372	45.443200
	-0.030240	43.882634	45.396600
	-0.030247	43.911757	45.338900
	-0.030254	43.997298	45.217800
	-0.030261	44.009289	45.104200
	-0.030268	43.909300	45.173100
	-0.030274	43.800086	45.232700
	-0.030281	44.003929	45.219700
	-0.030288	43.852288	45.253200
	-0.030295	43.827263	45.305400
	-0.030301	43.943076	45.307200
	-0.030308	43.827857	45.284900
	-0.030315	43.868344	45.344500
	-0.030322	43.727139	45.424600
	-0.030329	43.716241	45.420800
	-0.030335	43.886627	45.342600
	-0.030342	43.849887	45.219700
	-0.030349	43.922555	45.201000
	-0.030356	43.871505	45.243900
	-0.030362	43.931115	45.234600
	-0.030369	43.798027	45.238300
	-0.030376	44.023000	45.419000
	-0.030383	43.792606	45.534500
	-0.030390	43.799014	45.672300
	-0.030396	43.761920	45.793400
	-0.030403	43.824282	45.774700
	-0.030410	43.840655	45.832500
	-0.030417	43.872032	45.927500
	-0.030424	43.790492	45.877200
	-0.030430	43.862414	45.875300
	-0.030437	43.871621	45.784100
	-0.030444	43.980465	45.739300
	-0.030451	43.874392	45.793400
	-0.030457	44.039633	45.905100
	-0.030464	43.795615	46.043000
	-0.030471	43.936627	46.020600
	-0.030478	44.029495	45.931200
	-0.030485	43.972397	45.927500
	-0.030491	44.014547	45.921900
	-0.030498	43.863240	45.931200
	-0.030505	44.056209	45.918200
	-0.030512	43.809651	45.968500
	-0.030518	43.933864	46.026200
	-0.030525	43.869913	46.018700
	-0.030532	43.922392	46.130500
	-0.030539	43.754095	46.260900
	-0.030546	43.986713	46.290700
	-0.030552	44.185535	46.218000
	-0.030559	43.994852	46.208700
	-0.030566	44.085450	46.197600
	-0.030573	43.874025	46.225500
	-0.030579	43.776033	46.208700
	-0.030586	43.897270	46.156600
	-0.030593	44.044087	46.151000
	-0.030600	43.839898	46.123100
	-0.030607	43.989539	46.160300
	-0.030613	44.084367	46.102600
	-0.030620	44.040631	46.121200
	-0.030627	43.974961	46.225500
	-0.030634	44.023431	46.234800
	-0.030640	43.907137	46.206900
	-0.030647	43.896356	46.121200
	-0.030654	43.913641	46.197600
	-0.030661	43.904794	46.342800
	-0.030668	43.901851	46.415500
	-0.030674	43.853498	46.393100
	-0.030681	43.757908	46.463900
	-0.030688	43.871181	46.512300
	-0.030695	43.959427	46.583100
	-0.030702	43.796209	46.616700
	-0.030708	43.851743	46.607300
	-0.030715	43.965567	46.508600
	-0.030722	43.994394	46.510500
	-0.030729	43.915119	46.547700
	-0.030735	44.002260	46.560800
	-0.030742	44.042255	46.612900
	-0.030749	43.920018	46.674400
	-0.030756	43.999881	46.674400
	-0.030763	43.958637	46.769400
	-0.030769	44.077067	46.810400
	-0.030776	43.836143	46.728400
	-0.030783	44.020087	46.707900
	-0.030790	43.955051	46.819700
	-0.030796	43.797607	46.765700
	-0.030803	44.036317	46.788000
	-0.030810	43.861900	46.821500
	-0.030817	43.880968	46.942600
	-0.030824	44.026630	47.054400
	-0.030830	43.863975	47.009700
	-0.030837	44.027133	46.959400
	-0.030844	43.909643	46.966800
	-0.030851	43.939813	47.019000
	-0.030857	43.993316	47.007800
	-0.030864	44.095499	46.851300
	-0.030871	43.921950	46.776800
	-0.030878	43.861414	46.719100
	-0.030885	43.857678	46.693000
	-0.030891	43.978360	46.681800
	-0.030898	43.981781	46.778700
	-0.030905	43.965998	46.713500
	-0.030912	43.905648	46.713500
	-0.030919	43.938075	46.780600
	-0.030925	43.885806	46.903500
	-0.030932	43.761740	46.871800
	-0.030939	44.133391	46.834600
	-0.030946	43.896560	46.836400
	-0.030952	43.971806	46.883000
	-0.030959	43.964636	46.963100
	-0.030966	43.963641	47.028300
	-0.030973	44.026194	47.063700
	-0.030980	43.926652	47.073000
	-0.030986	44.187199	47.160500
	-0.030993	44.203553	47.121400
	-0.031000	44.047035	47.076700
	-0.031007	44.128412	47.043200
	-0.031013	43.965943	46.991000
	-0.031020	44.110229	47.089800
	-0.031027	44.133867	47.205200
	-0.031034	44.057264	47.220200
	-0.031041	44.074387	47.244400
	-0.031047	44.093623	47.272300
	-0.031054	44.114299	47.238800
	-0.031061	44.172381	47.216400
	-0.031068	44.084419	47.084200
	-0.031074	44.057687	47.009700
	-0.031081	44.158513	47.121400
	-0.031088	44.060138	47.277900
	-0.031095	44.096129	47.400800
	-0.031102	44.170377	47.475300
	-0.031108	44.063166	47.439900
	-0.031115	44.177448	47.503300
	-0.031122	44.172494	47.833000
	-0.031129	44.102277	48.091900
	-0.031136	43.929413	48.164500
	-0.031142	44.303307	48.149600
	-0.031149	44.204029	48.183100
	-0.031156	44.147464	48.140300
	-0.031163	44.170938	48.177500
	-0.031169	44.252887	48.205500
	-0.031176	44.181134	48.280000
	-0.031183	44.144728	48.354500
	-0.031190	44.075749	48.324700
	-0.031197	44.071659	48.257600
	-0.031203	44.102396	48.348900
	-0.031210	44.288948	48.343300
	-0.031217	44.064360	48.332100
	-0.031224	44.307632	48.252100
	-0.031230	44.328865	48.274400
	-0.031237	44.165567	48.354500
	-0.031244	44.337094	48.494200
	-0.031251	44.008933	48.512800
	-0.031258	44.245159	48.499800
	-0.031264	44.277191	48.529600
	-0.031271	44.217462	48.553800
	-0.031278	44.057004	48.570600
	-0.031285	44.157380	48.596600
	-0.031291	44.073643	48.714000
	-0.031298	44.212624	48.727000
	-0.031305	44.143095	48.758700
	-0.031312	44.241542	48.743800
	-0.031319	44.279288	48.786600
	-0.031325	44.133112	48.762400
	-0.031332	44.307712	48.792200
	-0.031339	44.285303	48.775500
	-0.031346	44.347066	48.795900
	-0.031353	44.333140	48.866700
	-0.031359	44.383350	48.861100
	-0.031366	44.199138	48.855600
	-0.031373	44.158565	48.751200
	-0.031380	44.091628	48.766100
	-0.031386	44.263859	48.904000
	-0.031393	44.320540	49.038100
	-0.031400	44.252614	49.088400
	-0.031407	44.271867	49.038100
	-0.031414	44.288857	48.941200
	-0.031420	44.292338	48.937500
	-0.031427	44.377338	48.935600
	-0.031434	44.322640	48.935600
	-0.031441	44.259588	48.971000
	-0.031447	44.219385	48.963600
	-0.031454	44.274226	49.015700
	-0.031461	44.422906	49.004600
	-0.031468	44.362403	49.012000
	-0.031475	44.212185	49.004600
	-0.031481	44.364686	48.982200
	-0.031488	44.257151	49.036200
	-0.031495	44.299945	49.084700
	-0.031502	44.451108	49.107000
	-0.031508	44.291863	49.189000
	-0.031515	44.336190	49.274600
	-0.031522	44.340882	49.311900
	-0.031529	44.427197	49.419900
	-0.031536	44.389161	49.393900
	-0.031542	44.387867	49.274600
	-0.031549	44.293675	49.138700
	-0.031556	44.452804	49.077200
	-0.031563	44.340473	49.080900
	-0.031569	44.304004	49.157300
	-0.031576	44.269079	49.215000
	-0.031583	44.331565	49.237400
	-0.031590	44.346753	49.321200
	-0.031597	44.398817	49.298900
	-0.031603	44.410237	49.384500
	-0.031610	44.482858	49.460900
	-0.031617	44.349583	49.479500
	-0.031624	44.475467	49.408800
	-0.031631	44.190526	49.434800
	-0.031637	44.435270	49.481400
	-0.031644	44.436978	49.470200
	-0.031651	44.344297	49.410600
	-0.031658	44.446861	49.269100
	-0.031664	44.544363	49.209500
	-0.031671	44.388182	49.261600
	-0.031678	44.573257	49.362200
	-0.031685	44.506745	49.464600
	-0.031692	44.418988	49.537300
	-0.031698	44.498867	49.563400
	-0.031705	44.451923	49.526100
	-0.031712	44.460563	49.459000
	-0.031719	44.386182	49.494400
	-0.031725	44.449381	49.511200
	-0.031732	44.352962	49.423700
	-0.031739	44.354368	49.364100
	-0.031746	44.322439	49.412500
	-0.031753	44.378984	49.485100
	-0.031759	44.426072	49.505600
	-0.031766	44.377885	49.487000
	-0.031773	44.378374	49.371500
	-0.031780	44.448826	49.328700
	-0.031786	44.484784	49.297000
	-0.031793	44.650743	49.190800
	-0.031800	44.529902	49.310000
	-0.031807	44.547552	49.503800
	-0.031814	44.622162	49.568900
	-0.031820	44.558568	49.531700
	-0.031827	44.395897	49.533600
	-0.031834	44.548933	49.671400
	-0.031841	44.470129	49.742200
	-0.031848	44.471704	49.718000
	-0.031854	44.248182	49.634100
	-0.031861	44.521024	49.693700
	-0.031868	44.391446	49.732900
	-0.031875	44.333333	49.688200
	-0.031881	44.497207	49.701200
	-0.031888	44.402876	49.718000
	-0.031895	44.318827	49.716100
	-0.031902	44.461503	49.721700
	-0.031909	44.436881	49.636000
	-0.031915	44.503216	49.595000
