	0.049617	-0.172986	45.758000
	0.047700	-0.060638	45.614500
	0.045783	0.008557	45.392900
	0.043866	-0.005766	45.158200
	0.041949	-0.022693	44.957000
	0.040033	0.174530	44.603100
	0.038116	0.071599	44.239900
	0.036199	0.341799	43.826400
	0.034282	0.278164	43.442700
	0.032365	0.409118	42.919300
	0.030448	0.423259	42.470400
	0.028531	0.485350	41.902300
	0.026614	0.870386	41.278300
	0.024698	0.781120	40.654300
	0.022781	1.041962	39.916700
	0.020864	0.952998	39.194000
	0.018947	1.291705	38.273900
	0.017030	1.276545	37.394700
	0.015113	1.286760	36.521100
	0.013196	1.426158	35.530200
	0.011279	1.622135	34.416300
	0.009363	1.963627	33.382600
	0.007446	1.954482	32.259400
	0.005529	2.077550	31.099000
	0.003612	2.491227	29.897400
	0.001695	2.488602	28.634600
	-0.000222	2.695002	27.323300
	-0.002139	2.835737	25.883400
	-0.004056	3.180474	24.235000
	-0.005972	3.544974	22.526900
	-0.007889	3.690683	20.586100
	-0.009806	3.834803	18.390000
	-0.011723	4.193062	15.972300
	-0.013640	4.985309	13.265800
	-0.015557	5.236862	10.050900
	-0.017474	5.701055	6.362820
	-0.019391	6.231579	1.823540
	-0.021307	7.905159	-3.539040
	-0.023224	8.782427	-9.371030
	-0.025141	9.890197	-14.908700
	-0.025141	11.224331	-18.321100
	-0.025148	13.932720	-19.947200
	-0.025155	14.165194	-20.684800
	-0.025161	14.213923	-21.193300
	-0.025168	14.335384	-21.528600
	-0.025175	14.057129	-21.694300
	-0.025182	14.140155	-21.813600
	-0.025189	14.202752	-21.873200
	-0.025195	14.079639	-21.884300
	-0.025202	14.066144	-21.943900
	-0.025209	14.179167	-22.018400
	-0.025216	14.048757	-22.089200
	-0.025223	14.138525	-22.106000
	-0.025229	14.207855	-22.042700
	-0.025236	14.011127	-22.042700
	-0.025243	14.099818	-22.120900
	-0.025250	14.043673	-22.115300
	-0.025256	14.079971	-22.113400
	-0.025263	14.105405	-22.074300
	-0.025270	14.181388	-22.160000
	-0.025277	14.029636	-22.247600
	-0.025284	14.139348	-22.255000
	-0.025290	13.907756	-22.193500
	-0.025297	14.072756	-22.171200
	-0.025304	14.220676	-22.139500
	-0.025311	14.143534	-22.227100
	-0.025317	14.027503	-22.279200
	-0.025324	14.116725	-22.337000
	-0.025331	14.153028	-22.374200
	-0.025338	14.178716	-22.404000
	-0.025345	14.145621	-22.309000
	-0.025351	14.278539	-22.277400
	-0.025358	14.250752	-22.180500
	-0.025365	14.133775	-22.214000
	-0.025372	14.254363	-22.201000
	-0.025378	14.126934	-22.223300
	-0.025385	14.089876	-22.240100
	-0.025392	14.107988	-22.219600
	-0.025399	14.340387	-22.145100
	-0.025406	14.121543	-22.093000
	-0.025412	14.144623	-22.089200
	-0.025419	14.125127	-22.208400
	-0.025426	14.135873	-22.296000
	-0.025433	14.089815	-22.296000
	-0.025439	14.167462	-22.154400
	-0.025446	14.232866	-22.107900
	-0.025453	14.274016	-22.031500
	-0.025460	14.164849	-22.003500
	-0.025467	14.170665	-22.085500
	-0.025473	14.129620	-22.245700
	-0.025480	14.283311	-22.376100
	-0.025487	14.149301	-22.450600
	-0.025494	14.223549	-22.458000
	-0.025501	14.138520	-22.422600
	-0.025507	14.185632	-22.379800
	-0.025514	14.203329	-22.277400
	-0.025521	14.102351	-22.176800
	-0.025528	14.273439	-22.169300
	-0.025534	14.134591	-22.232600
	-0.025541	14.106275	-22.083600
	-0.025548	14.186127	-22.050100
	-0.025555	14.120328	-22.044500
	-0.025562	14.007430	-22.014700
	-0.025568	14.155507	-22.078000
	-0.025575	14.135265	-22.243800
	-0.025582	14.251832	-22.186100
	-0.025589	14.267153	-22.111600
	-0.025595	14.248458	-22.057600
	-0.025602	14.287961	-22.025900
	-0.025609	14.113987	-21.998000
	-0.025616	14.300343	-21.986800
	-0.025623	14.203686	-22.042700
	-0.025629	14.291506	-22.074300
	-0.025636	14.202465	-22.176800
	-0.025643	14.132314	-22.154400
	-0.025650	14.120565	-22.029600
	-0.025656	14.258165	-21.929000
	-0.025663	14.313475	-21.951400
	-0.025670	14.277614	-22.037100
	-0.025677	14.192001	-22.024000
	-0.025684	14.268855	-21.979300
	-0.025690	14.127116	-21.899200
	-0.025697	14.203260	-21.862000
	-0.025704	14.153672	-21.889900
	-0.025711	14.402879	-21.947700
	-0.025718	14.255308	-21.940200
	-0.025724	14.521397	-21.990500
	-0.025731	14.160712	-21.927200
	-0.025738	14.300906	-21.865700
	-0.025745	14.197856	-21.828500
	-0.025751	14.312030	-21.975600
	-0.025758	14.115705	-22.044500
	-0.025765	14.333590	-21.947700
	-0.025772	14.291258	-21.875000
	-0.025779	14.335779	-21.848900
	-0.025785	14.121038	-21.837800
	-0.025792	14.121814	-21.858300
	-0.025799	14.186724	-21.930900
	-0.025806	14.277216	-21.947700
	-0.025812	14.217421	-21.960700
	-0.025819	14.339846	-22.089200
	-0.025826	14.225837	-22.139500
	-0.025833	14.287635	-22.143200
	-0.025840	14.248914	-22.215900
	-0.025846	14.218733	-22.275500
	-0.025853	14.343847	-22.294100
	-0.025860	14.591744	-22.348100
	-0.025867	14.354600	-22.385400
	-0.025873	14.345292	-22.441300
	-0.025880	14.176141	-22.500900
	-0.025887	14.194999	-22.579100
	-0.025894	14.182781	-22.581000
	-0.025901	14.208353	-22.549300
	-0.025907	14.163937	-22.409600
	-0.025914	14.359309	-22.333200
	-0.025921	14.220949	-22.441300
	-0.025928	14.416725	-22.631300
	-0.025935	14.256352	-22.692700
	-0.025941	14.222922	-22.696400
	-0.025948	14.200600	-22.739300
	-0.025955	14.393139	-22.730000
	-0.025962	14.364763	-22.865900
	-0.025968	14.204761	-22.906900
	-0.025975	14.434198	-22.972100
	-0.025982	14.237367	-23.070800
	-0.025989	14.347190	-22.983300
	-0.025996	14.401959	-22.871500
	-0.026002	14.331477	-22.776500
	-0.026009	14.292681	-22.608900
	-0.026016	14.230360	-22.608900
	-0.026023	14.278562	-22.534400
	-0.026029	14.521018	-22.452400
	-0.026036	14.449616	-22.405900
	-0.026043	14.366418	-22.346300
	-0.026050	14.401011	-22.292300
	-0.026057	14.324284	-22.193500
	-0.026063	14.487207	-22.242000
	-0.026070	14.300414	-22.413300
	-0.026077	14.245413	-22.504600
	-0.026084	14.217725	-22.525100
	-0.026090	14.324710	-22.530700
	-0.026097	14.274765	-22.610800
	-0.026104	14.387381	-22.500900
	-0.026111	14.354153	-22.396600
	-0.026118	14.402722	-22.318300
	-0.026124	14.471193	-22.281100
	-0.026131	14.496950	-22.337000
	-0.026138	14.551846	-22.465500
	-0.026145	14.498345	-22.517600
	-0.026151	14.479089	-22.484100
	-0.026158	14.479761	-22.560500
	-0.026165	14.515045	-22.556700
	-0.026172	14.405954	-22.569800
	-0.026179	14.464628	-22.564200
	-0.026185	14.581678	-22.446900
	-0.026192	14.485010	-22.394700
	-0.026199	14.548143	-22.342500
	-0.026206	14.364641	-22.404000
	-0.026213	14.507540	-22.173000
	-0.026219	14.497115	-21.901100
	-0.026226	14.606432	-21.770700
	-0.026233	14.614860	-21.608700
	-0.026240	14.749815	-21.431700
	-0.026246	14.693446	-21.221200
	-0.026253	14.665608	-21.122500
	-0.026260	14.739119	-21.185800
	-0.026267	14.752324	-21.133700
	-0.026274	14.577083	-21.144900
	-0.026280	14.405087	-21.264100
	-0.026287	14.675939	-21.262200
	-0.026294	14.549293	-21.280800
	-0.026301	14.658422	-21.295700
	-0.026307	14.633944	-21.323700
	-0.026314	14.333574	-21.442900
	-0.026321	14.355993	-21.401900
	-0.026328	14.642509	-21.379600
	-0.026335	14.614199	-21.437300
	-0.026341	14.572433	-21.431700
	-0.026348	14.657656	-21.457800
	-0.026355	14.773096	-21.442900
	-0.026362	14.588053	-21.549100
	-0.026368	14.681554	-21.750200
	-0.026375	14.646038	-21.783800
	-0.026382	14.608596	-21.804200
	-0.026389	14.546820	-21.858300
	-0.026396	14.628211	-21.893600
	-0.026402	15.003990	-21.903000
	-0.026409	14.532632	-21.824700
	-0.026416	14.693145	-21.778200
	-0.026423	14.595927	-21.677600
	-0.026430	14.788760	-21.621700
	-0.026436	14.700177	-21.711100
	-0.026443	14.554703	-21.755800
	-0.026450	14.614846	-21.841500
	-0.026457	14.886409	-21.787500
	-0.026463	14.551948	-21.713000
	-0.026470	14.640479	-21.811700
	-0.026477	14.591354	-21.899200
	-0.026484	14.609698	-21.968200
	-0.026491	14.530335	-21.994200
	-0.026497	14.774652	-21.957000
	-0.026504	14.651691	-21.891800
	-0.026511	14.691178	-21.789300
	-0.026518	14.757551	-21.865700
	-0.026524	14.751138	-21.787500
	-0.026531	14.766026	-21.660800
	-0.026538	14.989650	-21.461500
	-0.026545	14.959168	-21.398200
	-0.026552	14.988937	-21.366500
	-0.026558	15.088042	-21.360900
	-0.026565	14.900638	-21.331100
	-0.026572	15.057944	-21.388900
	-0.026579	14.932695	-21.455900
	-0.026585	15.068173	-21.433600
	-0.026592	14.993012	-21.474600
	-0.026599	14.901130	-21.455900
	-0.026606	15.032333	-21.420500
	-0.026613	15.042261	-21.375800
	-0.026619	15.089127	-21.357200
	-0.026626	14.934367	-21.508100
	-0.026633	14.982209	-21.625400
	-0.026640	15.091852	-21.683200
	-0.026647	15.063370	-21.742800
	-0.026653	14.961605	-21.755800
	-0.026660	15.052036	-21.753900
	-0.026667	15.069927	-21.783800
	-0.026674	15.026083	-21.809800
	-0.026680	15.002210	-21.996100
	-0.026687	15.184729	-22.074300
	-0.026694	15.141564	-22.074300
	-0.026701	15.035267	-22.018400
	-0.026708	14.936552	-21.951400
	-0.026714	14.994723	-21.951400
	-0.026721	15.136331	-21.850800
	-0.026728	15.032347	-21.895500
	-0.026735	14.852550	-21.930900
	-0.026741	15.042222	-21.778200
	-0.026748	14.922917	-21.634700
	-0.026755	15.112323	-21.541600
	-0.026762	15.097444	-21.552800
	-0.026769	15.067736	-21.506200
	-0.026775	15.212354	-21.541600
	-0.026782	15.188404	-21.610500
	-0.026789	15.217822	-21.664500
	-0.026796	15.159803	-21.739000
	-0.026802	15.290291	-21.821000
	-0.026809	15.140796	-21.830300
	-0.026816	15.214857	-21.755800
	-0.026823	15.289694	-21.787500
	-0.026830	15.043634	-21.893600
	-0.026836	15.099439	-21.983100
	-0.026843	15.173035	-22.025900
	-0.026850	15.089650	-22.247600
	-0.026857	15.147966	-22.323900
	-0.026863	15.254197	-22.262500
	-0.026870	15.046599	-22.228900
	-0.026877	15.169297	-22.292300
	-0.026884	14.982808	-22.357400
	-0.026891	15.329786	-22.368600
	-0.026897	15.155764	-22.433800
	-0.026904	15.322273	-22.495300
	-0.026911	15.061036	-22.508300
	-0.026918	15.066476	-22.525100
	-0.026925	15.107173	-22.541800
	-0.026931	15.362138	-22.601500
	-0.026938	15.112052	-22.631300
	-0.026945	15.256861	-22.698300
	-0.026952	15.165429	-22.763500
	-0.026958	15.341128	-22.769100
	-0.026965	15.256540	-22.702000
	-0.026972	15.117172	-22.575400
	-0.026979	15.203680	-22.677800
	-0.026986	15.239923	-22.811900
	-0.026992	15.351467	-22.843600
	-0.026999	15.403520	-22.797000
	-0.027006	15.128592	-22.709500
	-0.027013	15.453396	-22.716900
	-0.027019	15.203236	-22.640600
	-0.027026	15.458076	-22.575400
	-0.027033	15.390136	-22.640600
	-0.027040	15.348699	-22.553000
	-0.027047	15.431253	-22.486000
	-0.027053	15.478490	-22.363000
	-0.027060	15.425923	-22.301600
	-0.027067	15.395543	-22.305300
	-0.027074	15.443178	-22.310900
	-0.027080	15.255407	-22.312700
	-0.027087	15.430059	-22.290400
	-0.027094	15.377390	-22.364900
	-0.027101	15.423356	-22.523200
	-0.027108	15.353092	-22.486000
	-0.027114	15.426312	-22.402100
	-0.027121	15.406847	-22.497100
	-0.027128	15.487657	-22.599600
	-0.027135	15.299478	-22.644300
	-0.027142	15.406656	-22.616400
	-0.027148	15.515943	-22.582800
	-0.027155	15.515592	-22.441300
	-0.027162	15.562083	-22.407700
	-0.027169	15.688290	-22.487800
	-0.027175	15.482908	-22.676000
	-0.027182	15.473326	-22.716900
	-0.027189	15.454891	-22.776500
	-0.027196	15.660483	-22.778400
	-0.027203	15.739688	-22.685300
	-0.027209	15.775268	-22.623800
	-0.027216	15.595629	-22.707600
	-0.027223	15.742435	-22.664800
	-0.027230	15.596088	-22.707600
	-0.027236	15.486025	-22.834300
	-0.027243	15.651420	-22.839900
	-0.027250	15.670463	-22.778400
	-0.027257	15.690423	-22.860400
	-0.027264	15.593877	-22.832400
	-0.027270	15.682264	-22.839900
	-0.027277	15.541169	-22.970300
	-0.027284	15.533090	-23.119300
	-0.027291	15.520828	-22.983300
	-0.027297	15.477230	-22.981400
	-0.027304	15.708557	-22.875300
	-0.027311	15.862492	-22.759800
	-0.027318	15.615689	-22.700200
	-0.027325	15.522254	-22.739300
	-0.027331	15.521875	-22.890200
	-0.027338	15.756615	-22.957200
	-0.027345	15.682753	-22.905100
	-0.027352	15.774447	-22.886400
	-0.027359	15.882350	-22.875300
	-0.027365	15.680849	-22.821200
	-0.027372	15.618380	-22.757900
	-0.027379	15.706438	-22.690900
	-0.027386	15.765523	-21.873200
	-0.027392	16.430300	-19.969500
	-0.027399	17.340838	-18.937600
	-0.027406	17.326509	-18.526000
	-0.027413	17.386806	-18.337900
	-0.027420	17.487823	-18.144100
	-0.027426	17.617136	-17.995100
	-0.027433	17.549218	-17.974600
	-0.027440	17.445447	-18.011900
	-0.027447	17.545607	-18.062200
	-0.027453	17.439951	-18.095700
	-0.027460	17.383784	-18.064000
	-0.027467	17.455233	-18.015600
	-0.027474	17.470604	-18.019300
	-0.027481	17.531974	-17.756700
	-0.027487	17.613144	-17.652400
	-0.027494	17.490393	-17.536900
	-0.027501	17.605974	-17.570400
	-0.027508	17.472422	-17.536900
	-0.027514	17.588558	-17.494100
	-0.027521	17.613818	-17.469900
	-0.027528	17.736268	-17.479200
	-0.027535	17.592717	-17.626300
	-0.027542	17.660759	-17.715700
	-0.027548	17.501898	-17.645000
	-0.027555	17.600475	-17.449400
	-0.027562	17.611713	-17.268700
	-0.027569	17.601871	-17.348800
	-0.027575	17.746162	-17.427000
	-0.027582	17.820911	-17.546200
	-0.027589	17.747709	-17.648700
	-0.027596	17.617797	-17.648700
	-0.027603	17.837276	-17.745500
	-0.027609	17.593642	-17.807000
	-0.027616	17.703807	-17.719500
	-0.027623	17.802545	-17.743700
	-0.027630	17.599801	-17.726900
	-0.027637	17.627545	-17.346900
	-0.027643	17.816932	-16.996800
	-0.027650	17.887016	-16.857100
	-0.027657	17.885019	-16.877500
	-0.027664	17.963224	-16.801200
	-0.027670	17.961624	-16.678200
	-0.027677	17.850033	-16.713600
	-0.027684	17.846096	-16.721100
	-0.027691	17.665868	-16.685700
	-0.027698	18.071704	-16.665200
	-0.027704	17.952202	-16.721100
	-0.027711	18.045579	-16.838400
	-0.027718	17.922378	-16.745300
	-0.027725	17.857488	-16.665200
	-0.027731	18.143593	-16.667100
	-0.027738	17.981101	-16.734100
	-0.027745	18.045516	-16.788100
	-0.027752	18.028622	-16.788100
	-0.027759	17.956493	-16.780700
	-0.027765	17.944739	-16.624200
	-0.027772	17.861351	-16.611200
	-0.027779	17.979877	-16.650300
	-0.027786	17.899022	-16.698700
	-0.027792	17.931501	-16.771400
	-0.027799	18.008574	-16.825400
	-0.027806	17.968092	-16.942700
	-0.027813	18.024699	-16.980000
	-0.027820	18.038981	-17.022800
	-0.027826	18.027979	-17.026600
	-0.027833	18.035596	-16.989300
	-0.027840	18.049914	-17.007900
	-0.027847	18.119515	-17.043300
	-0.027854	18.065951	-17.097300
	-0.027860	18.034745	-17.231400
	-0.027867	18.226431	-17.203500
	-0.027874	17.955979	-17.155100
	-0.027881	18.304471	-17.168100
	-0.027887	18.166266	-17.132700
	-0.027894	18.218123	-17.119700
	-0.027901	18.114556	-17.088000
	-0.027908	18.158828	-17.050800
	-0.027915	18.190548	-14.890000
	-0.027921	18.236149	-10.624600
	-0.027928	21.527503	-8.296280
	-0.027935	22.378882	-7.195430
	-0.027942	22.523790	-6.817310
	-0.027948	22.654346	-6.813590
	-0.027955	22.540208	-6.768880
	-0.027962	22.438691	-6.731630
	-0.027969	22.572510	-6.675750
	-0.027976	22.574420	-6.685060
	-0.027982	22.462995	-6.604970
	-0.027989	22.501547	-6.563990
	-0.027996	22.648638	-6.534190
	-0.028003	22.545411	-6.523010
	-0.028009	22.637356	-6.578890
	-0.028016	22.407634	-6.619870
	-0.028023	22.618311	-6.632910
	-0.028030	22.483441	-6.550950
	-0.028037	22.542537	-6.627320
	-0.028043	22.433856	-6.638500
	-0.028050	22.625011	-6.606830
	-0.028057	22.592576	-6.618010
	-0.028064	22.570408	-6.685060
	-0.028071	22.606424	-6.793100
	-0.028077	22.579747	-6.929070
	-0.028084	22.584303	-7.003570
	-0.028091	22.591319	-7.137690
	-0.028098	22.542465	-7.083670
	-0.028104	22.462757	-7.033380
	-0.028111	22.602288	-7.007300
	-0.028118	22.418029	-6.994260
	-0.028125	22.649207	-7.011030
	-0.028132	22.440537	-6.983090
	-0.028138	22.600011	-6.839660
	-0.028145	22.554227	-6.737220
	-0.028152	22.456504	-6.657120
	-0.028159	22.647093	-6.645950
	-0.028165	22.541777	-6.658990
	-0.028172	22.415876	-6.666440
	-0.028179	22.669858	-6.597520
	-0.028186	22.553661	-6.478310
	-0.028193	22.748511	-6.409390
	-0.028199	22.547986	-6.433610
	-0.028206	22.733192	-6.448510
	-0.028213	22.698693	-6.571440
	-0.028220	22.647179	-6.608690
	-0.028226	22.634135	-6.524880
	-0.028233	22.653396	-6.536050
	-0.028240	22.786389	-6.560270
	-0.028247	22.881435	-6.599380
	-0.028254	22.646643	-6.573300
	-0.028260	22.730429	-6.524880
	-0.028267	22.836196	-6.450370
	-0.028274	22.735502	-6.325570
	-0.028281	22.765067	-6.349790
	-0.028288	22.650119	-6.347920
	-0.028294	22.822027	-6.156070
	-0.028301	22.872687	-6.077840
	-0.028308	22.850555	-6.113230
	-0.028315	23.011141	-5.999610
	-0.028321	22.854802	-5.880400
	-0.028328	22.933756	-5.891580
	-0.028335	22.882623	-6.001470
	-0.028342	22.948541	-6.096470
	-0.028349	22.835674	-6.064800
	-0.028355	22.884856	-5.999610
	-0.028362	22.999696	-5.973530
	-0.028369	22.897853	-6.038720
	-0.028376	22.802611	-6.141170
	-0.028382	22.981709	-6.273420
	-0.028389	22.928023	-6.308810
	-0.028396	22.862235	-6.245480
	-0.028403	22.872392	-6.252930
	-0.028410	22.866183	-6.370280
	-0.028416	22.799127	-6.416840
	-0.028423	22.720038	-6.401940
	-0.028430	22.854769	-6.429880
	-0.028437	22.834104	-2.929960
	-0.028443	26.195994	0.370668
	-0.028450	26.875840	2.114120
	-0.028457	27.178061	2.881530
	-0.028464	27.037273	3.209350
	-0.028471	27.033535	3.313660
	-0.028477	27.004523	3.336010
	-0.028484	27.038194	3.239150
	-0.028491	26.883961	3.283860
	-0.028498	27.084444	3.229840
	-0.028504	27.103769	3.380720
	-0.028511	27.179020	3.540900
	-0.028518	27.066855	3.673150
	-0.028525	27.046657	3.814730
	-0.028532	27.101406	3.857570
	-0.028538	27.113818	3.913450
	-0.028545	26.910243	3.978640
	-0.028552	27.219316	3.991680
	-0.028559	27.176848	4.021480
	-0.028566	26.934090	3.989820
	-0.028572	27.183029	4.019620
	-0.028579	27.109005	3.997270
	-0.028586	27.205836	3.954420
	-0.028593	27.093040	3.885510
	-0.028599	27.267421	3.967460
	-0.028606	27.148455	4.064320
	-0.028613	27.159527	4.204020
	-0.028620	27.249243	4.304600
	-0.028627	27.126172	4.358620
	-0.028633	27.028352	4.306460
	-0.028640	27.228263	4.207740
	-0.028647	27.129056	4.176080
	-0.028654	27.184679	4.222650
	-0.028660	27.169651	4.287840
	-0.028667	27.299840	4.392150
	-0.028674	27.309613	4.410770
	-0.028681	27.174876	4.343720
	-0.028688	27.445090	4.321370
	-0.028694	27.193349	4.321370
	-0.028701	27.122447	4.330680
	-0.028708	27.156311	4.334400
	-0.028715	27.013611	4.399600
	-0.028721	27.327221	4.462930
	-0.028728	27.074177	4.511360
	-0.028735	27.234306	4.507630
	-0.028742	27.221079	4.550470
	-0.028749	27.252575	4.597040
	-0.028755	27.278656	4.613800
	-0.028762	27.385602	4.477830
	-0.028769	27.257294	4.379110
	-0.028776	27.326061	4.464790
	-0.028783	27.109546	4.606350
	-0.028789	27.254868	4.708800
	-0.028796	27.432416	4.733010
	-0.028803	27.299975	4.738600
	-0.028810	27.376592	4.781440
	-0.028816	27.337406	4.909960
	-0.028823	27.207601	5.004960
	-0.028830	27.192081	5.096230
	-0.028837	27.315835	5.124170
	-0.028844	27.483463	5.107400
	-0.028850	27.390255	5.899030
	-0.028857	27.535013	10.000600
	-0.028864	29.026611	12.707000
	-0.028871	31.157496	13.917700
	-0.028877	31.239694	14.392700
	-0.028884	31.220380	14.575300
	-0.028891	31.175249	14.625500
	-0.028898	31.165274	14.614400
	-0.028905	31.115227	14.584600
	-0.028911	31.295723	14.530600
	-0.028918	31.280443	14.610600
	-0.028925	31.486038	14.629300
	-0.028932	31.258040	14.731700
	-0.028938	31.343139	14.772700
	-0.028945	31.308209	14.715000
	-0.028952	31.080272	14.638600
	-0.028959	31.353733	14.603200
	-0.028966	31.416675	14.646000
	-0.028972	31.386395	14.713100
	-0.028979	31.325163	14.724300
	-0.028986	31.384759	14.765200
	-0.028993	31.460281	14.687000
	-0.029000	31.159292	14.646000
	-0.029006	31.318441	14.847200
	-0.029013	31.708601	15.223500
	-0.029020	31.901677	15.454500
	-0.029027	31.687257	15.607200
	-0.029033	31.645679	15.787900
	-0.029040	31.705327	15.933200
	-0.029047	31.785489	16.093400
	-0.029054	31.980048	16.288900
	-0.029061	31.933922	16.529200
	-0.029067	31.847190	16.806800
	-0.029074	31.824541	16.998600
	-0.029081	31.937561	16.993000
	-0.029088	31.918255	17.030300
	-0.029094	31.919999	17.140200
	-0.029101	31.861328	17.156900
	-0.029108	32.010085	17.237000
	-0.029115	31.944222	17.283600
	-0.029122	31.853841	17.227700
	-0.029128	31.917322	17.222100
	-0.029135	31.894131	17.268700
	-0.029142	31.805592	17.279900
	-0.029149	31.741951	17.194200
	-0.029155	31.908681	17.078700
	-0.029162	31.927694	16.963200
	-0.029169	31.908104	16.894300
	-0.029176	31.874715	16.801200
	-0.029183	31.863901	16.894300
	-0.029189	31.847312	16.857100
	-0.029196	31.919344	16.827300
	-0.029203	32.071383	16.909200
	-0.029210	32.014799	17.063800
	-0.029216	32.087591	17.093600
	-0.029223	32.200332	17.145800
	-0.029230	32.045640	17.175600
	-0.029237	32.055175	17.225900
	-0.029244	32.067164	17.384200
	-0.029250	32.272010	17.570400
	-0.029257	32.314465	17.682200
	-0.029264	32.358347	17.678500
	-0.029271	32.313354	17.529500
	-0.029278	32.314127	17.609600
	-0.029284	32.289511	17.669200
	-0.029291	32.180305	17.710100
	-0.029298	32.378744	17.665400
	-0.029305	32.418634	17.609600
	-0.029311	32.391501	17.736200
	-0.029318	32.417609	17.946700
	-0.029325	32.724091	18.049100
	-0.029332	32.701442	18.175800
	-0.029339	32.806294	18.315500
	-0.029345	32.705098	18.751400
	-0.029352	32.749856	19.481500
	-0.029359	33.228075	19.885700
	-0.029366	33.536710	20.206100
	-0.029372	33.590083	20.442600
	-0.029379	33.593474	20.545100
	-0.029386	33.548411	20.580500
	-0.029393	33.586293	20.532100
	-0.029400	33.680300	20.492900
	-0.029406	33.772242	20.515300
	-0.029413	33.651312	20.545100
	-0.029420	33.848331	20.547000
	-0.029427	33.748447	20.455700
	-0.029433	33.768239	20.481800
	-0.029440	33.745645	20.483600
	-0.029447	33.985132	20.494800
	-0.029454	33.701616	20.539500
	-0.029461	34.046560	20.573000
	-0.029467	33.962912	20.725800
	-0.029474	34.075119	20.872900
	-0.029481	34.001826	20.884100
	-0.029488	34.085265	20.802100
	-0.029495	33.998113	20.660600
	-0.029501	34.082046	20.643800
	-0.029508	33.965636	20.763000
	-0.029515	34.181399	20.960500
	-0.029522	33.982952	21.075900
	-0.029528	34.129471	21.109500
	-0.029535	34.075597	21.068500
	-0.029542	34.088652	21.146700
	-0.029549	34.122712	21.143000
	-0.029556	33.966703	21.083400
	-0.029562	34.157590	21.055500
	-0.029569	34.070350	21.096400
	-0.029576	34.080764	21.491300
	-0.029583	34.304775	26.025000
	-0.029589	38.811881	29.530500
	-0.029596	40.849334	31.162300
	-0.029603	40.942863	31.777000
	-0.029610	40.921861	32.006100
	-0.029617	40.838464	32.164400
	-0.029623	41.174757	32.304100
	-0.029630	41.240573	32.360000
	-0.029637	41.210815	32.415800
	-0.029644	41.201771	32.395400
	-0.029650	41.487876	32.387900
	-0.029657	41.196118	32.373000
	-0.029664	41.435074	32.438200
	-0.029671	41.419526	32.535100
	-0.029678	41.564487	32.510800
	-0.029684	41.444786	32.356200
	-0.029691	41.630670	32.225900
	-0.029698	41.523389	32.186700
	-0.029705	41.538600	32.194200
	-0.029712	41.479424	32.222100
	-0.029718	41.500155	32.315300
	-0.029725	41.518452	32.335800
	-0.029732	41.446905	32.279900
	-0.029739	41.656181	32.410300
	-0.029745	41.610359	32.518300
	-0.029752	41.685458	32.464300
	-0.029759	41.765064	32.389800
	-0.029766	41.732057	32.263100
	-0.029773	41.819560	32.251900
	-0.029779	41.683278	32.304100
	-0.029786	41.583331	32.365600
	-0.029793	41.564536	32.458700
	-0.029800	41.780172	32.482900
	-0.029806	41.652324	32.615100
	-0.029813	41.686331	32.794000
	-0.029820	41.995007	32.954200
	-0.029827	42.103664	33.056600
	-0.029834	41.843885	33.077100
	-0.029840	42.078028	33.123700
	-0.029847	42.107593	33.231700
	-0.029854	42.172160	33.268900
	-0.029861	42.062826	33.229800
	-0.029867	41.975030	33.268900
	-0.029874	42.038100	33.401200
	-0.029881	42.039116	33.539000
	-0.029888	41.986171	33.695500
	-0.029895	42.030358	33.863100
	-0.029901	41.966501	33.885500
	-0.029908	42.070737	33.932000
	-0.029915	42.107573	34.027000
	-0.029922	42.043305	33.863100
	-0.029928	41.832170	33.777400
	-0.029935	41.914230	33.881700
	-0.029942	41.917413	33.974900
	-0.029949	41.935359	33.902200
	-0.029956	41.917037	33.827700
	-0.029962	42.022301	33.859400
	-0.029969	42.104004	33.902200
	-0.029976	42.067078	34.017700
	-0.029983	41.920869	34.092200
	-0.029990	42.474597	34.220700
	-0.029996	42.374914	34.272900
	-0.030003	42.494117	34.179800
	-0.030010	42.548251	34.101500
	-0.030017	42.520883	34.185400
	-0.030023	42.575086	34.412600
	-0.030030	42.250519	34.682700
	-0.030037	42.424492	34.841000
	-0.030044	42.355181	34.837300
	-0.030051	42.453857	34.921100
	-0.030057	42.542623	35.003100
	-0.030064	42.578236	35.101800
	-0.030071	42.467811	35.129700
	-0.030078	42.477907	35.126000
	-0.030084	42.462486	35.163200
	-0.030091	42.470424	35.204200
	-0.030098	42.605460	35.209800
	-0.030105	42.455620	35.230300
	-0.030112	42.508085	35.153900
	-0.030118	42.320775	35.118500
	-0.030125	42.499782	35.209800
	-0.030132	42.636160	35.237800
	-0.030139	42.580065	35.103600
	-0.030145	42.491051	35.083200
	-0.030152	42.584875	35.023500
	-0.030159	42.591045	35.055200
	-0.030166	42.325674	35.066400
	-0.030173	42.524685	35.211700
	-0.030179	42.589033	35.338300
	-0.030186	42.568814	35.470600
	-0.030193	42.575942	35.625200
	-0.030200	42.558665	35.610300
	-0.030207	42.584292	35.541400
	-0.030213	42.597068	35.452000
	-0.030220	42.496336	35.392400
	-0.030227	42.778412	35.435200
	-0.030234	42.552699	35.547000
	-0.030240	42.623124	35.770500
	-0.030247	42.740912	35.940000
	-0.030254	42.610831	35.951100
	-0.030261	42.605860	35.880400
	-0.030268	42.637359	35.761200
	-0.030274	42.549735	35.641900
	-0.030281	42.373359	35.658700
	-0.030288	42.531921	35.796500
	-0.030295	42.501625	35.895300
	-0.030301	42.664155	35.815200
	-0.030308	42.646505	35.815200
	-0.030315	42.638268	35.750000
	-0.030322	42.610779	35.820800
	-0.030329	42.344905	35.951100
	-0.030335	42.522008	35.954900
	-0.030342	42.696552	35.941800
	-0.030349	42.620737	36.040600
	-0.030356	42.597019	36.130000
	-0.030362	42.535408	36.236100
	-0.030369	42.613119	36.178400
	-0.030376	42.491393	36.495000
	-0.030383	42.806427	36.977500
	-0.030390	43.030918	37.243800
	-0.030396	43.218266	37.266200
	-0.030403	43.180258	37.268000
	-0.030410	43.202451	37.225200
	-0.030417	43.185124	37.148800
	-0.030424	43.162210	37.148800
	-0.030430	43.184057	37.152600
	-0.030437	43.170737	37.316500
	-0.030444	43.147732	37.376100
	-0.030451	43.321485	37.348100
	-0.030457	43.105424	37.364900
	-0.030464	43.311174	37.454300
	-0.030471	43.132806	37.472900
	-0.030478	43.169919	37.418900
	-0.030485	43.431559	37.482200
	-0.030491	43.193548	37.541800
	-0.030498	43.276882	37.608900
	-0.030505	43.258646	37.698300
	-0.030512	43.268664	37.657300
	-0.030518	43.365517	37.720700
	-0.030525	43.376271	37.761600
	-0.030532	43.302874	37.843600
	-0.030539	43.299442	37.933000
	-0.030546	43.171886	37.920000
	-0.030552	43.267236	37.886400
	-0.030559	43.291241	38.059700
	-0.030566	43.498237	38.080200
	-0.030573	43.513520	38.173300
	-0.030579	43.515810	38.311100
	-0.030586	43.662003	38.357700
	-0.030593	43.523301	38.275700
	-0.030600	43.744612	38.305500
	-0.030607	43.609394	38.452700
	-0.030613	43.745073	38.458300
	-0.030620	43.638616	38.415400
	-0.030627	43.608408	38.396800
	-0.030634	43.638177	38.305500
	-0.030640	43.641993	38.348400
	-0.030647	43.567241	38.396800
	-0.030654	43.553959	38.482500
	-0.030661	43.703003	38.495500
	-0.030668	43.441092	38.476900
	-0.030674	43.569394	38.445200
	-0.030681	43.650030	38.383800
	-0.030688	43.637727	38.411700
	-0.030695	43.627133	38.475000
	-0.030702	43.515202	38.501100
	-0.030708	43.756441	38.476900
	-0.030715	43.618175	38.443400
	-0.030722	43.613080	38.357700
	-0.030729	43.740456	38.426600
	-0.030735	43.615390	38.443400
	-0.030742	43.511132	38.415400
	-0.030749	43.790567	38.415400
	-0.030756	43.719814	38.506700
	-0.030763	43.596892	38.570000
	-0.030769	43.590876	38.633400
	-0.030776	43.646347	38.611000
	-0.030783	43.533123	38.653800
	-0.030790	43.474597	38.782400
	-0.030796	43.657424	38.823300
	-0.030803	43.560961	38.935100
	-0.030810	43.698983	38.886700
	-0.030817	43.503987	38.828900
	-0.030824	43.761163	38.791700
	-0.030830	43.638536	38.834500
	-0.030837	43.667648	38.972400
	-0.030844	43.866064	39.054300
	-0.030851	43.634925	38.979800
	-0.030857	43.658261	38.983500
	-0.030864	43.589221	38.940700
	-0.030871	43.624458	38.966800
	-0.030878	43.756217	38.944400
	-0.030885	43.630399	38.817800
	-0.030891	43.345275	38.776800
	-0.030898	43.712602	38.840100
	-0.030905	43.519728	38.974200
	-0.030912	43.643529	39.033800
	-0.030919	43.672497	39.061800
	-0.030925	43.714053	39.080400
	-0.030932	43.431115	39.127000
	-0.030939	43.481559	39.261100
	-0.030946	43.583878	39.313200
	-0.030952	43.805150	39.233100
	-0.030959	43.538442	39.199600
	-0.030966	43.665987	39.235000
	-0.030973	43.533110	39.283400
	-0.030980	43.687914	39.369100
	-0.030986	43.583949	39.294600
	-0.030993	43.571648	39.266700
	-0.031000	43.600641	39.320700
	-0.031007	43.658632	39.354200
	-0.031013	43.748345	39.467800
	-0.031020	43.518385	39.521800
	-0.031027	43.592451	39.458500
	-0.031034	43.764495	39.413800
	-0.031041	43.605954	39.318800
	-0.031047	43.462704	39.244300
	-0.031054	43.702589	39.140000
	-0.031061	43.504830	39.119500
	-0.031068	43.604501	39.259200
	-0.031074	43.720272	39.382100
	-0.031081	43.694012	39.363500
	-0.031088	43.737906	39.330000
	-0.031095	43.545353	39.315100
	-0.031102	43.594283	39.285300
	-0.031108	43.600337	39.264800
	-0.031115	43.704087	39.240600
	-0.031122	43.757076	39.320700
	-0.031129	43.663685	39.400800
	-0.031136	43.552921	39.410100
	-0.031142	43.586375	39.387700
	-0.031149	43.641885	39.300200
	-0.031156	43.603929	39.298300
	-0.031163	43.678448	39.296500
	-0.031169	43.535914	39.376600
	-0.031176	43.819222	39.397000
	-0.031183	43.641164	39.287100
	-0.031190	43.737616	39.238700
	-0.031197	43.850439	39.290900
	-0.031203	43.664064	39.352300
	-0.031210	43.631325	39.350500
	-0.031217	43.550274	39.361700
	-0.031224	43.723359	39.413800
	-0.031230	43.730761	39.438000
	-0.031237	43.595383	39.296500
	-0.031244	43.729407	39.261100
	-0.031251	43.807234	39.320700
	-0.031258	43.632629	39.307600
	-0.031264	43.544629	39.337400
	-0.031271	43.736265	39.315100
	-0.031278	43.648406	39.268500
	-0.031285	43.717081	39.283400
	-0.031291	43.603144	39.335600
	-0.031298	43.740650	39.477100
	-0.031305	43.788467	39.492000
	-0.031312	43.883110	39.480900
	-0.031319	43.712152	39.452900
	-0.031325	43.750669	39.458500
	-0.031332	43.733383	39.438000
	-0.031339	43.638194	39.411900
	-0.031346	43.725986	39.372800
	-0.031353	43.858231	39.378400
	-0.031359	43.725876	39.363500
	-0.031366	44.034057	39.447300
	-0.031373	43.875735	39.441700
	-0.031380	43.841529	39.439900
	-0.031386	43.736677	39.547900
	-0.031393	43.766321	39.607500
	-0.031400	43.720151	39.683900
	-0.031407	43.678819	39.687600
	-0.031414	43.645576	39.773300
	-0.031420	43.768593	39.760300
	-0.031427	43.737163	39.654100
	-0.031434	43.788149	39.661500
	-0.031441	43.715387	39.732300
	-0.031447	43.849152	39.747200
	-0.031454	43.690581	39.706200
	-0.031461	43.862318	39.655900
	-0.031468	43.890691	39.695100
	-0.031475	43.701685	39.920400
	-0.031481	44.058093	40.032200
	-0.031488	43.971889	40.203600
	-0.031495	43.904468	40.302300
	-0.031502	43.907662	40.456900
	-0.031508	43.742382	40.516500
	-0.031515	43.994902	40.440100
	-0.031522	43.776719	40.339500
	-0.031529	43.996671	40.311600
	-0.031536	43.771403	40.304100
	-0.031542	43.923743	40.283700
	-0.031549	44.039404	40.132800
	-0.031556	44.032375	39.980000
	-0.031563	43.872886	39.868300
	-0.031569	43.721712	39.859000
	-0.031576	43.786953	39.931600
	-0.031583	44.164321	40.034100
	-0.031590	43.930673	40.121600
	-0.031597	43.887511	40.117900
	-0.031603	43.857629	40.084400
	-0.031610	43.990028	40.082500
	-0.031617	43.938116	40.153300
	-0.031624	43.762052	40.162600
	-0.031631	44.055004	40.153300
	-0.031637	43.746466	40.196100
	-0.031644	44.001343	40.214700
	-0.031651	43.982352	40.239000
	-0.031658	43.862320	40.216600
	-0.031664	43.742407	40.205400
	-0.031671	43.698425	40.186800
	-0.031678	44.076685	40.272500
	-0.031685	43.955487	40.358200
	-0.031692	43.837442	40.414000
	-0.031698	43.846427	40.417800
	-0.031705	43.795054	40.442000
	-0.031712	43.977567	40.479200
	-0.031719	43.750216	40.490400
	-0.031725	43.868733	40.466200
	-0.031732	43.915028	40.564900
	-0.031739	43.861641	40.581700
	-0.031746	44.016341	40.443800
	-0.031753	43.706283	40.361900
	-0.031759	43.829330	40.365600
	-0.031766	43.953879	40.397300
	-0.031773	43.922861	40.395400
	-0.031780	43.905424	40.334000
	-0.031786	43.990700	40.361900
	-0.031793	44.102263	40.300400
	-0.031800	43.974856	40.186800
	-0.031807	44.082767	40.160700
	-0.031814	44.016965	40.309700
	-0.031820	43.947635	40.434500
	-0.031827	43.881863	40.505300
	-0.031834	43.905639	40.592900
	-0.031841	44.034842	40.656200
	-0.031848	44.072450	40.676700
	-0.031854	44.154393	40.669200
	-0.031861	44.199166	40.872300
	-0.031868	44.131358	40.930000
	-0.031875	43.925274	40.849900
	-0.031881	44.127133	40.814500
	-0.031888	44.062536	40.771700
	-0.031895	44.190805	40.663600
	-0.031902	44.037821	40.579800
	-0.031909	44.050716	40.484800
	-0.031915	44.182808	40.481100
