	0.049617	-0.063981	54.609300
	0.047700	0.027879	54.609300
	0.045783	-0.127633	54.609300
	0.043866	0.021198	54.609300
	0.041949	0.164887	54.609300
	0.040033	0.067896	54.609300
	0.038116	0.184444	54.609300
	0.036199	0.130161	54.609300
	0.034282	0.419344	54.609300
	0.032365	0.398616	54.609300
	0.030448	0.363343	54.609300
	0.028531	0.698635	54.609300
	0.026614	0.646734	54.609300
	0.024698	0.968891	54.609300
	0.022781	0.829755	54.609300
	0.020864	0.958264	54.609300
	0.018947	1.060867	54.609300
	0.017030	1.285997	54.609300
	0.015113	1.350901	54.609300
	0.013196	1.730355	54.609300
	0.011279	1.516128	54.609300
	0.009363	1.843772	54.609300
	0.007446	2.094720	54.609300
	0.005529	1.954156	54.609300
	0.003612	2.143833	54.609300
	0.001695	2.399207	54.609300
	-0.000222	2.785502	54.609300
	-0.002139	2.892918	54.609300
	-0.004056	3.083532	54.609300
	-0.005972	3.590882	54.609300
	-0.007889	3.623790	52.949600
	-0.009806	4.051014	50.787100
	-0.011723	4.159693	48.535200
	-0.013640	4.958289	45.964700
	-0.015557	5.409201	42.844800
	-0.017474	5.785859	39.084100
	-0.019391	6.504178	34.638000
	-0.021307	7.925014	29.392700
	-0.023224	8.824771	23.229200
	-0.025141	9.993319	17.199800
	-0.025141	11.364639	13.323600
	-0.025148	14.007148	11.500000
	-0.025155	14.279482	10.697200
	-0.025161	14.249260	10.404800
	-0.025168	14.232084	10.337700
	-0.025175	14.180112	10.298600
	-0.025182	14.303973	10.348900
	-0.025189	14.270629	10.386200
	-0.025195	14.115357	10.274400
	-0.025202	14.109795	10.177600
	-0.025209	14.274826	10.047200
	-0.025216	14.064793	10.050900
	-0.025223	14.303208	10.075100
	-0.025229	14.374652	10.037900
	-0.025236	14.132795	10.058300
	-0.025243	14.271234	10.164500
	-0.025250	14.222582	10.281900
	-0.025256	14.313558	10.397300
	-0.025263	14.429490	10.362000
	-0.025270	14.272295	10.317200
	-0.025277	14.256623	10.110500
	-0.025284	14.263981	9.950310
	-0.025290	14.228611	9.840410
	-0.025297	14.323008	9.784530
	-0.025304	14.330976	9.672770
	-0.025311	14.363412	9.466020
	-0.025317	14.196386	9.369160
	-0.025324	14.515619	9.341220
	-0.025331	14.367578	9.261130
	-0.025338	14.292739	9.300250
	-0.025345	14.300099	9.333770
	-0.025351	14.327067	9.343090
	-0.025358	14.297662	9.313280
	-0.025365	14.441006	9.276030
	-0.025372	14.447345	9.222010
	-0.025378	14.354371	9.208980
	-0.025385	14.424936	9.218290
	-0.025392	14.296972	9.249950
	-0.025399	14.472386	9.270440
	-0.025406	14.346002	9.279760
	-0.025412	14.326614	9.341220
	-0.025419	14.434289	9.479060
	-0.025426	14.352340	9.462300
	-0.025433	14.430355	9.335640
	-0.025439	14.514031	9.289070
	-0.025446	14.257960	9.359850
	-0.025453	14.349074	9.307700
	-0.025460	14.245781	9.302110
	-0.025467	14.107372	9.382200
	-0.025473	14.306441	9.464160
	-0.025480	14.310099	9.434360
	-0.025487	14.467432	9.376610
	-0.025494	14.358621	9.285340
	-0.025501	14.195529	9.168000
	-0.025507	14.463066	9.097220
	-0.025514	14.366045	9.136330
	-0.025521	14.311433	9.236920
	-0.025528	14.176879	9.274170
	-0.025534	14.308038	9.212700
	-0.025541	14.340948	9.171720
	-0.025548	14.385248	9.259270
	-0.025555	14.370872	9.192210
	-0.025562	14.188299	9.141920
	-0.025568	14.408825	9.125160
	-0.025575	14.447234	9.141920
	-0.025582	14.397964	9.089770
	-0.025589	14.391993	9.013400
	-0.025595	14.476241	8.888600
	-0.025602	14.359939	8.817820
	-0.025609	14.606673	8.855070
	-0.025616	14.326901	8.838310
	-0.025623	14.352343	8.843900
	-0.025629	14.379186	8.801060
	-0.025636	14.319529	8.806640
	-0.025643	14.252782	8.834580
	-0.025650	14.314360	8.873700
	-0.025656	14.258535	8.938890
	-0.025663	14.288489	8.935170
	-0.025670	14.344015	8.897910
	-0.025677	14.385113	8.834580
	-0.025684	14.525926	8.838310
	-0.025690	14.351945	8.752630
	-0.025697	14.483366	8.815960
	-0.025704	14.326989	8.754490
	-0.025711	14.403683	8.776840
	-0.025718	14.412771	8.858800
	-0.025724	14.382623	8.957520
	-0.025731	14.284621	8.942620
	-0.025738	14.326199	8.782430
	-0.025745	14.406734	8.741450
	-0.025751	14.265222	8.728410
	-0.025758	14.427130	8.774980
	-0.025765	14.217228	8.853210
	-0.025772	14.290111	8.912820
	-0.025779	14.138688	8.944480
	-0.025785	14.319374	8.970560
	-0.025792	14.344877	8.961240
	-0.025799	14.331692	8.918400
	-0.025806	14.389069	8.845760
	-0.025812	14.228037	8.676260
	-0.025819	14.375265	8.598030
	-0.025826	14.284541	8.650180
	-0.025833	14.369225	8.676260
	-0.025840	14.342368	8.819680
	-0.025846	14.354175	8.845760
	-0.025853	14.511398	8.868110
	-0.025860	14.229623	8.780570
	-0.025867	14.330510	8.791740
	-0.025873	14.307604	8.691160
	-0.025880	14.303285	8.549600
	-0.025887	14.373994	8.422940
	-0.025894	14.168615	8.439700
	-0.025901	14.382444	8.422940
	-0.025907	14.490874	8.406180
	-0.025914	14.364473	8.316770
	-0.025921	14.368789	8.348430
	-0.025928	14.422425	8.365200
	-0.025935	14.402476	8.314910
	-0.025941	14.414915	8.188250
	-0.025948	14.307864	7.970320
	-0.025955	14.316476	7.867870
	-0.025962	14.306198	7.717000
	-0.025968	14.392935	7.592170
	-0.025975	14.398577	7.567960
	-0.025982	14.276202	7.556780
	-0.025989	14.386961	7.549330
	-0.025996	14.542214	7.614520
	-0.026002	14.506280	7.646220
	-0.026009	14.521659	7.718860
	-0.026016	14.301887	7.681610
	-0.026023	14.359701	7.601480
	-0.026029	14.167940	7.551190
	-0.026036	14.472546	7.551190
	-0.026043	14.535259	7.633180
	-0.026050	14.217722	7.623840
	-0.026057	14.435649	7.538150
	-0.026063	14.446787	7.502760
	-0.026070	14.507493	7.422670
	-0.026077	14.452661	7.377970
	-0.026084	14.354413	7.452470
	-0.026090	14.460417	7.500900
	-0.026097	14.702271	7.364930
	-0.026104	14.302918	7.292280
	-0.026111	14.662848	7.346300
	-0.026118	14.530352	7.351890
	-0.026124	14.486450	7.348160
	-0.026131	14.441272	7.407770
	-0.026138	14.568802	7.445020
	-0.026145	14.706084	7.482270
	-0.026151	14.759806	7.431980
	-0.026158	14.725260	7.363070
	-0.026165	14.712362	7.249440
	-0.026172	14.601293	7.221500
	-0.026179	14.753075	7.139550
	-0.026185	14.495676	7.178660
	-0.026192	14.417222	7.201020
	-0.026199	14.546604	7.117200
	-0.026206	14.565526	7.219640
	-0.026213	14.706247	7.255030
	-0.026219	14.567548	7.161900
	-0.026226	14.755167	6.949560
	-0.026233	14.718717	6.804270
	-0.026240	14.908767	6.780060
	-0.026246	14.861406	6.841520
	-0.026253	14.681814	6.871330
	-0.026260	14.697278	6.821040
	-0.026267	14.598245	6.860150
	-0.026274	14.676824	7.016610
	-0.026280	14.687624	7.027790
	-0.026287	14.781979	6.904850
	-0.026294	14.675611	6.815450
	-0.026301	14.621834	6.772610
	-0.026307	14.740791	6.804270
	-0.026314	14.802926	6.830350
	-0.026321	14.844043	6.841520
	-0.026328	14.787845	6.772610
	-0.026335	14.753037	6.796820
	-0.026341	14.754100	6.761430
	-0.026348	14.886768	6.768880
	-0.026355	14.845054	6.886230
	-0.026362	14.778863	7.050140
	-0.026368	14.771129	6.960730
	-0.026375	14.949685	6.856430
	-0.026382	14.938743	6.740940
	-0.026389	14.925149	6.720450
	-0.026396	14.783759	6.709280
	-0.026402	14.987080	6.703690
	-0.026409	14.997950	6.642220
	-0.026416	14.869684	6.679470
	-0.026423	14.778860	6.670160
	-0.026430	14.811925	6.586340
	-0.026436	15.018333	6.565850
	-0.026443	14.863547	6.513700
	-0.026450	14.871778	6.517420
	-0.026457	14.856057	6.459680
	-0.026463	14.937840	6.487620
	-0.026470	14.780576	6.668300
	-0.026477	14.941056	6.677610
	-0.026484	15.147019	6.601240
	-0.026491	14.933549	6.550950
	-0.026497	14.930183	6.584480
	-0.026504	14.970134	6.474580
	-0.026511	14.990448	6.394490
	-0.026518	15.138390	6.303220
	-0.026524	14.962398	6.290180
	-0.026531	14.897732	6.267830
	-0.026538	15.084369	6.215680
	-0.026545	15.131443	6.139310
	-0.026552	15.185856	6.077840
	-0.026558	15.024276	5.928830
	-0.026565	14.932424	5.919520
	-0.026572	15.056466	5.964220
	-0.026579	15.008955	5.794720
	-0.026585	15.071958	5.794720
	-0.026592	15.134411	5.843150
	-0.026599	15.074229	5.874810
	-0.026606	15.253982	5.941870
	-0.026613	15.139360	5.938140
	-0.026619	15.144977	5.958630
	-0.026626	15.042753	5.872950
	-0.026633	15.131579	5.781680
	-0.026640	15.076989	5.818930
	-0.026647	15.173163	5.790990
	-0.026653	15.003097	5.738840
	-0.026660	15.210436	5.666200
	-0.026667	15.102163	5.668060
	-0.026674	15.091459	5.587960
	-0.026680	14.977199	5.429640
	-0.026687	15.236077	5.247100
	-0.026694	15.275464	5.083190
	-0.026701	15.215763	5.126030
	-0.026708	15.222008	5.193080
	-0.026714	15.182922	5.129750
	-0.026721	15.338528	5.193080
	-0.026728	15.114738	5.194950
	-0.026735	15.498005	5.101810
	-0.026741	15.218949	4.882020
	-0.026748	15.220557	4.710660
	-0.026755	15.234135	4.556060
	-0.026762	15.312950	4.479690
	-0.026769	15.195966	4.563510
	-0.026775	15.362019	4.639880
	-0.026782	15.244808	4.883880
	-0.026789	15.379230	5.153970
	-0.026796	15.499337	5.269450
	-0.026802	15.669004	5.191220
	-0.026809	15.397093	5.226610
	-0.026816	15.506349	5.403560
	-0.026823	15.492581	5.461300
	-0.026830	15.469507	5.396110
	-0.026836	15.458035	5.411010
	-0.026843	15.598942	5.383070
	-0.026850	15.481579	5.258280
	-0.026857	15.683496	5.032900
	-0.026863	15.407524	4.908100
	-0.026870	15.484118	4.736740
	-0.026877	15.502981	4.645470
	-0.026884	15.483574	4.703210
	-0.026891	15.495662	4.710660
	-0.026897	15.396961	4.792620
	-0.026904	15.558320	4.809380
	-0.026911	15.507441	4.731150
	-0.026918	15.383557	4.721830
	-0.026925	15.469477	4.690170
	-0.026931	15.509707	4.628700
	-0.026938	15.492214	4.595170
	-0.026945	15.526089	4.485280
	-0.026952	15.525995	4.328820
	-0.026958	15.493247	4.282250
	-0.026965	15.314053	4.321370
	-0.026972	15.455374	4.382830
	-0.026979	15.613865	4.377250
	-0.026986	15.476459	4.261760
	-0.026992	15.615697	4.261760
	-0.026999	15.458925	4.304600
	-0.027006	15.644062	4.289700
	-0.027013	15.628064	4.330680
	-0.027019	15.700555	4.408910
	-0.027026	15.880827	4.384700
	-0.027033	15.623047	4.427540
	-0.027040	15.629252	4.481550
	-0.027047	15.764683	4.457340
	-0.027053	15.798328	4.321370
	-0.027060	15.616023	4.211470
	-0.027067	15.925981	4.211470
	-0.027074	15.602976	4.157450
	-0.027080	15.620634	4.116470
	-0.027087	15.808375	4.049420
	-0.027094	15.731349	4.047560
	-0.027101	15.944399	4.198430
	-0.027108	15.811682	4.243130
	-0.027114	15.912343	4.164900
	-0.027121	15.894593	4.021480
	-0.027128	15.762577	3.932070
	-0.027135	16.006029	3.894820
	-0.027142	15.860361	3.719720
	-0.027148	15.754504	3.632170
	-0.027155	15.953874	3.553940
	-0.027162	15.859220	3.449630
	-0.027169	15.985618	3.343460
	-0.027175	16.022516	3.242880
	-0.027182	15.929968	3.062200
	-0.027189	15.845140	2.978380
	-0.027196	16.137265	2.998870
	-0.027203	16.099210	2.896430
	-0.027209	15.858433	2.833100
	-0.027216	16.183275	2.881530
	-0.027223	16.196043	2.864760
	-0.027230	16.176829	2.868490
	-0.027236	16.000276	2.887110
	-0.027243	16.188334	2.993290
	-0.027250	16.360118	3.114360
	-0.027257	16.279592	3.179550
	-0.027264	16.195317	3.200040
	-0.027270	16.343623	3.280130
	-0.027277	16.256858	3.498060
	-0.027284	16.388826	3.688050
	-0.027291	16.540252	3.740210
	-0.027297	16.417943	3.704820
	-0.027304	16.324851	3.593060
	-0.027311	16.475321	3.559530
	-0.027318	16.556198	3.397480
	-0.027325	16.552614	3.362090
	-0.027331	16.459513	3.624720
	-0.027338	16.790760	3.781180
	-0.027345	16.773516	3.928350
	-0.027352	16.840556	3.946970
	-0.027359	16.828166	3.948840
	-0.027365	16.613097	3.987950
	-0.027372	16.836914	4.125790
	-0.027379	16.975111	4.144410
	-0.027386	16.893739	4.125790
	-0.027392	16.838572	4.105300
	-0.027399	17.029134	4.138830
	-0.027406	17.155587	4.032660
	-0.027413	17.085958	3.967460
	-0.027420	16.969819	3.788630
	-0.027426	17.026879	3.656390
	-0.027433	17.119637	3.552080
	-0.027440	16.963426	3.540900
	-0.027447	16.957814	3.600510
	-0.027453	17.089119	3.734620
	-0.027460	16.977357	3.708540
	-0.027467	17.048431	3.518550
	-0.027474	17.121936	3.397480
	-0.027481	17.091777	3.332290
	-0.027487	17.155471	3.341600
	-0.027494	17.177838	3.535320
	-0.027501	17.266161	3.624720
	-0.027508	17.251434	3.729030
	-0.027514	17.153299	3.770010
	-0.027521	17.374740	3.771870
	-0.027528	17.067811	3.760700
	-0.027535	17.109574	3.736480
	-0.027542	17.168054	3.723440
	-0.027548	17.201771	3.650800
	-0.027555	17.128667	3.680600
	-0.027562	17.122687	3.710400
	-0.027569	17.403528	3.762560
	-0.027575	17.320676	3.611680
	-0.027582	17.160925	3.561390
	-0.027589	17.329360	3.583740
	-0.027596	17.218913	3.598640
	-0.027603	17.470831	3.747660
	-0.027609	17.395891	3.838940
	-0.027616	17.398171	3.827760
	-0.027623	17.421963	3.699230
	-0.027630	17.252879	3.533450
	-0.027637	17.073933	3.494340
	-0.027643	17.427324	3.602370
	-0.027650	17.211972	3.676880
	-0.027657	17.336199	3.667560
	-0.027664	17.387961	3.660110
	-0.027670	17.339111	3.667560
	-0.027677	17.387354	3.552080
	-0.027684	17.337105	3.563250
	-0.027691	17.578932	3.522280
	-0.027698	17.558002	3.455220
	-0.027704	17.520825	3.309930
	-0.027711	17.465675	3.270820
	-0.027718	17.248196	3.311800
	-0.027725	17.472162	3.330420
	-0.027731	17.472535	3.187000
	-0.027738	17.420626	3.043580
	-0.027745	17.496756	3.034260
	-0.027752	17.284345	3.039850
	-0.027759	17.448309	2.998870
	-0.027765	17.487834	3.054750
	-0.027772	17.407714	3.103180
	-0.027779	17.567827	3.196310
	-0.027786	17.465100	3.332290
	-0.027792	17.539445	3.408660
	-0.027799	17.543814	3.490610
	-0.027806	17.493772	3.419830
	-0.027813	17.599693	3.302480
	-0.027820	17.609193	3.296900
	-0.027826	17.417040	3.255920
	-0.027833	17.421997	3.134850
	-0.027840	17.680172	3.211210
	-0.027847	17.619095	3.175820
	-0.027854	17.624376	3.205630
	-0.027860	17.618883	3.295030
	-0.027867	17.898467	3.242880
	-0.027874	17.536588	3.213080
	-0.027881	17.771662	3.246610
	-0.027887	17.577064	3.276410
	-0.027894	17.624635	3.302480
	-0.027901	17.659403	3.157200
	-0.027908	17.715885	3.097590
	-0.027915	17.481568	3.181410
	-0.027921	17.855020	3.177690
	-0.027928	17.704015	3.013770
	-0.027935	17.811450	2.892700
	-0.027942	17.666335	2.797710
	-0.027948	17.830178	2.756730
	-0.027955	17.778769	2.639380
	-0.027962	17.763290	2.607720
	-0.027969	17.910726	2.559290
	-0.027976	17.773956	2.469880
	-0.027982	17.814570	2.490370
	-0.027989	17.914194	2.594680
	-0.027996	17.799909	2.538800
	-0.028003	17.894971	2.451260
	-0.028009	18.043280	2.453120
	-0.028016	17.895364	2.585370
	-0.028023	17.785787	2.672910
	-0.028030	17.857698	2.572330
	-0.028037	17.890407	2.462430
	-0.028043	17.893921	2.535070
	-0.028050	18.015484	2.611440
	-0.028057	18.013218	3.479440
	-0.028064	17.833206	9.182900
	-0.028071	19.486530	13.211800
	-0.028077	22.446919	15.022300
	-0.028084	22.326207	15.800900
	-0.028091	22.309356	16.002100
	-0.028098	22.298270	16.054300
	-0.028104	22.455316	16.024500
	-0.028111	22.325569	16.072900
	-0.028118	22.415244	16.093400
	-0.028125	22.504285	16.007700
	-0.028132	22.217562	16.009600
	-0.028138	22.396720	15.923900
	-0.028145	22.473279	15.923900
	-0.028152	22.485489	15.851200
	-0.028159	22.342940	15.700400
	-0.028165	22.558278	15.635200
	-0.028172	22.283168	15.597900
	-0.028179	22.454780	15.484300
	-0.028186	22.520933	15.441400
	-0.028193	22.451589	15.566200
	-0.028199	22.515075	15.678000
	-0.028206	22.827487	15.771100
	-0.028213	22.524530	15.881000
	-0.028220	22.635856	16.017000
	-0.028226	22.532604	16.018900
	-0.028233	22.815534	16.007700
	-0.028240	22.874213	15.864300
	-0.028247	22.898809	15.780400
	-0.028254	22.840332	15.812100
	-0.028260	22.764821	15.832600
	-0.028267	22.915108	15.858700
	-0.028274	22.751815	15.832600
	-0.028281	22.647121	16.704300
	-0.028288	22.867899	17.890800
	-0.028294	24.243609	18.544600
	-0.028301	24.352210	18.682400
	-0.028308	24.277136	18.684300
	-0.028315	24.223478	18.671300
	-0.028321	24.470540	18.662000
	-0.028328	24.313694	18.699200
	-0.028335	24.277633	18.665700
	-0.028342	24.543164	18.619100
	-0.028349	24.472795	18.580000
	-0.028355	24.449779	18.678700
	-0.028362	24.587845	18.855700
	-0.028369	24.614478	18.840800
	-0.028376	24.658974	18.764400
	-0.028382	24.748221	18.721600
	-0.028389	24.477208	18.745800
	-0.028396	24.515133	18.745800
	-0.028403	24.494090	18.621000
	-0.028410	24.611992	18.613500
	-0.028416	24.465868	18.635900
	-0.028423	24.572323	18.604200
	-0.028430	24.519004	18.632200
	-0.028437	24.492695	18.675000
	-0.028443	24.355034	18.734600
	-0.028450	24.633184	18.712200
	-0.028457	24.690619	18.742100
	-0.028464	24.716879	18.906000
	-0.028471	24.815899	18.958100
	-0.028477	24.858361	18.978600
	-0.028484	24.836304	18.939500
	-0.028491	24.745317	22.716900
	-0.028498	24.736889	28.906500
	-0.028504	30.765689	32.391600
	-0.028511	30.697538	33.952500
	-0.028518	30.762174	34.587700
	-0.028525	30.702542	34.692000
	-0.028532	30.735127	34.738600
	-0.028538	30.806576	34.980700
	-0.028545	30.870201	35.150200
	-0.028552	30.966686	35.157700
	-0.028559	31.036403	35.140900
	-0.028566	30.964931	35.142800
	-0.028572	31.054029	35.202400
	-0.028579	30.980078	35.301100
	-0.028586	31.053567	35.357000
	-0.028593	30.991915	35.275000
	-0.028599	31.186757	35.330900
	-0.028606	31.120792	35.357000
	-0.028613	31.157783	35.388600
	-0.028620	31.040625	35.414700
	-0.028627	31.188633	35.401700
	-0.028633	31.029244	35.375600
	-0.028640	31.124638	35.357000
	-0.028647	31.227050	35.366300
	-0.028654	31.116258	35.345800
	-0.028660	31.270538	35.377500
	-0.028667	31.312367	35.422200
	-0.028674	31.191222	35.547000
	-0.028681	31.375713	35.494800
	-0.028688	31.342592	35.517200
	-0.028694	31.437550	35.880400
	-0.028701	32.227926	36.282700
	-0.028708	32.388832	36.435400
	-0.028715	32.371538	36.442900
	-0.028721	32.546389	36.593800
	-0.028728	32.578951	36.699900
	-0.028735	32.807822	36.660800
	-0.028742	32.836641	36.726000
	-0.028749	32.915393	36.832200
	-0.028755	32.735337	36.873200
	-0.028762	32.722334	36.862000
	-0.028769	32.890664	36.832200
	-0.028776	32.753084	36.848900
	-0.028783	32.834190	36.921600
	-0.028789	33.016125	37.022200
	-0.028796	33.007717	37.193500
	-0.028803	32.910055	37.262400
	-0.028810	33.099574	37.296000
	-0.028816	33.004636	37.426400
	-0.028823	32.977771	37.513900
	-0.028830	32.953081	37.446900
	-0.028837	32.885726	37.445000
	-0.028844	33.028904	37.443100
	-0.028850	32.935704	37.409600
	-0.028857	33.045745	37.357400
	-0.028864	32.939699	37.290400
	-0.028871	33.055512	37.312700
	-0.028877	33.124961	37.312700
	-0.028884	32.725088	37.303400
	-0.028891	32.975862	37.445000
	-0.028898	33.205446	37.534400
	-0.028905	33.192078	37.484100
	-0.028911	33.039103	37.493400
	-0.028918	33.147303	37.581000
	-0.028925	33.379404	37.569800
	-0.028932	33.298384	37.564200
	-0.028938	33.195554	37.579100
	-0.028945	33.340244	37.621900
	-0.028952	33.241274	37.567900
	-0.028959	33.430410	37.590300
	-0.028966	33.468327	37.672200
	-0.028972	33.456742	37.614500
	-0.028979	33.570651	37.439400
	-0.028986	33.267067	37.331400
	-0.028993	33.348315	37.266200
	-0.029000	33.343255	37.275500
	-0.029006	33.378302	37.316500
	-0.029013	33.483400	37.417000
	-0.029020	33.470181	37.411500
	-0.029027	33.468930	37.409600
	-0.029033	33.607242	37.489700
	-0.029040	33.593410	37.567900
	-0.029047	33.579899	37.592100
	-0.029054	33.547740	37.549300
	-0.029061	33.603979	37.446900
	-0.029067	33.692026	37.342500
	-0.029074	33.581302	37.353700
	-0.029081	33.647944	37.471100
	-0.029088	33.718540	37.430100
	-0.029094	33.706601	37.225200
	-0.029101	33.644601	37.074300
	-0.029108	33.685138	36.958800
	-0.029115	33.565188	36.843400
	-0.029122	33.574735	36.817300
	-0.029128	33.729689	37.240100
	-0.029135	33.527271	40.984000
	-0.029142	35.843087	44.044300
	-0.029149	37.942996	45.499100
	-0.029155	37.996375	46.044800
	-0.029162	37.932062	46.380100
	-0.029169	37.960502	46.571900
	-0.029176	37.906872	46.722800
	-0.029183	37.891073	46.814100
	-0.029189	37.930532	46.858800
	-0.029196	38.006593	46.853200
	-0.029203	38.128749	46.834600
	-0.029210	37.995681	46.873700
	-0.029216	38.025177	46.838300
	-0.029223	37.939978	46.754500
	-0.029230	37.904772	48.011800
	-0.029237	38.017736	50.168700
	-0.029244	42.099243	51.284400
	-0.029250	41.823013	51.727800
	-0.029257	41.941888	51.806000
	-0.029264	42.188042	51.901000
	-0.029271	42.175351	51.778000
	-0.029278	41.946353	51.725900
	-0.029284	41.862486	51.712900
	-0.029291	41.962710	51.673700
	-0.029298	42.192844	51.766900
	-0.029305	42.093405	51.848800
	-0.029311	42.179092	51.902800
	-0.029318	41.936903	51.964300
	-0.029325	42.124713	51.923300
	-0.029332	41.815034	52.023900
	-0.029339	42.060229	52.241800
	-0.029345	42.117971	52.320100
	-0.029352	42.046184	52.318200
	-0.029359	42.202434	52.314500
	-0.029366	42.103327	52.346100
	-0.029372	42.042938	52.320100
	-0.029379	42.306814	52.348000
	-0.029386	42.247494	52.342400
	-0.029393	42.282974	52.282800
	-0.029400	42.341225	52.297700
	-0.029406	42.245372	52.431800
	-0.029413	42.263113	52.526800
	-0.029420	42.003020	52.549200
	-0.029427	42.038625	52.465400
	-0.029433	42.119344	52.381500
	-0.029440	42.225199	52.318200
	-0.029447	42.235060	52.366600
	-0.029454	42.142601	52.327500
	-0.029461	42.060685	52.409500
	-0.029467	41.975597	52.489600
	-0.029474	42.121253	52.526800
	-0.029481	42.056521	52.614400
	-0.029488	42.260414	52.629300
	-0.029495	42.012249	52.541700
	-0.029501	42.090260	52.735400
	-0.029508	42.202064	52.960800
	-0.029515	42.186527	53.005500
	-0.029522	42.491216	52.981300
	-0.029528	42.273491	52.923600
	-0.029535	42.205708	52.899400
	-0.029542	42.342606	52.819300
	-0.029549	42.373121	52.839800
	-0.029556	42.334350	52.936600
	-0.029562	42.427382	52.901200
	-0.029569	42.295621	52.800600
	-0.029576	42.386635	52.677700
	-0.029583	42.360616	52.603200
	-0.029589	42.256844	52.715000
	-0.029596	42.300832	52.830400
	-0.029603	42.484486	52.867700
	-0.029610	42.234726	52.813700
	-0.029617	42.291285	52.620000
	-0.029623	42.356305	52.530600
	-0.029630	42.416526	52.565900
	-0.029637	42.602470	52.642300
	-0.029644	42.692352	52.715000
	-0.029650	42.761257	52.824800
	-0.029657	42.526898	52.912400
	-0.029664	42.672980	52.959000
	-0.029671	42.662774	53.100500
	-0.029678	42.620878	53.268200
	-0.029684	42.576285	53.355700
	-0.029691	42.675984	53.413400
	-0.029698	42.703821	53.433900
	-0.029705	42.563470	53.353800
	-0.029712	42.746383	53.327800
	-0.029718	42.805230	53.311000
	-0.029725	42.832046	53.363200
	-0.029732	42.740893	53.255100
	-0.029739	42.735991	53.232800
	-0.029745	42.809737	53.329600
	-0.029752	42.902498	53.486100
	-0.029759	42.760005	53.517800
	-0.029766	42.945590	53.476800
	-0.029773	42.860969	53.396700
	-0.029779	42.941783	53.424600
	-0.029786	42.974986	53.467500
	-0.029793	42.794101	53.424600
	-0.029800	42.938658	53.452600
	-0.029806	42.977699	53.519600
	-0.029813	42.929877	53.542000
	-0.029820	42.823726	53.528900
	-0.029827	42.807761	53.473000
	-0.029834	43.033032	53.489800
	-0.029840	42.824892	53.592300
	-0.029847	42.749425	53.730100
	-0.029854	42.856302	53.832500
	-0.029861	42.922218	53.929400
	-0.029867	42.835602	53.927500
	-0.029874	42.688981	53.815800
	-0.029881	42.837572	53.754300
	-0.029888	42.915125	53.594100
	-0.029895	42.928553	53.532700
	-0.029901	42.751332	53.564300
	-0.029908	42.723436	53.642600
	-0.029915	42.885035	53.655600
	-0.029922	42.780432	53.663000
	-0.029928	42.858447	53.545700
	-0.029935	42.911599	53.549400
	-0.029942	42.901185	53.596000
	-0.029949	42.787149	53.650000
	-0.029956	42.833723	53.771100
	-0.029962	42.959118	53.799000
	-0.029969	42.784825	53.741300
	-0.029976	42.863359	53.676100
	-0.029983	42.986406	53.549400
	-0.029990	42.967352	53.614600
	-0.029996	42.732596	53.622100
	-0.030003	42.773102	53.536400
	-0.030010	42.775431	53.629500
	-0.030017	42.770549	53.640700
	-0.030023	42.872378	53.469300
	-0.030030	42.855811	53.318500
	-0.030037	42.967628	53.148900
	-0.030044	42.809436	53.055800
	-0.030051	42.924312	52.847200
	-0.030057	43.271607	52.660900
	-0.030064	43.496331	52.437400
	-0.030071	43.719996	52.202700
	-0.030078	43.712964	52.040700
	-0.030084	43.572917	52.023900
	-0.030091	43.555802	52.023900
	-0.030098	43.585582	51.996000
	-0.030105	43.631786	52.037000
	-0.030112	43.596648	52.105900
	-0.030118	43.696742	52.273500
	-0.030125	43.717520	52.389000
	-0.030132	43.611547	52.377800
	-0.030139	43.715791	52.409500
	-0.030145	43.841399	52.396400
	-0.030152	43.820336	52.370400
	-0.030159	43.758883	52.374100
	-0.030166	43.733311	52.457900
	-0.030173	43.798613	52.290300
	-0.030179	43.862343	52.262300
	-0.030186	43.763337	52.430000
	-0.030193	43.793894	52.653500
	-0.030200	43.809665	52.841600
	-0.030207	43.904824	52.726100
	-0.030213	43.913531	52.633000
	-0.030220	44.069131	52.532400
	-0.030227	43.945737	52.426200
	-0.030234	43.783419	52.405800
	-0.030240	44.007717	52.424400
	-0.030247	43.946983	52.586400
	-0.030254	43.763450	52.631100
	-0.030261	43.760878	52.660900
	-0.030268	43.740153	52.774600
	-0.030274	43.975536	52.793200
	-0.030281	43.950191	52.821100
	-0.030288	43.975851	52.932900
	-0.030295	43.995328	53.026000
	-0.030301	43.762826	53.039100
	-0.030308	43.827898	53.033500
	-0.030315	43.875757	53.018600
	-0.030322	44.009723	52.951500
	-0.030329	43.894275	52.808100
	-0.030335	43.883919	52.677700
	-0.030342	43.914418	52.633000
	-0.030349	44.049235	52.767100
	-0.030356	44.051434	52.819300
	-0.030362	43.983242	53.201100
	-0.030369	44.133690	53.558700
	-0.030376	44.412284	53.618300
	-0.030383	44.531847	53.780400
	-0.030390	44.539036	53.812100
	-0.030396	44.572580	53.817600
	-0.030403	44.417805	53.990900
	-0.030410	44.528172	53.933100
	-0.030417	44.394361	53.981600
	-0.030424	44.576354	53.927500
	-0.030430	44.428222	53.888400
	-0.030437	44.506164	53.894000
	-0.030444	44.726545	53.830700
	-0.030451	44.415404	53.683500
	-0.030457	44.364293	53.668600
	-0.030464	44.395038	53.752400
	-0.030471	44.378321	53.718900
	-0.030478	44.377796	53.666800
	-0.030485	44.453050	53.454400
	-0.030491	44.455841	53.309100
	-0.030498	44.546541	53.240200
	-0.030505	44.675431	53.270000
	-0.030512	44.521273	53.331500
	-0.030518	44.391692	53.337100
	-0.030525	44.550470	53.214100
	-0.030532	44.518449	53.260700
	-0.030539	44.645645	53.301700
	-0.030546	44.632761	53.299800
	-0.030552	44.396764	53.368700
	-0.030559	44.565852	53.359400
	-0.030566	44.498107	53.357600
	-0.030573	44.567344	53.385500
	-0.030579	44.623431	53.283100
	-0.030586	44.512179	53.199200
	-0.030593	44.415675	53.121000
	-0.030600	44.543769	53.104200
	-0.030607	44.518429	52.988800
	-0.030613	44.532980	52.994300
	-0.030620	44.571469	53.087500
	-0.030627	44.503769	53.184300
	-0.030634	44.442951	53.253300
	-0.030640	44.338475	53.309100
	-0.030647	44.475782	53.422800
	-0.030654	44.689500	53.482400
	-0.030661	44.594822	53.454400
	-0.030668	44.537599	53.471200
	-0.030674	44.464564	53.471200
	-0.030681	44.622068	53.488000
	-0.030688	44.770944	53.620200
	-0.030695	44.540564	53.754300
	-0.030702	44.623566	53.845600
	-0.030708	44.499166	53.856800
	-0.030715	44.604692	53.882800
	-0.030722	44.443797	53.847400
	-0.030729	44.665316	53.879100
	-0.030735	44.549166	53.918200
	-0.030742	44.520552	53.972200
	-0.030749	44.613862	53.968500
	-0.030756	44.655921	53.944300
	-0.030763	44.569388	53.944300
	-0.030769	44.789409	54.037400
	-0.030776	44.597229	54.164100
	-0.030783	44.670314	54.285200
	-0.030790	45.032919	54.363400
	-0.030796	45.060381	54.475200
	-0.030803	45.131960	54.450900
	-0.030810	45.012671	54.404400
	-0.030817	45.151702	54.283300
	-0.030824	45.344112	54.214400
	-0.030830	45.140578	54.197600
	-0.030837	45.144772	54.298200
	-0.030844	45.003059	54.421100
	-0.030851	45.022334	54.519900
	-0.030857	45.095897	54.531000
	-0.030864	45.078324	54.551500
	-0.030871	45.167548	54.454700
	-0.030878	45.307195	54.380200
	-0.030885	45.140567	54.423000
	-0.030891	45.277760	54.540300
	-0.030898	45.324685	54.609300
	-0.030905	45.318424	54.609300
	-0.030912	45.330145	54.609300
	-0.030919	45.299679	54.609300
	-0.030925	45.137083	54.609300
	-0.030932	45.453893	54.609300
	-0.030939	45.370596	54.488200
	-0.030946	45.411351	54.383900
	-0.030952	45.421858	54.367100
	-0.030959	45.495358	54.443500
	-0.030966	45.289398	54.579500
	-0.030973	45.277545	54.609300
	-0.030980	45.456524	54.609300
	-0.030986	45.314423	54.609300
	-0.030993	45.341302	54.609300
	-0.031000	45.430579	54.598100
	-0.031007	45.335301	54.609300
	-0.031013	45.328711	54.609300
	-0.031020	45.363754	54.609300
	-0.031027	45.310776	54.609300
	-0.031034	45.600638	54.609300
	-0.031041	45.346270	54.600000
	-0.031047	45.128285	54.594400
	-0.031054	45.317860	54.573900
	-0.031061	45.243891	54.488200
	-0.031068	45.312171	54.514300
	-0.031074	45.456203	54.609300
	-0.031081	45.399666	54.609300
	-0.031088	45.361903	54.609300
	-0.031095	45.401213	54.609300
	-0.031102	45.312108	54.609300
	-0.031108	45.438561	54.609300
	-0.031115	45.433123	54.609300
	-0.031122	45.377072	54.609300
	-0.031129	45.313415	54.609300
	-0.031136	45.424055	54.609300
	-0.031142	45.506645	54.553400
	-0.031149	45.387939	54.477000
	-0.031156	45.468106	54.406200
	-0.031163	45.379719	54.449100
	-0.031169	45.384820	54.374600
	-0.031176	45.388509	54.225600
	-0.031183	45.594383	54.175300
	-0.031190	45.380476	54.279600
	-0.031197	45.469421	54.411800
	-0.031203	45.258806	54.380200
	-0.031210	45.493452	54.309400
	-0.031217	45.428744	54.184600
	-0.031224	45.496593	54.071000
	-0.031230	45.491752	54.147300
	-0.031237	45.578885	54.128700
	-0.031244	45.330230	54.199500
	-0.031251	45.366487	54.292600
	-0.031258	45.412682	54.296300
	-0.031264	45.380595	54.303800
	-0.031271	45.633203	54.214400
	-0.031278	45.495027	54.179000
	-0.031285	45.329125	54.205100
	-0.031291	45.504164	54.285200
	-0.031298	45.374373	54.225600
	-0.031305	45.508588	54.197600
	-0.031312	45.799077	54.171500
	-0.031319	45.671162	54.240500
	-0.031325	45.603614	54.251600
	-0.031332	45.651514	54.093300
	-0.031339	45.693595	54.158500
	-0.031346	45.593250	54.221800
	-0.031353	45.706286	54.266500
	-0.031359	45.721673	54.292600
	-0.031366	45.671408	54.301900
	-0.031373	45.744059	54.246000
	-0.031380	45.830824	54.175300
	-0.031386	45.690932	54.149200
	-0.031393	45.807236	54.186400
	-0.031400	45.744106	54.260900
	-0.031407	45.820303	54.370800
	-0.031414	45.809853	54.510500
	-0.031420	45.874069	54.441600
	-0.031427	45.717802	54.272100
	-0.031434	45.856731	54.210700
	-0.031441	45.711845	54.253500
	-0.031447	45.896601	54.283300
	-0.031454	45.802746	54.324300
	-0.031461	45.942844	54.214400
	-0.031468	45.759223	54.229300
	-0.031475	45.860906	54.350400
	-0.031481	45.795563	54.348500
	-0.031488	45.964188	54.292600
	-0.031495	45.912171	54.274000
	-0.031502	45.751956	54.229300
	-0.031508	45.933057	54.244200
	-0.031515	45.885920	54.111900
	-0.031522	45.890374	53.961100
	-0.031529	45.808576	54.074700
	-0.031536	45.855899	54.145500
	-0.031542	45.818698	54.184600
	-0.031549	45.823746	54.197600
	-0.031556	45.914614	54.287000
	-0.031563	45.942084	54.426700
	-0.031569	45.888334	54.441600
	-0.031576	46.049359	54.400600
	-0.031583	45.979280	54.491900
	-0.031590	45.819129	54.477000
	-0.031597	46.069225	54.454700
	-0.031603	45.854888	54.380200
	-0.031610	46.021411	54.432300
	-0.031617	45.966661	54.609300
	-0.031624	45.997936	54.609300
	-0.031631	46.000041	54.609300
	-0.031637	45.767363	54.609300
	-0.031644	45.897513	54.609300
	-0.031651	45.810547	54.609300
	-0.031658	45.894308	54.609300
	-0.031664	45.864675	54.609300
	-0.031671	46.000707	54.581300
	-0.031678	46.026044	54.577600
	-0.031685	45.896148	54.570100
	-0.031692	46.007095	54.400600
	-0.031698	45.964069	54.266500
	-0.031705	46.027719	54.166000
	-0.031712	46.040291	54.225600
	-0.031719	46.136102	54.104500
	-0.031725	46.036547	53.903300
	-0.031732	46.181501	53.823200
	-0.031739	46.337832	53.763600
	-0.031746	46.003702	53.564300
	-0.031753	46.061715	53.292400
	-0.031759	46.150066	53.016700
	-0.031766	45.940868	53.104200
	-0.031773	46.167366	53.311000
	-0.031780	46.065183	53.420900
	-0.031786	45.926962	53.573600
	-0.031793	46.202998	53.709600
	-0.031800	46.164371	53.739400
	-0.031807	46.075666	53.637000
	-0.031814	46.017261	53.398500
	-0.031820	46.235453	53.283100
	-0.031827	45.992639	53.152700
	-0.031834	46.088323	53.258800
	-0.031841	46.182996	53.510300
	-0.031848	45.915548	53.627600
	-0.031854	46.027379	53.772900
	-0.031861	46.237975	53.843700
	-0.031868	46.181720	53.910800
	-0.031875	46.201522	53.867900
	-0.031881	46.168590	53.882800
	-0.031888	46.162544	53.895900
	-0.031895	46.118780	53.828800
	-0.031902	46.230410	53.739400
	-0.031909	45.986594	53.609000
	-0.031915	46.134980	53.627600
