	0.049617	-0.137412	41.557700
	0.047700	0.033339	41.473900
	0.045783	-0.302523	41.269000
	0.043866	-0.080797	40.857400
	0.041949	0.038238	40.401000
	0.040033	0.041039	40.052700
	0.038116	0.148257	39.663400
	0.036199	0.123118	39.281600
	0.034282	0.579531	38.799100
	0.032365	0.498873	38.260800
	0.030448	0.501525	37.780300
	0.028531	0.509964	37.243800
	0.026614	0.831043	36.591900
	0.024698	0.986204	35.899000
	0.022781	0.838509	35.103600
	0.020864	0.886210	34.328800
	0.018947	1.076992	33.522300
	0.017030	1.248635	32.807000
	0.015113	1.354366	31.970700
	0.013196	1.527340	31.050500
	0.011279	1.612738	30.020400
	0.009363	1.821762	28.979100
	0.007446	2.073958	27.904400
	0.005529	2.171939	26.781200
	0.003612	2.184328	25.566800
	0.001695	2.568836	24.249900
	-0.000222	2.617692	22.929300
	-0.002139	2.711179	21.426100
	-0.004056	2.937177	19.828000
	-0.005972	3.438837	18.229800
	-0.007889	3.760444	16.261000
	-0.009806	3.883325	13.969900
	-0.011723	4.078633	11.436700
	-0.013640	4.851163	8.599890
	-0.015557	5.215749	5.433370
	-0.017474	5.536411	1.654040
	-0.019391	6.270936	-3.121810
	-0.021307	7.657419	-8.227360
	-0.023224	8.496701	-14.083500
	-0.025141	9.706993	-20.142800
	-0.025141	11.300484	-24.179100
	-0.025148	13.744612	-25.969100
	-0.025155	14.017230	-26.663900
	-0.025161	14.128683	-26.783100
	-0.025168	14.135115	-26.839000
	-0.025175	14.096253	-26.874400
	-0.025182	14.174608	-26.984300
	-0.025189	14.191310	-27.178000
	-0.025195	14.086547	-27.472300
	-0.025202	14.058919	-27.552400
	-0.025209	14.225663	-27.522600
	-0.025216	14.167222	-27.641800
	-0.025223	14.186522	-27.714400
	-0.025229	14.375122	-27.911900
	-0.025236	14.095643	-27.904400
	-0.025243	14.179247	-27.826200
	-0.025250	14.225754	-27.831800
	-0.025256	14.249113	-27.960300
	-0.025263	14.148160	-27.936100
	-0.025270	14.349784	-27.962100
	-0.025277	14.190937	-28.068300
	-0.025284	14.228689	-28.122300
	-0.025290	14.113730	-28.217300
	-0.025297	13.989727	-28.291800
	-0.025304	14.154529	-28.340300
	-0.025311	14.154178	-28.427800
	-0.025317	14.133137	-28.424100
	-0.025324	14.047113	-28.565600
	-0.025331	14.179269	-28.653200
	-0.025338	14.000011	-28.623400
	-0.025345	14.099848	-28.681100
	-0.025351	14.218338	-28.733300
	-0.025358	14.112674	-28.701600
	-0.025365	14.284201	-28.591700
	-0.025372	13.995571	-28.608500
	-0.025378	14.328796	-28.597300
	-0.025385	14.061212	-28.662500
	-0.025392	14.184944	-28.580500
	-0.025399	14.089169	-28.584300
	-0.025406	14.254216	-28.578700
	-0.025412	14.239652	-28.597300
	-0.025419	14.164780	-28.619700
	-0.025426	14.037807	-28.589900
	-0.025433	14.079747	-28.485500
	-0.025439	14.027122	-28.506000
	-0.025446	14.216092	-28.511600
	-0.025453	14.236851	-28.353300
	-0.025460	14.077951	-28.308600
	-0.025467	14.282819	-28.308600
	-0.025473	14.328183	-28.306700
	-0.025480	14.327752	-28.323500
	-0.025487	14.032764	-28.275100
	-0.025494	14.223779	-28.209900
	-0.025501	14.260671	-28.329100
	-0.025507	14.287506	-28.390600
	-0.025514	14.107322	-28.439000
	-0.025521	14.469261	-28.489300
	-0.025528	14.286480	-28.485500
	-0.025534	14.245499	-28.502300
	-0.025541	14.222693	-28.498600
	-0.025548	14.224232	-28.589900
	-0.025555	14.281438	-28.645700
	-0.025562	14.213097	-28.630800
	-0.025568	14.140813	-28.643900
	-0.025575	14.365487	-28.753800
	-0.025582	14.104639	-28.710900
	-0.025589	14.310571	-28.602900
	-0.025595	14.253777	-28.675500
	-0.025602	14.276141	-28.869300
	-0.025609	14.297251	-28.958700
	-0.025616	14.261406	-29.003400
	-0.025623	14.346201	-28.982900
	-0.025629	14.323668	-28.977300
	-0.025636	14.161270	-29.072300
	-0.025643	14.313564	-29.010800
	-0.025650	14.214517	-28.979100
	-0.025656	14.217288	-28.975400
	-0.025663	14.370040	-28.975400
	-0.025670	14.162127	-28.994100
	-0.025677	14.237887	-29.022000
	-0.025684	14.193029	-29.025700
	-0.025690	14.221571	-29.003400
	-0.025697	14.219043	-28.943800
	-0.025704	14.204683	-28.960500
	-0.025711	14.282681	-28.910200
	-0.025718	14.353573	-28.919500
	-0.025724	14.161049	-28.945600
	-0.025731	14.266879	-29.035000
	-0.025738	14.130894	-29.010800
	-0.025745	14.242252	-29.044300
	-0.025751	14.079379	-29.009000
	-0.025758	14.365003	-29.090900
	-0.025765	14.181178	-29.146800
	-0.025772	14.309295	-29.215700
	-0.025779	14.077680	-29.264100
	-0.025785	14.262558	-29.372200
	-0.025792	14.275594	-29.288300
	-0.025799	14.340133	-29.230600
	-0.025806	14.338006	-29.212000
	-0.025812	14.297408	-29.182200
	-0.025819	14.137895	-29.223200
	-0.025826	13.993648	-29.215700
	-0.025833	14.112895	-29.271600
	-0.025840	14.185411	-29.340500
	-0.025846	14.357314	-29.524900
	-0.025853	14.369999	-29.593800
	-0.025860	14.294756	-29.619900
	-0.025867	14.232095	-29.573300
	-0.025873	14.353180	-29.526800
	-0.025880	14.362865	-29.584500
	-0.025887	14.230020	-29.670200
	-0.025894	14.178772	-29.742800
	-0.025901	14.200671	-29.862000
	-0.025907	14.235975	-29.927200
	-0.025914	14.373572	-29.847100
	-0.025921	14.424036	-29.668300
	-0.025928	14.339221	-29.588200
	-0.025935	14.315992	-29.612400
	-0.025941	14.317636	-29.765200
	-0.025948	14.446090	-29.828500
	-0.025955	14.396104	-29.785700
	-0.025962	14.353760	-29.798700
	-0.025968	14.431501	-29.811800
	-0.025975	14.393615	-29.752100
	-0.025982	14.290418	-29.694400
	-0.025989	14.274829	-29.720500
	-0.025996	14.136859	-29.759600
	-0.026002	14.334527	-29.750300
	-0.026009	14.245225	-29.705600
	-0.026016	14.492117	-29.679500
	-0.026023	14.496856	-29.644100
	-0.026029	14.325124	-29.562200
	-0.026036	14.367601	-29.595700
	-0.026043	14.352575	-29.547300
	-0.026050	14.498538	-29.407600
	-0.026057	14.420118	-29.426200
	-0.026063	14.380228	-29.530500
	-0.026070	14.466537	-29.547300
	-0.026077	14.466645	-29.549100
	-0.026084	14.461262	-29.558400
	-0.026090	14.508731	-29.552800
	-0.026097	14.345278	-29.418700
	-0.026104	14.403343	-29.372200
	-0.026111	14.290929	-29.480200
	-0.026118	14.584298	-29.593800
	-0.026124	14.403904	-29.649700
	-0.026131	14.369819	-29.692500
	-0.026138	14.423663	-29.767000
	-0.026145	14.494007	-29.688800
	-0.026151	14.622350	-29.655300
	-0.026158	14.296905	-29.610600
	-0.026165	14.326152	-29.545400
	-0.026172	14.540172	-29.524900
	-0.026179	14.380778	-29.578900
	-0.026185	14.301600	-29.642300
	-0.026192	14.519311	-29.722300
	-0.026199	14.446546	-29.727900
	-0.026206	14.459132	-29.711200
	-0.026213	14.594363	-29.646000
	-0.026219	14.548328	-29.660900
	-0.026226	14.430222	-29.713000
	-0.026233	14.579388	-29.606900
	-0.026240	14.530230	-29.564000
	-0.026246	14.475553	-29.672100
	-0.026253	14.573574	-29.744700
	-0.026260	14.498967	-29.871400
	-0.026267	14.608985	-29.875100
	-0.026274	14.581827	-29.824800
	-0.026280	14.385632	-29.703700
	-0.026287	14.612624	-29.778200
	-0.026294	14.455305	-29.854600
	-0.026301	14.545565	-29.971900
	-0.026307	14.631275	-29.992400
	-0.026314	14.574655	-30.009200
	-0.026321	14.627597	-29.994300
	-0.026328	14.473511	-30.068800
	-0.026335	14.519723	-29.958900
	-0.026341	14.491302	-29.800600
	-0.026348	14.595604	-29.688800
	-0.026355	14.557231	-29.593800
	-0.026362	14.510889	-29.625500
	-0.026368	14.525561	-29.690700
	-0.026375	14.621240	-29.741000
	-0.026382	14.475240	-29.796900
	-0.026389	14.471041	-29.828500
	-0.026396	14.433057	-29.916100
	-0.026402	14.600229	-30.046400
	-0.026409	14.456308	-30.227100
	-0.026416	14.503675	-30.337000
	-0.026423	14.318289	-30.411500
	-0.026430	14.595598	-30.344500
	-0.026436	14.476478	-30.147000
	-0.026443	14.431546	-30.089300
	-0.026450	14.525127	-30.119100
	-0.026457	14.466821	-30.104200
	-0.026463	14.514409	-30.134000
	-0.026470	14.388174	-30.081800
	-0.026477	14.506001	-30.195500
	-0.026484	14.598218	-30.335200
	-0.026491	14.449196	-30.502800
	-0.026497	14.623809	-30.685400
	-0.026504	14.717368	-30.719000
	-0.026511	14.603912	-30.726400
	-0.026518	14.491183	-30.797200
	-0.026524	14.607916	-30.683600
	-0.026531	14.432601	-30.698500
	-0.026538	14.600884	-30.612800
	-0.026545	14.698969	-30.633300
	-0.026552	14.501547	-30.702200
	-0.026558	14.568092	-30.737600
	-0.026565	14.364050	-30.845600
	-0.026572	14.557662	-30.864300
	-0.026579	14.397364	-30.910800
	-0.026585	14.517451	-30.879200
	-0.026592	14.772602	-30.923900
	-0.026599	14.482087	-30.946200
	-0.026606	14.691683	-30.957400
	-0.026613	14.637022	-31.084100
	-0.026619	14.513442	-31.126900
	-0.026626	14.578564	-30.881000
	-0.026633	14.564108	-30.776700
	-0.026640	14.833231	-30.732000
	-0.026647	14.554037	-30.827000
	-0.026653	14.440202	-30.814000
	-0.026660	14.536911	-30.793500
	-0.026667	14.520913	-30.905200
	-0.026674	14.647994	-30.929500
	-0.026680	14.546695	-31.108300
	-0.026687	14.538246	-31.315000
	-0.026694	14.836956	-31.303800
	-0.026701	14.827647	-31.372800
	-0.026708	14.935458	-31.411900
	-0.026714	14.769153	-31.389500
	-0.026721	14.690744	-31.227500
	-0.026728	14.843482	-31.130600
	-0.026735	14.681148	-31.061700
	-0.026741	14.678846	-31.044900
	-0.026748	14.583875	-30.987200
	-0.026755	14.660737	-30.901500
	-0.026762	14.853962	-30.854900
	-0.026769	14.730463	-30.832600
	-0.026775	14.788558	-30.899700
	-0.026782	14.763301	-30.933200
	-0.026789	14.864987	-30.970400
	-0.026796	14.759527	-30.834500
	-0.026802	14.907071	-30.786000
	-0.026809	14.701078	-30.743200
	-0.026816	14.924074	-30.720800
	-0.026823	14.667269	-30.765500
	-0.026830	14.651301	-30.894100
	-0.026836	14.721306	-30.961100
	-0.026843	14.861887	-31.011400
	-0.026850	14.833306	-31.119400
	-0.026857	14.821709	-31.194000
	-0.026863	14.854175	-31.130600
	-0.026870	14.907015	-31.153000
	-0.026877	14.876826	-31.143700
	-0.026884	14.680313	-31.173500
	-0.026891	14.638205	-31.067300
	-0.026897	14.935179	-31.091500
	-0.026904	14.876119	-31.160400
	-0.026911	14.917554	-31.242400
	-0.026918	14.836903	-31.430500
	-0.026925	14.929871	-31.572100
	-0.026931	14.977208	-31.642800
	-0.026938	14.825182	-31.527400
	-0.026945	14.978805	-31.508700
	-0.026952	14.954122	-31.480800
	-0.026958	15.065979	-31.523600
	-0.026965	15.084425	-31.510600
	-0.026972	15.020742	-31.462200
	-0.026979	15.092145	-31.508700
	-0.026986	15.161928	-31.540400
	-0.026992	15.106554	-31.225600
	-0.026999	15.232576	-30.849400
	-0.027006	15.194595	-30.760000
	-0.027013	15.250111	-30.825100
	-0.027019	15.167048	-30.972300
	-0.027026	15.390506	-31.080300
	-0.027033	15.316634	-31.112000
	-0.027040	15.318302	-31.171600
	-0.027047	15.244502	-31.175300
	-0.027053	15.490829	-31.138100
	-0.027060	15.317004	-31.035600
	-0.027067	15.376937	-30.989100
	-0.027074	15.208513	-31.005800
	-0.027080	15.384649	-30.791600
	-0.027087	15.230405	-29.986800
	-0.027094	15.987196	-29.413100
	-0.027101	15.830305	-29.210100
	-0.027108	15.894391	-29.256700
	-0.027114	16.049762	-29.239900
	-0.027121	16.028432	-29.308800
	-0.027128	15.974276	-29.459700
	-0.027135	15.956054	-29.530500
	-0.027142	15.933433	-29.528600
	-0.027148	16.140564	-29.511900
	-0.027155	15.909977	-29.333100
	-0.027162	16.083342	-29.256700
	-0.027169	16.038169	-29.375900
	-0.027175	15.891940	-29.467200
	-0.027182	16.059137	-29.456000
	-0.027189	15.914006	-29.502600
	-0.027196	15.867678	-29.606900
	-0.027203	16.084151	-29.694400
	-0.027209	16.146552	-29.737200
	-0.027216	16.208024	-29.709300
	-0.027223	16.029808	-29.720500
	-0.027230	16.002476	-29.679500
	-0.027236	16.074978	-29.642300
	-0.027243	16.258958	-29.681400
	-0.027250	16.465595	-29.675800
	-0.027257	16.283659	-29.770800
	-0.027264	16.097032	-29.778200
	-0.027270	16.068526	-29.642300
	-0.027277	16.204987	-29.629200
	-0.027284	16.179871	-29.677600
	-0.027291	16.293540	-29.757700
	-0.027297	16.263967	-29.865800
	-0.027304	16.459486	-29.960800
	-0.027311	16.245662	-30.005500
	-0.027318	16.258886	-30.059500
	-0.027325	16.405601	-30.094900
	-0.027331	16.119537	-30.158200
	-0.027338	16.311958	-30.065100
	-0.027345	16.259027	-30.039000
	-0.027352	16.374848	-29.875100
	-0.027359	16.322872	-29.673900
	-0.027365	16.402816	-29.500700
	-0.027372	16.368090	-29.467200
	-0.027379	16.373690	-29.398200
	-0.027386	16.437506	-29.405700
	-0.027392	16.266971	-29.366600
	-0.027399	16.391034	-29.320000
	-0.027406	16.472878	-29.383300
	-0.027413	16.479578	-29.456000
	-0.027420	16.331305	-29.517500
	-0.027426	16.404705	-29.485800
	-0.027433	16.464937	-29.323700
	-0.027440	16.676727	-29.318200
	-0.027447	16.658521	-29.290200
	-0.027453	16.798909	-29.212000
	-0.027460	16.760961	-29.234300
	-0.027467	16.738931	-29.398200
	-0.027474	16.661130	-29.361000
	-0.027481	16.773563	-29.040600
	-0.027487	16.746966	-26.446000
	-0.027494	17.706001	-24.113900
	-0.027501	18.970822	-22.886400
	-0.027508	19.685737	-22.087400
	-0.027514	19.369355	-20.492900
	-0.027521	20.424525	-19.608200
	-0.027528	20.791412	-19.211400
	-0.027535	20.722408	-18.924600
	-0.027542	20.902448	-18.781200
	-0.027548	20.874174	-18.676900
	-0.027555	20.854465	-18.606100
	-0.027562	20.869723	-18.622800
	-0.027569	20.901158	-18.634000
	-0.027575	20.728957	-18.723400
	-0.027582	20.881814	-18.701100
	-0.027589	20.937343	-18.665700
	-0.027596	20.865382	-18.578100
	-0.027603	20.831325	-18.660100
	-0.027609	20.725655	-18.738300
	-0.027616	20.886806	-18.837000
	-0.027623	20.950525	-18.811000
	-0.027630	20.945096	-18.684300
	-0.027637	20.941435	-18.630300
	-0.027643	20.779946	-18.591200
	-0.027650	20.854567	-18.656400
	-0.027657	20.714022	-18.775600
	-0.027664	20.681256	-18.717800
	-0.027670	20.919449	-18.652600
	-0.027677	20.889288	-18.501800
	-0.027684	20.968184	-18.468200
	-0.027691	20.772091	-18.516700
	-0.027698	21.032966	-18.622800
	-0.027704	20.768405	-18.771900
	-0.027711	20.936207	-18.788600
	-0.027718	20.939849	-18.779300
	-0.027725	20.990774	-18.824000
	-0.027731	21.001721	-18.838900
	-0.027738	20.898395	-18.779300
	-0.027745	21.054714	-18.853800
	-0.027752	20.902829	-18.816600
	-0.027759	20.939713	-18.760700
	-0.027765	20.896759	-18.656400
	-0.027772	20.912635	-18.732700
	-0.027779	21.052885	-18.792300
	-0.027786	20.998290	-18.770000
	-0.027792	20.895137	-18.669400
	-0.027799	20.748677	-18.740200
	-0.027806	21.026323	-18.825900
	-0.027813	20.994076	-18.883600
	-0.027820	21.155653	-18.790500
	-0.027826	21.081792	-18.734600
	-0.027833	21.070759	-18.891100
	-0.027840	21.102329	-18.967400
	-0.027847	21.123478	-19.041900
	-0.027854	21.081786	-18.969300
	-0.027860	21.113160	-18.948800
	-0.027867	20.977804	-18.872400
	-0.027874	21.041664	-18.876200
	-0.027881	21.245206	-18.946900
	-0.027887	21.023082	-18.919000
	-0.027894	21.179642	-18.892900
	-0.027901	21.045665	-19.027000
	-0.027908	21.171193	-19.150000
	-0.027915	20.951489	-19.211400
	-0.027921	21.181413	-19.187200
	-0.027928	21.144350	-19.267300
	-0.027935	21.213528	-19.319500
	-0.027942	21.117158	-19.388400
	-0.027948	21.009159	-19.481500
	-0.027955	21.033530	-19.533700
	-0.027962	21.180031	-19.565300
	-0.027969	21.076053	-19.427500
	-0.027976	21.117617	-19.373500
	-0.027982	21.199702	-19.308300
	-0.027989	21.055355	-19.334400
	-0.027996	21.031924	-19.295300
	-0.028003	21.176702	-19.239400
	-0.028009	21.202940	-19.192800
	-0.028016	21.318938	-19.237500
	-0.028023	21.169037	-19.205900
	-0.028030	21.088782	-19.170500
	-0.028037	21.079675	-19.168600
	-0.028043	21.161663	-19.049400
	-0.028050	21.268698	-19.012100
	-0.028057	21.235115	-18.986100
	-0.028064	21.268620	-18.973000
	-0.028071	21.267606	-18.958100
	-0.028077	21.219156	-19.032600
	-0.028084	21.349445	-18.978600
	-0.028091	21.297278	-19.086600
	-0.028098	21.193877	-19.142500
	-0.028104	21.273533	-19.155600
	-0.028111	21.436240	-19.099700
	-0.028118	21.284433	-19.025200
	-0.028125	21.256493	-19.049400
	-0.028132	21.330280	-19.109000
	-0.028138	21.193678	-19.217000
	-0.028145	21.348447	-19.151800
	-0.028152	21.250058	-19.099700
	-0.028159	21.245076	-19.133200
	-0.028165	21.423077	-19.204000
	-0.028172	21.336400	-19.246800
	-0.028179	21.292109	-19.205900
	-0.028186	21.167482	-19.207700
	-0.028193	21.375285	-19.237500
	-0.028199	21.373143	-18.622800
	-0.028206	21.380996	-17.510800
	-0.028213	22.508615	-16.778800
	-0.028220	22.719380	-16.512500
	-0.028226	22.665412	-16.458400
	-0.028233	22.404780	-16.261000
	-0.028240	22.672237	-14.592000
	-0.028247	24.134944	-13.146600
	-0.028254	24.393490	-12.394100
	-0.028260	24.339592	-12.086800
	-0.028267	24.335489	-11.930300
	-0.028274	24.227738	-11.816700
	-0.028281	24.371919	-11.736600
	-0.028288	24.072577	-11.613700
	-0.028294	24.286235	-11.762700
	-0.028301	24.298989	-11.766400
	-0.028308	24.338989	-11.772000
	-0.028315	24.455051	-11.842800
	-0.028321	24.335406	-11.837200
	-0.028328	24.374699	-11.658400
	-0.028335	24.588343	-11.509300
	-0.028342	24.646881	-11.513100
	-0.028349	24.334096	-11.544700
	-0.028355	24.394524	-11.513100
	-0.028362	24.528890	-11.460900
	-0.028369	24.360461	-11.492600
	-0.028376	24.329332	-11.472100
	-0.028382	24.526937	-11.585700
	-0.028389	24.438536	-11.563400
	-0.028396	24.343275	-11.459100
	-0.028403	24.331363	-11.442300
	-0.028410	24.412157	-11.421800
	-0.028416	24.547947	-11.481400
	-0.028423	24.477257	-11.701200
	-0.028430	24.625517	-11.872600
	-0.028437	24.501368	-11.973100
	-0.028443	24.571881	-12.030900
	-0.028450	24.486124	-12.021600
	-0.028457	24.394659	-12.066300
	-0.028464	24.738368	-12.088600
	-0.028471	24.618391	-12.192900
	-0.028477	24.664387	-12.226500
	-0.028484	24.535718	-12.217100
	-0.028491	24.428031	-12.299100
	-0.028498	24.611334	-12.321500
	-0.028504	24.474743	-12.377300
	-0.028511	24.595632	-12.438800
	-0.028518	24.512166	-12.450000
	-0.028525	24.495786	-12.382900
	-0.028532	24.592222	-9.672770
	-0.028538	25.904250	-6.482030
	-0.028545	28.132344	-4.898790
	-0.028552	28.165379	-4.258040
	-0.028559	28.295051	-3.974910
	-0.028566	28.187025	-3.879920
	-0.028572	28.456880	-3.850120
	-0.028579	28.472212	-3.928350
	-0.028586	28.395112	-3.915310
	-0.028593	28.424820	-3.926490
	-0.028599	28.405510	-4.025210
	-0.028606	28.465647	-4.086670
	-0.028613	28.372383	-4.010300
	-0.028620	28.461096	-4.142550
	-0.028627	28.477321	-4.166770
	-0.028633	28.443855	-4.068050
	-0.028640	28.612210	-3.969330
	-0.028647	28.436480	-3.857570
	-0.028654	28.507024	-3.807260
	-0.028660	28.514166	-3.736480
	-0.028667	28.398950	-3.727170
	-0.028674	28.565211	-3.738340
	-0.028681	28.616487	-3.738340
	-0.028688	28.637436	-3.676880
	-0.028694	28.511666	-3.740210
	-0.028701	28.694444	-3.837080
	-0.028708	28.528012	-3.902270
	-0.028715	28.470770	-3.986090
	-0.028721	28.677202	-3.974910
	-0.028728	28.620151	-1.410030
	-0.028735	28.756424	5.625220
	-0.028742	36.765926	9.808750
	-0.028749	36.950539	11.744000
	-0.028755	36.938713	12.625100
	-0.028762	37.045400	13.033000
	-0.028769	37.065426	13.046000
	-0.028776	37.028349	12.820600
	-0.028783	36.891567	12.772200
	-0.028789	36.940374	12.900700
	-0.028796	37.038423	12.954800
	-0.028803	36.985187	12.910100
	-0.028810	37.094891	12.960300
	-0.028816	37.170955	13.001300
	-0.028823	36.866523	13.046000
	-0.028830	36.930565	13.034800
	-0.028837	36.943772	12.880200
	-0.028844	36.928213	12.818800
	-0.028850	37.037613	12.926800
	-0.028857	36.990188	13.088900
	-0.028864	37.085762	13.141000
	-0.028871	37.125519	13.191300
	-0.028877	37.003136	13.241600
	-0.028884	37.062331	13.271400
	-0.028891	37.146601	13.442800
	-0.028898	37.174251	13.630900
	-0.028905	37.111585	13.703500
	-0.028911	37.228523	13.722200
	-0.028918	36.959588	13.608500
	-0.028925	37.018642	13.578700
	-0.028932	37.346927	14.344300
	-0.028938	37.814583	15.089300
	-0.028945	38.095416	15.421000
	-0.028952	38.127282	15.845600
	-0.028959	38.264650	16.210700
	-0.028966	38.496916	16.294500
	-0.028972	38.414302	16.408200
	-0.028979	38.567918	16.536700
	-0.028986	38.486599	16.614900
	-0.028993	38.533524	16.622400
	-0.029000	38.535787	16.557200
	-0.029006	38.306070	16.687600
	-0.029013	38.376348	16.741600
	-0.029020	38.334792	16.756500
	-0.029027	38.343291	16.793700
	-0.029033	38.470004	16.877500
	-0.029040	38.485035	16.870100
	-0.029047	38.593087	16.821700
	-0.029054	38.620137	16.844000
	-0.029061	38.518709	16.866400
	-0.029067	38.587837	16.832800
	-0.029074	38.432084	16.799300
	-0.029081	38.785041	16.862600
	-0.029088	38.602338	16.881300
	-0.029094	38.717993	16.965100
	-0.029101	38.755388	17.026600
	-0.029108	38.744764	17.039600
	-0.029115	38.651434	17.112200
	-0.029122	38.477451	17.211000
	-0.029128	38.732007	17.216500
	-0.029135	38.685129	17.158800
	-0.029142	38.847135	17.084300
	-0.029149	38.814616	17.108500
	-0.029155	38.757002	17.171800
	-0.029162	38.703048	17.199800
	-0.029169	38.713031	17.211000
	-0.029176	38.848024	17.263100
	-0.029183	38.619822	17.168100
	-0.029189	38.569452	17.116000
	-0.029196	38.738340	17.227700
	-0.029203	38.872190	17.333900
	-0.029210	38.764277	17.339500
	-0.029216	38.642653	17.380500
	-0.029223	38.758201	17.306000
	-0.029230	38.732151	17.203500
	-0.029237	38.730396	17.300400
	-0.029244	38.728150	17.373000
	-0.029250	38.752965	17.510800
	-0.029257	38.761143	17.626300
	-0.029264	38.958060	17.637500
	-0.029271	38.852669	18.194400
	-0.029278	38.773978	19.304600
	-0.029284	40.003070	20.023600
	-0.029291	40.225448	20.314100
	-0.029298	40.171248	20.405400
	-0.029305	40.107648	20.329000
	-0.029311	40.294366	20.275000
	-0.029318	40.186566	20.388600
	-0.029325	40.209530	20.455700
	-0.029332	40.130811	20.392400
	-0.029339	40.288616	20.485500
	-0.029345	40.110165	20.660600
	-0.029352	40.130772	20.589800
	-0.029359	40.229628	20.519000
	-0.029366	40.250254	20.457500
	-0.029372	40.266136	20.496700
	-0.029379	40.198011	20.595400
	-0.029386	40.320192	20.623300
	-0.029393	40.245878	20.560000
	-0.029400	40.163652	20.517200
	-0.029406	40.079750	20.548800
	-0.029413	40.060267	20.580500
	-0.029420	40.117007	20.522700
	-0.029427	40.277713	20.466900
	-0.029433	40.066468	20.535800
	-0.029440	40.078827	20.725800
	-0.029447	40.221314	20.884100
	-0.029454	40.141509	21.010800
	-0.029461	40.219427	21.070400
	-0.029467	40.301945	21.055500
	-0.029474	40.180703	21.053600
	-0.029481	40.261331	20.932500
	-0.029488	40.272281	20.804000
	-0.029495	40.315012	20.709000
	-0.029501	40.217907	20.709000
	-0.029508	40.231258	20.800300
	-0.029515	40.220361	20.913900
	-0.029522	40.154763	20.919500
	-0.029528	40.257510	20.798400
	-0.029535	40.235696	20.846800
	-0.029542	40.240224	20.912000
	-0.029549	40.154636	20.910200
	-0.029556	40.382535	20.858000
	-0.029562	40.159157	20.710900
	-0.029569	40.143573	20.694100
	-0.029576	40.118454	20.770500
	-0.029583	40.221615	20.727600
	-0.029589	40.277362	20.731400
	-0.029596	40.304194	20.641900
	-0.029603	40.275892	20.608400
	-0.029610	40.160903	20.653100
	-0.029617	40.203890	20.757400
	-0.029623	40.247251	20.804000
	-0.029630	40.421731	20.755600
	-0.029637	40.342700	20.777900
	-0.029644	40.237945	20.757400
	-0.029650	40.211701	20.707100
	-0.029657	40.329023	20.740700
	-0.029664	40.235748	20.867300
	-0.029671	40.526851	20.869200
	-0.029678	40.390617	20.908300
	-0.029684	40.422569	20.969800
	-0.029691	40.491310	21.046100
	-0.029698	40.629134	20.960500
	-0.029705	40.536956	20.906400
	-0.029712	40.359707	20.936200
	-0.029718	40.431322	20.977200
	-0.029725	40.433944	21.029400
	-0.029732	40.618747	21.157900
	-0.029739	40.625779	21.374000
	-0.029745	40.610770	21.597500
	-0.029752	40.694922	21.765100
	-0.029759	40.654531	21.957000
	-0.029766	40.594416	22.083600
	-0.029773	40.726873	22.225200
	-0.029779	40.606333	22.391000
	-0.029786	40.771566	22.454300
	-0.029793	40.850500	22.523200
	-0.029800	40.763495	22.575400
	-0.029806	40.841625	22.588400
	-0.029813	40.737580	22.752300
	-0.029820	40.910491	22.914400
	-0.029827	41.073967	23.057800
	-0.029834	40.877785	23.037300
	-0.029840	41.133800	23.108100
	-0.029847	40.947906	23.074600
	-0.029854	41.107355	23.046600
	-0.029861	41.045350	23.054100
	-0.029867	41.096303	22.864100
	-0.029874	41.150572	22.947900
	-0.029881	41.007654	22.942300
	-0.029888	41.181421	22.940500
	-0.029895	41.093521	22.888300
	-0.029901	41.099591	22.865900
	-0.029908	41.137821	22.946000
	-0.029915	41.234541	23.016800
	-0.029922	41.195328	22.990700
	-0.029928	41.075467	22.962800
	-0.029935	41.000953	23.074600
	-0.029942	41.249179	23.167700
	-0.029949	41.132634	23.083900
	-0.029956	41.216744	23.039200
	-0.029962	41.201149	23.067100
	-0.029969	41.076611	23.022400
	-0.029976	41.103247	22.879000
	-0.029983	41.268670	22.862200
	-0.029990	41.321461	22.763500
	-0.029996	41.085762	22.849200
	-0.030003	40.876600	22.940500
	-0.030010	41.124019	22.987000
	-0.030017	41.129429	22.957200
	-0.030023	41.175619	22.998200
	-0.030030	41.024135	22.990700
	-0.030037	41.170833	22.927400
	-0.030044	41.109671	22.959100
	-0.030051	41.181153	23.076400
	-0.030057	41.072113	23.152800
	-0.030064	41.180302	23.285000
	-0.030071	41.407554	23.491800
	-0.030078	41.282101	23.545800
	-0.030084	41.382283	23.517900
	-0.030091	41.337348	23.568200
	-0.030098	41.464570	23.637100
	-0.030105	41.555963	23.624000
	-0.030112	41.399588	23.609100
	-0.030118	41.767570	23.612900
	-0.030125	41.480556	23.631500
	-0.030132	41.632850	23.627800
	-0.030139	41.504462	23.702300
	-0.030145	41.736867	23.728400
	-0.030152	41.650823	23.624000
	-0.030159	41.933209	23.523500
	-0.030166	41.535350	23.652000
	-0.030173	41.606814	23.594200
	-0.030179	41.664683	23.650100
	-0.030186	41.586447	23.728400
	-0.030193	41.724290	23.776800
	-0.030200	41.649218	23.722800
	-0.030207	41.679775	23.687400
	-0.030213	41.583563	23.672500
	-0.030220	41.591794	23.581200
	-0.030227	41.711704	23.527200
	-0.030234	41.705711	23.603600
	-0.030240	41.813398	23.806600
	-0.030247	41.855617	23.907200
	-0.030254	41.864608	23.884800
	-0.030261	41.784941	23.875500
	-0.030268	41.692954	23.832700
	-0.030274	41.768134	23.698600
	-0.030281	41.669062	23.601700
	-0.030288	41.722646	23.523500
	-0.030295	41.720300	23.586800
	-0.030301	41.809383	23.780500
	-0.030308	41.661668	24.041300
	-0.030315	41.764224	24.173500
	-0.030322	41.812809	24.257300
	-0.030329	41.922646	24.415700
	-0.030335	42.035171	24.497600
	-0.030342	41.814288	24.600100
	-0.030349	41.859049	24.601900
	-0.030356	41.766708	24.693200
	-0.030362	41.957156	24.618700
	-0.030369	41.829943	24.605700
	-0.030376	41.861679	24.570300
	-0.030383	41.955982	24.616800
	-0.030390	41.955056	24.637300
	-0.030396	42.018573	24.726700
	-0.030403	41.880836	24.700700
	-0.030410	41.950503	24.691300
	-0.030417	42.088964	24.764000
	-0.030424	42.068076	24.778900
	-0.030430	41.897914	24.784500
	-0.030437	42.121936	24.862700
	-0.030444	42.067109	25.397300
	-0.030451	42.196383	25.633800
	-0.030457	42.745159	25.715800
	-0.030464	42.574914	25.756800
	-0.030471	42.749188	25.773500
	-0.030478	42.610508	25.706500
	-0.030485	42.472823	25.769800
	-0.030491	42.875630	25.849900
	-0.030498	43.039738	26.030600
	-0.030505	43.049052	26.110700
	-0.030512	43.494405	26.259700
	-0.030518	43.495076	26.483200
	-0.030525	43.594695	26.500000
	-0.030532	43.673099	26.457100
	-0.030539	43.607750	26.434800
	-0.030546	43.586939	26.427300
	-0.030552	43.677061	26.365900
	-0.030559	43.541078	26.377000
	-0.030566	43.548942	26.377000
	-0.030573	43.553352	26.418000
	-0.030579	43.351050	26.457100
	-0.030586	43.529893	26.505600
	-0.030593	43.510889	26.526000
	-0.030600	43.571292	26.492500
	-0.030607	43.581087	26.630400
	-0.030613	43.536735	26.678800
	-0.030620	43.443449	26.647100
	-0.030627	43.545806	26.721600
	-0.030634	43.609381	26.717900
	-0.030640	43.473196	26.721600
	-0.030647	43.534814	26.773800
	-0.030654	43.486152	26.835200
	-0.030661	43.477904	26.885500
	-0.030668	43.526995	26.961900
	-0.030674	43.527346	26.980500
	-0.030681	43.656192	26.922800
	-0.030688	43.610140	26.900400
	-0.030695	43.511514	26.870600
	-0.030702	43.654040	26.891100
	-0.030708	43.438083	26.900400
	-0.030715	43.793858	26.805400
	-0.030722	43.721013	26.704900
	-0.030729	43.800870	26.662000
	-0.030735	43.565771	26.708600
	-0.030742	43.692330	26.660200
	-0.030749	43.823828	26.650800
	-0.030756	43.696065	26.833400
	-0.030763	43.632551	27.021500
	-0.030769	43.822024	27.204000
	-0.030776	43.711884	27.246900
	-0.030783	43.596018	27.176100
	-0.030790	43.695317	27.306500
	-0.030796	43.837754	27.366100
	-0.030803	43.725285	27.332600
	-0.030810	43.854402	27.245000
	-0.030817	43.893747	27.226400
	-0.030824	43.881676	27.258100
	-0.030830	43.750624	27.343700
	-0.030837	43.878912	27.375400
	-0.030844	43.811812	27.328800
	-0.030851	43.758162	27.267400
	-0.030857	43.751301	27.233900
	-0.030864	43.544200	27.284100
	-0.030871	43.845590	27.358600
	-0.030878	43.696759	27.410800
	-0.030885	43.689567	27.613800
	-0.030891	43.856046	27.818700
	-0.030898	43.819631	27.792600
	-0.030905	43.680731	27.882100
	-0.030912	43.638185	28.001300
	-0.030919	43.821908	28.062700
	-0.030925	43.716078	28.114900
	-0.030932	43.775249	28.180100
	-0.030939	43.633181	28.250900
	-0.030946	43.831098	28.219200
	-0.030952	43.887762	28.181900
	-0.030959	43.711312	28.260200
	-0.030966	43.640064	28.245300
	-0.030973	43.666017	28.165200
	-0.030980	43.707377	28.332800
	-0.030986	43.850666	28.649500
	-0.030993	44.022809	28.671800
	-0.031000	43.827849	28.757500
	-0.031007	43.886511	28.863700
	-0.031013	43.921903	28.915800
	-0.031020	43.809508	28.923300
	-0.031027	43.851067	28.927000
	-0.031034	43.802277	28.757500
	-0.031041	43.739357	28.716500
	-0.031047	43.765293	28.746300
	-0.031054	43.964929	28.627100
	-0.031061	43.882629	28.655000
	-0.031068	43.829368	28.714700
	-0.031074	43.698643	28.686700
	-0.031081	43.795648	28.714700
	-0.031088	43.921123	28.757500
	-0.031095	43.953280	28.897200
	-0.031102	43.996756	28.997800
	-0.031108	43.934649	28.995900
	-0.031115	43.964418	29.059200
	-0.031122	43.917534	29.025700
	-0.031129	43.941882	29.027600
	-0.031136	43.942899	28.990300
	-0.031142	43.918015	28.854400
	-0.031149	44.027572	28.735100
	-0.031156	43.918977	28.724000
	-0.031163	44.093297	28.789200
	-0.031169	43.853067	28.798500
	-0.031176	44.049796	28.817100
	-0.031183	43.851061	28.914000
	-0.031190	43.987494	28.891600
	-0.031197	43.906957	28.832000
	-0.031203	43.939122	28.798500
	-0.031210	44.024536	28.766800
	-0.031217	43.942794	28.733300
	-0.031224	44.012511	28.746300
	-0.031230	44.021427	28.852500
	-0.031237	44.080222	28.973600
	-0.031244	44.055186	28.988500
	-0.031251	44.094057	28.968000
	-0.031258	44.028481	28.979100
	-0.031264	43.956314	29.048100
	-0.031271	44.122444	29.178500
	-0.031278	44.046126	29.172900
	-0.031285	44.021306	29.118800
	-0.031291	44.119944	29.070400
	-0.031298	44.089802	29.089000
	-0.031305	43.978573	29.070400
	-0.031312	43.953700	29.115100
	-0.031319	44.030791	29.195200
	-0.031325	43.881170	29.234300
	-0.031332	44.000083	29.381500
	-0.031339	43.949315	29.465300
	-0.031346	43.885491	29.508100
	-0.031353	43.830023	29.320000
	-0.031359	43.996637	29.228700
	-0.031366	44.045949	29.254800
	-0.031373	43.819913	29.314400
	-0.031380	43.965136	29.264100
	-0.031386	43.950348	29.212000
	-0.031393	43.926014	29.195200
	-0.031400	43.902840	29.206400
	-0.031407	43.812796	29.323700
	-0.031414	44.108215	29.392700
	-0.031420	43.977550	29.543500
	-0.031427	44.015412	29.528600
	-0.031434	43.645079	29.409400
	-0.031441	44.038033	29.402000
	-0.031447	44.201199	29.517500
	-0.031454	43.839782	29.698100
	-0.031461	44.049646	29.824800
	-0.031468	43.903929	29.726100
	-0.031475	43.932104	29.651600
	-0.031481	43.891551	29.716800
	-0.031488	44.067178	29.757700
	-0.031495	43.971803	29.768900
	-0.031502	43.976125	29.763300
	-0.031508	44.083985	29.746600
	-0.031515	44.077528	29.632900
	-0.031522	43.949376	29.575200
	-0.031529	44.141147	29.632900
	-0.031536	43.954402	29.651600
	-0.031542	44.020201	29.586400
	-0.031549	44.076163	29.672100
	-0.031556	44.047218	29.688800
	-0.031563	43.910229	29.724200
	-0.031569	44.140923	29.767000
	-0.031576	43.928763	29.783800
	-0.031583	43.987519	29.744700
	-0.031590	44.156908	29.741000
	-0.031597	44.003957	29.876900
	-0.031603	44.236928	29.957000
	-0.031610	43.952307	29.897400
	-0.031617	44.018930	29.945900
	-0.031624	43.914525	29.973800
	-0.031631	43.981286	29.929100
	-0.031637	43.840017	29.893700
	-0.031644	44.142490	29.843400
	-0.031651	44.007294	29.862000
	-0.031658	43.998641	29.929100
	-0.031664	43.995999	30.044600
	-0.031671	44.151207	30.208500
	-0.031678	43.994880	30.361200
	-0.031685	44.076730	30.307200
	-0.031692	44.047262	30.180600
	-0.031698	43.940799	30.130300
	-0.031705	44.106789	30.145200
	-0.031712	44.236972	30.171200
	-0.031719	43.935582	30.204800
	-0.031725	44.128142	30.357500
	-0.031732	44.100384	30.439500
	-0.031739	43.991189	30.454400
	-0.031746	44.045709	30.398500
	-0.031753	44.106236	30.256900
	-0.031759	44.078039	30.303500
	-0.031766	44.039603	30.342600
	-0.031773	44.050409	30.243900
	-0.031780	44.247005	30.173100
	-0.031786	44.073933	30.180600
	-0.031793	44.297939	30.171200
	-0.031800	44.123652	30.115400
	-0.031807	44.092473	30.193600
	-0.031814	44.178556	30.199200
	-0.031820	44.032200	30.156300
	-0.031827	44.117460	30.240200
	-0.031834	44.045560	30.242000
	-0.031841	44.190854	30.268100
	-0.031848	44.205523	30.391000
	-0.031854	44.113779	30.454400
	-0.031861	44.128940	30.482300
	-0.031868	44.079581	30.510200
	-0.031875	44.011859	30.556900
	-0.031881	44.071336	30.597900
	-0.031888	44.182154	30.603500
	-0.031895	44.172088	30.616500
	-0.031902	44.162793	30.577400
	-0.031909	43.949696	30.560700
	-0.031915	44.055410	30.646300
