	0.049617	0.187025	54.609300
	0.047700	0.113509	54.609300
	0.045783	0.100251	54.609300
	0.043866	0.268554	54.609300
	0.041949	0.194358	54.609300
	0.040033	0.335444	54.609300
	0.038116	0.308601	54.609300
	0.036199	0.568816	54.609300
	0.034282	0.763580	54.609300
	0.032365	0.657203	54.609300
	0.030448	0.840592	54.609300
	0.028531	0.885698	54.609300
	0.026614	0.998000	54.609300
	0.024698	1.024983	54.609300
	0.022781	1.149099	54.609300
	0.020864	1.083795	54.609300
	0.018947	1.401876	54.609300
	0.017030	1.490672	54.609300
	0.015113	1.608593	54.609300
	0.013196	1.797754	54.609300
	0.011279	1.813138	54.609300
	0.009363	2.062414	54.609300
	0.007446	2.033333	54.609300
	0.005529	2.243471	54.609300
	0.003612	2.393758	54.609300
	0.001695	2.780007	54.609300
	-0.000222	2.905722	54.609300
	-0.002139	2.856551	54.609300
	-0.004056	3.074022	54.609300
	-0.005972	3.578390	54.609300
	-0.007889	3.864915	54.609300
	-0.009806	3.964517	54.609300
	-0.011723	4.549251	54.609300
	-0.013640	5.174265	52.279100
	-0.015557	5.393529	49.008300
	-0.017474	5.998613	45.342600
	-0.019391	6.548259	40.978400
	-0.021307	8.018700	35.707100
	-0.023224	8.848945	29.768900
	-0.025141	9.709684	23.853200
	-0.025141	11.420598	20.176300
	-0.025148	13.884961	18.531600
	-0.025155	14.140550	17.877800
	-0.025161	14.192219	17.661700
	-0.025168	14.212815	17.550000
	-0.025175	14.031565	17.393500
	-0.025182	14.139523	17.317100
	-0.025189	14.099376	17.224000
	-0.025195	14.129658	17.263100
	-0.025202	14.109447	17.306000
	-0.025209	14.153285	17.222100
	-0.025216	14.113376	17.237000
	-0.025223	14.050290	17.225900
	-0.025229	14.057623	17.130900
	-0.025236	14.312724	17.142000
	-0.025243	14.103904	17.147600
	-0.025250	14.200384	17.151400
	-0.025256	14.187511	17.261200
	-0.025263	14.211831	17.274300
	-0.025270	14.013904	17.242600
	-0.025277	14.129368	17.294800
	-0.025284	14.111729	17.352500
	-0.025290	14.175334	17.343200
	-0.025297	14.098182	17.343200
	-0.025304	14.163660	17.384200
	-0.025311	14.138055	17.469900
	-0.025317	14.153998	17.510800
	-0.025324	14.129913	17.497800
	-0.025331	14.175329	17.367400
	-0.025338	14.077564	17.250100
	-0.025345	14.184629	17.311500
	-0.025351	14.244449	17.378600
	-0.025358	14.182253	17.352500
	-0.025365	14.234649	17.352500
	-0.025372	14.193443	17.332000
	-0.025378	14.100685	17.225900
	-0.025385	14.114721	17.220300
	-0.025392	14.016034	17.319000
	-0.025399	14.171328	17.482900
	-0.025406	14.192556	17.527600
	-0.025412	14.142794	17.598400
	-0.025419	14.258256	17.514600
	-0.025426	14.183762	17.449400
	-0.025433	14.250870	17.358100
	-0.025439	14.275544	17.371100
	-0.025446	14.247071	17.285500
	-0.025453	14.004874	17.125300
	-0.025460	14.086566	17.086200
	-0.025467	14.191288	17.037700
	-0.025473	14.281106	17.084300
	-0.025480	14.178462	17.039600
	-0.025487	14.234361	16.961400
	-0.025494	14.235585	16.920400
	-0.025501	14.249909	16.920400
	-0.025507	14.227749	16.963200
	-0.025514	14.222187	16.933400
	-0.025521	14.390625	16.836600
	-0.025528	14.333549	16.767600
	-0.025534	14.167675	16.724800
	-0.025541	14.183925	16.709900
	-0.025548	14.240379	16.659600
	-0.025555	14.376089	16.594400
	-0.025562	14.142570	16.616800
	-0.025568	14.333596	16.592600
	-0.025575	14.188848	16.657800
	-0.025582	14.248400	16.546000
	-0.025589	14.468894	16.449100
	-0.025595	14.310779	16.484500
	-0.025602	14.166537	16.546000
	-0.025609	14.171850	16.497600
	-0.025616	13.989846	16.426800
	-0.025623	14.133278	16.370900
	-0.025629	14.257665	16.251700
	-0.025636	14.168297	16.151100
	-0.025643	14.214337	16.041200
	-0.025650	14.268076	16.005800
	-0.025656	14.284906	16.031900
	-0.025663	14.240548	16.097100
	-0.025670	14.365125	16.044900
	-0.025677	14.263069	15.951800
	-0.025684	14.209157	15.961100
	-0.025690	14.198005	16.018900
	-0.025697	14.186096	16.110100
	-0.025704	14.276028	16.110100
	-0.025711	14.256689	16.160400
	-0.025718	14.232416	16.238700
	-0.025724	14.284013	16.261000
	-0.025731	14.173663	16.188400
	-0.025738	14.227962	16.141800
	-0.025745	14.085911	16.113900
	-0.025751	14.245753	16.117600
	-0.025758	14.307615	16.186500
	-0.025765	14.226984	16.162300
	-0.025772	14.258590	16.214400
	-0.025779	14.396314	16.175300
	-0.025785	14.305504	16.026300
	-0.025792	14.270695	15.957400
	-0.025799	14.393029	16.076600
	-0.025806	14.380592	16.244200
	-0.025812	14.381015	16.329900
	-0.025819	14.297544	16.428600
	-0.025826	14.342410	16.344800
	-0.025833	14.328749	16.382100
	-0.025840	14.409823	16.419300
	-0.025846	14.365202	16.387700
	-0.025853	14.335046	16.275900
	-0.025860	14.335140	16.171600
	-0.025867	14.550395	16.188400
	-0.025873	14.383706	16.320600
	-0.025880	14.301708	16.246100
	-0.025887	14.143043	16.229300
	-0.025894	14.319330	16.188400
	-0.025901	14.319532	16.164200
	-0.025907	14.402285	16.296400
	-0.025914	14.316330	16.380200
	-0.025921	14.389885	16.313200
	-0.025928	14.311657	16.154800
	-0.025935	14.271858	16.078500
	-0.025941	14.288705	16.085900
	-0.025948	14.165288	16.126900
	-0.025955	14.331673	16.262900
	-0.025962	14.228236	16.253600
	-0.025968	14.108599	16.231200
	-0.025975	14.384008	16.160400
	-0.025982	14.426973	16.004000
	-0.025989	14.222295	15.860500
	-0.025996	14.427965	15.853100
	-0.026002	14.540023	15.912700
	-0.026009	14.443744	15.955500
	-0.026016	14.423840	15.966700
	-0.026023	14.288450	15.985300
	-0.026029	14.388426	15.985300
	-0.026036	14.360455	16.078500
	-0.026043	14.470184	16.089600
	-0.026050	14.473961	16.058000
	-0.026057	14.376680	16.071000
	-0.026063	14.449326	16.056100
	-0.026070	14.571135	16.046800
	-0.026077	14.289503	16.065400
	-0.026084	14.358383	16.046800
	-0.026090	14.465948	15.957400
	-0.026097	14.484151	15.968600
	-0.026104	14.261804	15.834500
	-0.026111	14.368352	15.707800
	-0.026118	14.468557	15.657500
	-0.026124	14.494432	15.607200
	-0.026131	14.471908	15.508500
	-0.026138	14.436713	15.434000
	-0.026145	14.439503	15.545800
	-0.026151	14.441935	15.583000
	-0.026158	14.481999	15.463800
	-0.026165	14.536351	15.320400
	-0.026172	14.536522	15.249500
	-0.026179	14.583773	15.229000
	-0.026185	14.453321	15.258900
	-0.026192	14.661417	15.141500
	-0.026199	14.440700	15.022300
	-0.026206	14.607480	15.020400
	-0.026213	14.505291	15.154500
	-0.026219	14.593371	15.243900
	-0.026226	14.591147	15.281300
	-0.026233	14.585146	15.348300
	-0.026240	14.425613	15.322200
	-0.026246	14.423312	15.365100
	-0.026253	14.447759	15.366900
	-0.026260	14.531081	15.335300
	-0.026267	14.488194	15.301700
	-0.026274	14.569794	15.329700
	-0.026280	14.616647	15.266400
	-0.026287	14.589672	15.158300
	-0.026294	14.554598	15.089300
	-0.026301	14.562655	15.104200
	-0.026307	14.708505	15.078200
	-0.026314	14.706979	15.052100
	-0.026321	14.456576	15.156400
	-0.026328	14.590014	15.227200
	-0.026335	14.556573	15.311100
	-0.026341	14.500276	15.342700
	-0.026348	14.622135	15.357600
	-0.026355	14.806874	15.417200
	-0.026362	14.557446	15.363200
	-0.026368	14.561055	15.329700
	-0.026375	14.627009	15.421000
	-0.026382	14.554993	15.480600
	-0.026389	14.461431	15.493600
	-0.026396	14.419745	15.456300
	-0.026402	14.650594	15.452600
	-0.026409	14.480103	15.491700
	-0.026416	14.535627	15.588600
	-0.026423	14.581032	15.689200
	-0.026430	14.707109	15.668700
	-0.026436	14.626953	15.489900
	-0.026443	14.720808	15.439600
	-0.026450	14.899511	15.489900
	-0.026457	14.770375	15.473100
	-0.026463	14.708740	15.536400
	-0.026470	14.595154	15.590500
	-0.026477	14.779153	15.599800
	-0.026484	14.728970	15.579300
	-0.026491	14.675898	15.614700
	-0.026497	14.745839	15.694800
	-0.026504	14.596447	15.717100
	-0.026511	14.654462	15.536400
	-0.026518	14.684060	15.476800
	-0.026524	14.636992	15.556900
	-0.026531	14.872334	15.517800
	-0.026538	14.617556	15.448900
	-0.026545	14.624724	15.460100
	-0.026552	14.805512	15.329700
	-0.026558	14.874782	15.203000
	-0.026565	14.572345	15.158300
	-0.026572	14.811895	15.193700
	-0.026579	14.922828	15.176900
	-0.026585	14.736417	15.253300
	-0.026592	14.774091	15.242100
	-0.026599	14.752810	15.311100
	-0.026606	14.755965	15.422800
	-0.026613	14.706736	15.454500
	-0.026619	14.810920	15.467500
	-0.026626	14.594140	15.536400
	-0.026633	14.739920	15.441400
	-0.026640	14.864802	15.301700
	-0.026647	14.834060	15.355800
	-0.026653	14.753142	15.326000
	-0.026660	14.815863	15.309200
	-0.026667	14.753611	15.279400
	-0.026674	14.802603	15.279400
	-0.026680	14.740327	15.234600
	-0.026687	14.822787	15.208600
	-0.026694	14.795513	15.258900
	-0.026701	14.638569	15.195500
	-0.026708	14.810127	15.070700
	-0.026714	14.836569	14.999900
	-0.026721	14.708253	14.985000
	-0.026728	14.791777	14.972000
	-0.026735	14.911403	14.914300
	-0.026741	14.883668	14.972000
	-0.026748	14.820966	15.089300
	-0.026755	14.832767	15.113600
	-0.026762	14.711530	15.040900
	-0.026769	14.832438	14.962700
	-0.026775	14.856913	14.755900
	-0.026782	14.931982	14.631100
	-0.026789	14.910920	14.551000
	-0.026796	14.962273	14.538000
	-0.026802	15.001506	14.631100
	-0.026809	14.808704	14.882600
	-0.026816	14.947787	15.022300
	-0.026823	15.110911	15.076300
	-0.026830	15.032640	15.063300
	-0.026836	14.879059	15.027900
	-0.026843	14.985337	14.906800
	-0.026850	15.042192	14.882600
	-0.026857	14.964603	14.988800
	-0.026863	14.943988	14.962700
	-0.026870	14.990340	14.988800
	-0.026877	14.991777	15.031600
	-0.026884	15.063768	15.033500
	-0.026891	15.217065	14.919800
	-0.026897	15.016890	14.798800
	-0.026904	15.164829	14.817400
	-0.026911	15.047425	15.139600
	-0.026918	15.213807	15.264500
	-0.026925	15.286699	15.216000
	-0.026931	15.186909	15.139600
	-0.026938	15.221552	15.083800
	-0.026945	15.168291	15.180600
	-0.026952	15.318938	15.285000
	-0.026958	15.310182	15.229000
	-0.026965	15.165086	15.132200
	-0.026972	15.269405	15.149000
	-0.026979	15.403636	15.180600
	-0.026986	15.261820	15.147100
	-0.026992	15.401426	15.135900
	-0.026999	15.216307	15.182500
	-0.027006	15.480230	15.193700
	-0.027013	15.392211	15.204800
	-0.027019	15.531316	15.294300
	-0.027026	15.404913	15.353900
	-0.027033	15.456568	15.337100
	-0.027040	15.294035	15.301700
	-0.027047	15.481051	15.230900
	-0.027053	15.520148	15.326000
	-0.027060	15.280708	15.532700
	-0.027067	15.354910	15.676100
	-0.027074	15.506095	15.705900
	-0.027080	15.423831	15.657500
	-0.027087	15.496853	15.622100
	-0.027094	15.664426	15.538300
	-0.027101	15.701006	15.573700
	-0.027108	15.687691	15.586700
	-0.027114	15.691730	15.624000
	-0.027121	15.718681	15.700400
	-0.027128	15.746532	15.566200
	-0.027135	15.619361	15.363200
	-0.027142	15.495557	15.337100
	-0.027148	15.826788	15.327800
	-0.027155	15.614152	15.301700
	-0.027162	15.668581	15.389300
	-0.027169	15.579015	15.430300
	-0.027175	15.676028	15.393000
	-0.027182	15.654288	15.322200
	-0.027189	15.595651	15.327800
	-0.027196	15.600127	15.320400
	-0.027203	15.520610	15.337100
	-0.027209	15.721892	15.184300
	-0.027216	15.635069	15.119100
	-0.027223	15.624605	15.109800
	-0.027230	15.649077	14.999900
	-0.027236	15.773455	14.975700
	-0.027243	15.740813	14.999900
	-0.027250	15.557861	15.005500
	-0.027257	15.804468	15.299900
	-0.027264	15.799713	15.942500
	-0.027270	15.927583	16.255400
	-0.027277	16.044126	16.490100
	-0.027284	16.247859	16.626100
	-0.027291	16.098627	16.624200
	-0.027297	16.139299	16.624200
	-0.027304	16.051848	16.827300
	-0.027311	16.466410	16.952000
	-0.027318	16.393449	17.047000
	-0.027325	16.315592	17.004200
	-0.027331	16.477011	16.905500
	-0.027338	16.357706	16.845900
	-0.027345	16.258759	16.831000
	-0.027352	16.537226	16.795600
	-0.027359	16.243822	16.816100
	-0.027365	16.337522	16.784400
	-0.027372	16.287953	16.773200
	-0.027379	16.301160	16.819800
	-0.027386	16.355457	16.711800
	-0.027392	16.513044	16.747200
	-0.027399	16.496190	16.704300
	-0.027406	16.519413	16.696900
	-0.027413	16.484651	16.648400
	-0.027420	16.261058	16.618600
	-0.027426	16.407504	16.695000
	-0.027433	16.535406	16.683800
	-0.027440	16.361411	16.678200
	-0.027447	16.513019	16.603700
	-0.027453	16.574804	16.432400
	-0.027460	16.456173	16.367200
	-0.027467	16.492717	16.389500
	-0.027474	16.354263	16.542300
	-0.027481	16.453128	16.616800
	-0.027487	16.450544	16.635400
	-0.027494	16.563108	16.648400
	-0.027501	16.536621	16.616800
	-0.027508	16.525787	16.568300
	-0.027514	16.450445	16.490100
	-0.027521	16.525602	16.525500
	-0.027528	16.595814	16.492000
	-0.027535	16.412475	16.480800
	-0.027542	16.598621	16.559000
	-0.027548	16.546983	16.572100
	-0.027555	16.669814	16.624200
	-0.027562	16.639097	16.603700
	-0.027569	16.626155	16.514300
	-0.027575	16.650246	16.471500
	-0.027582	16.598414	16.512500
	-0.027589	16.833712	16.462200
	-0.027596	16.820543	16.488300
	-0.027603	16.778227	16.594400
	-0.027609	16.870552	16.587000
	-0.027616	16.809088	16.637300
	-0.027623	16.815434	16.655900
	-0.027630	16.655352	16.687600
	-0.027637	16.804816	16.616800
	-0.027643	16.837039	16.555300
	-0.027650	16.971997	16.560900
	-0.027657	16.737343	16.566500
	-0.027664	16.893402	16.497600
	-0.027670	17.031615	16.482700
	-0.027677	17.004056	16.339200
	-0.027684	16.867612	16.195800
	-0.027691	16.794916	16.121300
	-0.027698	16.971400	16.110100
	-0.027704	16.852324	16.035600
	-0.027711	17.056841	16.100800
	-0.027718	17.015078	16.061700
	-0.027725	17.107778	15.953700
	-0.027731	16.975028	15.849400
	-0.027738	17.143239	15.856800
	-0.027745	16.815409	15.845600
	-0.027752	16.879305	15.830700
	-0.027759	16.921916	15.802800
	-0.027765	17.037785	15.806500
	-0.027772	16.919054	15.800900
	-0.027779	16.959502	15.856800
	-0.027786	16.964064	15.849400
	-0.027792	16.899445	15.713400
	-0.027799	16.872154	15.642600
	-0.027806	16.997930	15.620300
	-0.027813	16.897483	15.653800
	-0.027820	16.939887	15.597900
	-0.027826	16.818581	15.555100
	-0.027833	16.821762	15.599800
	-0.027840	16.906559	15.570000
	-0.027847	17.035345	15.547600
	-0.027854	17.206816	15.506600
	-0.027860	17.255134	15.527100
	-0.027867	17.184234	15.618400
	-0.027874	17.015954	15.773000
	-0.027881	17.327923	15.810200
	-0.027887	17.178498	15.799100
	-0.027894	17.358165	15.789800
	-0.027901	17.248909	15.864300
	-0.027908	17.403653	15.974200
	-0.027915	17.352860	16.199500
	-0.027921	17.331170	16.275900
	-0.027928	17.501006	16.354100
	-0.027935	17.537293	16.523600
	-0.027942	17.567139	16.454700
	-0.027948	17.372024	16.356000
	-0.027955	17.429581	16.190200
	-0.027962	17.537865	16.099000
	-0.027969	17.428360	16.126900
	-0.027976	17.545811	17.199800
	-0.027982	17.783024	18.133000
	-0.027989	18.791714	18.557700
	-0.027996	18.945159	18.721600
	-0.028003	18.939017	18.736500
	-0.028009	18.951915	18.663800
	-0.028016	18.861403	18.647100
	-0.028023	18.843195	18.570700
	-0.028030	19.091274	18.501800
	-0.028037	18.941879	18.557700
	-0.028043	18.905172	18.660100
	-0.028050	18.995557	18.691800
	-0.028057	18.997367	18.863100
	-0.028064	18.877180	18.924600
	-0.028071	18.818471	18.896700
	-0.028077	19.090672	18.784900
	-0.028084	19.052578	18.637700
	-0.028091	19.054700	18.594900
	-0.028098	18.756689	18.613500
	-0.028104	18.882532	18.607900
	-0.028111	19.076122	19.885700
	-0.028118	19.357737	21.102000
	-0.028125	20.219048	21.707400
	-0.028132	20.220112	21.977500
	-0.028138	20.204363	22.031500
	-0.028145	20.288602	22.070600
	-0.028152	20.206010	22.135800
	-0.028159	20.453208	22.120900
	-0.028165	20.266349	22.117200
	-0.028172	20.200050	22.083600
	-0.028179	20.171654	22.014700
	-0.028186	20.311726	22.061300
	-0.028193	20.352291	22.003500
	-0.028199	20.381336	21.979300
	-0.028206	20.570469	21.929000
	-0.028213	20.295518	21.953300
	-0.028220	20.344687	21.960700
	-0.028226	20.389318	21.953300
	-0.028233	20.239705	21.955100
	-0.028240	20.582394	21.893600
	-0.028247	20.267650	21.882500
	-0.028254	20.377597	21.983100
	-0.028260	20.421599	22.007300
	-0.028267	20.289028	21.962600
	-0.028274	20.341567	21.992400
	-0.028281	20.380463	21.888100
	-0.028288	20.374271	23.471300
	-0.028294	20.504932	25.931900
	-0.028301	22.786616	27.217100
	-0.028308	22.814890	27.811300
	-0.028315	22.870546	27.971500
	-0.028321	22.866316	28.051600
	-0.028328	22.696140	28.127900
	-0.028335	22.937351	28.113000
	-0.028342	22.776556	28.103700
	-0.028349	22.919535	28.118600
	-0.028355	22.672522	28.189400
	-0.028362	22.962326	28.096300
	-0.028369	22.843855	27.973300
	-0.028376	22.804349	28.072000
	-0.028382	22.861201	28.157700
	-0.028389	22.905800	28.126100
	-0.028396	22.928611	28.133500
	-0.028403	22.939846	28.131600
	-0.028410	22.908115	28.189400
	-0.028416	22.857024	28.293700
	-0.028423	22.855866	28.386800
	-0.028430	23.009914	28.386800
	-0.028437	23.018015	28.448300
	-0.028443	22.989036	28.399900
	-0.028450	23.141995	28.442700
	-0.028457	22.956173	28.440800
	-0.028464	22.984516	28.427800
	-0.028471	23.031441	28.379400
	-0.028477	23.069850	28.411000
	-0.028484	22.970447	28.312300
	-0.028491	22.980095	28.183800
	-0.028498	23.027205	28.072000
	-0.028504	23.184295	28.057100
	-0.028511	22.991153	28.047800
	-0.028518	23.082900	28.088800
	-0.028525	23.010364	28.133500
	-0.028532	23.088000	28.215500
	-0.028538	22.984596	28.319800
	-0.028545	22.968070	28.785400
	-0.028552	23.281280	29.228700
	-0.028559	23.593432	29.586400
	-0.028566	23.858494	29.726100
	-0.028572	23.728642	29.741000
	-0.028579	23.917186	29.718600
	-0.028586	23.718518	29.666500
	-0.028593	23.949796	29.623600
	-0.028599	23.809311	29.575200
	-0.028606	23.826685	29.681400
	-0.028613	23.813509	33.188800
	-0.028620	26.259679	36.100200
	-0.028627	26.994106	37.459900
	-0.028633	26.979780	37.959100
	-0.028640	26.902009	38.029900
	-0.028647	26.843861	38.059700
	-0.028654	26.876912	38.218000
	-0.028660	26.902885	38.452700
	-0.028667	26.924746	38.538400
	-0.028674	26.856623	38.551400
	-0.028681	26.956454	38.504800
	-0.028688	26.900558	38.445200
	-0.028694	26.805706	38.523500
	-0.028701	26.931228	38.581200
	-0.028708	26.981394	38.536500
	-0.028715	26.967335	38.538400
	-0.028721	26.840644	38.612900
	-0.028728	26.905910	38.609100
	-0.028735	26.816260	38.599800
	-0.028742	26.921226	38.691100
	-0.028749	27.017963	38.730200
	-0.028755	26.919142	38.696700
	-0.028762	27.118645	38.653800
	-0.028769	27.021347	38.719000
	-0.028776	27.051627	38.672500
	-0.028783	27.054106	38.625900
	-0.028789	26.972375	38.575600
	-0.028796	27.165733	38.571900
	-0.028803	27.047160	38.460100
	-0.028810	27.106932	38.501100
	-0.028816	27.073187	38.538400
	-0.028823	27.266512	38.635200
	-0.028830	26.985668	38.646400
	-0.028837	26.992380	38.711600
	-0.028844	27.061345	38.702300
	-0.028850	27.041214	38.814000
	-0.028857	27.054609	38.909000
	-0.028864	26.855949	38.964900
	-0.028871	27.210754	38.873600
	-0.028877	26.903202	38.838200
	-0.028884	27.098375	38.801000
	-0.028891	26.943626	38.771200
	-0.028898	27.067634	38.838200
	-0.028905	27.110862	38.871800
	-0.028911	27.045919	38.832700
	-0.028918	27.215432	38.806600
	-0.028925	27.148558	38.869900
	-0.028932	27.053766	38.937000
	-0.028938	27.297071	38.933200
	-0.028945	27.031175	38.953700
	-0.028952	27.000478	38.942600
	-0.028959	27.386986	38.961200
	-0.028966	27.091943	39.087800
	-0.028972	27.074138	39.190300
	-0.028979	27.061036	39.130700
	-0.028986	27.156811	39.056200
	-0.028993	27.199787	39.074800
	-0.029000	27.148160	39.166100
	-0.029006	27.155686	39.348600
	-0.029013	27.106637	39.501300
	-0.029020	27.296303	39.566500
	-0.029027	26.998743	39.644800
	-0.029033	27.257698	39.588900
	-0.029040	27.357134	39.641000
	-0.029047	27.384519	39.741600
	-0.029054	27.364130	39.765800
	-0.029061	27.291156	39.631700
	-0.029067	27.081474	39.441700
	-0.029074	27.405943	39.395200
	-0.029081	27.405684	39.449200
	-0.029088	27.356990	39.458500
	-0.029094	27.500500	39.479000
	-0.029101	27.352998	39.434300
	-0.029108	27.449994	39.363500
	-0.029115	27.366924	39.475300
	-0.029122	27.375694	40.294800
	-0.029128	27.669560	40.866700
	-0.029135	27.714768	41.051100
	-0.029142	27.772508	41.056700
	-0.029149	27.782549	41.077100
	-0.029155	27.810508	41.200100
	-0.029162	27.708209	41.267100
	-0.029169	27.717286	41.280200
	-0.029176	27.929042	41.183300
	-0.029183	27.784267	41.215000
	-0.029189	27.976091	41.295100
	-0.029196	28.055109	41.324900
	-0.029203	27.900119	41.259700
	-0.029210	28.129714	41.185200
	-0.029216	28.010560	41.220600
	-0.029223	27.751895	42.731200
	-0.029230	27.815584	52.515700
	-0.029237	30.629360	54.609300
	-0.029244	39.015918	54.609300
	-0.029250	39.037649	54.609300
	-0.029257	38.999149	54.609300
	-0.029264	38.952619	54.609300
	-0.029271	38.891307	54.609300
	-0.029278	38.828233	54.609300
	-0.029284	38.944333	54.609300
	-0.029291	38.897944	54.609300
	-0.029298	38.768968	54.609300
	-0.029305	38.922743	54.609300
	-0.029311	38.995184	54.609300
	-0.029318	38.899423	54.609300
	-0.029325	38.832322	54.609300
	-0.029332	38.959906	54.609300
	-0.029339	38.973232	54.609300
	-0.029345	38.788017	54.609300
	-0.029352	39.025061	54.609300
	-0.029359	38.986530	54.609300
	-0.029366	39.101387	54.609300
	-0.029372	38.917938	54.609300
	-0.029379	38.918750	54.609300
	-0.029386	39.020225	54.609300
	-0.029393	39.178014	54.609300
	-0.029400	38.892391	54.609300
	-0.029406	39.062105	54.609300
	-0.029413	39.261384	54.609300
	-0.029420	39.030192	54.609300
	-0.029427	39.128819	54.609300
	-0.029433	39.194162	54.609300
	-0.029440	39.260215	54.609300
	-0.029447	39.374754	54.609300
	-0.029454	39.284817	54.609300
	-0.029461	39.381839	54.609300
	-0.029467	39.345822	54.609300
	-0.029474	39.344952	54.609300
	-0.029481	39.361431	54.609300
	-0.029488	39.461986	54.609300
	-0.029495	39.421035	54.609300
	-0.029501	39.367653	54.609300
	-0.029508	39.487199	54.609300
	-0.029515	39.320637	54.609300
	-0.029522	39.343924	54.609300
	-0.029528	39.416606	54.609300
	-0.029535	39.645831	54.609300
	-0.029542	39.309309	54.609300
	-0.029549	39.329473	54.609300
	-0.029556	39.479592	54.609300
	-0.029562	39.551873	54.609300
	-0.029569	39.517203	54.609300
	-0.029576	39.466783	54.609300
	-0.029583	39.546698	54.609300
	-0.029589	39.518808	54.609300
	-0.029596	39.625301	54.609300
	-0.029603	39.486058	54.609300
	-0.029610	39.574779	54.609300
	-0.029617	39.642711	54.609300
	-0.029623	39.591379	54.609300
	-0.029630	39.695366	54.609300
	-0.029637	40.366354	54.609300
	-0.029644	40.582551	54.609300
	-0.029650	40.980501	54.609300
	-0.029657	41.475682	54.609300
	-0.029664	41.297928	54.609300
	-0.029671	41.299591	54.609300
	-0.029678	41.411862	54.609300
	-0.029684	41.281156	54.609300
	-0.029691	41.321018	54.609300
	-0.029698	42.593512	54.609300
	-0.029705	43.064616	54.609300
	-0.029712	43.338641	54.609300
	-0.029718	43.178282	54.609300
	-0.029725	43.413282	54.609300
	-0.029732	43.225047	54.609300
	-0.029739	43.365396	54.609300
	-0.029745	43.443756	54.609300
	-0.029752	43.304440	54.609300
	-0.029759	43.421883	54.609300
	-0.029766	43.325235	54.609300
	-0.029773	43.293377	54.609300
	-0.029779	43.324768	54.609300
	-0.029786	43.295353	54.609300
	-0.029793	43.368924	54.609300
	-0.029800	43.330786	54.609300
	-0.029806	43.390382	54.609300
	-0.029813	43.306322	54.609300
	-0.029820	43.409571	54.609300
	-0.029827	43.357305	54.609300
	-0.029834	43.339166	54.609300
	-0.029840	43.300099	54.609300
	-0.029847	43.264796	54.609300
	-0.029854	43.225321	54.609300
	-0.029861	43.412992	54.609300
	-0.029867	43.375235	54.609300
	-0.029874	43.432187	54.609300
	-0.029881	43.445134	54.609300
	-0.029888	43.411853	54.609300
	-0.029895	43.319850	54.609300
	-0.029901	43.479946	54.609300
	-0.029908	43.373406	54.609300
	-0.029915	43.459474	54.609300
	-0.029922	43.350503	54.609300
	-0.029928	43.331383	54.609300
	-0.029935	43.534220	54.609300
	-0.029942	43.257737	54.609300
	-0.029949	43.316844	54.609300
	-0.029956	43.243872	54.609300
	-0.029962	43.391324	54.609300
	-0.029969	43.424533	54.609300
	-0.029976	43.525414	54.609300
	-0.029983	43.379349	54.609300
	-0.029990	43.484422	54.609300
	-0.029996	43.587193	54.609300
	-0.030003	43.640816	54.609300
	-0.030010	43.561094	54.609300
	-0.030017	43.503335	54.609300
	-0.030023	43.501346	54.609300
	-0.030030	43.597577	54.609300
	-0.030037	43.633452	54.609300
	-0.030044	43.352349	54.609300
	-0.030051	43.545085	54.609300
	-0.030057	43.550047	54.609300
	-0.030064	43.493758	54.609300
	-0.030071	43.539249	54.609300
	-0.030078	43.683701	54.609300
	-0.030084	43.551824	54.609300
	-0.030091	43.648817	54.609300
	-0.030098	43.677125	54.609300
	-0.030105	43.784834	54.609300
	-0.030112	43.612401	54.609300
	-0.030118	43.577520	54.609300
	-0.030125	43.648342	54.609300
	-0.030132	43.627481	54.609300
	-0.030139	43.443134	54.609300
	-0.030145	43.513536	54.609300
	-0.030152	43.680153	54.609300
	-0.030159	43.478506	54.609300
	-0.030166	43.440758	54.609300
	-0.030173	43.542617	54.609300
	-0.030179	43.585345	54.609300
	-0.030186	43.593822	54.609300
	-0.030193	43.538721	54.609300
	-0.030200	43.671988	54.609300
	-0.030207	43.611942	54.609300
	-0.030213	43.717161	54.609300
	-0.030220	43.583822	54.609300
	-0.030227	43.628202	54.609300
	-0.030234	43.582046	54.609300
	-0.030240	43.474818	54.609300
	-0.030247	43.642504	54.609300
	-0.030254	43.457919	54.609300
	-0.030261	43.713536	54.609300
	-0.030268	43.567134	54.609300
	-0.030274	43.543344	54.609300
	-0.030281	43.514373	54.609300
	-0.030288	43.655468	54.609300
	-0.030295	43.633867	54.609300
	-0.030301	43.658198	54.609300
	-0.030308	43.618861	54.609300
	-0.030315	43.628084	54.609300
	-0.030322	43.604109	54.609300
	-0.030329	43.629490	54.609300
	-0.030335	43.651003	54.609300
	-0.030342	43.975484	54.609300
	-0.030349	44.027230	54.609300
	-0.030356	43.969999	54.609300
	-0.030362	43.701967	54.609300
	-0.030369	43.971853	54.609300
	-0.030376	44.040700	54.609300
	-0.030383	43.865191	54.609300
	-0.030390	44.056786	54.609300
	-0.030396	44.204703	54.609300
	-0.030403	43.869783	54.609300
	-0.030410	44.024936	54.609300
	-0.030417	43.947477	54.609300
	-0.030424	44.186989	54.609300
	-0.030430	44.107449	54.609300
	-0.030437	44.176213	54.609300
	-0.030444	44.039119	54.609300
	-0.030451	44.013801	54.609300
	-0.030457	44.075868	54.609300
	-0.030464	43.977241	54.609300
	-0.030471	44.179498	54.609300
	-0.030478	44.128144	54.609300
	-0.030485	44.070330	54.609300
	-0.030491	44.190813	54.609300
	-0.030498	44.101453	54.609300
	-0.030505	44.231656	54.609300
	-0.030512	44.192650	54.609300
	-0.030518	44.083872	54.609300
	-0.030525	44.203368	54.609300
	-0.030532	44.216943	54.609300
	-0.030539	44.088506	54.609300
	-0.030546	44.055183	54.609300
	-0.030552	44.055512	54.609300
	-0.030559	44.113633	54.609300
	-0.030566	44.074743	54.609300
	-0.030573	44.128374	54.609300
	-0.030579	44.069217	54.609300
	-0.030586	44.168521	54.609300
	-0.030593	44.186746	54.609300
	-0.030600	44.031974	54.609300
	-0.030607	44.044057	54.609300
	-0.030613	44.007712	54.609300
	-0.030620	44.005424	54.609300
	-0.030627	44.084621	54.609300
	-0.030634	44.141023	54.609300
	-0.030640	44.183389	54.609300
	-0.030647	44.137030	54.609300
	-0.030654	44.082040	54.609300
	-0.030661	44.115357	54.609300
	-0.030668	44.142636	54.609300
	-0.030674	44.168706	54.609300
	-0.030681	44.075315	54.609300
	-0.030688	44.175572	54.609300
	-0.030695	44.160643	54.609300
	-0.030702	44.282673	54.609300
	-0.030708	44.152727	54.609300
	-0.030715	44.351133	54.609300
	-0.030722	44.130283	54.609300
	-0.030729	44.118023	54.609300
	-0.030735	44.103462	54.609300
	-0.030742	44.105087	54.609300
	-0.030749	44.181377	54.609300
	-0.030756	44.032140	54.609300
	-0.030763	44.345195	54.609300
	-0.030769	44.249986	54.609300
	-0.030776	44.291661	54.609300
	-0.030783	44.033289	54.609300
	-0.030790	44.274936	54.609300
	-0.030796	44.259773	54.609300
	-0.030803	44.236359	54.609300
	-0.030810	44.295977	54.609300
	-0.030817	44.278131	54.609300
	-0.030824	44.077340	54.609300
	-0.030830	44.383546	54.609300
	-0.030837	44.260939	54.609300
	-0.030844	44.129634	54.609300
	-0.030851	44.308040	54.609300
	-0.030857	44.368767	54.609300
	-0.030864	44.148585	54.609300
	-0.030871	44.390313	54.609300
	-0.030878	44.151348	54.609300
	-0.030885	44.211693	54.609300
	-0.030891	44.324967	54.609300
	-0.030898	44.390633	54.609300
	-0.030905	44.237514	54.609300
	-0.030912	44.196585	54.609300
	-0.030919	44.190514	54.609300
	-0.030925	44.270043	54.609300
	-0.030932	44.182767	54.609300
	-0.030939	44.178341	54.609300
	-0.030946	44.373812	54.609300
	-0.030952	44.193885	54.609300
	-0.030959	44.287862	54.609300
	-0.030966	44.271889	54.609300
	-0.030973	44.201205	54.609300
	-0.030980	44.139163	54.609300
	-0.030986	44.295980	54.609300
	-0.030993	44.273544	54.609300
	-0.031000	44.136533	54.609300
	-0.031007	44.357513	54.609300
	-0.031013	44.322306	54.609300
	-0.031020	44.362450	54.609300
	-0.031027	44.216960	54.609300
	-0.031034	44.227448	54.609300
	-0.031041	44.385737	54.609300
	-0.031047	44.229694	54.609300
	-0.031054	44.164393	54.609300
	-0.031061	44.330963	54.609300
	-0.031068	44.218888	54.609300
	-0.031074	44.132488	54.609300
	-0.031081	44.176359	54.609300
	-0.031088	44.244032	54.609300
	-0.031095	44.249923	54.609300
	-0.031102	44.251440	54.609300
	-0.031108	44.256466	54.609300
	-0.031115	44.375503	54.609300
	-0.031122	44.168554	54.609300
	-0.031129	44.120958	54.609300
	-0.031136	44.197671	54.609300
	-0.031142	44.207173	54.609300
	-0.031149	44.258248	54.609300
	-0.031156	44.183270	54.609300
	-0.031163	44.338567	54.609300
	-0.031169	44.337307	54.609300
	-0.031176	44.381825	54.609300
	-0.031183	44.409508	54.609300
	-0.031190	44.423439	54.609300
	-0.031197	44.446438	54.609300
	-0.031203	44.370756	54.609300
	-0.031210	44.317462	54.609300
	-0.031217	44.241819	54.609300
	-0.031224	44.305059	54.609300
	-0.031230	44.293573	54.609300
	-0.031237	44.220991	54.609300
	-0.031244	44.351136	54.609300
	-0.031251	44.223679	54.609300
	-0.031258	44.449718	54.609300
	-0.031264	44.320656	54.609300
	-0.031271	44.431377	54.609300
	-0.031278	44.420626	54.609300
	-0.031285	44.333104	54.609300
	-0.031291	44.486168	54.609300
	-0.031298	44.510889	54.609300
	-0.031305	44.403108	54.609300
	-0.031312	44.458568	54.609300
	-0.031319	44.315133	54.609300
	-0.031325	44.434129	54.609300
	-0.031332	44.418772	54.609300
	-0.031339	44.332413	54.609300
	-0.031346	44.593305	54.609300
	-0.031353	44.350135	54.609300
	-0.031359	44.287472	54.609300
	-0.031366	44.589663	54.609300
	-0.031373	44.501965	54.609300
	-0.031380	44.423522	54.609300
	-0.031386	44.352738	54.609300
	-0.031393	44.206894	54.609300
	-0.031400	44.459287	54.609300
	-0.031407	44.277746	54.609300
	-0.031414	44.454399	54.609300
	-0.031420	44.388569	54.609300
	-0.031427	44.297452	54.609300
	-0.031434	44.447657	54.609300
	-0.031441	44.445527	54.609300
	-0.031447	44.353255	54.609300
	-0.031454	44.417062	54.609300
	-0.031461	44.389083	54.609300
	-0.031468	44.319689	54.609300
	-0.031475	44.339409	54.609300
	-0.031481	44.458737	54.609300
	-0.031488	44.278951	54.609300
	-0.031495	44.359472	54.609300
	-0.031502	44.362594	54.609300
	-0.031508	44.404874	54.609300
	-0.031515	44.494046	54.609300
	-0.031522	44.407651	54.609300
	-0.031529	44.523842	54.609300
	-0.031536	44.442485	54.609300
	-0.031542	44.431944	54.609300
	-0.031549	44.567214	54.609300
	-0.031556	44.487199	54.609300
	-0.031563	44.539266	54.609300
	-0.031569	44.569275	54.609300
	-0.031576	44.396344	54.609300
	-0.031583	44.612033	54.609300
	-0.031590	44.499246	54.609300
	-0.031597	44.624000	54.609300
	-0.031603	44.676075	54.609300
	-0.031610	44.429131	54.609300
	-0.031617	44.561378	54.609300
	-0.031624	44.499273	54.609300
	-0.031631	44.511707	54.609300
	-0.031637	44.541360	54.609300
	-0.031644	44.497383	54.609300
	-0.031651	44.528744	54.609300
	-0.031658	44.554670	54.609300
	-0.031664	44.572168	54.609300
	-0.031671	44.449923	54.609300
	-0.031678	44.428631	54.609300
	-0.031685	44.546438	54.609300
	-0.031692	44.694615	54.609300
	-0.031698	44.446762	54.609300
	-0.031705	44.603360	54.609300
	-0.031712	44.492880	54.609300
	-0.031719	44.422903	54.609300
	-0.031725	44.535082	54.609300
	-0.031732	44.563334	54.609300
	-0.031739	44.576144	54.609300
	-0.031746	44.534198	54.609300
	-0.031753	44.780811	54.609300
	-0.031759	44.595938	54.609300
	-0.031766	44.569861	54.609300
	-0.031773	44.631115	54.609300
	-0.031780	44.549903	54.609300
	-0.031786	44.493863	54.609300
	-0.031793	44.418642	54.609300
	-0.031800	44.523483	54.609300
	-0.031807	44.402929	54.609300
	-0.031814	44.413818	54.609300
	-0.031820	44.575254	54.609300
	-0.031827	44.680883	54.609300
	-0.031834	44.492382	54.609300
	-0.031841	44.504507	54.609300
	-0.031848	44.481634	54.609300
	-0.031854	44.689641	54.609300
	-0.031861	44.518032	54.609300
	-0.031868	44.572889	54.609300
	-0.031875	44.642211	54.609300
	-0.031881	44.614774	54.609300
	-0.031888	44.799099	54.609300
	-0.031895	44.552909	54.609300
	-0.031902	44.560618	54.609300
	-0.031909	44.789470	54.609300
	-0.031915	44.604299	54.609300
