	0.049617	0.137660	54.572000
	0.047700	-0.073665	54.555200
	0.045783	0.056427	54.329900
	0.043866	0.165766	53.914500
	0.041949	0.198903	53.545700
	0.040033	0.215233	53.158300
	0.038116	0.239360	52.731700
	0.036199	0.455708	52.275400
	0.034282	0.617697	51.683000
	0.032365	0.634886	51.189400
	0.030448	0.647734	50.511400
	0.028531	0.814710	49.822300
	0.026614	0.802139	49.313800
	0.024698	0.970853	48.784800
	0.022781	1.021579	48.218500
	0.020864	1.064802	47.579600
	0.018947	1.299077	46.937000
	0.017030	1.646480	46.145400
	0.015113	1.501205	45.253200
	0.013196	1.718706	44.331200
	0.011279	1.801039	43.386800
	0.009363	2.019109	42.388400
	0.007446	1.876373	41.323000
	0.005529	2.132678	40.160700
	0.003612	2.604006	38.972400
	0.001695	2.701785	37.730000
	-0.000222	2.905855	36.508100
	-0.002139	3.046129	35.131600
	-0.004056	3.191631	33.570700
	-0.005972	3.609814	32.063800
	-0.007889	3.585582	30.478600
	-0.009806	4.126619	28.632700
	-0.011723	4.321662	26.490700
	-0.013640	4.895999	23.694800
	-0.015557	5.442388	20.567400
	-0.017474	6.174127	16.899900
	-0.019391	6.419156	12.692100
	-0.021307	7.889127	7.504630
	-0.023224	8.860801	1.944620
	-0.025141	9.812210	-3.906000
	-0.025141	11.190716	-8.093250
	-0.025148	13.690556	-9.952170
	-0.025155	13.937856	-10.691600
	-0.025161	13.926230	-11.012000
	-0.025168	13.876965	-11.189000
	-0.025175	13.913857	-11.390100
	-0.025182	13.797546	-11.468400
	-0.025189	13.853454	-11.451600
	-0.025195	13.811315	-11.380800
	-0.025202	14.101735	-11.427400
	-0.025209	13.966904	-11.513100
	-0.025216	13.814826	-11.576400
	-0.025223	13.768319	-11.446000
	-0.025229	13.966913	-11.336100
	-0.025236	14.053363	-11.362200
	-0.025243	13.856651	-11.379000
	-0.025250	14.119388	-11.431100
	-0.025256	13.969062	-11.446000
	-0.025263	13.782786	-11.440400
	-0.025270	13.963917	-11.459100
	-0.025277	14.006866	-11.555900
	-0.025284	13.872079	-11.496300
	-0.025290	13.768977	-11.423700
	-0.025297	13.990824	-11.464600
	-0.025304	14.124903	-11.623000
	-0.025311	13.945449	-11.740300
	-0.025317	13.932703	-11.753300
	-0.025324	13.975437	-11.807400
	-0.025331	13.878103	-11.807400
	-0.025338	14.005916	-11.926600
	-0.025345	14.058405	-11.954500
	-0.025351	13.867230	-11.971300
	-0.025358	13.997533	-12.111000
	-0.025365	13.879777	-12.043900
	-0.025372	14.100345	-12.027200
	-0.025378	14.016056	-11.995500
	-0.025385	13.907734	-11.982500
	-0.025392	13.907137	-11.943300
	-0.025399	13.967498	-11.986200
	-0.025406	13.903686	-12.032700
	-0.025412	13.839511	-12.114700
	-0.025419	13.978258	-12.152000
	-0.025426	13.893888	-12.088600
	-0.025433	14.069648	-11.999200
	-0.025439	14.117125	-11.896800
	-0.025446	13.934082	-11.995500
	-0.025453	13.993648	-12.181800
	-0.025460	14.193844	-12.243200
	-0.025467	13.881866	-12.165000
	-0.025473	14.058742	-11.988000
	-0.025480	14.007690	-12.002900
	-0.025487	13.852219	-12.114700
	-0.025494	13.907076	-12.144500
	-0.025501	14.074005	-12.103500
	-0.025507	14.004109	-12.103500
	-0.025514	13.987456	-12.148200
	-0.025521	13.971853	-12.030900
	-0.025528	14.120435	-11.894900
	-0.025534	13.985757	-12.135200
	-0.025541	14.058137	-12.429500
	-0.025548	14.020369	-12.641800
	-0.025555	13.979545	-12.874700
	-0.025562	14.141136	-13.006900
	-0.025568	13.862832	-13.047900
	-0.025575	13.858118	-13.033000
	-0.025582	13.969560	-13.046000
	-0.025589	13.996322	-13.068400
	-0.025595	14.014608	-13.027400
	-0.025602	14.082386	-12.980800
	-0.025609	13.950696	-12.919400
	-0.025616	14.147679	-12.831800
	-0.025623	14.144231	-12.695800
	-0.025629	14.167222	-12.671600
	-0.025636	13.942954	-12.721900
	-0.025643	14.041056	-12.749900
	-0.025650	14.015694	-12.757300
	-0.025656	14.105941	-12.710700
	-0.025663	13.843120	-12.679100
	-0.025670	14.054703	-12.658600
	-0.025677	14.142413	-12.680900
	-0.025684	14.061124	-12.586000
	-0.025690	14.041935	-12.552400
	-0.025697	14.068838	-12.571100
	-0.025704	14.157783	-12.667900
	-0.025711	14.017625	-12.697700
	-0.025718	13.944131	-12.673500
	-0.025724	14.117219	-12.759200
	-0.025731	14.039605	-12.844900
	-0.025738	14.059005	-12.893300
	-0.025745	13.961961	-12.947300
	-0.025751	14.093852	-12.988300
	-0.025758	14.069134	-13.049800
	-0.025765	13.948552	-13.128000
	-0.025772	14.020339	-13.247200
	-0.025779	14.127130	-13.375700
	-0.025785	14.053678	-13.459500
	-0.025792	14.073641	-13.500500
	-0.025799	14.159831	-13.485600
	-0.025806	14.110897	-13.459500
	-0.025812	14.131432	-13.528400
	-0.025819	13.850995	-13.599200
	-0.025826	13.960848	-13.519100
	-0.025833	14.077379	-13.440900
	-0.025840	14.084502	-13.427900
	-0.025846	14.176672	-13.457700
	-0.025853	13.950917	-13.494900
	-0.025860	14.156349	-13.474400
	-0.025867	14.151542	-13.487500
	-0.025873	14.106880	-13.483700
	-0.025880	14.128783	-13.524700
	-0.025887	14.158151	-13.554500
	-0.025894	14.139777	-13.614100
	-0.025901	14.145035	-13.757600
	-0.025907	14.059579	-13.826500
	-0.025914	13.961806	-13.889800
	-0.025921	14.098735	-13.837600
	-0.025928	14.088555	-13.804100
	-0.025935	14.148958	-13.776200
	-0.025941	14.281698	-13.725900
	-0.025948	14.178385	-13.593600
	-0.025955	14.159430	-13.517300
	-0.025962	14.196662	-13.459500
	-0.025968	14.152550	-13.481900
	-0.025975	14.140260	-13.491200
	-0.025982	14.153959	-13.530300
	-0.025989	14.179269	-13.504200
	-0.025996	14.253291	-13.345900
	-0.026002	14.201995	-13.334700
	-0.026009	14.178081	-13.271400
	-0.026016	14.228807	-13.277000
	-0.026023	14.088257	-13.254600
	-0.026029	14.157654	-13.273300
	-0.026036	14.232759	-13.457700
	-0.026043	14.191645	-13.487500
	-0.026050	14.190940	-13.459500
	-0.026057	14.008869	-13.493100
	-0.026063	14.341238	-13.433500
	-0.026070	14.097190	-13.332900
	-0.026077	14.102036	-13.275100
	-0.026084	14.183358	-13.200600
	-0.026090	14.195969	-13.183900
	-0.026097	14.140379	-13.165200
	-0.026104	14.026155	-13.256500
	-0.026111	14.286530	-13.237900
	-0.026118	14.350978	-13.189400
	-0.026124	14.301478	-13.131700
	-0.026131	14.420836	-13.137300
	-0.026138	14.327191	-13.232300
	-0.026145	14.168982	-13.413000
	-0.026151	14.218490	-13.634600
	-0.026158	14.124326	-13.763100
	-0.026165	14.272787	-13.779900
	-0.026172	14.297016	-13.934500
	-0.026179	14.325843	-14.104000
	-0.026185	14.399077	-14.197100
	-0.026192	14.255545	-14.295900
	-0.026199	14.362561	-14.428100
	-0.026206	14.338116	-14.528700
	-0.026213	14.341266	-14.446700
	-0.026219	14.438672	-14.394600
	-0.026226	14.279838	-14.364800
	-0.026233	14.367004	-14.428100
	-0.026240	14.340664	-14.370400
	-0.026246	14.436298	-14.426200
	-0.026253	14.404576	-14.567800
	-0.026260	14.313439	-14.666500
	-0.026267	14.460975	-14.716800
	-0.026274	14.494198	-14.692600
	-0.026280	14.433223	-14.731700
	-0.026287	14.464293	-14.782000
	-0.026294	14.537218	-14.804400
	-0.026301	14.405222	-14.754100
	-0.026307	14.341890	-14.752200
	-0.026314	14.365661	-14.774600
	-0.026321	14.398500	-14.793200
	-0.026328	14.541948	-14.899400
	-0.026335	14.394709	-14.927300
	-0.026341	14.400254	-14.850900
	-0.026348	14.516587	-14.776400
	-0.026355	14.434541	-14.852800
	-0.026362	14.390172	-14.871400
	-0.026368	14.614967	-14.852800
	-0.026375	14.434021	-14.918000
	-0.026382	14.372057	-14.968300
	-0.026389	14.541650	-14.837900
	-0.026396	14.571215	-14.802500
	-0.026402	14.440282	-14.841600
	-0.026409	14.498740	-14.884500
	-0.026416	14.617565	-14.897500
	-0.026423	14.589318	-14.774600
	-0.026430	14.561362	-14.774600
	-0.026436	14.455261	-14.849100
	-0.026443	14.504327	-14.953400
	-0.026450	14.580435	-14.940300
	-0.026457	14.585920	-14.983200
	-0.026463	14.499403	-15.027900
	-0.026470	14.680822	-15.018600
	-0.026477	14.497795	-15.098700
	-0.026484	14.639619	-15.212300
	-0.026491	14.727354	-15.285000
	-0.026497	14.451022	-15.249500
	-0.026504	14.534687	-15.296200
	-0.026511	14.770880	-15.312900
	-0.026518	14.642929	-15.225300
	-0.026524	14.548480	-15.195500
	-0.026531	14.575810	-15.277500
	-0.026538	14.650039	-15.376300
	-0.026545	14.564780	-15.359500
	-0.026552	14.634897	-15.326000
	-0.026558	14.523478	-15.273800
	-0.026565	14.598522	-15.229000
	-0.026572	14.609422	-15.214100
	-0.026579	14.476467	-15.361400
	-0.026585	14.702487	-15.480600
	-0.026592	14.507571	-15.445200
	-0.026599	14.556692	-15.493600
	-0.026606	14.671546	-15.489900
	-0.026613	14.579180	-15.480600
	-0.026619	14.456333	-15.473100
	-0.026626	14.666838	-15.452600
	-0.026633	14.602056	-15.398600
	-0.026640	14.549735	-15.335300
	-0.026647	14.640490	-15.486100
	-0.026653	14.699898	-15.624000
	-0.026660	14.738252	-15.599800
	-0.026667	14.570621	-15.532700
	-0.026674	14.574787	-15.566200
	-0.026680	14.659052	-15.612800
	-0.026687	14.761417	-15.685500
	-0.026694	14.638655	-15.834500
	-0.026701	14.642205	-15.789800
	-0.026708	14.734353	-15.683600
	-0.026714	14.676542	-15.741300
	-0.026721	14.757162	-15.767400
	-0.026728	14.729907	-15.804700
	-0.026735	14.723538	-15.802800
	-0.026741	14.609878	-15.808400
	-0.026748	14.889199	-15.828900
	-0.026755	14.823403	-15.879200
	-0.026762	14.813602	-15.853100
	-0.026769	14.750926	-15.946200
	-0.026775	14.668233	-16.216300
	-0.026782	14.898552	-16.434200
	-0.026789	14.642880	-16.413700
	-0.026796	14.858869	-16.402600
	-0.026802	14.743175	-16.465900
	-0.026809	14.735585	-16.562800
	-0.026816	14.588061	-16.557200
	-0.026823	14.704075	-16.570200
	-0.026830	14.872196	-16.674500
	-0.026836	14.810077	-16.626100
	-0.026843	14.656325	-16.620500
	-0.026850	14.930733	-16.672700
	-0.026857	14.922582	-16.689400
	-0.026863	14.949961	-16.579500
	-0.026870	14.985580	-16.438000
	-0.026877	15.018286	-16.400700
	-0.026884	14.867515	-16.452900
	-0.026891	14.974889	-16.497600
	-0.026897	14.839302	-16.458400
	-0.026904	14.857764	-16.357900
	-0.026911	14.881385	-16.402600
	-0.026918	14.818407	-16.417500
	-0.026925	14.886862	-16.372800
	-0.026931	15.115702	-16.294500
	-0.026938	14.925917	-16.177200
	-0.026945	15.009320	-16.151100
	-0.026952	14.937890	-16.311300
	-0.026958	14.979957	-16.333700
	-0.026965	14.995369	-16.307600
	-0.026972	15.094358	-16.257300
	-0.026979	15.007947	-16.343000
	-0.026986	14.986608	-16.501300
	-0.026992	15.037005	-16.519900
	-0.026999	15.097024	-16.277800
	-0.027006	15.128119	-16.013300
	-0.027013	15.418913	-15.897800
	-0.027019	15.246502	-15.875400
	-0.027026	15.132176	-15.903400
	-0.027033	15.126774	-15.979700
	-0.027040	15.255264	-15.929500
	-0.027047	15.269151	-16.015100
	-0.027053	15.362984	-16.072900
	-0.027060	15.216636	-16.058000
	-0.027067	15.235961	-15.959300
	-0.027074	15.265578	-15.935000
	-0.027080	15.230076	-15.940600
	-0.027087	15.150185	-16.024500
	-0.027094	15.399025	-16.074700
	-0.027101	15.312680	-16.182800
	-0.027108	15.338495	-16.324300
	-0.027114	15.446798	-16.270300
	-0.027121	15.382118	-16.300100
	-0.027128	15.224724	-16.400700
	-0.027135	15.350000	-16.505000
	-0.027142	15.297723	-16.609300
	-0.027148	15.429664	-16.594400
	-0.027155	15.316727	-16.607500
	-0.027162	15.394463	-16.611200
	-0.027169	15.278492	-16.497600
	-0.027175	15.408455	-16.432400
	-0.027182	15.330866	-16.516200
	-0.027189	15.392717	-16.594400
	-0.027196	15.359991	-16.627900
	-0.027203	15.461091	-16.557200
	-0.027209	15.407562	-16.523600
	-0.027216	15.563345	-16.518100
	-0.027223	15.444327	-16.484500
	-0.027230	15.374284	-16.387700
	-0.027236	15.382029	-16.220000
	-0.027243	15.587028	-16.084100
	-0.027250	15.665061	-15.914600
	-0.027257	15.890631	-15.786000
	-0.027264	15.899461	-15.683600
	-0.027270	15.794930	-15.678000
	-0.027277	15.847569	-15.840100
	-0.027284	15.749550	-15.864300
	-0.027291	16.054802	-16.015100
	-0.027297	15.796897	-16.085900
	-0.027304	15.846264	-16.149200
	-0.027311	15.935831	-16.154800
	-0.027318	15.839213	-16.108300
	-0.027325	15.830982	-16.067300
	-0.027331	16.142706	-16.018900
	-0.027338	16.060621	-16.031900
	-0.027345	15.899508	-16.194000
	-0.027352	16.057148	-16.143700
	-0.027359	16.087616	-15.903400
	-0.027365	16.235759	-15.692900
	-0.027372	16.266962	-15.570000
	-0.027379	16.284046	-15.590500
	-0.027386	16.444134	-15.607200
	-0.027392	16.306722	-15.668700
	-0.027399	16.344913	-15.711500
	-0.027406	16.272079	-15.771100
	-0.027413	16.210397	-15.612800
	-0.027420	16.333228	-15.560700
	-0.027426	16.299199	-15.650100
	-0.027433	16.234842	-15.674300
	-0.027440	16.245120	-15.454500
	-0.027447	16.432247	-15.327800
	-0.027453	16.334640	-14.808100
	-0.027460	16.525508	-14.314500
	-0.027467	16.539495	-14.163600
	-0.027474	16.651931	-14.107700
	-0.027481	16.610442	-14.109600
	-0.027487	16.638379	-14.124500
	-0.027494	16.688674	-14.091000
	-0.027501	16.713569	-14.077900
	-0.027508	16.626177	-14.061200
	-0.027514	16.728863	-14.061200
	-0.027521	16.729772	-14.027600
	-0.027528	16.630670	-14.061200
	-0.027535	16.620692	-14.091000
	-0.027542	16.659168	-14.187800
	-0.027548	16.779147	-14.249300
	-0.027555	16.690512	-14.122600
	-0.027562	16.753462	-14.135700
	-0.027569	16.539462	-14.226900
	-0.027575	16.780443	-14.299600
	-0.027582	16.435679	-14.206500
	-0.027589	16.842846	-14.139400
	-0.027596	16.830134	-14.061200
	-0.027603	16.763807	-14.107700
	-0.027609	16.876448	-14.191600
	-0.027616	16.903321	-14.243700
	-0.027623	17.023527	-14.282800
	-0.027630	16.873508	-14.245600
	-0.027637	16.905095	-14.197100
	-0.027643	16.915946	-14.154300
	-0.027650	16.881640	-14.033200
	-0.027657	16.794662	-14.025800
	-0.027664	16.781670	-14.102100
	-0.027670	16.749555	-14.176700
	-0.027677	16.821864	-14.271600
	-0.027684	17.084552	-14.258600
	-0.027691	16.814307	-14.204600
	-0.027698	16.906891	-14.279100
	-0.027704	17.015556	-14.267900
	-0.027711	16.921659	-14.215800
	-0.027718	16.969899	-14.240000
	-0.027725	16.948909	-14.269800
	-0.027731	16.955219	-14.387100
	-0.027738	16.831023	-14.409500
	-0.027745	17.029968	-14.532400
	-0.027752	17.128661	-14.538000
	-0.027759	17.207985	-14.482100
	-0.027765	17.175064	-14.327500
	-0.027772	17.011179	-14.184100
	-0.027779	17.075431	-14.267900
	-0.027786	17.148834	-14.342400
	-0.027792	17.095350	-14.333100
	-0.027799	17.083220	-14.418800
	-0.027806	16.975793	-14.431800
	-0.027813	17.197856	-14.444900
	-0.027820	17.113064	-14.253000
	-0.027826	17.031059	-13.141000
	-0.027833	17.859847	-12.425800
	-0.027840	18.196403	-12.153800
	-0.027847	18.345234	-11.971300
	-0.027854	18.446974	-11.840900
	-0.027860	18.258869	-11.907900
	-0.027867	18.289119	-12.096100
	-0.027874	18.313666	-12.124000
	-0.027881	18.271099	-12.144500
	-0.027887	18.186320	-12.168700
	-0.027894	18.173008	-12.129600
	-0.027901	18.457383	-12.118400
	-0.027908	18.406297	-12.103500
	-0.027915	18.460345	-12.146400
	-0.027921	18.491716	-12.129600
	-0.027928	18.220549	-12.097900
	-0.027935	18.342957	-12.101700
	-0.027942	18.369905	-12.114700
	-0.027948	18.367095	-12.278600
	-0.027955	18.471615	-12.291700
	-0.027962	18.397566	-12.286100
	-0.027969	18.471228	-12.248800
	-0.027976	18.556681	-12.317700
	-0.027982	18.282518	-12.373600
	-0.027989	18.539384	-12.273000
	-0.027996	18.448469	-12.224600
	-0.028003	18.623489	-12.220900
	-0.028009	18.532021	-12.222700
	-0.028016	18.442755	-12.224600
	-0.028023	18.492247	-11.896800
	-0.028030	18.516222	-10.974800
	-0.028037	19.071770	-10.477400
	-0.028043	19.379775	-8.948210
	-0.028050	19.520853	-4.952800
	-0.028057	22.818128	-2.477330
	-0.028064	22.872991	-1.354150
	-0.028071	22.911812	-0.922013
	-0.028077	22.907402	-0.713397
	-0.028084	23.011461	-0.648204
	-0.028091	22.925356	-0.791628
	-0.028098	23.096057	-0.877310
	-0.028104	23.053749	-0.888485
	-0.028111	23.087682	-0.875447
	-0.028118	22.953421	-0.914562
	-0.028125	23.098328	-1.031910
	-0.028132	23.100497	-0.979759
	-0.028138	23.072005	-0.920150
	-0.028145	22.922505	-0.832606
	-0.028152	22.830344	-0.782315
	-0.028159	22.895820	-0.821430
	-0.028165	22.983701	-0.864271
	-0.028172	23.000033	-0.920150
	-0.028179	22.876351	-0.920150
	-0.028186	22.997347	-1.007700
	-0.028193	23.022317	-1.071030
	-0.028199	23.002163	-1.149260
	-0.028206	23.021698	-1.264740
	-0.028213	23.076511	-1.331800
	-0.028220	23.022632	-1.398850
	-0.028226	23.091739	-1.374640
	-0.028233	23.093548	-1.313170
	-0.028240	23.048367	-1.261020
	-0.028247	23.076138	-1.279640
	-0.028254	23.110232	-1.223770
	-0.028260	23.275329	-1.221900
	-0.028267	23.162019	-1.268470
	-0.028274	23.154330	-1.275920
	-0.028281	23.357806	-1.292680
	-0.028288	23.247452	-1.193960
	-0.028294	23.199790	-1.104560
	-0.028301	23.104330	-1.158570
	-0.028308	23.262221	-1.177200
	-0.028315	23.282551	-1.188370
	-0.028321	23.249887	-1.236800
	-0.028328	23.226976	-1.072890
	-0.028335	23.193554	-0.689182
	-0.028342	23.390747	1.080340
	-0.028349	24.122687	2.257540
	-0.028355	24.569825	2.816330
	-0.028362	24.632457	3.056620
	-0.028369	24.839332	3.326700
	-0.028376	24.929951	3.760700
	-0.028382	24.887959	4.310190
	-0.028389	25.779319	4.600760
	-0.028396	25.592446	4.658500
	-0.028403	25.687243	4.617530
	-0.028410	25.450290	4.604490
	-0.028416	25.674138	4.580270
	-0.028423	25.532264	4.552330
	-0.028430	25.545167	4.649190
	-0.028437	25.608085	4.790750
	-0.028443	25.569012	4.982600
	-0.028450	25.759651	5.185630
	-0.028457	25.866667	5.342100
	-0.028464	26.001114	5.418460
	-0.028471	25.802404	5.351410
	-0.028477	25.823080	5.280630
	-0.028484	25.706466	5.256410
	-0.028491	25.762627	5.185630
	-0.028498	26.032767	5.155830
	-0.028504	25.971941	5.180050
	-0.028511	26.042672	5.193080
	-0.028518	26.108878	5.319740
	-0.028525	26.245717	5.282490
	-0.028532	26.528498	5.487380
	-0.028538	26.412163	5.969810
	-0.028545	26.671477	6.234300
	-0.028552	26.616379	6.312530
	-0.028559	26.739992	6.364690
	-0.028566	26.573088	6.465270
	-0.028572	26.781778	6.459680
	-0.028579	26.607795	6.299490
	-0.028586	26.846074	6.282730
	-0.028593	26.822709	6.292040
	-0.028599	26.719366	6.217540
	-0.028606	26.713406	6.308810
	-0.028613	26.696740	6.403800
	-0.028620	26.725674	6.409390
	-0.028627	26.615313	6.526740
	-0.028633	26.897038	6.550950
	-0.028640	26.862528	6.537910
	-0.028647	26.799260	6.550950
	-0.028654	26.677163	6.679470
	-0.028660	26.797889	6.746530
	-0.028667	26.631587	6.683200
	-0.028674	26.761221	6.623600
	-0.028681	26.840592	6.683200
	-0.028688	26.806294	6.698100
	-0.028694	26.845507	6.621730
	-0.028701	26.821173	6.632910
	-0.028708	26.869933	6.549090
	-0.028715	26.805098	6.405670
	-0.028721	27.004081	6.429880
	-0.028728	26.862992	6.431740
	-0.028735	26.631786	6.381450
	-0.028742	27.129838	6.396350
	-0.028749	26.859845	6.422430
	-0.028755	26.868283	6.474580
	-0.028762	26.797602	6.506250
	-0.028769	26.869543	6.573300
	-0.028776	26.792435	8.611070
	-0.028783	26.885748	11.855800
	-0.028789	30.117996	13.662600
	-0.028796	30.350895	14.415100
	-0.028803	30.289578	14.565900
	-0.028810	30.513019	14.681400
	-0.028816	30.329907	14.774600
	-0.028823	30.276125	14.841600
	-0.028830	30.388379	14.914300
	-0.028837	30.364622	15.063300
	-0.028844	30.569363	15.189900
	-0.028850	30.714241	15.305500
	-0.028857	30.514583	15.290600
	-0.028864	30.664998	15.294300
	-0.028871	30.533610	15.383700
	-0.028877	30.791722	15.419100
	-0.028884	30.589735	15.596000
	-0.028891	30.427661	15.674300
	-0.028898	30.674699	15.745100
	-0.028905	30.619645	15.728300
	-0.028911	30.482259	15.711500
	-0.028918	30.576470	15.732000
	-0.028925	30.614509	15.922000
	-0.028932	30.549660	16.117600
	-0.028938	30.680976	16.195800
	-0.028945	30.535544	16.197700
	-0.028952	30.626923	16.128800
	-0.028959	30.650373	16.121300
	-0.028966	30.553581	16.899900
	-0.028972	30.541260	19.917400
	-0.028979	31.903073	21.830300
	-0.028986	33.395778	22.843600
	-0.028993	33.419410	23.275700
	-0.029000	33.421206	23.385600
	-0.029006	33.302365	23.376300
	-0.029013	33.515097	23.339100
	-0.029020	33.418280	23.322300
	-0.029027	33.307457	23.411700
	-0.029033	33.315642	23.447100
	-0.029040	33.429192	23.482500
	-0.029047	33.384776	23.614700
	-0.029054	33.503877	23.804700
	-0.029061	33.700019	23.899700
	-0.029067	33.678788	23.944400
	-0.029074	33.690979	23.979800
	-0.029081	33.776434	24.013300
	-0.029088	33.698146	24.169800
	-0.029094	33.649268	24.378400
	-0.029101	34.292744	24.510700
	-0.029108	34.303368	24.521800
	-0.029115	34.278451	24.549800
	-0.029122	33.962481	24.598200
	-0.029128	34.337693	24.635500
	-0.029135	34.331883	24.585200
	-0.029142	34.236613	24.605700
	-0.029149	34.409179	24.566500
	-0.029155	34.322102	24.479000
	-0.029162	34.286384	24.374700
	-0.029169	34.436279	24.279700
	-0.029176	34.486596	24.359800
	-0.029183	34.329929	24.479000
	-0.029189	34.284701	24.505100
	-0.029196	34.315495	24.557200
	-0.029203	34.164578	24.737900
	-0.029210	34.398513	24.840400
	-0.029216	34.412638	24.873900
	-0.029223	34.378177	24.873900
	-0.029230	34.279915	25.021000
	-0.029237	34.401321	25.490400
	-0.029244	35.141136	25.825700
	-0.029250	35.090816	25.944900
	-0.029257	35.173931	28.170800
	-0.029264	35.145811	32.119700
	-0.029271	41.319670	34.397700
	-0.029278	41.204714	35.474300
	-0.029284	41.293581	35.930700
	-0.029291	41.234154	36.107600
	-0.029298	41.318297	36.228700
	-0.029305	41.240346	36.351600
	-0.029311	41.379620	36.334900
	-0.029318	41.370971	36.247300
	-0.029325	41.353962	36.223100
	-0.029332	41.101304	36.195200
	-0.029339	41.222353	36.159800
	-0.029345	41.192700	36.068500
	-0.029352	41.200542	36.128100
	-0.029359	41.385571	36.215600
	-0.029366	41.232347	36.256600
	-0.029372	41.082292	36.252900
	-0.029379	41.201067	36.258500
	-0.029386	41.202633	36.273400
	-0.029393	41.043800	36.265900
	-0.029400	41.151354	36.413100
	-0.029406	41.377103	36.612400
	-0.029413	41.257369	36.789300
	-0.029420	41.261102	36.929000
	-0.029427	41.279048	36.986800
	-0.029433	41.359093	36.996100
	-0.029440	41.229169	37.025900
	-0.029447	41.257830	36.992400
	-0.029454	41.307013	37.066900
	-0.029461	41.094651	37.217700
	-0.029467	41.100199	37.273600
	-0.029474	41.320118	37.413300
	-0.029481	41.383966	37.612600
	-0.029488	41.817158	37.791400
	-0.029495	41.733187	37.821200
	-0.029501	41.847124	37.860400
	-0.029508	41.856722	37.873400
	-0.029515	41.720546	37.955400
	-0.029522	41.847892	38.272000
	-0.029528	41.936047	38.543900
	-0.029535	42.220966	38.666900
	-0.029542	42.162091	38.832700
	-0.029549	42.214746	38.817800
	-0.029556	42.174287	38.869900
	-0.029562	42.175329	38.894100
	-0.029569	42.197215	38.968600
	-0.029576	42.302362	38.976100
	-0.029583	42.210157	39.002200
	-0.029589	42.038843	39.033800
	-0.029596	42.147400	38.994700
	-0.029603	41.997104	38.890400
	-0.029610	42.214459	38.838200
	-0.029617	42.074047	38.922100
	-0.029623	42.258505	38.905300
	-0.029630	42.285245	38.855000
	-0.029637	42.152197	38.888500
	-0.029644	42.330565	39.069200
	-0.029650	42.180736	39.156800
	-0.029657	42.050417	39.341200
	-0.029664	42.306803	39.361700
	-0.029671	42.255675	39.367200
	-0.029678	42.147212	39.378400
	-0.029684	42.198403	39.294600
	-0.029691	42.134179	39.311400
	-0.029698	42.291678	39.356100
	-0.029705	42.313846	39.283400
	-0.029712	42.235466	39.229400
	-0.029718	42.277727	39.333700
	-0.029725	42.080830	39.272200
	-0.029732	42.249801	39.192100
	-0.029739	42.418103	39.212600
	-0.029745	42.113525	39.283400
	-0.029752	42.260107	39.371000
	-0.029759	42.397989	39.371000
	-0.029766	42.270927	39.382100
	-0.029773	42.337177	39.393300
	-0.029779	42.315890	39.419400
	-0.029786	42.280883	39.572100
	-0.029793	42.308949	39.633600
	-0.029800	42.315153	39.674600
	-0.029806	42.488044	39.635500
	-0.029813	42.380090	39.769600
	-0.029820	42.374834	39.860800
	-0.029827	42.292985	39.799400
	-0.029834	42.342590	39.708100
	-0.029840	42.511293	39.646600
	-0.029847	42.477744	39.696900
	-0.029854	42.367811	39.758400
	-0.029861	42.321861	39.754700
	-0.029867	42.786530	39.831000
	-0.029874	42.883333	39.894400
	-0.029881	42.908201	39.959600
	-0.029888	42.719189	40.138400
	-0.029895	43.484146	40.259400
	-0.029901	43.602970	40.296700
	-0.029908	43.443700	40.229600
	-0.029915	43.501036	40.190500
	-0.029922	43.502688	40.153300
	-0.029928	43.275232	40.244500
	-0.029935	43.622803	40.386100
	-0.029942	43.376252	40.425200
	-0.029949	43.455706	40.471800
	-0.029956	43.397922	40.453200
	-0.029962	43.639442	40.395400
	-0.029969	43.487948	40.389800
	-0.029976	43.569789	40.434500
	-0.029983	43.478186	40.540700
	-0.029990	43.557112	40.550000
	-0.029996	43.510433	40.540700
	-0.030003	43.460019	40.518400
	-0.030010	43.433778	40.520200
	-0.030017	43.454128	40.373100
	-0.030023	43.464133	40.455000
	-0.030030	43.520623	40.659900
	-0.030037	43.428415	40.900200
	-0.030044	43.570364	40.930000
	-0.030051	43.495134	41.105100
	-0.030057	43.487086	41.174000
	-0.030064	43.644170	41.228000
	-0.030071	43.603924	41.341600
	-0.030078	43.590852	41.393800
	-0.030084	43.603647	41.332300
	-0.030091	43.458891	41.282000
	-0.030098	43.561563	41.267100
	-0.030105	43.607341	41.259700
	-0.030112	43.564009	41.298800
	-0.030118	43.648544	41.213100
	-0.030125	43.706186	41.220600
	-0.030132	43.509148	41.298800
	-0.030139	43.665280	41.419900
	-0.030145	43.615139	41.483200
	-0.030152	43.832690	41.555800
	-0.030159	43.526144	41.397500
	-0.030166	43.707623	41.390100
	-0.030173	43.710922	41.434800
	-0.030179	43.731454	41.449700
	-0.030186	43.580548	41.427300
	-0.030193	43.778631	41.330500
	-0.030200	43.615586	41.291400
	-0.030207	43.787655	41.287600
	-0.030213	43.816683	41.283900
	-0.030220	43.708013	41.259700
	-0.030227	43.514337	41.293200
	-0.030234	43.671076	41.233600
	-0.030240	43.680206	41.174000
	-0.030247	43.571336	41.196400
	-0.030254	43.583411	41.256000
	-0.030261	43.613749	41.272700
	-0.030268	43.666385	41.328600
	-0.030274	43.639448	41.425500
	-0.030281	43.670933	41.405000
	-0.030288	43.595692	41.425500
	-0.030295	43.581198	41.500000
	-0.030301	43.795651	41.516700
	-0.030308	43.597712	41.457100
	-0.030315	43.736624	41.546500
	-0.030322	43.692623	41.585600
	-0.030329	43.809847	41.595000
	-0.030335	43.623762	41.490700
	-0.030342	43.647665	41.518600
	-0.030349	43.594383	41.630400
	-0.030356	43.719626	41.786800
	-0.030362	43.728559	41.837100
	-0.030369	43.549721	41.898600
	-0.030376	43.545491	41.889300
	-0.030383	43.641006	41.883700
	-0.030390	43.635193	41.974900
	-0.030396	43.452987	41.954500
	-0.030403	43.831438	42.010300
	-0.030410	44.146864	42.168700
	-0.030417	44.139268	42.196600
	-0.030424	44.067415	42.174200
	-0.030430	44.068197	42.140700
	-0.030437	44.006612	42.151900
	-0.030444	44.083847	42.224500
	-0.030451	43.991600	42.259900
	-0.030457	43.901033	42.291600
	-0.030464	44.015711	42.274800
	-0.030471	43.874099	42.224500
	-0.030478	44.014534	42.218900
	-0.030485	44.184016	42.267400
	-0.030491	43.898602	42.369800
	-0.030498	44.026691	42.353100
	-0.030505	44.095560	42.250600
	-0.030512	44.013859	42.222700
	-0.030518	44.108162	42.217100
	-0.030525	44.029415	42.218900
	-0.030532	44.148925	42.166800
	-0.030539	44.090832	42.259900
	-0.030546	44.175881	42.330700
	-0.030552	44.181275	42.341900
	-0.030559	44.241219	42.401500
	-0.030566	44.094731	42.315800
	-0.030573	44.159463	42.228300
	-0.030579	44.059679	42.181700
	-0.030586	44.061762	42.124000
	-0.030593	43.979319	42.159300
	-0.030600	44.011566	42.287900
	-0.030607	44.231173	42.282300
	-0.030613	44.051677	42.306500
	-0.030620	44.029037	42.308400
	-0.030627	44.188614	42.358600
	-0.030634	44.160679	42.377300
	-0.030640	44.087296	42.377300
	-0.030647	43.955333	42.368000
	-0.030654	44.243380	42.368000
	-0.030661	44.207264	42.310200
	-0.030668	44.155579	42.323300
	-0.030674	44.083676	42.481600
	-0.030681	44.087577	42.602700
	-0.030688	44.151981	42.474100
	-0.030695	44.095073	42.340000
	-0.030702	44.157217	42.319500
	-0.030708	44.090832	42.267400
	-0.030715	44.309292	42.200300
	-0.030722	44.170435	42.274800
	-0.030729	44.306250	42.401500
	-0.030735	44.155396	42.410800
	-0.030742	44.163484	42.327000
	-0.030749	44.061621	42.300900
	-0.030756	44.121148	42.520700
	-0.030763	44.195676	42.829900
	-0.030769	44.160345	42.928600
	-0.030776	44.124646	43.006800
	-0.030783	44.022088	43.051600
	-0.030790	44.145941	43.064600
	-0.030796	44.344999	43.044100
	-0.030803	44.282764	43.029200
	-0.030810	44.162815	43.092500
	-0.030817	44.184671	43.120500
	-0.030824	44.004570	43.256400
	-0.030830	44.098196	43.254600
	-0.030837	44.197527	43.204300
	-0.030844	44.300553	43.196800
	-0.030851	44.136348	43.232200
	-0.030857	44.124959	43.299300
	-0.030864	44.152039	43.355200
	-0.030871	44.224000	43.351400
	-0.030878	44.271773	43.338400
	-0.030885	44.217125	43.368200
	-0.030891	44.285220	43.358900
	-0.030898	44.050152	43.273200
	-0.030905	44.147234	43.355200
	-0.030912	44.182554	43.306700
	-0.030919	44.218341	43.293700
	-0.030925	44.219325	43.414800
	-0.030932	44.284043	43.500400
	-0.030939	44.240694	43.560100
	-0.030946	44.204437	43.534000
	-0.030952	44.125387	43.517200
	-0.030959	44.125804	43.576800
	-0.030966	44.213238	43.573100
	-0.030973	44.199696	43.548900
	-0.030980	44.185361	43.539600
	-0.030986	44.199124	43.569400
	-0.030993	44.167761	43.552600
	-0.031000	44.163586	43.545200
	-0.031007	44.317802	43.595400
	-0.031013	44.116747	43.655000
	-0.031020	44.265976	43.705300
	-0.031027	44.364478	43.638300
	-0.031034	44.213365	43.623400
	-0.031041	44.283176	43.640100
	-0.031047	44.305623	43.697900
	-0.031054	44.161981	43.768700
	-0.031061	44.331524	43.785400
	-0.031068	44.360132	43.688600
	-0.031074	44.289600	43.703500
	-0.031081	44.026020	43.781700
	-0.031088	44.191902	43.796600
	-0.031095	44.166708	43.811500
	-0.031102	44.184508	43.923300
	-0.031108	44.272895	44.046200
	-0.031115	44.104490	44.051800
	-0.031122	44.135950	44.107700
	-0.031129	44.052050	44.144900
	-0.031136	44.231692	44.223200
	-0.031142	44.209781	44.254800
	-0.031149	44.229451	44.316300
	-0.031156	44.261876	44.303200
	-0.031163	44.244209	44.243600
	-0.031169	44.414255	44.226900
	-0.031176	44.178854	44.334900
	-0.031183	44.288862	44.543500
	-0.031190	44.262776	44.631100
	-0.031197	44.218747	44.621800
	-0.031203	44.392775	44.742800
	-0.031210	44.141459	44.789400
	-0.031217	44.299898	44.863900
	-0.031224	44.376227	44.856500
	-0.031230	44.446762	44.778200
	-0.031237	44.210102	44.664600
	-0.031244	44.264406	44.619900
	-0.031251	44.227592	44.619900
	-0.031258	44.143164	44.655300
	-0.031264	44.213351	44.677600
	-0.031271	44.349420	44.778200
	-0.031278	44.313321	44.856500
	-0.031285	44.221317	44.899300
	-0.031291	44.391147	44.890000
	-0.031298	44.381314	44.811700
	-0.031305	44.303399	44.763300
	-0.031312	44.320565	44.770800
	-0.031319	44.195775	44.780100
	-0.031325	44.348022	44.789400
	-0.031332	44.400274	44.843400
	-0.031339	44.435602	44.876900
	-0.031346	44.198002	44.903000
	-0.031353	44.473063	45.219700
	-0.031359	44.471441	45.499100
	-0.031366	44.511793	45.733800
	-0.031373	44.586392	45.808300
	-0.031380	44.396433	45.713300
	-0.031386	44.334450	45.687200
	-0.031393	44.461193	45.722600
	-0.031400	44.299442	45.761700
	-0.031407	44.330714	45.793400
	-0.031414	44.496469	45.730000
	-0.031420	44.431706	45.720700
	-0.031427	44.518816	45.705800
	-0.031434	44.545960	45.689100
	-0.031441	44.479457	45.653700
	-0.031447	44.458833	45.759800
	-0.031454	44.491462	45.847400
	-0.031461	44.444642	45.875300
	-0.031468	44.307640	45.834300
	-0.031475	44.433999	45.748700
	-0.031481	44.375647	45.711400
	-0.031488	44.314174	45.698400
	-0.031495	44.543313	45.700200
	-0.031502	44.424663	45.771000
	-0.031508	44.652144	45.806400
	-0.031515	44.315025	45.936800
	-0.031522	44.422226	45.974000
	-0.031529	44.544825	45.888400
	-0.031536	44.613473	45.843700
	-0.031542	44.668056	45.743100
	-0.031549	44.553578	45.750500
	-0.031556	44.612851	45.838100
	-0.031563	44.513868	45.880900
	-0.031569	44.571521	45.862300
	-0.031576	44.450492	45.804500
	-0.031583	44.556192	45.743100
	-0.031590	44.524550	45.754200
	-0.031597	44.572823	45.623900
	-0.031603	44.508894	45.622000
	-0.031610	44.570728	45.631300
	-0.031617	44.503943	45.601500
	-0.031624	44.606010	45.629500
	-0.031631	44.386541	45.610800
	-0.031637	44.514290	45.616400
	-0.031644	44.469731	45.756100
	-0.031651	44.567275	45.910700
	-0.031658	44.537732	45.890200
	-0.031664	44.440871	45.880900
	-0.031671	44.390448	45.990800
	-0.031678	44.438345	45.955400
	-0.031685	44.311853	45.901400
	-0.031692	44.462279	45.907000
	-0.031698	44.482369	45.877200
	-0.031705	44.407759	45.927500
	-0.031712	44.465009	45.966600
	-0.031719	44.403838	45.921900
	-0.031725	44.323704	45.985200
	-0.031732	44.444117	45.931200
	-0.031739	44.453387	45.869700
	-0.031746	44.497743	45.942400
	-0.031753	44.517769	46.013200
	-0.031759	44.500481	46.138000
	-0.031766	44.552683	46.083900
	-0.031773	44.515689	46.028100
	-0.031780	44.622074	46.022500
	-0.031786	44.385074	46.035500
	-0.031793	44.496626	45.983400
	-0.031800	44.251230	45.890200
	-0.031807	44.473536	45.936800
	-0.031814	44.512588	45.974000
	-0.031820	44.413310	45.966600
	-0.031827	44.604092	45.931200
	-0.031834	44.476818	45.940500
	-0.031841	44.425962	45.964700
	-0.031848	44.483615	45.957300
	-0.031854	44.459218	45.964700
	-0.031861	44.395444	46.074600
	-0.031868	44.522068	46.130500
	-0.031875	44.606104	46.288800
	-0.031881	44.561044	46.313000
	-0.031888	44.686088	46.260900
	-0.031895	44.463310	46.236700
	-0.031902	44.513898	46.221800
	-0.031909	44.543988	46.270200
	-0.031915	44.526857	46.318600
