	0.049617	-0.158618	54.609300
	0.047700	-0.008861	54.609300
	0.045783	0.012699	54.609300
	0.043866	0.022743	54.609300
	0.041949	0.226362	54.609300
	0.040033	0.025193	54.609300
	0.038116	0.104628	54.609300
	0.036199	0.095275	54.609300
	0.034282	0.143872	54.609300
	0.032365	0.411281	54.609300
	0.030448	0.457944	54.609300
	0.028531	0.547411	54.609300
	0.026614	0.502664	54.609300
	0.024698	0.858784	54.609300
	0.022781	0.725776	54.609300
	0.020864	0.836154	54.609300
	0.018947	1.078741	54.609300
	0.017030	1.286660	54.609300
	0.015113	1.166197	54.609300
	0.013196	1.599619	54.609300
	0.011279	1.442161	54.609300
	0.009363	1.803387	54.609300
	0.007446	1.591841	54.609300
	0.005529	1.747466	54.609300
	0.003612	2.110773	54.609300
	0.001695	2.455429	54.609300
	-0.000222	2.518932	54.609300
	-0.002139	2.729623	54.024400
	-0.004056	2.958096	52.359200
	-0.005972	3.314694	50.587800
	-0.007889	3.608618	48.768000
	-0.009806	3.926382	46.642700
	-0.011723	4.103459	44.390800
	-0.013640	4.810400	41.701100
	-0.015557	5.230899	38.676200
	-0.017474	5.689661	35.101800
	-0.019391	6.233013	30.631400
	-0.021307	7.702233	25.503500
	-0.023224	8.760041	19.496400
	-0.025141	9.507861	13.614100
	-0.025141	11.296469	9.773360
	-0.025148	13.979913	8.184520
	-0.025155	14.008673	7.504630
	-0.025161	13.996278	7.169350
	-0.025168	14.060541	6.966320
	-0.025175	14.147464	6.753980
	-0.025182	13.994372	6.677610
	-0.025189	14.182720	6.718590
	-0.025195	14.230266	6.776330
	-0.025202	14.172900	6.737220
	-0.025209	14.031209	6.677610
	-0.025216	14.180200	6.740940
	-0.025223	14.230429	6.707410
	-0.025229	14.210535	6.679470
	-0.025236	14.127556	6.653400
	-0.025243	14.237970	6.621730
	-0.025250	14.165865	6.623600
	-0.025256	14.195466	6.638500
	-0.025263	14.083485	6.616140
	-0.025270	14.149127	6.640360
	-0.025277	14.235132	6.655260
	-0.025284	14.140409	6.618010
	-0.025290	14.211163	6.523010
	-0.025297	14.205717	6.467130
	-0.025304	14.205681	6.403800
	-0.025311	14.145692	6.360960
	-0.025317	14.147596	6.256650
	-0.025324	14.279542	6.228710
	-0.025331	14.156128	6.366550
	-0.025338	14.166089	6.556540
	-0.025345	14.206291	6.504390
	-0.025351	14.027641	6.489480
	-0.025358	14.228222	6.478310
	-0.025365	14.284068	6.387040
	-0.025372	14.337931	6.230580
	-0.025378	14.027083	6.128130
	-0.025385	14.178512	6.135580
	-0.025392	14.063951	6.234300
	-0.025399	14.075207	6.245480
	-0.025406	14.226423	6.284590
	-0.025412	14.131963	6.316260
	-0.025419	14.294040	6.241750
	-0.025426	14.270894	6.174700
	-0.025433	14.073317	6.035000
	-0.025439	14.106131	6.027550
	-0.025446	14.017587	5.999610
	-0.025453	14.133123	6.066660
	-0.025460	14.142824	6.103920
	-0.025467	14.227545	6.048040
	-0.025473	14.110533	6.035000
	-0.025480	14.249348	6.048040
	-0.025487	14.280269	6.118820
	-0.025494	14.120654	6.092740
	-0.025501	14.141222	5.980980
	-0.025507	14.176976	5.967940
	-0.025514	14.219825	5.982850
	-0.025521	13.901420	5.954910
	-0.025528	14.092076	5.913930
	-0.025534	14.198820	5.854320
	-0.025541	14.263340	5.893440
	-0.025548	14.136246	6.025690
	-0.025555	14.412508	6.154210
	-0.025562	14.289412	6.197050
	-0.025568	14.225135	6.215680
	-0.025575	14.211831	6.172840
	-0.025582	14.104642	6.163520
	-0.025589	14.073986	6.124410
	-0.025595	14.213216	5.990300
	-0.025602	14.101495	5.895300
	-0.025609	14.259430	5.926970
	-0.025616	14.209643	5.926970
	-0.025623	14.135944	5.865500
	-0.025629	14.312564	5.835700
	-0.025636	14.311599	5.731390
	-0.025643	14.410790	5.697860
	-0.025650	14.233201	5.586100
	-0.025656	14.158104	5.519050
	-0.025663	14.147638	5.533950
	-0.025670	14.233670	5.569340
	-0.025677	14.302147	5.550710
	-0.025684	14.107485	5.634530
	-0.025690	14.153531	5.699720
	-0.025697	14.296856	5.675510
	-0.025704	14.242023	5.478070
	-0.025711	14.322762	5.451990
	-0.025718	14.095098	5.509730
	-0.025724	14.201835	5.558160
	-0.025731	14.354258	5.630810
	-0.025738	14.226608	5.673650
	-0.025745	14.278153	5.705310
	-0.025751	14.140230	5.668060
	-0.025758	14.163299	5.656880
	-0.025765	14.190385	5.573060
	-0.025772	14.028796	5.630810
	-0.025779	14.283198	5.582380
	-0.025785	14.203970	5.522770
	-0.025792	14.143095	5.610320
	-0.025799	14.102617	5.643840
	-0.025806	14.213296	5.615900
	-0.025812	14.238445	5.478070
	-0.025819	14.310400	5.509730
	-0.025826	14.259052	5.541400
	-0.025833	14.258259	5.574930
	-0.025840	14.281198	5.515320
	-0.025846	14.175379	5.604730
	-0.025853	14.315846	5.604730
	-0.025860	14.234925	5.550710
	-0.025867	14.347397	5.472480
	-0.025873	14.277404	5.440820
	-0.025880	14.189826	5.332780
	-0.025887	14.126100	5.302980
	-0.025894	14.225967	5.334640
	-0.025901	14.247770	5.373760
	-0.025907	14.305540	5.396110
	-0.025914	14.042974	5.397970
	-0.025921	14.264456	5.440820
	-0.025928	14.192081	5.440820
	-0.025935	14.146742	5.397970
	-0.025941	14.442683	5.334640
	-0.025948	14.179990	5.213570
	-0.025955	14.339174	5.172590
	-0.025962	14.367158	5.239650
	-0.025968	14.320654	5.144660
	-0.025975	14.295880	5.019860
	-0.025982	14.354167	4.932310
	-0.025989	14.406642	4.986330
	-0.025996	14.233063	5.081330
	-0.026002	14.231504	5.187500
	-0.026009	14.308071	5.263860
	-0.026016	14.306178	5.288080
	-0.026023	14.243369	5.241510
	-0.026029	14.391081	5.189360
	-0.026036	14.337710	5.116720
	-0.026043	14.289788	5.098090
	-0.026050	14.358449	5.103680
	-0.026057	14.310353	5.144660
	-0.026063	14.288597	5.144660
	-0.026070	14.323801	5.327190
	-0.026077	14.436027	5.468760
	-0.026084	14.344300	5.466890
	-0.026090	14.369562	5.401700
	-0.026097	14.270411	5.478070
	-0.026104	14.306814	5.492970
	-0.026111	14.216868	5.429640
	-0.026118	14.100508	5.435230
	-0.026124	14.241556	5.481790
	-0.026131	14.362594	5.459440
	-0.026138	14.326940	5.355130
	-0.026145	14.385356	5.293670
	-0.026151	14.266385	5.250830
	-0.026158	14.295176	5.139070
	-0.026165	14.216631	5.081330
	-0.026172	14.305092	5.133480
	-0.026179	14.544236	5.194950
	-0.026185	14.309394	5.187500
	-0.026192	14.226036	5.137200
	-0.026199	14.214440	4.947210
	-0.026206	14.404269	4.930450
	-0.026213	14.375973	4.906240
	-0.026219	14.324179	4.923000
	-0.026226	14.299773	4.923000
	-0.026233	14.334314	4.868980
	-0.026240	14.210475	4.867120
	-0.026246	14.319908	4.867120
	-0.026253	14.500937	4.837320
	-0.026260	14.338290	4.841040
	-0.026267	14.413160	4.870850
	-0.026274	14.195875	4.958390
	-0.026280	14.247544	4.891340
	-0.026287	14.386920	4.762810
	-0.026294	14.391984	4.671540
	-0.026301	14.334687	4.760950
	-0.026307	14.288066	4.813100
	-0.026314	14.421643	4.755360
	-0.026321	14.453009	4.738600
	-0.026328	14.511713	4.757220
	-0.026335	14.324185	4.712520
	-0.026341	14.260803	4.671540
	-0.026348	14.293990	4.606350
	-0.026355	14.414418	4.522530
	-0.026362	14.544007	4.503910
	-0.026368	14.262972	4.503910
	-0.026375	14.458261	4.552330
	-0.026382	14.490774	4.528120
	-0.026389	14.363207	4.556060
	-0.026396	14.502774	4.807520
	-0.026402	14.354609	4.662230
	-0.026409	14.445482	4.567240
	-0.026416	14.384765	4.522530
	-0.026423	14.240003	4.420090
	-0.026430	14.382632	4.388420
	-0.026436	14.293283	4.226370
	-0.026443	14.304352	4.190980
	-0.026450	14.459983	4.228230
	-0.026457	14.518659	4.416360
	-0.026463	14.519640	4.535570
	-0.026470	14.453421	4.567240
	-0.026477	14.403509	4.537430
	-0.026484	14.441117	4.412640
	-0.026491	14.494604	4.366070
	-0.026497	14.468805	4.522530
	-0.026504	14.450752	4.541160
	-0.026511	14.505233	4.459200
	-0.026518	14.718880	4.522530
	-0.026524	14.455946	4.513220
	-0.026531	14.480910	4.351170
	-0.026538	14.527956	4.209610
	-0.026545	14.517623	4.172350
	-0.026552	14.589727	4.192840
	-0.026558	14.551912	4.138830
	-0.026565	14.593007	4.140690
	-0.026572	14.672895	4.107160
	-0.026579	14.486729	4.131380
	-0.026585	14.709113	4.155590
	-0.026592	14.579258	4.109020
	-0.026599	14.583994	4.082950
	-0.026606	14.648270	4.109020
	-0.026613	14.653070	4.112750
	-0.026619	14.602368	4.092260
	-0.026626	14.618341	4.051280
	-0.026633	14.658248	3.973050
	-0.026640	14.778368	4.073630
	-0.026647	14.924881	4.131380
	-0.026653	14.569526	4.099710
	-0.026660	15.034278	4.084810
	-0.026667	14.917866	4.116470
	-0.026674	14.922792	4.151870
	-0.026680	14.941620	4.198430
	-0.026687	14.845518	4.330680
	-0.026694	14.715006	4.289700
	-0.026701	14.869955	4.166770
	-0.026708	14.830631	4.095990
	-0.026714	14.892360	4.099710
	-0.026721	14.859206	4.258040
	-0.026728	14.856518	4.487140
	-0.026735	14.832690	4.550470
	-0.026741	14.770342	4.537430
	-0.026748	14.785160	4.479690
	-0.026755	14.807264	4.367930
	-0.026762	14.911878	4.202160
	-0.026769	14.793565	4.133240
	-0.026775	14.842871	4.140690
	-0.026782	14.847093	4.008440
	-0.026789	14.709549	3.932070
	-0.026796	15.013080	3.920900
	-0.026802	14.819391	3.896680
	-0.026809	14.927268	3.755110
	-0.026816	14.993623	3.736480
	-0.026823	14.737284	3.781180
	-0.026830	14.850481	3.797950
	-0.026836	14.780988	3.740210
	-0.026843	14.952567	3.626580
	-0.026850	14.960538	3.607960
	-0.026857	14.846803	3.635900
	-0.026863	14.958502	3.606100
	-0.026870	14.901293	3.550220
	-0.026877	14.834527	3.622860
	-0.026884	14.877467	3.688050
	-0.026891	14.876627	3.552080
	-0.026897	14.867642	3.438460
	-0.026904	15.005515	3.425420
	-0.026911	14.850887	3.416110
	-0.026918	15.122649	3.458950
	-0.026925	14.938555	3.514830
	-0.026931	15.019361	3.799810
	-0.026938	15.160298	4.159320
	-0.026945	15.154855	4.468510
	-0.026952	15.275403	4.645470
	-0.026958	15.331982	4.576550
	-0.026965	15.181217	4.578410
	-0.026972	15.129222	4.570960
	-0.026979	15.088796	4.548610
	-0.026986	15.261881	4.498320
	-0.026992	15.324003	4.556060
	-0.026999	15.193742	4.572820
	-0.027006	15.378556	4.503910
	-0.027013	15.354675	4.421950
	-0.027019	15.254927	4.334400
	-0.027026	15.340385	4.258040
	-0.027033	15.314329	4.181670
	-0.027040	15.307267	4.254310
	-0.027047	15.422527	4.328820
	-0.027053	15.377990	4.196570
	-0.027060	15.220728	4.159320
	-0.027067	15.387898	4.312050
	-0.027074	15.188840	4.345580
	-0.027080	15.400276	4.258040
	-0.027087	15.367620	4.204020
	-0.027094	15.318808	4.163040
	-0.027101	15.393117	4.213330
	-0.027108	15.459742	4.289700
	-0.027114	15.489039	4.256170
	-0.027121	15.332836	4.231960
	-0.027128	15.484861	4.211470
	-0.027135	15.455156	4.401460
	-0.027142	15.481778	4.448030
	-0.027148	15.580858	4.284110
	-0.027155	15.521082	4.164900
	-0.027162	15.551757	4.159320
	-0.027169	15.523422	4.235680
	-0.027175	15.831076	4.308330
	-0.027182	15.504302	4.250590
	-0.027189	15.559165	4.302740
	-0.027196	15.659151	4.354890
	-0.027203	15.586503	4.321370
	-0.027209	15.596452	4.356760
	-0.027216	15.705827	4.369790
	-0.027223	15.647538	4.313920
	-0.027230	15.534555	4.259900
	-0.027236	15.693214	4.248720
	-0.027243	15.544629	4.274800
	-0.027250	15.712337	4.222650
	-0.027257	15.661710	4.185390
	-0.027264	15.646635	4.073630
	-0.027270	15.621405	3.995400
	-0.027277	15.522052	3.900410
	-0.027284	15.625050	3.844530
	-0.027291	15.667642	3.906000
	-0.027297	15.585555	4.030790
	-0.027304	15.704056	4.209610
	-0.027311	15.660406	4.079220
	-0.027318	15.625058	3.900410
	-0.027325	15.675077	4.634290
	-0.027331	15.771195	5.587960
	-0.027338	16.245585	6.021960
	-0.027345	16.327028	6.202640
	-0.027352	16.130675	6.275280
	-0.027359	16.319839	6.269690
	-0.027365	16.347646	6.238030
	-0.027372	16.240901	6.202640
	-0.027379	16.316205	6.193320
	-0.027386	16.225354	6.221260
	-0.027392	16.526503	6.286460
	-0.027399	16.405946	6.215680
	-0.027406	16.386257	6.143030
	-0.027413	16.298168	6.150480
	-0.027420	16.240028	6.306950
	-0.027426	16.201619	6.301360
	-0.027433	16.343236	6.215680
	-0.027440	16.356349	6.124410
	-0.027447	16.351553	6.053630
	-0.027453	16.451741	6.010790
	-0.027460	16.497104	6.018240
	-0.027467	16.380645	6.098330
	-0.027474	16.343291	6.150480
	-0.027481	16.331637	6.197050
	-0.027487	16.400285	6.200770
	-0.027494	16.617194	6.133720
	-0.027501	16.584494	6.068530
	-0.027508	16.466882	6.053630
	-0.027514	16.651199	6.178420
	-0.027521	16.427644	6.267830
	-0.027528	16.381347	6.262240
	-0.027535	16.534179	6.180290
	-0.027542	16.545076	6.159800
	-0.027548	16.511212	6.079700
	-0.027555	16.609720	6.094600
	-0.027562	16.666357	6.193320
	-0.027569	16.505905	6.269690
	-0.027575	16.584654	6.157930
	-0.027582	16.667838	5.988430
	-0.027589	16.479725	5.880400
	-0.027596	16.452122	5.822660
	-0.027603	16.570786	5.772370
	-0.027609	16.565390	5.817070
	-0.027616	16.774381	5.856190
	-0.027623	16.580134	5.891580
	-0.027630	16.455507	5.757470
	-0.027637	16.559787	5.757470
	-0.027643	16.688252	5.764920
	-0.027650	16.709883	5.709040
	-0.027657	16.678313	5.651290
	-0.027664	16.679131	5.582380
	-0.027670	16.765335	5.731390
	-0.027677	16.685198	5.731390
	-0.027684	16.699450	5.755600
	-0.027691	16.544955	5.867360
	-0.027698	16.746264	5.928830
	-0.027704	16.766545	5.941870
	-0.027711	17.059814	5.932550
	-0.027718	16.817957	5.826380
	-0.027725	16.980772	5.731390
	-0.027731	16.875699	5.627080
	-0.027738	16.926249	5.587960
	-0.027745	16.959251	5.548850
	-0.027752	16.956361	5.576790
	-0.027759	16.962365	7.620110
	-0.027765	18.399494	11.053000
	-0.027772	20.399663	12.898900
	-0.027779	20.179996	13.647700
	-0.027786	20.361740	13.964300
	-0.027792	20.110524	14.042500
	-0.027799	20.251495	14.050000
	-0.027806	20.265954	14.001600
	-0.027813	20.251089	14.186000
	-0.027820	20.253349	14.305200
	-0.027826	20.467661	14.277200
	-0.027833	20.322093	14.368500
	-0.027840	20.368861	14.452300
	-0.027847	20.259052	14.482100
	-0.027854	20.396358	14.441100
	-0.027860	20.453995	14.446700
	-0.027867	20.302067	14.448600
	-0.027874	20.360146	14.452300
	-0.027881	20.561370	14.424400
	-0.027887	20.209687	14.435600
	-0.027894	20.303948	14.452300
	-0.027901	20.411889	14.677700
	-0.027908	20.366998	14.735400
	-0.027915	20.473544	14.696300
	-0.027921	20.511295	14.802500
	-0.027928	20.339536	14.908700
	-0.027935	20.655399	15.162000
	-0.027942	20.801860	15.242100
	-0.027948	20.749199	15.307300
	-0.027955	20.877177	15.296200
	-0.027962	20.599746	15.320400
	-0.027969	20.670593	15.337100
	-0.027976	20.766462	15.245800
	-0.027982	20.680418	15.242100
	-0.027989	20.690064	15.286800
	-0.027996	20.770759	15.378100
	-0.028003	20.762450	15.389300
	-0.028009	20.735933	15.357600
	-0.028016	20.836842	15.404200
	-0.028023	20.669526	15.495500
	-0.028030	20.636842	15.532700
	-0.028037	20.667037	15.370700
	-0.028043	20.660787	15.361400
	-0.028050	20.697207	15.376300
	-0.028057	20.826918	15.370700
	-0.028064	20.740249	15.344600
	-0.028071	20.926757	15.264500
	-0.028077	20.771226	15.178800
	-0.028084	20.845969	15.176900
	-0.028091	20.875854	15.216000
	-0.028098	20.760146	15.255100
	-0.028104	20.774688	15.217900
	-0.028111	20.625724	15.189900
	-0.028118	20.885395	15.154500
	-0.028125	20.850616	15.223500
	-0.028132	20.923715	15.273800
	-0.028138	20.895623	15.305500
	-0.028145	20.850771	15.257000
	-0.028152	20.737757	15.210400
	-0.028159	20.928365	15.251400
	-0.028165	20.909549	15.253300
	-0.028172	20.920913	15.353900
	-0.028179	20.870681	15.435900
	-0.028186	20.910795	15.484300
	-0.028193	21.057971	15.391200
	-0.028199	20.886008	15.691000
	-0.028206	20.928794	16.218200
	-0.028213	21.190932	16.462200
	-0.028220	21.321444	16.588800
	-0.028226	21.231604	16.668900
	-0.028233	21.477401	16.680100
	-0.028240	21.355974	16.635400
	-0.028247	21.213832	16.626100
	-0.028254	21.496646	16.523600
	-0.028260	21.361815	16.398800
	-0.028267	21.348569	16.383900
	-0.028274	21.246936	16.467800
	-0.028281	21.383681	16.603700
	-0.028288	21.420668	16.588800
	-0.028294	21.305722	16.536700
	-0.028301	21.423179	16.475200
	-0.028308	21.384836	16.370900
	-0.028315	21.115672	16.406300
	-0.028321	21.324599	16.404400
	-0.028328	21.386878	16.339200
	-0.028335	21.488185	16.346700
	-0.028342	21.291233	16.294500
	-0.028349	21.342523	16.182800
	-0.028355	21.425688	16.490100
	-0.028362	21.390078	19.371600
	-0.028369	23.592719	21.506200
	-0.028376	24.212511	22.553000
	-0.028382	24.291454	23.087600
	-0.028389	24.058626	23.178900
	-0.028396	24.281814	23.124900
	-0.028403	24.079324	23.193800
	-0.028410	24.080103	23.292500
	-0.028416	24.103575	23.281300
	-0.028423	24.232919	23.206800
	-0.028430	24.334342	23.080200
	-0.028437	24.140274	23.011200
	-0.028443	24.277937	23.016800
	-0.028450	24.363851	23.009400
	-0.028457	24.308485	22.927400
	-0.028464	24.352688	22.921800
	-0.028471	24.292775	22.927400
	-0.028477	24.369667	22.912500
	-0.028484	24.313345	22.834300
	-0.028491	24.290199	22.763500
	-0.028498	24.377210	22.892000
	-0.028504	24.253133	22.981400
	-0.028511	24.299179	23.089500
	-0.028518	24.334861	23.152800
	-0.028525	24.262232	23.110000
	-0.028532	24.315025	22.972100
	-0.028538	24.316319	22.923700
	-0.028545	24.486152	22.810100
	-0.028552	24.308256	22.864100
	-0.028559	24.401464	22.990700
	-0.028566	24.255692	23.044800
	-0.028572	24.347107	23.033600
	-0.028579	24.266551	22.960900
	-0.028586	24.408767	22.875300
	-0.028593	24.509157	22.828700
	-0.028599	24.469717	23.016800
	-0.028606	24.350191	23.072700
	-0.028613	24.291153	23.074600
	-0.028620	24.398624	22.992600
	-0.028627	24.431236	23.139800
	-0.028633	24.237083	24.393300
	-0.028640	24.910132	25.242700
	-0.028647	25.912530	25.628300
	-0.028654	25.999019	25.764200
	-0.028660	26.065503	25.890900
	-0.028667	25.952570	26.075300
	-0.028674	26.117479	26.043600
	-0.028681	26.126174	26.045500
	-0.028688	26.127351	26.077100
	-0.028694	26.019560	26.095800
	-0.028701	26.055070	26.105100
	-0.028708	26.009148	26.144200
	-0.028715	26.037508	26.175900
	-0.028721	26.050337	26.302500
	-0.028728	26.421311	26.298800
	-0.028735	26.129095	26.298800
	-0.028742	26.106308	26.282000
	-0.028749	26.175282	26.296900
	-0.028755	26.142145	26.315600
	-0.028762	26.155924	26.457100
	-0.028769	26.215904	26.514900
	-0.028776	26.031325	26.580100
	-0.028783	26.126428	26.604300
	-0.028789	26.174262	26.634100
	-0.028796	26.186212	26.688100
	-0.028803	26.187022	26.695500
	-0.028810	26.239481	26.600600
	-0.028816	26.103570	26.622900
	-0.028823	26.153277	26.615500
	-0.028830	26.304943	28.919500
	-0.028837	26.261257	32.607700
	-0.028844	29.705479	34.490800
	-0.028850	30.138879	35.364400
	-0.028857	30.170673	35.740700
	-0.028864	29.715550	35.899000
	-0.028871	30.017758	35.992100
	-0.028877	30.066650	35.971600
	-0.028884	30.000928	35.990300
	-0.028891	30.087906	36.055500
	-0.028898	30.244485	36.102000
	-0.028905	30.202036	36.178400
	-0.028911	30.035475	36.306900
	-0.028918	30.078714	36.405600
	-0.028925	30.044852	36.478300
	-0.028932	30.161353	36.567700
	-0.028938	30.090059	36.629100
	-0.028945	30.238594	36.666400
	-0.028952	30.126271	36.662700
	-0.028959	30.101619	36.662700
	-0.028966	30.251263	36.670100
	-0.028972	30.053421	36.709200
	-0.028979	30.219910	36.564000
	-0.028986	30.058786	36.588200
	-0.028993	30.057228	36.558400
	-0.029000	30.088829	36.411200
	-0.029006	29.994316	36.357200
	-0.029013	29.987660	36.390700
	-0.029020	30.367374	36.392600
	-0.029027	30.088368	36.385100
	-0.029033	30.103924	36.267800
	-0.029040	30.019532	36.238000
	-0.029047	30.013868	36.277100
	-0.029054	30.203365	36.249200
	-0.029061	30.223851	36.297600
	-0.029067	30.123265	36.359100
	-0.029074	30.119297	36.359100
	-0.029081	30.111025	36.366500
	-0.029088	30.108242	36.442900
	-0.029094	30.251732	36.521100
	-0.029101	30.114313	36.634700
	-0.029108	30.275174	36.796800
	-0.029115	30.202266	36.940200
	-0.029122	30.386362	37.025900
	-0.029128	30.263006	37.070600
	-0.029135	30.278749	37.152600
	-0.029142	30.445927	37.277400
	-0.029149	30.418946	37.269900
	-0.029155	30.367893	37.253100
	-0.029162	30.363992	37.269900
	-0.029169	30.547016	37.351900
	-0.029176	30.325180	37.374200
	-0.029183	30.412622	37.269900
	-0.029189	30.398663	37.303400
	-0.029196	30.379443	37.731800
	-0.029203	30.638047	38.013100
	-0.029210	31.023342	38.136000
	-0.029216	31.025157	38.175100
	-0.029223	31.139368	38.257100
	-0.029230	31.007991	38.212400
	-0.029237	31.313970	38.244100
	-0.029244	31.116645	38.270100
	-0.029250	31.231836	38.329700
	-0.029257	31.035077	38.333500
	-0.029264	31.053691	38.242200
	-0.029271	31.043885	38.191900
	-0.029278	31.078802	38.313000
	-0.029284	31.213851	45.761700
	-0.029291	32.120640	51.975500
	-0.029298	40.818653	54.609300
	-0.029305	40.820811	54.609300
	-0.029311	40.846469	54.609300
	-0.029318	40.690393	54.609300
	-0.029325	40.828838	54.609300
	-0.029332	40.775484	54.609300
	-0.029339	40.989144	54.609300
	-0.029345	41.045911	54.609300
	-0.029352	41.120463	54.609300
	-0.029359	41.014931	54.609300
	-0.029366	40.973356	54.609300
	-0.029372	41.093858	54.609300
	-0.029379	41.269090	54.609300
	-0.029386	41.111472	54.609300
	-0.029393	40.985030	54.609300
	-0.029400	41.020513	54.609300
	-0.029406	41.076685	54.609300
	-0.029413	41.140249	54.609300
	-0.029420	41.177089	54.609300
	-0.029427	40.960519	54.609300
	-0.029433	41.157527	54.609300
	-0.029440	41.210508	54.609300
	-0.029447	41.173997	54.609300
	-0.029454	41.228970	54.609300
	-0.029461	41.045400	54.609300
	-0.029467	41.103031	54.609300
	-0.029474	41.239777	54.609300
	-0.029481	41.272132	54.609300
	-0.029488	41.231128	54.609300
	-0.029495	41.139100	54.609300
	-0.029501	41.176666	54.609300
	-0.029508	41.089865	54.609300
	-0.029515	41.047444	54.609300
	-0.029522	41.101677	54.609300
	-0.029528	41.132632	54.609300
	-0.029535	41.130739	54.609300
	-0.029542	41.427280	54.609300
	-0.029549	41.654078	54.609300
	-0.029556	41.718173	54.609300
	-0.029562	41.665418	54.609300
	-0.029569	41.757200	54.609300
	-0.029576	41.537127	54.609300
	-0.029583	41.576260	54.609300
	-0.029589	41.573259	54.609300
	-0.029596	41.711281	54.609300
	-0.029603	41.697555	54.609300
	-0.029610	41.648132	54.609300
	-0.029617	41.577429	54.609300
	-0.029623	41.539592	54.609300
	-0.029630	41.620524	54.609300
	-0.029637	41.656010	54.609300
	-0.029644	41.576895	54.609300
	-0.029650	41.535284	54.609300
	-0.029657	41.534414	54.609300
	-0.029664	41.726185	54.609300
	-0.029671	41.625945	54.609300
	-0.029678	41.496695	54.609300
	-0.029684	41.689981	54.609300
	-0.029691	41.565028	54.609300
	-0.029698	41.519526	54.609300
	-0.029705	41.572417	54.609300
	-0.029712	41.675108	54.609300
	-0.029718	41.613995	54.609300
	-0.029725	41.608833	54.609300
	-0.029732	41.615957	54.609300
	-0.029739	41.701962	54.609300
	-0.029745	41.695145	54.609300
	-0.029752	41.699387	54.609300
	-0.029759	41.640368	54.609300
	-0.029766	41.703968	54.609300
	-0.029773	41.704562	54.609300
	-0.029779	41.983029	54.609300
	-0.029786	41.765335	54.609300
	-0.029793	41.681808	54.609300
	-0.029800	41.915255	54.609300
	-0.029806	42.426912	54.609300
	-0.029813	42.541584	54.609300
	-0.029820	42.493587	54.609300
	-0.029827	42.424796	54.609300
	-0.029834	42.351412	54.609300
	-0.029840	42.411555	54.609300
	-0.029847	42.283820	54.609300
	-0.029854	42.389987	54.609300
	-0.029861	42.454810	54.609300
	-0.029867	42.417711	54.609300
	-0.029874	42.531081	54.609300
	-0.029881	42.640415	54.609300
	-0.029888	42.481706	54.609300
	-0.029895	42.721027	54.609300
	-0.029901	42.679418	54.609300
	-0.029908	42.648016	54.609300
	-0.029915	42.548312	54.609300
	-0.029922	42.657002	54.609300
	-0.029928	42.540119	54.609300
	-0.029935	42.621585	54.609300
	-0.029942	42.668954	54.609300
	-0.029949	42.852177	54.609300
	-0.029956	42.825630	54.609300
	-0.029962	42.749124	54.609300
	-0.029969	42.579145	54.609300
	-0.029976	42.661892	54.609300
	-0.029983	42.712669	54.609300
	-0.029990	42.576871	54.609300
	-0.029996	42.664122	54.609300
	-0.030003	42.852014	54.609300
	-0.030010	42.806319	54.609300
	-0.030017	42.729017	54.609300
	-0.030023	42.899588	54.609300
	-0.030030	42.587271	54.609300
	-0.030037	42.800986	54.609300
	-0.030044	42.642935	54.609300
	-0.030051	42.805192	54.609300
	-0.030057	42.749456	54.609300
	-0.030064	42.884298	54.609300
	-0.030071	42.796621	54.609300
	-0.030078	42.875332	54.609300
	-0.030084	42.644999	54.609300
	-0.030091	42.797013	54.609300
	-0.030098	42.909621	54.609300
	-0.030105	42.916515	54.609300
	-0.030112	42.784726	54.609300
	-0.030118	42.947458	54.609300
	-0.030125	42.753108	54.609300
	-0.030132	42.874848	54.609300
	-0.030139	42.928702	54.609300
	-0.030145	42.840965	54.609300
	-0.030152	42.939384	54.609300
	-0.030159	42.953155	54.609300
	-0.030166	42.906709	54.609300
	-0.030173	42.923815	54.609300
	-0.030179	42.917692	54.609300
	-0.030186	43.036174	54.609300
	-0.030193	43.236033	54.609300
	-0.030200	43.313517	54.609300
	-0.030207	43.100210	54.609300
	-0.030213	43.368667	54.609300
	-0.030220	43.129507	54.609300
	-0.030227	43.235961	54.609300
	-0.030234	43.253194	54.609300
	-0.030240	43.405233	54.609300
	-0.030247	43.078006	54.609300
	-0.030254	43.059549	54.609300
	-0.030261	43.380808	54.609300
	-0.030268	43.282864	54.609300
	-0.030274	43.334820	54.609300
	-0.030281	43.334002	54.609300
	-0.030288	43.103484	54.609300
	-0.030295	43.360748	54.609300
	-0.030301	43.091418	54.609300
	-0.030308	43.266075	54.609300
	-0.030315	43.317692	54.609300
	-0.030322	43.284292	54.609300
	-0.030329	43.405106	54.609300
	-0.030335	43.444065	54.609300
	-0.030342	43.495949	54.609300
	-0.030349	43.355346	54.609300
	-0.030356	43.408137	54.609300
	-0.030362	43.303023	54.609300
	-0.030369	43.328783	54.609300
	-0.030376	43.439418	54.609300
	-0.030383	43.582104	54.609300
	-0.030390	43.351567	54.609300
	-0.030396	43.297046	54.609300
	-0.030403	43.246864	54.609300
	-0.030410	43.305750	54.609300
	-0.030417	43.401089	54.609300
	-0.030424	43.370427	54.609300
	-0.030430	43.413962	54.609300
	-0.030437	43.316122	54.609300
	-0.030444	43.368667	54.609300
	-0.030451	43.353609	54.609300
	-0.030457	43.372400	54.609300
	-0.030464	43.196132	54.609300
	-0.030471	43.187260	54.609300
	-0.030478	43.468269	54.609300
	-0.030485	43.274605	54.609300
	-0.030491	43.248110	54.609300
	-0.030498	43.355443	54.609300
	-0.030505	43.302921	54.609300
	-0.030512	43.303993	54.609300
	-0.030518	43.517023	54.609300
	-0.030525	43.333248	54.609300
	-0.030532	43.292346	54.609300
	-0.030539	43.301296	54.609300
	-0.030546	43.417661	54.609300
	-0.030552	43.217042	54.609300
	-0.030559	43.341506	54.609300
	-0.030566	43.254305	54.609300
	-0.030573	43.355949	54.609300
	-0.030579	43.331512	54.609300
	-0.030586	43.427758	54.609300
	-0.030593	43.459629	54.609300
	-0.030600	43.421264	54.609300
	-0.030607	43.208096	54.609300
	-0.030613	43.328854	54.609300
	-0.030620	43.280352	54.609300
	-0.030627	43.360643	54.609300
	-0.030634	43.324605	54.609300
	-0.030640	43.503429	54.609300
	-0.030647	43.458463	54.609300
	-0.030654	43.442844	54.609300
	-0.030661	43.750453	54.609300
	-0.030668	43.805847	54.609300
	-0.030674	43.846588	54.609300
	-0.030681	43.680081	54.609300
	-0.030688	43.859596	54.609300
	-0.030695	43.720013	54.609300
	-0.030702	43.733137	54.609300
	-0.030708	43.692106	54.609300
	-0.030715	43.833093	54.609300
	-0.030722	43.853446	54.609300
	-0.030729	43.580308	54.609300
	-0.030735	43.802876	54.609300
	-0.030742	43.649555	54.609300
	-0.030749	43.770228	54.609300
	-0.030756	43.576053	54.609300
	-0.030763	43.946952	54.609300
	-0.030769	43.760594	54.609300
	-0.030776	43.866603	54.609300
	-0.030783	43.616799	54.609300
	-0.030790	43.689807	54.609300
	-0.030796	43.699671	54.609300
	-0.030803	43.813246	54.609300
	-0.030810	43.961185	54.609300
	-0.030817	43.768532	54.609300
	-0.030824	43.814315	54.609300
	-0.030830	43.887597	54.609300
	-0.030837	43.768833	54.609300
	-0.030844	43.876122	54.609300
	-0.030851	43.818780	54.609300
	-0.030857	43.811909	54.609300
	-0.030864	43.930405	54.609300
	-0.030871	43.767634	54.609300
	-0.030878	43.843869	54.609300
	-0.030885	43.842178	54.609300
	-0.030891	43.765177	54.609300
	-0.030898	43.753271	54.609300
	-0.030905	43.961978	54.609300
	-0.030912	43.882212	54.609300
	-0.030919	43.748362	54.609300
	-0.030925	44.032819	54.609300
	-0.030932	43.972958	54.609300
	-0.030939	43.950950	54.609300
	-0.030946	43.936304	54.609300
	-0.030952	43.981512	54.609300
	-0.030959	43.911215	54.609300
	-0.030966	43.808071	54.609300
	-0.030973	43.928421	54.609300
	-0.030980	44.014371	54.609300
	-0.030986	43.837961	54.609300
	-0.030993	43.832010	54.609300
	-0.031000	43.739959	54.609300
	-0.031007	43.820958	54.609300
	-0.031013	43.858872	54.609300
	-0.031020	43.925116	54.609300
	-0.031027	43.916482	54.609300
	-0.031034	43.795659	54.609300
	-0.031041	43.799312	54.609300
	-0.031047	43.890868	54.609300
	-0.031054	44.013680	54.609300
	-0.031061	43.929711	54.609300
	-0.031068	43.975608	54.609300
	-0.031074	43.940426	54.609300
	-0.031081	44.171137	54.609300
	-0.031088	44.076561	54.609300
	-0.031095	43.970405	54.609300
	-0.031102	43.788710	54.609300
	-0.031108	43.887975	54.609300
	-0.031115	43.965697	54.609300
	-0.031122	43.998422	54.609300
	-0.031129	44.090012	54.609300
	-0.031136	43.969598	54.609300
	-0.031142	44.018474	54.609300
	-0.031149	43.921690	54.609300
	-0.031156	43.980534	54.609300
	-0.031163	44.051282	54.609300
	-0.031169	43.953155	54.609300
	-0.031176	44.053169	54.609300
	-0.031183	44.015686	54.609300
	-0.031190	44.024950	54.609300
	-0.031197	43.921085	54.609300
	-0.031203	43.943590	54.609300
	-0.031210	44.015299	54.609300
	-0.031217	44.034709	54.609300
	-0.031224	43.933405	54.609300
	-0.031230	43.956728	54.609300
	-0.031237	44.004653	54.609300
	-0.031244	43.986516	54.609300
	-0.031251	44.111036	54.609300
	-0.031258	44.090277	54.609300
	-0.031264	44.099586	54.609300
	-0.031271	44.168134	54.609300
	-0.031278	44.087583	54.609300
	-0.031285	44.191075	54.609300
	-0.031291	44.054214	54.609300
	-0.031298	44.184626	54.609300
	-0.031305	43.899901	54.609300
	-0.031312	44.065708	54.609300
	-0.031319	44.087558	54.609300
	-0.031325	44.202396	54.609300
	-0.031332	44.201594	54.609300
	-0.031339	43.970488	54.609300
	-0.031346	43.917427	54.609300
	-0.031353	44.087591	54.609300
	-0.031359	44.009977	54.609300
	-0.031366	43.831739	54.609300
	-0.031373	44.045458	54.609300
	-0.031380	44.179482	54.609300
	-0.031386	44.162986	54.609300
	-0.031393	44.159154	54.609300
	-0.031400	44.150589	54.609300
	-0.031407	44.157568	54.609300
	-0.031414	44.104048	54.609300
	-0.031420	43.977581	54.609300
	-0.031427	44.167639	54.609300
	-0.031434	44.099657	54.609300
	-0.031441	44.304664	54.609300
	-0.031447	44.199765	54.609300
	-0.031454	44.124624	54.609300
	-0.031461	44.134499	54.609300
	-0.031468	44.045999	54.609300
	-0.031475	44.043952	54.609300
	-0.031481	44.096574	54.609300
	-0.031488	44.114423	54.609300
	-0.031495	44.179741	54.609300
	-0.031502	44.297021	54.609300
	-0.031508	44.102984	54.609300
	-0.031515	44.220071	54.609300
	-0.031522	43.982386	54.609300
	-0.031529	44.099878	54.609300
	-0.031536	44.261480	54.609300
	-0.031542	44.098005	54.609300
	-0.031549	43.942874	54.609300
	-0.031556	44.175055	54.609300
	-0.031563	44.319924	54.609300
	-0.031569	44.189495	54.609300
	-0.031576	44.123315	54.609300
	-0.031583	44.136265	54.609300
	-0.031590	44.262257	54.609300
	-0.031597	44.143109	54.609300
	-0.031603	44.118294	54.609300
	-0.031610	44.298320	54.609300
	-0.031617	44.173690	54.609300
	-0.031624	44.125782	54.609300
	-0.031631	44.037221	54.609300
	-0.031637	44.070963	54.609300
	-0.031644	44.119455	54.609300
	-0.031651	44.134325	54.609300
	-0.031658	44.191722	54.609300
	-0.031664	44.239141	54.609300
	-0.031671	44.068065	54.609300
	-0.031678	44.271248	54.609300
	-0.031685	44.384135	54.609300
	-0.031692	44.157035	54.609300
	-0.031698	44.149340	54.609300
	-0.031705	44.238514	54.609300
	-0.031712	44.051832	54.609300
	-0.031719	44.106648	54.609300
	-0.031725	44.084126	54.609300
	-0.031732	44.170662	54.609300
	-0.031739	44.149505	54.609300
	-0.031746	44.216816	54.609300
	-0.031753	44.175379	54.609300
	-0.031759	44.132181	54.609300
	-0.031766	44.132090	54.609300
	-0.031773	44.176459	54.609300
	-0.031780	44.062229	54.609300
	-0.031786	44.209557	54.609300
	-0.031793	44.300660	54.609300
	-0.031800	44.214691	54.609300
	-0.031807	44.370120	54.609300
	-0.031814	44.231836	54.609300
	-0.031820	44.251406	54.609300
	-0.031827	44.113876	54.609300
	-0.031834	44.149027	54.609300
	-0.031841	44.379272	54.609300
	-0.031848	44.124143	54.609300
	-0.031854	44.152017	54.609300
	-0.031861	44.308858	54.609300
	-0.031868	44.267308	54.609300
	-0.031875	44.234745	54.609300
	-0.031881	44.220289	54.609300
	-0.031888	44.243662	54.609300
	-0.031895	44.311616	54.609300
	-0.031902	44.082750	54.609300
	-0.031909	44.254678	54.609300
	-0.031915	44.277506	54.609300
