	0.049617	-0.096101	19.252400
	0.047700	0.042642	19.146200
	0.045783	0.005280	18.891100
	0.043866	-0.056681	18.514800
	0.041949	0.182380	18.239100
	0.040033	0.065846	17.890800
	0.038116	0.098375	17.527600
	0.036199	0.254849	17.078700
	0.034282	0.345214	16.596300
	0.032365	0.536138	16.214400
	0.030448	0.607935	15.715300
	0.028531	0.542255	15.193700
	0.026614	0.736696	14.558500
	0.024698	0.867893	13.815300
	0.022781	0.999257	13.088900
	0.020864	1.063171	12.364300
	0.018947	1.298751	11.667700
	0.017030	1.313481	10.902100
	0.015113	1.337387	10.006200
	0.013196	1.337193	9.005950
	0.011279	1.627923	7.949830
	0.009363	1.802763	6.932790
	0.007446	1.948936	5.787270
	0.005529	2.042280	4.667820
	0.003612	2.170579	3.386300
	0.001695	2.615606	1.985590
	-0.000222	2.458151	0.694770
	-0.002139	2.793142	-0.784177
	-0.004056	2.916335	-2.427040
	-0.005972	3.418131	-4.118340
	-0.007889	3.655355	-5.938140
	-0.009806	3.697544	-8.165890
	-0.011723	4.141459	-10.550100
	-0.013640	4.770267	-13.318000
	-0.015557	5.175293	-16.609300
	-0.017474	5.696223	-20.440800
	-0.019391	6.195994	-24.831000
	-0.021307	7.758983	-30.294200
	-0.023224	8.671588	-36.653400
	-0.025141	9.679763	-42.582200
	-0.025141	11.399652	-46.599900
	-0.025148	13.692170	-48.343300
	-0.025155	13.786972	-48.937500
	-0.025161	13.774522	-49.155400
	-0.025168	13.753597	-49.164800
	-0.025175	13.839647	-49.259700
	-0.025182	13.835455	-49.310000
	-0.025189	13.765713	-49.276500
	-0.025195	13.896159	-49.177800
	-0.025202	13.749293	-49.278400
	-0.025209	13.787956	-49.403200
	-0.025216	13.792965	-49.393900
	-0.025223	13.777053	-49.377100
	-0.025229	13.454089	-49.365900
	-0.025236	13.630615	-49.539100
	-0.025243	13.829211	-49.600600
	-0.025250	13.805999	-49.561500
	-0.025256	13.738749	-49.436700
	-0.025263	13.834972	-49.503800
	-0.025270	13.948386	-49.531700
	-0.025277	13.908693	-49.593200
	-0.025284	13.901028	-49.576400
	-0.025290	13.968924	-49.636000
	-0.025297	13.899876	-49.541000
	-0.025304	13.933162	-49.418100
	-0.025311	13.639232	-49.390100
	-0.025317	13.693043	-49.403200
	-0.025324	13.871784	-49.526100
	-0.025331	13.777056	-49.636000
	-0.025338	13.985955	-49.690000
	-0.025345	13.905532	-49.686300
	-0.025351	13.861019	-49.643500
	-0.025358	13.721695	-49.669500
	-0.025365	13.848483	-49.807400
	-0.025372	13.933358	-49.917300
	-0.025378	13.890349	-49.967600
	-0.025385	13.881753	-49.826000
	-0.025392	13.922834	-49.732900
	-0.025399	14.043496	-49.766400
	-0.025406	14.024119	-49.807400
	-0.025412	13.958068	-49.772000
	-0.025419	13.907518	-49.900500
	-0.025426	13.837873	-49.846500
	-0.025433	13.923373	-49.762700
	-0.025439	14.044720	-49.790600
	-0.025446	13.895256	-49.623000
	-0.025453	13.835616	-49.492600
	-0.025460	14.091222	-49.552200
	-0.025467	13.968651	-49.576400
	-0.025473	13.967860	-49.576400
	-0.025480	13.978733	-49.637900
	-0.025487	13.881930	-49.671400
	-0.025494	13.988166	-49.602500
	-0.025501	13.855678	-49.568900
	-0.025507	13.972408	-49.623000
	-0.025514	14.009110	-49.678800
	-0.025521	13.913354	-49.755200
	-0.025528	14.117208	-49.820400
	-0.025534	13.963011	-49.714200
	-0.025541	13.850718	-49.734700
	-0.025548	14.065451	-49.736600
	-0.025555	14.039371	-49.701200
	-0.025562	14.120411	-49.621100
	-0.025568	13.971135	-49.567100
	-0.025575	13.765636	-49.487000
	-0.025582	13.837450	-49.360300
	-0.025589	13.904534	-49.352900
	-0.025595	13.997237	-49.481400
	-0.025602	14.046847	-49.479500
	-0.025609	13.871176	-49.609900
	-0.025616	13.926260	-49.768200
	-0.025623	13.944455	-49.831600
	-0.025629	13.883112	-49.775700
	-0.025636	14.053186	-49.805500
	-0.025643	13.903376	-49.775700
	-0.025650	14.059571	-49.729100
	-0.025656	13.904443	-49.677000
	-0.025663	13.940293	-49.574500
	-0.025670	13.992496	-49.533600
	-0.025677	13.929504	-49.544700
	-0.025684	13.917805	-49.537300
	-0.025690	13.894234	-49.555900
	-0.025697	14.021361	-49.593200
	-0.025704	14.046541	-49.608100
	-0.025711	13.846181	-49.691900
	-0.025718	14.029366	-49.827900
	-0.025724	13.881372	-49.766400
	-0.025731	13.918250	-49.703100
	-0.025738	14.025359	-49.755200
	-0.025745	14.039484	-49.749600
	-0.025751	13.769214	-49.775700
	-0.025758	13.810303	-49.839000
	-0.025765	14.046513	-49.799900
	-0.025772	14.056145	-49.749600
	-0.025779	13.913917	-49.749600
	-0.025785	13.959201	-49.747800
	-0.025792	13.857286	-49.790600
	-0.025799	14.049359	-49.842800
	-0.025806	14.016197	-49.878100
	-0.025812	14.115506	-49.900500
	-0.025819	13.837456	-49.941500
	-0.025826	13.985306	-49.865100
	-0.025833	13.990092	-49.649000
	-0.025840	14.001525	-49.587600
	-0.025846	13.888232	-49.718000
	-0.025853	14.078368	-49.760800
	-0.025860	13.908378	-49.675100
	-0.025867	13.903305	-49.786900
	-0.025873	13.846704	-49.820400
	-0.025880	13.974489	-49.777600
	-0.025887	14.002653	-49.701200
	-0.025894	13.870203	-49.762700
	-0.025901	13.841379	-49.820400
	-0.025907	13.951028	-49.865100
	-0.025914	14.078788	-49.885600
	-0.025921	14.081001	-49.824100
	-0.025928	14.110411	-49.924700
	-0.025935	14.114138	-49.948900
	-0.025941	13.959555	-49.906100
	-0.025948	13.916462	-49.878100
	-0.025955	14.200492	-49.798100
	-0.025962	13.997088	-49.766400
	-0.025968	13.832640	-49.708600
	-0.025975	13.689658	-49.656500
	-0.025982	14.221538	-49.703100
	-0.025989	13.926716	-49.781300
	-0.025996	13.762536	-49.956400
	-0.026002	13.804285	-50.083000
	-0.026009	13.972207	-50.075600
	-0.026016	13.933999	-50.146400
	-0.026023	14.097212	-50.179900
	-0.026029	14.063975	-50.330800
	-0.026036	13.822477	-50.388500
	-0.026043	13.891178	-50.410900
	-0.026050	14.076094	-50.423900
	-0.026057	13.859618	-50.368000
	-0.026063	13.998107	-50.336400
	-0.026070	14.061210	-50.323300
	-0.026077	14.011105	-50.388500
	-0.026084	14.066327	-50.420200
	-0.026090	14.050776	-50.375500
	-0.026097	13.976545	-50.356800
	-0.026104	14.026644	-50.355000
	-0.026111	13.922021	-50.364300
	-0.026118	14.025293	-50.416400
	-0.026124	14.187362	-50.427600
	-0.026131	14.073433	-50.381100
	-0.026138	14.088379	-50.442500
	-0.026145	14.087859	-50.504000
	-0.026151	13.930106	-50.511400
	-0.026158	14.059626	-50.464900
	-0.026165	14.056162	-50.455600
	-0.026172	14.083366	-50.409000
	-0.026179	13.890219	-50.429500
	-0.026185	14.040885	-50.442500
	-0.026192	14.024475	-50.552400
	-0.026199	14.054775	-50.526300
	-0.026206	13.987492	-50.483500
	-0.026213	14.118761	-50.468600
	-0.026219	14.257938	-50.561700
	-0.026226	13.983477	-50.533800
	-0.026233	14.059787	-50.507700
	-0.026240	14.136464	-50.416400
	-0.026246	14.095386	-50.401500
	-0.026253	14.164277	-50.366200
	-0.026260	14.042833	-50.289800
	-0.026267	14.214896	-50.328900
	-0.026274	14.394825	-50.401500
	-0.026280	14.328459	-50.442500
	-0.026287	14.280543	-50.444400
	-0.026294	14.370983	-50.518900
	-0.026301	14.205399	-50.569200
	-0.026307	14.225011	-50.623200
	-0.026314	14.152570	-50.556100
	-0.026321	14.314865	-50.531900
	-0.026328	14.270333	-50.574800
	-0.026335	14.082872	-50.587800
	-0.026341	14.367197	-50.641800
	-0.026348	14.083201	-50.721900
	-0.026355	14.354736	-50.701400
	-0.026362	14.243236	-50.628800
	-0.026368	14.173436	-50.630700
	-0.026375	14.387367	-50.505900
	-0.026382	14.295836	-50.479800
	-0.026389	14.293103	-50.494700
	-0.026396	14.329780	-50.498400
	-0.026402	14.227932	-50.396000
	-0.026409	14.386320	-50.410900
	-0.026416	14.292040	-50.485400
	-0.026423	14.293753	-50.388500
	-0.026430	14.442018	-50.351300
	-0.026436	14.423174	-50.306600
	-0.026443	14.399196	-50.235800
	-0.026450	14.456711	-50.152000
	-0.026457	14.431040	-50.176200
	-0.026463	14.580131	-50.133300
	-0.026470	14.630407	-50.150100
	-0.026477	14.573027	-50.278600
	-0.026484	14.715423	-50.185500
	-0.026491	14.476672	-50.122200
	-0.026497	14.562727	-50.146400
	-0.026504	14.575564	-50.215300
	-0.026511	14.491346	-50.200400
	-0.026518	14.707662	-50.099800
	-0.026524	14.618714	-50.131500
	-0.026531	14.694026	-50.286100
	-0.026538	14.495869	-50.347500
	-0.026545	14.685306	-50.578500
	-0.026552	14.653708	-50.744300
	-0.026558	14.731634	-50.796400
	-0.026565	14.568253	-50.749900
	-0.026572	14.627053	-50.772200
	-0.026579	14.631010	-50.669800
	-0.026585	14.617650	-50.450000
	-0.026592	14.892730	-50.440700
	-0.026599	14.880800	-50.463000
	-0.026606	14.838882	-50.396000
	-0.026613	14.948635	-50.397800
	-0.026619	14.773508	-50.345700
	-0.026626	14.750207	-50.334500
	-0.026633	14.853244	-50.390400
	-0.026640	14.667675	-50.425800
	-0.026647	14.775478	-50.485400
	-0.026653	15.013022	-50.505900
	-0.026660	14.937680	-50.539400
	-0.026667	14.843007	-50.699600
	-0.026674	14.947939	-50.887700
	-0.026680	14.987519	-50.831800
	-0.026687	14.883712	-50.725600
	-0.026694	14.842772	-50.645600
	-0.026701	14.905673	-50.546800
	-0.026708	15.044239	-50.507700
	-0.026714	14.936992	-50.615800
	-0.026721	15.056134	-50.561700
	-0.026728	14.988194	-50.459300
	-0.026735	14.965780	-50.453700
	-0.026741	15.086370	-50.373600
	-0.026748	15.121571	-50.345700
	-0.026755	15.069803	-50.369900
	-0.026762	15.134911	-50.436900
	-0.026769	15.110262	-50.384800
	-0.026775	15.138870	-50.403400
	-0.026782	15.063475	-50.463000
	-0.026789	15.063017	-50.662300
	-0.026796	15.149475	-50.640000
	-0.026802	15.049646	-50.612000
	-0.026809	15.145358	-50.526300
	-0.026816	15.078122	-50.662300
	-0.026823	15.096615	-50.720100
	-0.026830	15.145342	-50.887700
	-0.026836	15.045723	-51.124300
	-0.026843	15.127528	-51.141000
	-0.026850	15.206361	-50.982700
	-0.026857	15.126760	-50.841100
	-0.026863	15.101956	-50.809500
	-0.026870	15.042344	-50.792700
	-0.026877	15.301293	-50.610200
	-0.026884	15.222745	-50.014100
	-0.026891	15.283098	-49.440400
	-0.026897	15.752876	-49.233700
	-0.026904	15.624881	-49.196400
	-0.026911	15.600011	-49.185200
	-0.026918	15.719385	-49.142400
	-0.026925	15.450857	-49.028800
	-0.026931	15.592493	-48.864900
	-0.026938	15.559218	-48.863000
	-0.026945	15.699983	-48.918900
	-0.026952	15.590393	-48.963600
	-0.026958	15.625390	-48.883500
	-0.026965	15.609218	-48.799700
	-0.026972	15.805847	-48.769900
	-0.026979	16.011320	-48.738200
	-0.026986	15.895353	-48.883500
	-0.026992	15.666205	-48.958000
	-0.026999	15.695670	-49.049300
	-0.027006	15.897839	-49.129400
	-0.027013	15.955416	-49.103300
	-0.027019	15.767393	-48.930100
	-0.027026	15.760190	-48.838800
	-0.027033	15.844200	-48.861100
	-0.027040	15.998494	-48.941200
	-0.027047	15.859041	-49.038100
	-0.027053	15.905501	-49.054900
	-0.027060	16.037787	-49.237400
	-0.027067	15.951536	-49.406900
	-0.027074	15.908839	-49.537300
	-0.027080	15.837138	-49.613600
	-0.027087	15.862660	-49.678800
	-0.027094	15.916236	-49.807400
	-0.027101	15.897472	-49.945200
	-0.027108	16.071394	-49.999200
	-0.027114	15.862301	-50.036500
	-0.027121	15.781173	-49.969400
	-0.027128	15.903307	-49.820400
	-0.027135	15.856689	-49.768200
	-0.027142	15.884502	-49.811100
	-0.027148	15.880482	-49.863200
	-0.027155	16.005811	-49.876300
	-0.027162	15.978760	-49.909800
	-0.027169	16.022825	-49.848300
	-0.027175	15.919380	-49.898600
	-0.027182	15.988495	-49.991800
	-0.027189	15.923129	-50.047600
	-0.027196	15.969499	-50.094200
	-0.027203	16.081070	-50.103500
	-0.027209	15.988658	-50.189200
	-0.027216	16.123638	-50.310300
	-0.027223	16.082499	-50.282300
	-0.027230	16.083974	-50.159400
	-0.027236	15.891059	-50.057000
	-0.027243	15.926741	-50.045800
	-0.027250	16.057104	-50.079300
	-0.027257	16.170977	-50.127700
	-0.027264	16.030159	-50.008500
	-0.027270	16.206897	-49.976900
	-0.027277	16.041827	-50.220900
	-0.027284	16.033880	-50.286100
	-0.027291	16.109132	-50.179900
	-0.027297	16.146411	-50.066300
	-0.027304	16.079109	-50.040200
	-0.027311	16.297320	-50.043900
	-0.027318	16.180615	-50.131500
	-0.027325	16.122342	-50.170600
	-0.027331	16.164976	-50.153800
	-0.027338	16.266075	-50.066300
	-0.027345	16.181805	-50.040200
	-0.027352	16.197801	-50.116600
	-0.027359	16.209894	-49.952700
	-0.027365	16.196267	-49.678800
	-0.027372	16.471132	-49.518700
	-0.027379	16.366639	-49.544700
	-0.027386	16.395913	-49.526100
	-0.027392	16.185295	-49.498200
	-0.027399	16.205985	-49.608100
	-0.027406	16.177937	-49.636000
	-0.027413	16.326238	-49.587600
	-0.027420	16.380051	-49.537300
	-0.027426	16.384676	-49.516800
	-0.027433	16.184861	-49.593200
	-0.027440	16.280836	-49.677000
	-0.027447	16.256725	-49.770100
	-0.027453	16.222544	-49.805500
	-0.027460	16.372444	-49.732900
	-0.027467	16.361445	-49.663900
	-0.027474	16.372016	-49.628600
	-0.027481	16.387956	-49.656500
	-0.027487	16.342844	-49.727300
	-0.027494	16.365169	-49.641600
	-0.027501	16.362566	-49.555900
	-0.027508	16.465782	-49.460900
	-0.027514	16.315340	-49.406900
	-0.027521	16.496016	-49.485100
	-0.027528	16.476279	-49.522400
	-0.027535	16.391216	-49.505600
	-0.027542	16.360077	-49.520500
	-0.027548	16.501879	-49.464600
	-0.027555	16.532129	-49.464600
	-0.027562	16.620018	-49.446000
	-0.027569	16.667741	-49.434800
	-0.027575	16.462251	-49.470200
	-0.027582	16.592614	-49.565200
	-0.027589	16.544875	-49.719800
	-0.027596	16.523281	-49.662100
	-0.027603	16.652351	-49.524200
	-0.027609	16.527758	-49.459000
	-0.027616	16.512649	-49.587600
	-0.027623	16.607993	-49.719800
	-0.027630	16.479929	-49.727300
	-0.027637	16.680148	-49.671400
	-0.027643	16.695004	-49.714200
	-0.027650	16.691070	-49.710500
	-0.027657	16.649500	-49.855800
	-0.027664	16.809284	-49.973100
	-0.027670	16.791086	-49.967600
	-0.027677	16.772113	-50.155700
	-0.027684	16.766965	-50.260000
	-0.027691	16.850776	-50.323300
	-0.027698	16.871107	-50.451800
	-0.027704	16.810384	-50.450000
	-0.027711	16.843029	-50.237600
	-0.027718	16.801365	-50.129600
	-0.027725	16.675041	-50.148200
	-0.027731	16.750638	-50.178000
	-0.027738	16.900146	-50.111000
	-0.027745	16.725765	-50.030900
	-0.027752	16.791658	-50.068100
	-0.027759	16.837566	-50.051400
	-0.027765	16.961348	-50.010400
	-0.027772	16.867211	-50.043900
	-0.027779	16.759334	-50.017800
	-0.027786	16.928504	-50.112800
	-0.027792	16.904578	-50.246900
	-0.027799	16.930993	-50.420200
	-0.027806	16.821861	-50.455600
	-0.027813	16.932960	-50.284200
	-0.027820	16.968474	-50.317700
	-0.027826	16.924873	-50.241400
	-0.027833	16.949047	-50.194800
	-0.027840	17.175619	-50.086800
	-0.027847	17.137483	-50.092300
	-0.027854	17.251136	-49.867000
	-0.027860	17.413431	-49.814800
	-0.027867	17.517706	-49.783100
	-0.027874	17.575470	-49.628600
	-0.027881	17.451558	-49.628600
	-0.027887	17.333535	-49.751500
	-0.027894	17.394300	-49.820400
	-0.027901	17.562815	-49.779400
	-0.027908	17.601174	-49.760800
	-0.027915	17.433148	-49.732900
	-0.027921	17.443581	-49.671400
	-0.027928	17.564387	-49.755200
	-0.027935	17.467648	-49.781300
	-0.027942	17.564600	-49.760800
	-0.027948	17.556139	-49.844600
	-0.027955	17.544723	-49.973100
	-0.027962	17.593007	-50.023400
	-0.027969	17.642982	-49.989900
	-0.027976	17.508358	-49.988000
	-0.027982	17.596491	-50.042100
	-0.027989	17.574149	-49.984300
	-0.027996	17.669416	-50.034600
	-0.028003	17.492529	-50.006700
	-0.028009	17.708331	-49.984300
	-0.028016	17.622544	-50.006700
	-0.028023	17.651473	-50.073700
	-0.028030	17.515810	-50.200400
	-0.028037	17.447872	-50.302800
	-0.028043	17.597085	-50.397800
	-0.028050	17.576321	-50.409000
	-0.028057	17.709654	-50.224600
	-0.028064	17.548961	-50.049500
	-0.028071	17.636232	-50.042100
	-0.028077	17.674251	-50.207800
	-0.028084	17.570043	-50.349400
	-0.028091	17.732645	-50.364300
	-0.028098	17.804545	-50.295400
	-0.028104	17.758530	-50.306600
	-0.028111	17.687094	-50.433200
	-0.028118	17.728832	-50.436900
	-0.028125	17.715639	-50.373600
	-0.028132	17.707449	-49.742200
	-0.028138	17.868076	-47.635500
	-0.028145	19.664688	-46.219900
	-0.028152	19.841882	-45.476700
	-0.028159	19.875343	-45.156300
	-0.028165	19.726470	-45.007300
	-0.028172	19.851191	-45.081800
	-0.028179	19.924008	-45.139600
	-0.028186	20.061616	-45.068800
	-0.028193	19.955827	-44.945900
	-0.028199	20.173787	-44.895600
	-0.028206	19.988428	-44.960800
	-0.028213	20.073276	-44.901200
	-0.028220	20.302603	-44.910500
	-0.028226	20.028758	-45.005500
	-0.028233	20.207035	-45.113500
	-0.028240	20.160519	-45.212200
	-0.028247	20.369684	-45.301600
	-0.028254	20.304023	-45.303500
	-0.028260	20.472218	-45.193600
	-0.028267	20.513846	-45.119100
	-0.028274	20.478794	-45.048300
	-0.028281	20.348917	-44.135600
	-0.028288	20.381184	-40.931900
	-0.028294	22.077708	-38.989100
	-0.028301	23.049425	-37.990700
	-0.028308	23.149901	-37.633100
	-0.028315	22.977995	-37.437500
	-0.028321	23.144770	-35.980900
	-0.028328	23.083333	-27.854100
	-0.028335	30.501067	-22.500900
	-0.028342	30.591589	-19.950900
	-0.028349	30.685353	-18.956300
	-0.028355	30.628410	-18.239100
	-0.028362	30.737887	-17.117800
	-0.028369	31.700735	-16.404400
	-0.028376	31.752691	-15.407900
	-0.028382	32.295176	-14.746600
	-0.028389	33.103426	-14.353600
	-0.028396	33.110875	-14.206500
	-0.028403	33.501976	-14.113300
	-0.028410	33.312713	-14.212000
	-0.028416	33.464586	-14.264200
	-0.028423	33.279479	-14.260500
	-0.028430	33.364503	-14.169200
	-0.028437	33.161679	-14.079800
	-0.028443	33.383101	-14.089100
	-0.028450	33.242772	-14.182200
	-0.028457	33.160768	-14.174800
	-0.028464	33.224199	-14.223200
	-0.028471	33.306424	-14.247400
	-0.028477	33.221530	-14.169200
	-0.028484	33.377349	-14.089100
	-0.028491	33.279581	-13.925200
	-0.028498	33.366631	-13.951300
	-0.028504	33.368692	-13.992200
	-0.028511	33.421988	-14.066800
	-0.028518	33.311754	-14.035100
	-0.028525	33.467951	-13.992200
	-0.028532	33.567902	-13.912200
	-0.028538	33.617863	-13.792900
	-0.028545	33.533002	-13.634600
	-0.028552	33.600213	-13.459500
	-0.028559	33.658704	-13.461400
	-0.028566	33.505313	-13.448400
	-0.028572	33.781919	-13.524700
	-0.028579	33.584367	-13.122400
	-0.028586	33.798439	-11.786900
	-0.028593	34.932474	-11.049300
	-0.028599	35.048798	-10.734500
	-0.028606	35.138406	-10.669300
	-0.028613	35.069068	-10.600400
	-0.028620	34.965039	-10.583600
	-0.028627	35.021726	-10.592900
	-0.028633	35.081244	-10.676700
	-0.028640	35.033325	-10.850000
	-0.028647	35.058925	-10.974800
	-0.028654	35.009925	-11.013900
	-0.028660	35.137110	-11.012000
	-0.028667	34.925390	-10.829500
	-0.028674	34.992114	-10.538900
	-0.028681	35.832684	-10.272500
	-0.028688	35.954681	-10.019200
	-0.028694	35.862478	-9.922370
	-0.028701	36.080421	-9.926090
	-0.028708	35.895339	-9.927960
	-0.028715	36.087384	-9.896290
	-0.028721	36.014843	-9.873940
	-0.028728	36.237486	-9.788260
	-0.028735	35.933496	-9.739830
	-0.028742	36.073922	-9.829240
	-0.028749	35.920333	-9.892570
	-0.028755	35.931725	-10.158900
	-0.028762	36.162558	-10.410400
	-0.028769	36.114224	-10.468100
	-0.028776	36.158640	-10.337700
	-0.028783	36.179556	-10.140300
	-0.028789	36.626940	-10.144000
	-0.028796	36.700086	-10.343300
	-0.028803	36.809530	-10.408500
	-0.028810	36.595314	-10.402900
	-0.028816	36.554258	-10.337700
	-0.028823	36.647571	-10.287400
	-0.028830	36.536870	-10.190600
	-0.028837	36.778758	-10.198000
	-0.028844	36.748903	-10.190600
	-0.028850	36.873677	-10.162700
	-0.028857	36.725572	-10.134700
	-0.028864	36.932142	-10.201800
	-0.028871	36.590992	-10.199900
	-0.028877	36.688716	-10.306100
	-0.028884	36.803520	-10.317200
	-0.028891	36.762704	-10.330300
	-0.028898	36.813086	-10.373100
	-0.028905	36.701382	-10.358200
	-0.028911	36.714285	-10.341500
	-0.028918	36.792429	-10.339600
	-0.028925	36.711666	-10.289300
	-0.028932	36.768692	-10.281900
	-0.028938	36.656126	-10.339600
	-0.028945	36.631535	-10.363800
	-0.028952	36.635088	-10.386200
	-0.028959	36.886096	-10.181300
	-0.028966	36.854838	-10.032300
	-0.028972	37.037591	-10.086300
	-0.028979	37.118015	-10.050900
	-0.028986	37.183621	-9.991290
	-0.028993	37.010784	-9.801300
	-0.029000	37.163025	-9.676500
	-0.029006	37.059980	-9.542390
	-0.029013	37.235801	-9.501410
	-0.029020	37.265451	-9.432490
	-0.029027	37.196789	-9.274170
	-0.029033	37.220969	-9.302110
	-0.029040	37.251592	-9.479060
	-0.029047	37.230885	-9.508860
	-0.029054	37.326871	-9.389650
	-0.029061	37.348856	-9.391520
	-0.029067	37.307908	-9.425040
	-0.029074	37.382524	-9.466020
	-0.029081	37.456676	-9.555430
	-0.029088	37.320621	-9.501410
	-0.029094	37.339174	-9.434360
	-0.029101	37.460312	-9.326320
	-0.029108	37.524746	-9.281620
	-0.029115	37.385530	-9.181040
	-0.029122	37.638061	-9.089770
	-0.029128	37.288486	-8.972420
	-0.029135	37.174447	-8.964970
	-0.029142	37.392222	-9.095350
	-0.029149	37.414962	-9.089770
	-0.029155	37.496076	-9.153100
	-0.029162	37.464346	-9.134470
	-0.029169	37.643816	-9.028300
	-0.029176	37.476940	-8.978010
	-0.029183	37.302617	-9.045060
	-0.029189	37.414006	-9.130740
	-0.029196	37.477534	-9.175450
	-0.029203	37.483949	-9.145650
	-0.029210	37.536000	-9.110260
	-0.029216	37.561655	-9.181040
	-0.029223	37.363625	-9.018990
	-0.029230	37.454498	-8.739590
	-0.029237	37.429462	-8.666950
	-0.029244	37.319667	-8.773120
	-0.029250	37.536942	-8.942620
	-0.029257	37.492581	-9.002220
	-0.029264	37.604777	-9.045060
	-0.029271	37.623862	-9.059960
	-0.029278	37.579122	-9.143780
	-0.029284	37.398309	-9.164270
	-0.029291	37.652545	-9.231330
	-0.029298	37.631233	-9.303970
	-0.029305	37.551597	-9.404550
	-0.029311	37.301219	-9.492100
	-0.029318	37.570869	-9.585230
	-0.029325	37.593120	-9.426910
	-0.029332	37.664498	-9.402690
	-0.029339	37.700790	-9.520040
	-0.029345	37.687113	-9.464160
	-0.029352	37.613810	-9.357990
	-0.029359	37.678937	-9.315150
	-0.029366	37.607311	-9.160550
	-0.029372	37.637243	-9.007810
	-0.029379	37.604239	-8.998500
	-0.029386	37.640241	-8.978010
	-0.029393	37.530300	-8.925850
	-0.029400	37.700069	-8.957520
	-0.029406	37.712014	-8.994770
	-0.029413	37.852133	-9.013400
	-0.029420	37.677514	-9.074870
	-0.029427	37.708770	-9.071140
	-0.029433	37.705645	-9.074870
	-0.029440	37.809521	-9.181040
	-0.029447	37.692225	-9.317010
	-0.029454	37.766979	-9.400830
	-0.029461	37.509016	-9.376610
	-0.029467	37.700169	-9.402690
	-0.029474	37.721076	-9.365440
	-0.029481	37.669886	-9.376610
	-0.029488	37.530510	-9.207110
	-0.029495	37.904971	-8.272070
	-0.029501	37.714981	-4.373520
	-0.029508	41.509751	-1.886870
	-0.029515	42.620275	-0.750650
	-0.029522	42.638025	-0.357630
	-0.029528	42.740548	-0.173227
	-0.029535	42.623121	0.236557
	-0.029542	42.751382	0.560660
	-0.029549	42.646262	0.806529
	-0.029556	42.577780	0.955544
	-0.029562	42.832527	1.065440
	-0.029569	42.803846	1.093380
	-0.029576	42.837403	1.134360
	-0.029583	42.795283	1.112010
	-0.029589	42.993750	0.996522
	-0.029596	42.957352	0.955544
	-0.029603	42.958773	0.976033
	-0.029610	43.055040	0.884760
	-0.029617	43.058513	0.892211
	-0.029623	42.884392	0.920150
	-0.029630	42.900707	0.976033
	-0.029637	42.930253	1.024460
	-0.029644	42.950174	1.126910
	-0.029650	42.918990	1.182790
	-0.029657	42.847466	1.298270
	-0.029664	42.997466	1.361600
	-0.029671	42.842625	1.218180
	-0.029678	42.910908	1.078480
	-0.029684	42.844289	1.197690
	-0.029691	42.891534	1.354150
	-0.029698	42.868294	1.391400
	-0.029705	42.994747	1.333660
	-0.029712	43.224588	1.318760
	-0.029718	42.915191	1.246120
	-0.029725	42.931540	1.112010
	-0.029732	43.054708	1.030050
	-0.029739	43.029628	0.933189
	-0.029745	42.986389	0.899661
	-0.029752	43.148630	0.990934
	-0.029759	43.036287	1.056130
	-0.029766	43.152476	0.992797
	-0.029773	43.124179	0.827018
	-0.029779	43.174577	0.778589
	-0.029786	43.191752	0.828881
	-0.029793	43.139763	0.866134
	-0.029800	43.086320	0.981621
	-0.029806	43.206576	0.987209
	-0.029813	43.185411	0.886623
	-0.029820	43.183046	0.882897
	-0.029827	43.113133	0.959270
	-0.029834	43.286829	0.953682
	-0.029840	43.269670	0.944365
	-0.029847	43.095554	0.864271
	-0.029854	43.363771	0.696633
	-0.029861	43.383430	0.663105
	-0.029867	43.499848	0.657517
	-0.029874	43.343910	0.633303
	-0.029881	43.457792	0.601638
	-0.029888	43.180302	0.607226
	-0.029895	43.245701	0.566248
	-0.029901	43.355043	0.465663
	-0.029908	43.461273	0.389295
	-0.029915	43.613445	0.404196
	-0.029922	43.395380	0.419097
	-0.029928	43.477023	0.594187
	-0.029935	43.573936	1.056130
	-0.029942	43.540468	1.257290
	-0.029949	43.575901	1.244250
	-0.029956	43.654694	1.147400
	-0.029962	43.592833	1.199550
	-0.029969	43.542877	1.367190
	-0.029976	43.602630	1.415620
	-0.029983	43.686196	1.393270
	-0.029990	43.487268	1.486400
	-0.029996	43.649809	1.616780
	-0.030003	43.630711	1.784420
	-0.030010	43.621220	1.786280
	-0.030017	43.575437	1.715500
	-0.030023	43.830999	1.732270
	-0.030030	43.779078	1.695010
	-0.030037	43.694568	1.730400
	-0.030044	43.539556	1.881280
	-0.030051	43.699011	1.927850
	-0.030057	43.574370	1.894320
	-0.030064	43.858101	1.924130
	-0.030071	43.834085	1.985590
	-0.030078	43.714489	2.030300
	-0.030084	43.435359	1.912950
	-0.030091	43.724370	1.801190
	-0.030098	43.886884	1.791870
	-0.030105	43.666056	1.790010
	-0.030112	43.784317	1.741580
	-0.030118	43.692324	1.674530
	-0.030125	43.716631	1.691290
	-0.030132	43.753100	1.769520
	-0.030139	43.749016	1.767660
	-0.030145	43.784966	1.654040
	-0.030152	43.734168	1.551590
	-0.030159	43.865907	1.566490
	-0.030166	43.749044	1.722950
	-0.030173	43.760461	1.795600
	-0.030179	43.643338	1.713640
	-0.030186	43.659215	1.637270
	-0.030193	43.680316	1.609330
	-0.030200	43.743435	1.819810
	-0.030207	43.784146	2.000500
	-0.030213	43.813133	1.959520
	-0.030220	43.841631	1.927850
	-0.030227	43.933955	1.881280
	-0.030234	44.111301	1.944620
	-0.030240	43.776009	1.933440
	-0.030247	43.934054	1.931580
	-0.030254	43.865385	1.980010
	-0.030261	44.044339	1.885000
	-0.030268	43.834817	1.711780
	-0.030274	43.886834	1.667070
	-0.030281	43.970300	1.801190
	-0.030288	44.088031	1.864520
	-0.030295	44.197334	1.864520
	-0.030301	44.049442	1.834710
	-0.030308	44.078912	1.681980
	-0.030315	44.180985	1.698740
	-0.030322	43.938459	1.722950
	-0.030329	43.770485	1.622370
	-0.030335	43.985779	1.661490
	-0.030342	43.993590	1.644720
	-0.030349	44.072649	1.681980
	-0.030356	43.879252	1.726680
	-0.030362	43.971154	1.603740
	-0.030369	44.095289	1.518060
	-0.030376	43.956256	1.441690
	-0.030383	44.064677	1.359740
	-0.030390	44.137019	1.383950
	-0.030396	44.116678	1.432380
	-0.030403	44.188633	1.465910
	-0.030410	43.866827	1.532960
	-0.030417	43.954625	1.402580
	-0.030424	44.017034	1.287100
	-0.030430	44.024016	1.208860
	-0.030437	44.047872	1.370910
	-0.030444	43.930993	1.404440
	-0.030451	44.218634	1.551590
	-0.030457	44.042852	1.635410
	-0.030464	44.030645	1.773250
	-0.030471	44.131220	1.873830
	-0.030478	44.070109	1.890590
	-0.030485	44.087450	1.942750
	-0.030491	44.140514	1.905490
	-0.030498	44.236754	1.829120
	-0.030505	44.124044	1.711780
	-0.030512	44.049862	1.724820
	-0.030518	44.260765	1.641000
	-0.030525	44.031565	1.583260
	-0.030532	44.072759	1.544140
	-0.030539	44.013730	1.592570
	-0.030546	44.143581	1.575810
	-0.030552	44.246673	1.657760
	-0.030559	44.164360	1.598160
	-0.030566	44.113589	1.532960
	-0.030573	44.047690	1.577670
	-0.030579	44.103310	1.709920
	-0.030586	44.112022	1.698740
	-0.030593	44.270632	1.629820
	-0.030600	44.151804	1.654040
	-0.030607	44.095585	1.724820
	-0.030613	44.301202	1.793730
	-0.030620	44.217985	1.790010
	-0.030627	44.101716	1.946480
	-0.030634	44.265437	2.050790
	-0.030640	44.435356	2.104800
	-0.030647	44.293007	2.093630
	-0.030654	44.261088	2.129020
	-0.030661	44.329114	2.032160
	-0.030668	44.241750	2.054510
	-0.030674	44.290443	2.009810
	-0.030681	44.292424	1.998630
	-0.030688	44.403747	2.112250
	-0.030695	44.396295	2.207250
	-0.030702	44.207181	2.414000
	-0.030708	44.321988	2.507130
	-0.030715	44.336331	2.529490
	-0.030722	44.281772	2.417730
	-0.030729	44.383557	2.315280
	-0.030735	44.520753	2.235190
	-0.030742	44.534850	2.224010
	-0.030749	44.459458	2.106670
	-0.030756	44.480628	2.108530
	-0.030763	44.574826	2.017260
	-0.030769	44.357496	1.836580
	-0.030776	44.630305	1.661490
	-0.030783	44.437876	1.674530
	-0.030790	44.614589	1.726680
	-0.030796	44.636945	1.758340
	-0.030803	44.508203	1.844030
	-0.030810	44.576929	1.804910
	-0.030817	44.462995	1.862650
	-0.030824	44.517429	1.821670
	-0.030830	44.654573	1.819810
	-0.030837	44.504835	1.836580
	-0.030844	44.584651	1.994910
	-0.030851	44.877641	2.026570
	-0.030857	45.118056	2.006080
	-0.030864	44.942142	1.989320
	-0.030871	44.729172	1.981870
	-0.030878	44.907568	2.076860
	-0.030885	44.909027	2.129020
	-0.030891	44.843565	2.292930
	-0.030898	44.821181	2.296660
	-0.030905	44.736837	2.166270
	-0.030912	44.753877	2.194210
	-0.030919	44.775191	2.164410
	-0.030925	44.911414	2.184900
	-0.030932	44.812340	2.102940
	-0.030939	44.932488	1.922260
	-0.030946	44.893501	1.899910
	-0.030952	45.009090	2.000500
	-0.030959	44.894333	2.045200
	-0.030966	44.891913	2.132740
	-0.030973	44.941832	2.054510
	-0.030980	45.007330	2.097350
	-0.030986	44.733640	2.093630
	-0.030993	44.967802	2.050790
	-0.031000	44.980708	2.006080
	-0.031007	44.902028	1.892450
	-0.031013	44.719786	1.868240
	-0.031020	45.125868	1.955790
	-0.031027	44.929241	1.862650
	-0.031034	44.977898	1.797460
	-0.031041	44.758532	1.749030
	-0.031047	44.748257	1.780700
	-0.031054	44.957358	1.816090
	-0.031061	44.988724	1.963240
	-0.031068	45.095878	1.937170
	-0.031074	45.030556	1.925990
	-0.031081	45.022522	1.931580
	-0.031088	44.984472	1.974420
	-0.031095	44.970355	2.041470
	-0.031102	45.013177	2.270580
	-0.031108	45.028592	2.272440
	-0.031115	45.156338	2.158820
	-0.031122	45.026959	1.993040
	-0.031129	45.069181	1.827260
	-0.031136	44.881308	1.855200
	-0.031142	44.945333	1.976280
	-0.031149	44.835820	2.037750
	-0.031156	45.061472	2.009810
	-0.031163	45.137091	1.937170
	-0.031169	44.930827	1.946480
	-0.031176	44.985251	1.953930
	-0.031183	45.074934	2.080590
	-0.031190	44.906084	2.181170
	-0.031197	44.928600	2.104800
	-0.031203	44.872748	2.034020
	-0.031210	45.165211	2.056370
	-0.031217	45.166802	2.093630
	-0.031224	45.070720	2.061960
	-0.031230	45.056490	2.075000
	-0.031237	45.090454	2.184900
	-0.031244	45.255247	2.279890
	-0.031251	45.075920	2.268720
	-0.031258	45.048102	2.114120
	-0.031264	45.073221	1.952070
	-0.031271	45.065230	1.836580
	-0.031278	45.052583	1.855200
	-0.031285	44.922452	1.946480
	-0.031291	45.092932	1.924130
	-0.031298	45.131800	2.017260
	-0.031305	44.836840	1.981870
	-0.031312	45.037776	1.916680
	-0.031319	45.105363	2.054510
	-0.031325	44.928973	2.002360
	-0.031332	45.079589	2.020980
	-0.031339	44.960759	1.996770
	-0.031346	45.142294	2.065690
	-0.031353	45.299096	2.156960
	-0.031359	44.996610	2.305970
	-0.031366	45.064376	2.371160
	-0.031373	44.948478	2.380480
	-0.031380	45.104230	2.469880
	-0.031386	45.001572	2.490370
	-0.031393	45.141357	2.503410
	-0.031400	45.075094	2.618890
	-0.031407	45.084229	2.652420
	-0.031414	44.999406	2.833100
	-0.031420	45.100133	2.883390
	-0.031427	45.382187	2.801430
	-0.031434	45.232667	2.641250
	-0.031441	45.186248	2.559290
	-0.031447	45.187674	2.510860
	-0.031454	45.182292	2.572330
	-0.031461	45.096458	2.598400
	-0.031468	45.148875	2.611440
	-0.031475	45.244206	2.587230
	-0.031481	45.191114	2.639380
	-0.031488	45.141205	2.685950
	-0.031495	45.287572	2.697120
	-0.031502	45.239348	2.820060
	-0.031508	45.187000	2.816330
	-0.031515	45.271599	2.775360
	-0.031522	45.339340	2.712030
	-0.031529	45.172718	2.779080
	-0.031536	44.989315	2.775360
	-0.031542	45.092150	2.864760
	-0.031549	45.022472	2.989560
	-0.031556	45.147035	2.950440
	-0.031563	45.084226	2.937410
	-0.031569	45.155004	2.916920
	-0.031576	45.244852	2.754870
	-0.031583	45.296825	2.659870
	-0.031590	45.253056	2.566740
	-0.031597	45.429736	2.469880
	-0.031603	45.117338	2.564880
	-0.031610	45.149425	2.563010
	-0.031617	45.140589	2.643110
	-0.031624	45.299105	2.561150
	-0.031631	45.383615	2.553700
	-0.031637	45.397676	2.652420
	-0.031644	45.177083	2.631930
	-0.031651	45.206698	2.587230
	-0.031658	45.139141	2.566740
	-0.031664	45.081142	2.607720
	-0.031671	45.283259	2.533210
	-0.031678	45.310063	2.414000
	-0.031685	45.276337	2.319010
	-0.031692	45.207759	2.302240
	-0.031698	45.250669	2.404690
	-0.031705	45.344206	2.423320
	-0.031712	45.352586	2.345080
	-0.031719	45.246535	2.333910
	-0.031725	45.255449	2.427040
	-0.031732	45.211655	2.464290
	-0.031739	45.383839	2.516450
	-0.031746	45.286121	2.533210
	-0.031753	45.243797	2.406550
	-0.031759	45.350122	2.302240
	-0.031766	45.371773	2.425180
	-0.031773	45.258187	2.542530
	-0.031780	45.259936	2.581640
	-0.031786	45.361887	2.516450
	-0.031793	45.345388	2.393510
	-0.031800	45.289155	2.497820
	-0.031807	45.382651	2.592820
	-0.031814	45.297182	2.659870
	-0.031820	45.189141	2.659870
	-0.031827	45.400973	2.671050
	-0.031834	45.450409	2.687810
	-0.031841	45.410127	2.643110
	-0.031848	45.335375	2.618890
	-0.031854	45.449652	2.630070
	-0.031861	45.391943	2.680360
	-0.031868	45.462691	2.626340
	-0.031875	45.356858	2.570460
	-0.031881	45.542020	2.574190
	-0.031888	45.424804	2.581640
	-0.031895	45.418468	2.603990
	-0.031902	45.494093	2.602130
	-0.031909	45.610381	2.576050
	-0.031915	45.506778	2.563010
