	0.049617	0.198632	54.609300
	0.047700	0.073500	54.609300
	0.045783	0.014495	54.609300
	0.043866	-0.071892	54.609300
	0.041949	0.140771	54.609300
	0.040033	0.374787	54.609300
	0.038116	0.392882	54.609300
	0.036199	0.249442	54.609300
	0.034282	0.434972	54.609300
	0.032365	0.562782	54.609300
	0.030448	0.426793	54.609300
	0.028531	0.679169	54.609300
	0.026614	0.759632	54.609300
	0.024698	0.880778	54.609300
	0.022781	1.018289	54.559000
	0.020864	0.906396	53.843700
	0.018947	1.172466	53.027900
	0.017030	1.412649	52.195300
	0.015113	1.474025	51.329100
	0.013196	1.615396	50.435100
	0.011279	1.665186	49.513100
	0.009363	1.904775	48.470000
	0.007446	2.173699	47.335600
	0.005529	2.020430	46.199400
	0.003612	2.290443	44.953300
	0.001695	2.626636	43.697900
	-0.000222	2.738602	42.522600
	-0.002139	2.762392	41.155400
	-0.004056	3.053843	39.624300
	-0.005972	3.630681	37.785900
	-0.007889	3.834405	35.925100
	-0.009806	3.911547	33.900400
	-0.011723	4.313945	31.564600
	-0.013640	4.941153	28.861800
	-0.015557	5.309585	25.643200
	-0.017474	5.909778	21.884300
	-0.019391	6.485663	17.440100
	-0.021307	7.974936	12.263700
	-0.023224	8.799431	6.318120
	-0.025141	9.790868	0.357630
	-0.025141	11.274074	-3.568840
	-0.025148	13.668380	-5.312290
	-0.025155	13.955894	-5.951180
	-0.025161	14.058748	-6.351650
	-0.025168	13.842316	-6.439190
	-0.025175	14.039721	-6.554680
	-0.025182	14.232264	-6.640360
	-0.025189	13.975066	-6.683200
	-0.025195	13.933944	-6.666440
	-0.025202	13.829921	-6.685060
	-0.025209	13.941960	-6.677610
	-0.025216	14.003885	-6.748390
	-0.025223	13.967722	-6.735350
	-0.025229	13.968051	-6.850840
	-0.025236	14.038135	-6.837800
	-0.025243	13.906396	-6.938380
	-0.025250	14.070120	-6.884370
	-0.025256	14.120880	-6.802410
	-0.025263	14.017598	-6.806130
	-0.025270	14.012575	-6.748390
	-0.025277	13.947977	-6.746530
	-0.025284	14.034159	-6.759570
	-0.025290	14.145353	-6.781920
	-0.025297	13.920485	-6.757710
	-0.025304	13.993869	-6.878780
	-0.025311	13.971416	-6.847110
	-0.025317	14.157806	-6.878780
	-0.025324	13.990020	-6.927210
	-0.025331	14.017979	-6.966320
	-0.025338	14.137251	-7.022200
	-0.025345	14.049036	-7.147000
	-0.025351	14.035353	-7.271800
	-0.025358	14.044620	-7.325810
	-0.025365	13.964744	-7.325810
	-0.025372	13.854197	-7.297870
	-0.025378	13.833005	-7.279250
	-0.025385	14.059046	-7.351890
	-0.025392	13.971403	-7.405910
	-0.025399	14.021566	-7.521390
	-0.025406	13.889274	-7.513940
	-0.025412	13.993476	-7.564230
	-0.025419	14.009334	-7.642490
	-0.025426	14.035118	-7.681610
	-0.025433	14.075185	-7.655530
	-0.025439	14.148163	-7.564230
	-0.025446	13.973008	-7.551190
	-0.025453	13.970549	-7.621970
	-0.025460	14.148712	-7.564230
	-0.025467	14.157129	-7.443160
	-0.025473	14.060450	-7.363070
	-0.025480	14.023936	-7.469240
	-0.025487	14.016451	-7.601480
	-0.025494	14.022010	-7.547470
	-0.025501	14.057670	-7.586580
	-0.025507	14.060182	-7.571680
	-0.025514	14.131734	-7.577270
	-0.025521	14.042534	-7.651800
	-0.025528	14.084662	-7.733760
	-0.025534	14.000144	-7.798950
	-0.025541	14.203517	-7.866010
	-0.025548	13.995916	-7.811990
	-0.025555	14.115852	-7.802680
	-0.025562	13.983615	-7.785910
	-0.025568	14.198312	-7.744940
	-0.025575	14.005750	-7.776600
	-0.025582	14.183458	-7.785910
	-0.025589	14.061157	-7.806400
	-0.025595	14.141509	-7.694650
	-0.025602	14.201238	-7.646220
	-0.025609	14.161798	-7.661120
	-0.025616	14.141885	-7.728170
	-0.025623	14.115992	-7.864150
	-0.025629	14.001268	-7.977770
	-0.025636	14.163450	-8.076490
	-0.025643	14.240990	-8.102560
	-0.025650	14.063061	-8.069040
	-0.025656	14.154023	-8.028060
	-0.025663	14.227227	-8.016880
	-0.025670	14.123840	-8.018750
	-0.025677	14.006101	-7.979630
	-0.025684	14.091965	-8.018750
	-0.025690	14.181982	-8.139820
	-0.025697	14.040824	-8.178930
	-0.025704	14.008331	-8.180800
	-0.025711	14.296894	-8.126780
	-0.025718	14.079448	-8.056000
	-0.025724	14.111027	-8.123050
	-0.025731	14.294692	-8.175210
	-0.025738	14.222715	-8.082080
	-0.025745	14.059510	-8.091390
	-0.025751	14.212677	-8.089530
	-0.025758	14.069770	-8.106290
	-0.025765	14.134690	-8.078350
	-0.025772	14.061442	-8.059720
	-0.025779	14.079515	-8.085800
	-0.025785	14.115119	-8.106290
	-0.025792	14.272582	-8.096980
	-0.025799	14.134425	-8.137950
	-0.025806	14.139188	-8.016880
	-0.025812	13.957049	-8.007570
	-0.025819	14.307054	-7.994530
	-0.025826	13.943501	-7.979630
	-0.025833	14.376547	-8.070900
	-0.025840	14.257112	-8.193830
	-0.025846	14.092197	-8.255300
	-0.025853	14.139208	-8.268340
	-0.025860	14.185671	-8.227360
	-0.025867	14.057410	-8.177070
	-0.025873	14.157524	-8.162170
	-0.025880	14.228730	-8.158440
	-0.025887	14.369521	-8.175210
	-0.025894	14.260417	-8.175210
	-0.025901	14.177490	-8.177070
	-0.025907	14.169253	-8.223640
	-0.025914	14.169800	-8.210600
	-0.025921	14.278625	-8.229220
	-0.025928	14.125602	-8.232950
	-0.025935	14.245109	-8.218050
	-0.025941	14.181319	-8.130500
	-0.025948	14.136945	-8.113740
	-0.025955	14.293344	-8.074620
	-0.025962	14.057977	-7.996390
	-0.025968	14.129125	-8.033650
	-0.025975	14.141012	-8.005710
	-0.025982	14.024815	-8.013160
	-0.025989	14.197173	-8.111880
	-0.025996	14.262848	-8.110020
	-0.026002	14.240443	-8.089530
	-0.026009	14.214224	-8.029920
	-0.026016	14.127108	-7.977770
	-0.026023	14.313699	-7.964730
	-0.026029	14.252376	-7.925610
	-0.026036	14.202194	-7.964730
	-0.026043	14.367087	-8.130500
	-0.026050	14.168593	-8.195700
	-0.026057	14.298140	-8.121190
	-0.026063	14.282231	-8.123050
	-0.026070	14.174983	-8.247850
	-0.026077	14.334414	-8.251580
	-0.026084	14.299163	-8.272070
	-0.026090	14.416238	-8.193830
	-0.026097	14.220601	-8.143540
	-0.026104	14.251984	-8.149130
	-0.026111	14.258637	-8.193830
	-0.026118	14.236514	-8.253440
	-0.026124	14.358938	-8.236680
	-0.026131	14.112409	-8.368920
	-0.026138	14.348505	-8.413630
	-0.026145	14.272068	-8.417350
	-0.026151	14.340882	-8.350300
	-0.026158	14.287058	-8.221770
	-0.026165	14.198458	-8.137950
	-0.026172	14.158297	-8.199420
	-0.026179	14.417888	-8.316770
	-0.026185	14.261911	-8.404310
	-0.026192	14.237475	-8.413630
	-0.026199	14.237555	-8.424800
	-0.026206	14.245372	-8.424800
	-0.026213	14.268769	-8.413630
	-0.026219	14.304026	-8.422940
	-0.026226	14.319250	-8.408040
	-0.026233	14.247068	-8.428530
	-0.026240	14.275953	-8.631560
	-0.026246	14.213868	-8.756350
	-0.026253	14.272756	-8.743310
	-0.026260	14.072345	-8.868110
	-0.026267	14.310591	-8.713510
	-0.026274	14.175804	-8.745180
	-0.026280	14.271234	-8.795470
	-0.026287	14.290863	-8.765670
	-0.026294	14.316139	-8.745180
	-0.026301	14.151473	-8.715370
	-0.026307	14.184276	-8.795470
	-0.026314	14.510093	-8.722830
	-0.026321	14.269463	-8.780570
	-0.026328	14.358521	-8.937030
	-0.026335	14.174754	-9.011540
	-0.026341	14.381015	-8.964970
	-0.026348	14.168496	-8.976150
	-0.026355	14.371549	-9.002220
	-0.026362	14.285508	-9.015260
	-0.026368	14.255206	-8.974280
	-0.026375	14.417294	-9.000360
	-0.026382	14.314263	-9.009670
	-0.026389	14.405266	-9.076730
	-0.026396	14.487271	-9.050650
	-0.026402	14.240169	-9.089770
	-0.026409	14.445430	-9.102810
	-0.026416	14.390738	-9.037610
	-0.026423	14.360906	-8.899780
	-0.026430	14.321030	-8.754490
	-0.026436	14.291711	-8.706060
	-0.026443	14.530916	-8.719100
	-0.026450	14.457974	-8.657630
	-0.026457	14.581305	-8.620380
	-0.026463	14.540053	-8.782430
	-0.026470	14.374572	-8.892330
	-0.026477	14.438301	-8.935170
	-0.026484	14.355073	-9.000360
	-0.026491	14.463760	-9.086040
	-0.026497	14.463299	-9.104670
	-0.026504	14.409386	-9.043200
	-0.026511	14.360870	-9.011540
	-0.026518	14.549074	-9.078590
	-0.026524	14.436478	-8.957520
	-0.026531	14.263879	-8.896050
	-0.026538	14.344659	-8.931440
	-0.026545	14.393441	-8.869970
	-0.026552	14.369808	-8.883010
	-0.026558	14.260643	-8.946340
	-0.026565	14.409405	-8.998500
	-0.026572	14.352697	-8.964970
	-0.026579	14.334795	-8.981730
	-0.026585	14.543488	-9.022710
	-0.026592	14.423657	-9.080450
	-0.026599	14.362207	-8.901640
	-0.026606	14.435348	-8.672530
	-0.026613	14.669106	-8.601750
	-0.026619	14.502586	-8.611070
	-0.026626	14.552039	-8.620380
	-0.026633	14.439332	-8.646460
	-0.026640	14.527650	-8.780570
	-0.026647	14.494250	-8.931440
	-0.026653	14.525354	-8.922130
	-0.026660	14.777890	-8.814100
	-0.026667	14.814205	-8.912820
	-0.026674	14.823710	-8.922130
	-0.026680	14.535917	-8.937030
	-0.026687	14.995659	-8.929580
	-0.026694	14.656684	-8.905360
	-0.026701	14.666556	-8.892330
	-0.026708	14.824406	-8.890460
	-0.026714	14.749522	-8.981730
	-0.026721	14.678656	-8.953790
	-0.026728	14.823124	-8.940750
	-0.026735	14.690821	-8.922130
	-0.026741	14.862486	-8.912820
	-0.026748	14.812406	-8.946340
	-0.026755	14.811265	-8.950070
	-0.026762	14.686409	-8.994770
	-0.026769	14.934104	-9.041340
	-0.026775	14.831684	-8.979870
	-0.026782	14.662207	-8.978010
	-0.026789	14.806537	-9.018990
	-0.026796	14.784375	-9.125160
	-0.026802	14.952973	-9.153100
	-0.026809	14.684405	-9.188490
	-0.026816	14.690409	-9.227600
	-0.026823	14.755744	-9.058100
	-0.026830	14.791824	-8.799190
	-0.026836	15.131653	-8.614790
	-0.026843	14.895079	-8.601750
	-0.026850	14.935668	-8.499310
	-0.026857	15.134248	-8.389410
	-0.026863	15.267062	-8.409900
	-0.026870	15.091048	-8.428530
	-0.026877	15.324116	-8.428530
	-0.026884	15.315180	-8.508620
	-0.026891	15.205910	-8.497450
	-0.026897	15.390448	-8.424800
	-0.026904	15.243819	-8.378240
	-0.026911	15.200754	-8.467640
	-0.026918	15.308391	-8.557050
	-0.026925	15.157822	-8.620380
	-0.026931	15.219546	-8.549600
	-0.026938	15.183886	-8.497450
	-0.026945	15.169104	-8.516070
	-0.026952	15.267946	-8.435980
	-0.026958	15.340133	-8.383820
	-0.026965	15.307767	-8.445290
	-0.026972	15.318463	-8.506760
	-0.026979	15.323323	-8.570090
	-0.026986	15.324489	-8.473230
	-0.026992	15.298486	-8.471370
	-0.026999	15.309834	-8.475090
	-0.027006	15.291056	-8.478820
	-0.027013	15.395405	-8.484410
	-0.027019	15.471751	-8.510480
	-0.027026	15.254498	-8.503030
	-0.027033	15.373174	-8.575680
	-0.027040	15.534264	-8.603620
	-0.027047	15.512337	-8.620380
	-0.027053	15.357853	-8.348430
	-0.027060	15.357703	-8.363330
	-0.027067	15.347977	-8.476960
	-0.027074	15.372632	-8.488130
	-0.027080	15.364862	-8.467640
	-0.027087	15.429393	-8.586850
	-0.027094	15.321499	-8.728410
	-0.027101	15.481109	-8.782430
	-0.027108	15.390882	-8.829000
	-0.027114	15.567089	-8.897910
	-0.027121	15.576440	-8.948210
	-0.027128	15.313368	-9.024570
	-0.027135	15.514489	-9.041340
	-0.027142	15.513235	-9.007810
	-0.027148	15.355172	-9.030160
	-0.027155	15.580004	-9.130740
	-0.027162	15.473110	-9.173590
	-0.027169	15.474304	-9.223880
	-0.027175	15.482167	-9.214560
	-0.027182	15.378338	-9.242500
	-0.027189	15.489954	-9.281620
	-0.027196	15.548124	-9.259270
	-0.027203	15.762287	-9.153100
	-0.027209	15.583057	-9.153100
	-0.027216	15.524312	-9.177310
	-0.027223	15.625691	-9.134470
	-0.027230	15.652669	-9.134470
	-0.027236	15.572002	-9.218290
	-0.027243	15.440669	-9.145650
	-0.027250	15.764553	-9.045060
	-0.027257	15.689047	-8.914680
	-0.027264	15.649442	-8.907230
	-0.027270	15.590346	-8.858800
	-0.027277	15.567587	-8.819680
	-0.027284	15.623193	-8.808510
	-0.027291	15.584538	-8.601750
	-0.027297	15.699497	-8.601750
	-0.027304	15.617584	-8.735860
	-0.027311	15.800542	-8.879290
	-0.027318	15.621651	-8.974280
	-0.027325	15.608018	-9.059960
	-0.027331	15.643645	-9.099080
	-0.027338	15.773066	-9.039480
	-0.027345	15.817070	-8.927720
	-0.027352	15.695458	-8.836450
	-0.027359	15.779739	-8.892330
	-0.027365	15.583825	-8.901640
	-0.027372	15.770176	-8.938890
	-0.027379	15.884339	-9.018990
	-0.027386	15.903631	-9.004080
	-0.027392	16.001699	-8.938890
	-0.027399	15.661690	-8.983600
	-0.027406	15.825658	-8.970560
	-0.027413	15.794615	-9.050650
	-0.027420	15.845952	-9.056240
	-0.027426	15.975544	-9.045060
	-0.027433	15.798583	-9.223880
	-0.027440	15.854031	-9.343090
	-0.027447	15.791302	-9.439940
	-0.027453	15.847270	-9.484650
	-0.027460	15.911240	-9.441810
	-0.027467	16.002025	-9.516310
	-0.027474	15.814605	-9.644830
	-0.027481	15.812179	-9.695130
	-0.027487	15.857270	-9.095350
	-0.027494	16.161925	-8.609200
	-0.027501	16.165028	-8.249710
	-0.027508	16.373140	-8.106290
	-0.027514	16.422262	-8.054140
	-0.027521	16.373881	-8.052270
	-0.027528	16.382988	-8.056000
	-0.027535	16.562870	-8.234810
	-0.027542	16.226473	-8.238540
	-0.027548	16.433836	-8.268340
	-0.027555	16.566332	-8.322360
	-0.027562	16.426406	-8.327940
	-0.027569	16.257281	-8.318630
	-0.027575	16.557521	-8.298140
	-0.027582	16.213116	-8.305590
	-0.027589	16.289984	-8.223640
	-0.027596	16.481488	-8.167760
	-0.027603	16.608604	-8.175210
	-0.027609	16.484140	-8.134230
	-0.027616	16.459731	-8.069040
	-0.027623	16.454139	-8.113740
	-0.027630	16.484159	-8.152860
	-0.027637	16.325251	-8.253440
	-0.027643	16.592482	-8.186380
	-0.027650	16.444952	-8.080210
	-0.027657	16.403769	-8.013160
	-0.027664	16.486309	-8.039230
	-0.027670	16.607292	-8.139820
	-0.027677	16.544490	-8.266480
	-0.027684	16.743924	-8.385690
	-0.027691	16.745960	-8.519800
	-0.027698	16.613724	-8.624110
	-0.027704	16.545731	-8.625970
	-0.027711	16.541075	-8.687440
	-0.027718	16.648345	-8.551460
	-0.027725	16.717965	-8.471370
	-0.027731	16.761301	-8.411760
	-0.027738	16.739321	-8.456470
	-0.027745	16.787729	-8.400590
	-0.027752	16.539028	-8.437840
	-0.027759	16.566567	-8.435980
	-0.027765	16.669794	-8.298140
	-0.027772	16.560859	-8.225500
	-0.027779	16.671159	-8.402450
	-0.027786	16.672563	-8.577540
	-0.027792	16.728473	-8.702340
	-0.027799	16.679642	-8.724690
	-0.027806	16.775199	-8.830860
	-0.027813	16.754653	-8.883010
	-0.027820	16.681452	-8.849490
	-0.027826	16.752221	-8.923990
	-0.027833	16.925787	-8.920270
	-0.027840	16.804302	-8.883010
	-0.027847	16.795471	-8.853210
	-0.027854	16.859823	-8.842030
	-0.027860	16.776545	-8.810370
	-0.027867	16.909450	-8.804780
	-0.027874	16.984019	-8.737730
	-0.027881	16.902368	-8.683710
	-0.027887	16.870855	-8.801060
	-0.027894	16.853423	-8.776840
	-0.027901	16.930601	-8.873700
	-0.027908	16.867846	-8.933300
	-0.027915	16.929534	-8.855070
	-0.027921	16.854377	-8.916540
	-0.027928	16.969615	-8.968690
	-0.027935	16.878548	-8.978010
	-0.027942	16.843344	-8.907230
	-0.027948	16.974516	-8.890460
	-0.027955	16.884353	-8.666950
	-0.027962	17.319040	-8.240400
	-0.027969	17.428247	-8.033650
	-0.027976	17.413655	-7.815720
	-0.027982	17.510566	-7.689060
	-0.027989	17.631993	-7.707680
	-0.027996	17.615545	-7.731900
	-0.028003	17.523279	-7.730040
	-0.028009	17.671776	-7.575410
	-0.028016	17.614589	-7.521390
	-0.028023	17.754852	-7.499040
	-0.028030	17.638006	-7.489730
	-0.028037	17.605979	-7.543740
	-0.028043	17.663951	-7.582860
	-0.028050	17.743797	-7.519530
	-0.028057	17.729808	-6.992400
	-0.028064	17.743418	-6.543500
	-0.028071	18.256228	-6.398220
	-0.028077	18.400243	-6.321850
	-0.028084	18.481352	-6.254790
	-0.028091	18.198165	-6.226850
	-0.028098	18.425384	-6.234300
	-0.028104	18.365556	-6.249200
	-0.028111	18.215310	-6.148620
	-0.028118	18.158250	-6.001470
	-0.028125	18.401567	-5.975390
	-0.028132	18.205468	-6.029410
	-0.028138	18.430603	-6.228710
	-0.028145	18.426428	-6.437330
	-0.028152	18.472668	-6.493210
	-0.028159	18.363917	-6.480170
	-0.028165	18.438323	-6.450370
	-0.028172	18.361558	-6.489480
	-0.028179	18.529791	-6.610560
	-0.028186	18.419720	-6.746530
	-0.028193	18.357966	-6.778190
	-0.028199	18.401064	-6.582620
	-0.028206	18.531314	-6.483900
	-0.028213	18.469747	-6.444780
	-0.028220	18.339630	-6.413120
	-0.028226	18.487829	-6.398220
	-0.028233	18.499718	-6.265970
	-0.028240	18.415622	-6.038720
	-0.028247	18.673337	-5.969810
	-0.028254	18.596853	-5.891580
	-0.028260	18.557319	-5.975390
	-0.028267	18.631046	-4.459200
	-0.028274	18.648292	4.116470
	-0.028281	25.641319	9.661600
	-0.028288	25.661066	12.137100
	-0.028294	25.551625	13.150300
	-0.028301	25.669960	13.478200
	-0.028308	25.797953	13.565700
	-0.028315	25.751857	13.541500
	-0.028321	25.663199	13.584300
	-0.028328	25.636677	13.504200
	-0.028335	25.729556	13.455800
	-0.028342	25.881156	13.524700
	-0.028349	25.816708	13.575000
	-0.028355	25.818919	13.621600
	-0.028362	25.749063	13.774300
	-0.028369	26.035978	13.884200
	-0.028376	26.072317	13.932600
	-0.028382	26.342708	13.986700
	-0.028389	26.104310	13.955000
	-0.028396	26.126608	13.901000
	-0.028403	26.195803	13.921500
	-0.028410	26.260759	14.042500
	-0.028416	26.385074	14.193400
	-0.028423	26.115755	14.320100
	-0.028430	26.144753	14.409500
	-0.028437	26.106706	14.405800
	-0.028443	26.150528	14.346200
	-0.028450	26.358574	14.346200
	-0.028457	26.229708	14.329400
	-0.028464	26.272859	14.333100
	-0.028471	26.316598	14.415100
	-0.028477	26.296206	14.422500
	-0.028484	26.294117	14.430000
	-0.028491	26.222146	14.413200
	-0.028498	26.190070	14.431800
	-0.028504	26.437420	14.305200
	-0.028511	26.168714	14.281000
	-0.028518	26.187829	14.277200
	-0.028525	26.285419	14.254900
	-0.028532	26.274528	14.186000
	-0.028538	26.285715	14.105900
	-0.028545	26.327807	14.165500
	-0.028552	26.303385	14.184100
	-0.028559	26.305040	14.253000
	-0.028566	26.395165	14.323800
	-0.028572	26.296916	14.266100
	-0.028579	26.268999	14.154300
	-0.028586	26.238387	14.091000
	-0.028593	26.199282	14.178500
	-0.028599	26.179750	14.258600
	-0.028606	26.172942	14.314500
	-0.028613	26.542562	14.541700
	-0.028620	26.496068	14.666500
	-0.028627	26.464586	14.713100
	-0.028633	26.488481	14.770800
	-0.028640	26.533223	14.666500
	-0.028647	26.506977	14.612500
	-0.028654	26.552147	14.593900
	-0.028660	26.357339	14.565900
	-0.028667	26.490857	14.498900
	-0.028674	26.508297	14.742900
	-0.028681	26.463942	16.167900
	-0.028688	27.962152	17.233300
	-0.028694	28.951967	17.732500
	-0.028701	29.307148	17.970900
	-0.028708	29.200542	18.173900
	-0.028715	29.277230	18.224200
	-0.028721	29.181380	18.155300
	-0.028728	29.214288	18.166500
	-0.028735	29.218623	18.224200
	-0.028742	29.177909	18.449600
	-0.028749	29.272657	20.209800
	-0.028755	30.596952	21.444800
	-0.028762	30.684165	22.158100
	-0.028769	30.754559	22.558600
	-0.028776	30.610038	22.631300
	-0.028783	30.808165	22.674100
	-0.028789	30.711240	22.724400
	-0.028796	30.740559	22.811900
	-0.028803	30.706932	22.776500
	-0.028810	30.692415	22.847300
	-0.028816	30.854070	22.893900
	-0.028823	30.836721	22.964700
	-0.028830	30.705451	23.031700
	-0.028837	30.766689	22.860400
	-0.028844	30.818733	22.806300
	-0.028850	30.935372	22.754200
	-0.028857	30.762481	22.761600
	-0.028864	30.966913	22.784000
	-0.028871	30.817252	22.774700
	-0.028877	30.810839	22.869700
	-0.028884	30.856689	22.959100
	-0.028891	30.663091	23.037300
	-0.028898	30.881944	22.938600
	-0.028905	30.909754	22.996300
	-0.028911	30.787124	22.903200
	-0.028918	30.738163	22.897600
	-0.028925	30.777976	22.914400
	-0.028932	30.716067	22.847300
	-0.028938	30.823408	22.787700
	-0.028945	30.762793	22.737400
	-0.028952	30.786660	22.629400
	-0.028959	30.811837	22.595900
	-0.028966	30.686508	22.616400
	-0.028972	30.875470	22.640600
	-0.028979	30.915885	22.722500
	-0.028986	30.812771	22.804500
	-0.028993	30.939058	22.811900
	-0.029000	30.889462	22.800800
	-0.029006	30.780907	22.677800
	-0.029013	30.805355	22.614500
	-0.029020	30.874215	22.556700
	-0.029027	30.965805	22.635000
	-0.029033	31.056449	22.694600
	-0.029040	30.936179	22.672200
	-0.029047	30.854495	22.702000
	-0.029054	31.069651	22.739300
	-0.029061	30.904131	22.852900
	-0.029067	30.942333	22.903200
	-0.029074	31.109803	22.828700
	-0.029081	30.936577	22.798900
	-0.029088	30.819148	22.811900
	-0.029094	30.953266	22.979600
	-0.029101	31.385049	23.085700
	-0.029108	31.219090	23.197500
	-0.029115	31.307966	23.354000
	-0.029122	31.410627	23.419200
	-0.029128	31.414962	23.419200
	-0.029135	31.413357	23.421000
	-0.029142	31.369957	23.480600
	-0.029149	31.535652	23.510400
	-0.029155	31.325973	23.579300
	-0.029162	31.491172	23.845700
	-0.029169	31.366578	24.447300
	-0.029176	31.928581	29.649700
	-0.029183	37.356211	36.659000
	-0.029189	41.711141	40.279900
	-0.029196	41.703918	41.865000
	-0.029203	41.656960	42.598900
	-0.029210	41.699091	42.954700
	-0.029216	41.615918	43.096300
	-0.029223	41.671629	43.176300
	-0.029230	41.638448	43.224800
	-0.029237	41.682259	43.219200
	-0.029244	41.604280	43.195000
	-0.029250	41.604277	43.221100
	-0.029257	41.668885	43.276900
	-0.029264	41.732731	43.325400
	-0.029271	41.580518	43.267600
	-0.029278	41.642578	43.234100
	-0.029284	41.630258	43.221100
	-0.029291	41.605418	43.321600
	-0.029298	41.593750	43.332800
	-0.029305	41.838724	43.297400
	-0.029311	41.578357	43.321600
	-0.029318	41.656872	43.394300
	-0.029325	41.748712	43.392400
	-0.029332	41.526520	43.371900
	-0.029339	41.683383	43.470600
	-0.029345	41.585085	43.565600
	-0.029352	41.531106	43.629000
	-0.029359	41.710027	43.627100
	-0.029366	41.633256	43.526500
	-0.029372	41.717998	43.513500
	-0.029379	41.805537	43.556300
	-0.029386	41.735400	43.655000
	-0.029393	41.847417	43.770500
	-0.029400	41.674030	43.783600
	-0.029406	41.666725	43.690400
	-0.029413	41.780976	43.694200
	-0.029420	41.713721	43.800300
	-0.029427	41.779219	43.865500
	-0.029433	41.508425	43.904600
	-0.029440	41.850895	43.988500
	-0.029447	41.657154	44.061100
	-0.029454	41.687072	43.982900
	-0.029461	41.715882	43.940000
	-0.029467	41.800050	43.956800
	-0.029474	41.904866	43.973600
	-0.029481	41.867852	44.022000
	-0.029488	41.846325	44.064800
	-0.029495	42.086000	44.023900
	-0.029501	41.870878	44.031300
	-0.029508	41.881573	44.051800
	-0.029515	41.834966	44.005200
	-0.029522	41.778097	43.988500
	-0.029528	41.869153	44.025700
	-0.029535	41.794753	44.185900
	-0.029542	41.896640	44.308800
	-0.029549	42.031181	44.361000
	-0.029556	42.016371	44.282800
	-0.029562	42.043930	44.316300
	-0.029569	42.015810	44.398200
	-0.029576	41.907112	44.398200
	-0.029583	41.953691	44.396400
	-0.029589	41.932761	44.387100
	-0.029596	41.841915	44.374000
	-0.029603	42.064373	44.329300
	-0.029610	42.049102	44.329300
	-0.029617	42.098726	44.394500
	-0.029623	42.050224	44.400100
	-0.029630	42.130661	44.442900
	-0.029637	42.138663	44.398200
	-0.029644	41.974942	44.336800
	-0.029650	42.082372	44.310700
	-0.029657	42.270831	44.442900
	-0.029664	42.433756	44.714900
	-0.029671	42.262514	44.873200
	-0.029678	42.456836	44.973800
	-0.029684	42.346563	45.167500
	-0.029691	42.199072	45.331400
	-0.029698	42.368756	45.452500
	-0.029705	42.469162	45.344500
	-0.029712	42.219761	45.283000
	-0.029718	42.406280	45.266200
	-0.029725	42.392921	45.340700
	-0.029732	42.328164	45.379900
	-0.029739	42.396823	45.528900
	-0.029745	42.303924	45.627600
	-0.029752	42.461519	45.689100
	-0.029759	42.317313	45.726300
	-0.029766	42.413456	45.711400
	-0.029773	42.586337	45.685300
	-0.029779	42.444529	45.696500
	-0.029786	42.372016	45.631300
	-0.029793	42.534870	45.581000
	-0.029800	42.490426	45.739300
	-0.029806	42.425094	45.722600
	-0.029813	42.405156	45.625700
	-0.029820	42.298790	45.497200
	-0.029827	42.360613	45.419000
	-0.029834	42.328150	45.379900
	-0.029840	42.542042	45.536300
	-0.029847	42.637627	46.115600
	-0.029854	42.872557	46.486300
	-0.029861	42.977810	46.607300
	-0.029867	43.071709	46.722800
	-0.029874	42.992087	46.767500
	-0.029881	42.901746	46.788000
	-0.029888	42.830109	46.776800
	-0.029895	42.980451	46.802900
	-0.029901	42.988379	46.713500
	-0.029908	42.893692	46.780600
	-0.029915	42.943280	46.883000
	-0.029922	42.864578	46.849500
	-0.029928	42.862168	46.877400
	-0.029935	42.912086	46.821500
	-0.029942	42.936710	46.724700
	-0.029949	42.984367	46.722800
	-0.029956	42.914890	46.698600
	-0.029962	43.018612	46.791700
	-0.029969	42.892432	46.877400
	-0.029976	42.869239	46.884900
	-0.029983	42.962417	46.875600
	-0.029990	43.053827	46.911000
	-0.029996	43.005692	46.890500
	-0.030003	42.977628	46.842000
	-0.030010	42.916697	46.873700
	-0.030017	43.112511	46.868100
	-0.030023	42.921776	47.084200
	-0.030030	43.251431	47.253700
	-0.030037	43.525779	47.339400
	-0.030044	43.423105	47.369200
	-0.030051	43.496367	47.272300
	-0.030057	43.450171	47.166100
	-0.030064	43.449022	47.214600
	-0.030071	43.617916	47.365400
	-0.030078	43.674539	47.503300
	-0.030084	43.584159	47.613200
	-0.030091	43.547085	47.663500
	-0.030098	43.642744	47.680200
	-0.030105	43.632140	47.670900
	-0.030112	43.515857	47.615000
	-0.030118	43.596488	47.602000
	-0.030125	43.574290	47.572200
	-0.030132	43.760113	47.415700
	-0.030139	43.871842	47.350500
	-0.030145	43.704595	47.322600
	-0.030152	43.628023	47.369200
	-0.030159	43.493048	47.482800
	-0.030166	43.677973	47.544300
	-0.030173	43.594046	47.548000
	-0.030179	43.728354	47.628100
	-0.030186	43.597359	47.738000
	-0.030193	43.782452	47.743600
	-0.030200	43.760942	47.702600
	-0.030207	43.572483	47.704400
	-0.030213	43.665222	47.756600
	-0.030220	43.799533	47.769600
	-0.030227	43.825229	47.790100
	-0.030234	43.883922	47.842300
	-0.030240	43.744137	47.896300
	-0.030247	43.865509	47.778900
	-0.030254	43.885900	47.706300
	-0.030261	43.705424	47.631800
	-0.030268	43.964719	47.594500
	-0.030274	43.740824	47.577800
	-0.030281	43.986911	47.497700
	-0.030288	43.962859	47.397100
	-0.030295	43.881435	47.343100
	-0.030301	43.915155	47.404600
	-0.030308	43.821994	47.475300
	-0.030315	43.913517	47.600100
	-0.030322	43.951481	47.536800
	-0.030329	43.980197	47.430600
	-0.030335	43.907408	47.361700
	-0.030342	43.804366	47.298400
	-0.030349	43.891120	47.374700
	-0.030356	43.920154	47.540500
	-0.030362	43.937315	47.659700
	-0.030369	44.007985	47.734200
	-0.030376	44.091401	47.792000
	-0.030383	43.944864	47.907500
	-0.030390	44.115456	48.023000
	-0.030396	43.929178	47.989400
	-0.030403	44.055755	47.970800
	-0.030410	44.066493	48.030400
	-0.030417	44.027009	48.077000
	-0.030424	44.201578	48.229700
	-0.030430	43.897889	48.255800
	-0.030437	44.144549	48.212900
	-0.030444	44.040401	48.207400
	-0.030451	44.099740	48.157100
	-0.030457	43.989144	48.142200
	-0.030464	44.089448	48.274400
	-0.030471	44.080170	48.339600
	-0.030478	44.107836	48.239000
	-0.030485	44.156294	48.233400
	-0.030491	44.248500	48.311700
	-0.030498	44.070621	48.365700
	-0.030505	44.146333	48.371300
	-0.030512	44.108256	48.378700
	-0.030518	44.232004	48.307900
	-0.030525	44.063887	48.300500
	-0.030532	44.274135	48.371300
	-0.030539	44.128620	48.471800
	-0.030546	43.886630	48.505400
	-0.030552	44.060251	48.529600
	-0.030559	44.193280	48.522100
	-0.030566	44.200091	48.486700
	-0.030573	44.132493	48.466300
	-0.030579	44.157789	48.451400
	-0.030586	44.215539	48.378700
	-0.030593	44.280203	48.307900
	-0.030600	44.265561	48.328400
	-0.030607	44.053780	48.261400
	-0.030613	44.241606	48.162600
	-0.030620	44.137389	48.095600
	-0.030627	44.353368	48.073200
	-0.030634	44.105172	48.019200
	-0.030640	44.149190	47.929800
	-0.030647	44.213854	47.920500
	-0.030654	44.302807	47.859000
	-0.030661	44.301357	47.741700
	-0.030668	44.213575	47.751000
	-0.030674	44.015733	47.777100
	-0.030681	44.199782	47.792000
	-0.030688	44.246325	47.812500
	-0.030695	44.166294	47.773400
	-0.030702	44.144159	47.780800
	-0.030708	44.075243	47.758500
	-0.030715	44.126097	47.646700
	-0.030722	44.165774	47.415700
	-0.030729	44.220891	47.231300
	-0.030735	44.223348	47.197800
	-0.030742	44.290741	47.153100
	-0.030749	44.282894	47.155000
	-0.030756	44.129465	47.259300
	-0.030763	44.179830	47.292800
	-0.030769	44.158485	47.339400
	-0.030776	44.308347	47.369200
	-0.030783	44.170640	47.456700
	-0.030790	44.266260	47.501400
	-0.030796	44.216852	47.257400
	-0.030803	44.328321	46.963100
	-0.030810	44.417728	46.776800
	-0.030817	44.222403	46.739600
	-0.030824	44.224674	46.709800
	-0.030830	44.230697	46.709800
	-0.030837	44.124613	46.819700
	-0.030844	44.396455	47.074900
	-0.030851	44.265923	47.333800
	-0.030857	44.230424	47.438100
	-0.030864	44.278233	47.503300
	-0.030871	44.244355	47.572200
	-0.030878	44.446228	47.562900
	-0.030885	44.344457	47.568500
	-0.030891	44.332800	47.568500
	-0.030898	44.369419	47.589000
	-0.030905	44.429178	47.713800
	-0.030912	44.355233	47.872100
	-0.030919	44.369676	47.868400
	-0.030925	44.436497	47.762200
	-0.030932	44.262091	47.670900
	-0.030939	44.339257	47.609400
	-0.030946	44.357609	47.501400
	-0.030952	44.341965	47.486500
	-0.030959	44.118761	47.534900
	-0.030966	44.292725	47.462300
	-0.030973	44.258510	47.343100
	-0.030980	44.292029	47.376600
	-0.030986	44.388307	47.538700
	-0.030993	44.359842	47.717500
	-0.031000	44.328255	47.866500
	-0.031007	44.495803	47.883300
	-0.031013	44.301992	47.795700
	-0.031020	44.512682	47.840400
	-0.031027	44.323138	47.914900
	-0.031034	44.484403	48.023000
	-0.031041	44.565321	48.158900
	-0.031047	44.582538	48.294900
	-0.031054	44.713804	48.334000
	-0.031061	44.604161	48.276300
	-0.031068	44.615813	48.209200
	-0.031074	44.485765	48.183100
	-0.031081	44.577896	48.196200
	-0.031088	44.621690	48.144000
	-0.031095	44.497629	48.162600
	-0.031102	44.551818	48.181300
	-0.031108	44.634673	48.063900
	-0.031115	44.582341	47.959600
	-0.031122	44.545248	47.870200
	-0.031129	44.488771	47.780800
	-0.031136	44.608847	47.743600
	-0.031142	44.602630	47.769600
	-0.031149	44.658093	47.853400
	-0.031156	44.508916	47.877700
	-0.031163	44.638196	47.866500
	-0.031169	44.646776	47.896300
	-0.031176	44.657546	47.883300
	-0.031183	44.627224	47.976400
	-0.031190	44.501746	48.017400
	-0.031197	44.684532	48.019200
	-0.031203	44.733455	48.160800
	-0.031210	44.562354	48.274400
	-0.031217	44.429598	48.319100
	-0.031224	44.734267	48.270700
	-0.031230	44.720438	48.229700
	-0.031237	44.837210	48.170100
	-0.031244	44.588094	48.019200
	-0.031251	44.665564	47.836700
	-0.031258	44.865086	47.751000
	-0.031264	44.827857	47.691400
	-0.031271	44.955037	47.706300
	-0.031278	44.759306	47.721200
	-0.031285	44.752907	47.711900
	-0.031291	44.798198	47.719300
	-0.031298	44.575157	47.579600
	-0.031305	44.798804	47.549800
	-0.031312	44.640608	47.566600
	-0.031319	44.702970	47.611300
	-0.031325	44.784731	47.693300
	-0.031332	44.636281	47.864600
	-0.031339	44.905382	47.844100
	-0.031346	44.802760	47.786400
	-0.031353	44.906159	47.792000
	-0.031359	44.930463	47.816200
	-0.031366	44.834411	47.760300
	-0.031373	44.933786	47.721200
	-0.031380	44.942161	47.594500
	-0.031386	44.796237	47.575900
	-0.031393	44.828487	47.773400
	-0.031400	44.852763	47.935400
	-0.031407	44.828200	48.093700
	-0.031414	44.853998	48.117900
	-0.031420	44.850030	48.104900
	-0.031427	44.974050	48.006200
	-0.031434	44.855029	47.920500
	-0.031441	44.971292	47.849700
	-0.031447	44.982209	47.823600
	-0.031454	44.904139	47.959600
	-0.031461	44.867996	47.963300
	-0.031468	45.021604	47.896300
	-0.031475	44.807358	47.894400
	-0.031481	44.778399	47.793800
	-0.031488	44.958999	47.691400
	-0.031495	44.794861	47.697000
	-0.031502	44.818004	47.732400
	-0.031508	45.089219	47.784500
	-0.031515	44.856861	47.706300
	-0.031522	45.144184	47.689500
	-0.031529	45.032350	47.626200
	-0.031536	44.880637	47.486500
	-0.031542	45.086514	47.363600
	-0.031549	44.869811	47.231300
	-0.031556	44.956559	47.207100
	-0.031563	44.985812	47.317000
	-0.031569	45.000611	47.479100
	-0.031576	45.054653	47.575900
	-0.031583	45.043092	47.546100
	-0.031590	44.957410	47.501400
	-0.031597	44.807408	47.432500
	-0.031603	44.942319	47.322600
	-0.031610	44.896251	47.248100
	-0.031617	45.071795	47.277900
	-0.031624	45.038312	47.397100
	-0.031631	44.947336	47.456700
	-0.031637	45.042982	47.523800
	-0.031644	44.959626	47.458600
	-0.031651	45.182275	47.371000
	-0.031658	45.059455	47.359800
	-0.031664	45.024809	47.283500
	-0.031671	45.114616	47.248100
	-0.031678	45.005214	47.216400
	-0.031685	45.027401	47.199700
	-0.031692	44.998016	47.177300
	-0.031698	45.062348	47.263000
	-0.031705	45.001484	47.277900
	-0.031712	45.143595	47.311400
	-0.031719	45.010325	47.453000
	-0.031725	45.182952	47.544300
	-0.031732	45.051130	47.656000
	-0.031739	45.068482	47.721200
	-0.031746	45.008488	47.790100
	-0.031753	45.014393	47.790100
	-0.031759	45.322582	47.672800
	-0.031766	45.052898	47.641100
	-0.031773	45.347806	47.408300
	-0.031780	45.332098	47.058100
	-0.031786	44.968584	47.063700
	-0.031793	45.153233	47.194100
	-0.031800	45.079205	47.317000
	-0.031807	45.217078	47.354300
	-0.031814	45.220051	47.395200
	-0.031820	45.157532	47.304000
	-0.031827	45.189080	47.227600
	-0.031834	45.285107	47.261100
	-0.031841	45.210972	47.263000
	-0.031848	45.329186	47.270400
	-0.031854	45.283905	47.223900
	-0.031861	45.410276	47.266700
	-0.031868	45.232305	47.197800
	-0.031875	45.218548	47.108400
	-0.031881	45.145082	47.136300
	-0.031888	45.235845	47.190300
	-0.031895	45.042761	47.212700
	-0.031902	45.193620	47.164300
	-0.031909	45.141744	47.106500
	-0.031915	45.273370	47.095400
