	0.049617	0.020585	44.608700
	0.047700	-0.113127	44.433600
	0.045783	-0.062727	44.212000
	0.043866	0.108974	44.063000
	0.041949	0.330819	43.701600
	0.040033	0.261270	43.312300
	0.038116	0.321491	43.021700
	0.036199	0.399376	42.513200
	0.034282	0.419584	42.066200
	0.032365	0.476583	41.535400
	0.030448	0.435602	40.907600
	0.028531	0.659220	40.343300
	0.026614	0.949522	39.868300
	0.024698	1.037434	39.292700
	0.022781	0.942855	38.635200
	0.020864	1.199157	38.035400
	0.018947	1.329915	37.350000
	0.017030	1.479893	36.431700
	0.015113	1.516302	35.526500
	0.013196	1.586298	34.554200
	0.011279	1.660422	33.611700
	0.009363	1.755134	32.650500
	0.007446	2.075608	31.573900
	0.005529	2.248795	30.417100
	0.003612	2.352050	29.090900
	0.001695	2.586016	27.677200
	-0.000222	2.752901	26.278300
	-0.002139	2.835903	24.732300
	-0.004056	3.146242	23.167700
	-0.005972	3.522878	21.478300
	-0.007889	3.713191	19.597000
	-0.009806	4.059579	17.471700
	-0.011723	4.068167	15.089300
	-0.013640	4.872861	12.384800
	-0.015557	5.526760	9.184760
	-0.017474	5.901061	5.703450
	-0.019391	6.261199	1.506890
	-0.021307	7.832159	-3.375130
	-0.023224	8.584508	-8.944480
	-0.025141	9.556861	-14.646000
	-0.025141	11.204142	-18.226100
	-0.025148	14.305921	-19.878300
	-0.025155	14.617725	-20.532100
	-0.025161	14.464567	-20.770500
	-0.025168	14.542880	-20.899000
	-0.025175	14.523254	-20.940000
	-0.025182	14.761403	-21.090800
	-0.025189	14.636450	-21.090800
	-0.025195	14.618885	-21.079700
	-0.025202	14.646375	-21.139300
	-0.025209	14.534035	-21.187700
	-0.025216	14.692730	-21.193300
	-0.025223	14.670140	-21.159800
	-0.025229	14.628222	-21.197000
	-0.025236	14.614213	-21.213800
	-0.025243	14.636690	-21.310600
	-0.025250	14.593662	-21.359100
	-0.025256	14.707618	-21.282700
	-0.025263	14.468554	-21.187700
	-0.025270	14.738329	-21.059200
	-0.025277	14.752506	-21.068500
	-0.025284	14.741211	-21.195200
	-0.025290	14.785815	-21.152300
	-0.025297	14.699718	-21.174700
	-0.025304	14.589962	-21.344200
	-0.025311	14.431714	-21.500600
	-0.025317	14.577067	-21.526700
	-0.025324	14.771002	-21.588200
	-0.025331	14.631977	-21.683200
	-0.025338	14.595593	-21.696200
	-0.025345	14.753211	-21.740900
	-0.025351	14.692211	-21.696200
	-0.025358	14.639716	-21.632900
	-0.025365	14.753169	-21.681300
	-0.025372	14.792095	-21.692500
	-0.025378	14.631493	-21.701800
	-0.025385	14.682858	-21.696200
	-0.025392	14.848364	-21.670100
	-0.025399	14.793841	-21.696200
	-0.025406	14.678429	-21.603100
	-0.025412	14.806916	-21.523000
	-0.025419	14.711983	-21.517400
	-0.025426	14.666382	-21.577000
	-0.025433	14.704863	-21.640300
	-0.025439	14.767916	-21.629200
	-0.025446	14.762972	-21.681300
	-0.025453	14.712823	-21.748400
	-0.025460	14.640719	-21.819100
	-0.025467	14.674351	-21.759500
	-0.025473	14.769466	-21.673900
	-0.025480	14.649273	-21.623600
	-0.025487	15.035215	-21.536000
	-0.025494	14.660701	-21.565800
	-0.025501	14.747720	-21.550900
	-0.025507	14.725641	-21.502500
	-0.025514	14.714630	-21.519300
	-0.025521	14.783292	-21.411200
	-0.025528	14.753678	-21.422400
	-0.025534	14.722068	-21.590000
	-0.025541	14.854250	-21.664500
	-0.025548	14.812395	-21.567700
	-0.025555	14.916622	-21.506200
	-0.025562	14.902274	-21.580700
	-0.025568	14.866222	-21.662700
	-0.025575	14.847049	-21.740900
	-0.025582	14.818731	-21.815400
	-0.025589	14.697629	-21.949500
	-0.025595	14.709474	-21.999800
	-0.025602	14.849395	-21.998000
	-0.025609	14.824621	-22.046400
	-0.025616	14.843648	-22.098500
	-0.025623	14.907676	-22.089200
	-0.025629	14.903368	-22.132100
	-0.025636	14.858281	-22.234500
	-0.025643	14.833610	-22.314600
	-0.025650	14.796165	-22.327600
	-0.025656	14.896764	-22.370500
	-0.025663	14.885928	-22.422600
	-0.025670	14.856372	-22.409600
	-0.025677	14.881667	-22.441300
	-0.025684	14.906131	-22.465500
	-0.025690	14.844761	-22.567900
	-0.025697	14.772455	-22.594000
	-0.025704	14.810176	-22.612600
	-0.025711	14.804175	-22.599600
	-0.025718	14.873210	-22.635000
	-0.025724	15.001810	-22.672200
	-0.025731	14.886400	-22.761600
	-0.025738	14.828307	-22.810100
	-0.025745	14.867449	-22.774700
	-0.025751	14.885060	-22.677800
	-0.025758	14.912771	-22.517600
	-0.025765	14.861033	-22.446900
	-0.025772	14.891661	-22.383500
	-0.025779	14.900061	-22.461800
	-0.025785	14.867239	-22.383500
	-0.025792	14.808590	-22.484100
	-0.025799	14.897314	-22.480400
	-0.025806	14.778321	-22.443100
	-0.025812	14.906543	-22.420800
	-0.025819	14.957079	-22.443100
	-0.025826	14.801876	-22.474800
	-0.025833	14.944814	-22.564200
	-0.025840	14.795750	-22.540000
	-0.025846	14.912135	-22.500900
	-0.025853	14.855131	-22.474800
	-0.025860	14.948262	-22.407700
	-0.025867	14.763365	-22.443100
	-0.025873	14.947135	-22.512000
	-0.025880	14.941401	-22.595900
	-0.025887	14.842134	-22.536300
	-0.025894	14.917145	-22.543700
	-0.025901	14.963644	-22.517600
	-0.025907	14.862036	-22.519500
	-0.025914	14.996209	-22.569800
	-0.025921	14.986760	-22.605200
	-0.025928	14.830764	-22.707600
	-0.025935	14.828993	-22.802600
	-0.025941	14.777191	-22.951600
	-0.025948	14.704802	-22.972100
	-0.025955	14.881974	-22.962800
	-0.025962	14.876757	-23.005600
	-0.025968	14.776625	-23.080200
	-0.025975	14.831093	-23.089500
	-0.025982	15.045120	-22.912500
	-0.025989	15.071778	-22.802600
	-0.025996	14.891346	-22.754200
	-0.026002	14.905402	-22.683400
	-0.026009	14.935096	-22.564200
	-0.026016	15.076180	-22.547400
	-0.026023	14.864663	-22.526900
	-0.026029	14.881532	-22.618200
	-0.026036	14.977597	-22.564200
	-0.026043	14.833347	-22.532500
	-0.026050	14.788312	-22.564200
	-0.026057	14.699936	-22.662900
	-0.026063	14.975345	-22.690900
	-0.026070	14.913575	-22.700200
	-0.026077	14.792208	-22.649900
	-0.026084	14.880584	-22.659200
	-0.026090	14.842750	-22.687100
	-0.026097	14.807350	-22.733700
	-0.026104	14.764802	-22.856600
	-0.026111	14.867432	-22.916200
	-0.026118	14.655322	-22.845500
	-0.026124	14.688492	-22.793300
	-0.026131	14.861088	-22.795200
	-0.026138	14.843557	-22.720700
	-0.026145	14.787141	-22.733700
	-0.026151	14.745377	-22.769100
	-0.026158	14.970444	-22.798900
	-0.026165	14.785466	-22.892000
	-0.026172	14.862785	-23.005600
	-0.026179	15.018645	-23.119300
	-0.026185	14.929537	-23.229200
	-0.026192	14.830471	-23.268300
	-0.026199	14.943001	-23.372600
	-0.026206	14.857217	-23.452700
	-0.026213	14.942733	-23.516000
	-0.026219	14.792440	-23.497400
	-0.026226	14.915045	-23.534600
	-0.026233	14.933665	-23.594200
	-0.026240	14.876735	-23.581200
	-0.026246	14.977675	-23.618500
	-0.026253	15.024373	-23.614700
	-0.026260	14.912843	-23.603600
	-0.026267	15.109483	-23.609100
	-0.026274	14.867468	-23.616600
	-0.026280	14.900964	-23.676200
	-0.026287	14.758822	-23.771200
	-0.026294	15.057554	-23.802900
	-0.026301	14.881211	-23.750700
	-0.026307	14.968255	-23.700400
	-0.026314	14.920118	-23.750700
	-0.026321	15.178490	-23.825200
	-0.026328	15.006985	-23.860600
	-0.026335	14.869590	-23.767500
	-0.026341	15.034187	-23.685500
	-0.026348	14.909754	-23.571900
	-0.026355	14.989467	-23.668700
	-0.026362	15.118476	-23.720900
	-0.026368	15.068913	-23.735800
	-0.026375	14.862312	-23.860600
	-0.026382	14.999055	-23.884800
	-0.026389	14.806184	-23.925800
	-0.026396	14.995303	-23.963000
	-0.026402	14.909043	-24.022700
	-0.026409	14.962130	-24.041300
	-0.026416	14.996217	-24.048700
	-0.026423	15.110372	-24.132500
	-0.026430	14.975354	-24.028200
	-0.026436	14.971665	-23.862500
	-0.026443	15.217996	-23.765600
	-0.026450	15.131794	-23.752600
	-0.026457	15.045283	-23.862500
	-0.026463	15.159508	-23.808400
	-0.026470	15.248215	-23.767500
	-0.026477	15.022773	-23.918300
	-0.026484	15.243197	-24.130700
	-0.026491	15.169521	-24.238700
	-0.026497	15.139945	-24.251800
	-0.026504	15.083063	-24.236900
	-0.026511	15.091556	-24.164200
	-0.026518	15.219662	-24.138100
	-0.026524	15.144253	-24.151200
	-0.026531	15.118123	-24.216400
	-0.026538	15.029258	-24.255500
	-0.026545	15.052385	-24.156800
	-0.026552	15.163191	-24.188400
	-0.026558	15.143739	-24.298300
	-0.026565	15.215926	-24.369100
	-0.026572	15.188948	-24.464100
	-0.026579	14.994355	-24.540500
	-0.026585	15.473986	-24.603800
	-0.026592	15.359204	-24.585200
	-0.026599	15.234944	-24.501400
	-0.026606	15.285174	-24.497600
	-0.026613	15.259154	-24.443600
	-0.026619	15.247383	-24.302000
	-0.026626	15.287412	-24.369100
	-0.026633	15.363343	-24.534900
	-0.026640	15.313630	-24.678300
	-0.026647	15.437182	-24.698800
	-0.026653	15.322298	-24.737900
	-0.026660	15.361541	-24.639200
	-0.026667	15.246024	-24.622400
	-0.026674	15.326053	-24.609400
	-0.026680	15.195388	-24.559100
	-0.026687	15.450428	-24.562800
	-0.026694	15.348491	-24.713700
	-0.026701	15.280965	-24.790100
	-0.026708	15.355186	-24.786300
	-0.026714	15.507377	-24.885100
	-0.026721	15.406363	-24.788200
	-0.026728	15.346861	-24.609400
	-0.026735	15.388765	-24.518100
	-0.026741	15.499829	-24.477100
	-0.026748	15.606247	-24.359800
	-0.026755	15.562282	-24.402600
	-0.026762	15.457632	-24.426800
	-0.026769	15.483878	-24.387700
	-0.026775	15.543150	-24.316900
	-0.026782	15.470435	-24.274100
	-0.026789	15.482015	-24.343000
	-0.026796	15.326685	-24.292700
	-0.026802	15.592391	-24.259200
	-0.026809	15.387124	-24.261100
	-0.026816	15.537011	-24.194000
	-0.026823	15.643822	-24.248000
	-0.026830	15.600834	-24.439900
	-0.026836	15.494024	-24.596300
	-0.026843	15.578915	-24.642900
	-0.026850	15.518756	-24.665300
	-0.026857	15.515506	-24.717400
	-0.026863	15.474055	-24.788200
	-0.026870	15.674978	-24.892500
	-0.026877	15.672944	-24.890600
	-0.026884	15.731955	-24.881300
	-0.026891	15.886411	-24.896200
	-0.026897	15.744910	-24.937200
	-0.026904	15.719794	-24.940900
	-0.026911	15.538865	-24.864600
	-0.026918	15.798420	-24.795600
	-0.026925	15.795872	-24.760300
	-0.026931	15.707104	-24.764000
	-0.026938	15.678128	-24.723000
	-0.026945	15.749240	-24.704400
	-0.026952	15.620902	-24.609400
	-0.026958	15.639550	-24.693200
	-0.026965	15.780269	-24.786300
	-0.026972	15.828108	-24.825500
	-0.026979	15.807991	-24.888800
	-0.026986	15.754681	-25.015400
	-0.026992	15.707071	-25.140200
	-0.026999	15.686782	-25.168200
	-0.027006	15.792150	-25.160700
	-0.027013	15.827854	-25.088100
	-0.027019	15.770552	-25.030300
	-0.027026	15.755335	-24.987500
	-0.027033	15.882538	-24.980100
	-0.027040	15.973226	-24.892500
	-0.027047	15.777036	-24.898100
	-0.027053	15.868363	-24.914900
	-0.027060	15.868482	-24.950200
	-0.027067	15.834720	-25.009900
	-0.027074	15.764150	-25.065700
	-0.027080	15.885060	-25.043400
	-0.027087	15.821300	-25.056400
	-0.027094	15.875138	-25.170000
	-0.027101	15.932554	-25.222200
	-0.027108	15.948171	-25.285500
	-0.027114	15.918841	-25.376800
	-0.027121	16.029556	-25.384200
	-0.027128	15.854125	-25.449400
	-0.027135	15.858342	-25.402900
	-0.027142	15.894720	-25.455000
	-0.027148	15.927641	-25.440100
	-0.027155	15.851254	-25.428900
	-0.027162	15.971253	-25.432700
	-0.027169	15.999331	-25.477400
	-0.027175	15.898983	-25.507200
	-0.027182	15.917225	-25.598400
	-0.027189	15.844723	-25.682300
	-0.027196	16.019648	-25.754900
	-0.027203	15.885762	-25.786600
	-0.027209	15.877998	-25.661800
	-0.027216	15.865454	-25.654300
	-0.027223	16.024494	-25.687900
	-0.027230	15.859853	-25.687900
	-0.027236	15.763022	-25.650600
	-0.027243	15.991667	-25.598400
	-0.027250	15.959262	-25.522100
	-0.027257	16.023218	-25.533300
	-0.027264	15.973273	-25.587300
	-0.027270	15.950611	-25.618900
	-0.027277	15.914721	-25.684100
	-0.027284	15.970974	-25.717700
	-0.027291	15.870739	-25.650600
	-0.027297	16.083858	-25.609600
	-0.027304	16.072546	-25.700900
	-0.027311	16.066913	-25.831300
	-0.027318	16.038119	-26.038000
	-0.027325	16.050075	-26.110700
	-0.027331	16.222505	-26.082700
	-0.027338	15.990981	-25.954200
	-0.027345	16.061823	-25.876000
	-0.027352	16.130507	-25.842500
	-0.027359	16.189730	-25.844300
	-0.027365	16.295176	-25.825700
	-0.027372	16.289553	-25.795900
	-0.027379	16.217346	-25.758600
	-0.027386	16.080095	-25.842500
	-0.027392	16.212442	-25.881600
	-0.027399	16.205358	-25.827600
	-0.027406	16.230874	-25.842500
	-0.027413	16.153915	-25.861100
	-0.027420	16.257234	-25.903900
	-0.027426	16.301533	-26.002600
	-0.027433	16.185674	-26.066000
	-0.027440	16.303042	-26.039900
	-0.027447	16.261210	-26.069700
	-0.027453	16.337646	-26.079000
	-0.027460	16.403390	-26.060400
	-0.027467	16.232311	-26.067800
	-0.027474	16.349599	-26.062200
	-0.027481	16.335151	-26.114400
	-0.027487	16.306220	-26.030600
	-0.027494	16.221284	-26.034300
	-0.027501	16.318134	-26.201900
	-0.027508	16.182035	-26.332300
	-0.027514	16.330659	-26.436600
	-0.027521	16.292786	-26.540900
	-0.027528	16.237926	-26.606100
	-0.027535	16.034839	-26.608000
	-0.027542	16.327293	-26.622900
	-0.027548	16.327340	-26.550300
	-0.027555	16.095850	-26.416100
	-0.027562	16.216379	-26.306300
	-0.027569	16.420306	-26.222400
	-0.027575	16.312467	-26.317400
	-0.027582	16.275876	-26.421700
	-0.027589	16.261533	-26.472000
	-0.027596	16.502034	-26.511100
	-0.027603	16.267346	-26.447800
	-0.027609	16.513312	-26.438500
	-0.027616	16.667258	-26.406800
	-0.027623	16.603921	-26.378900
	-0.027630	16.369969	-26.364000
	-0.027637	16.292617	-26.323000
	-0.027643	16.551194	-26.216800
	-0.027650	16.347149	-26.218700
	-0.027657	16.383474	-26.285800
	-0.027664	16.281029	-26.272700
	-0.027670	16.477545	-26.295100
	-0.027677	16.295739	-26.291400
	-0.027684	16.476213	-26.323000
	-0.027691	16.593924	-26.349100
	-0.027698	16.363246	-26.131200
	-0.027704	16.285392	-25.598400
	-0.027711	16.840340	-25.339500
	-0.027718	16.935411	-25.233400
	-0.027725	16.879717	-25.240800
	-0.027731	16.781126	-25.281800
	-0.027738	16.874461	-25.391700
	-0.027745	17.036000	-25.382400
	-0.027752	17.084718	-25.414000
	-0.027759	17.028412	-25.402900
	-0.027765	16.923179	-25.397300
	-0.027772	16.910361	-25.449400
	-0.027779	17.041830	-25.488600
	-0.027786	16.920336	-25.568600
	-0.027792	17.008433	-25.611500
	-0.027799	17.080985	-25.673000
	-0.027806	17.017893	-25.719500
	-0.027813	16.980051	-25.728800
	-0.027820	17.122394	-25.767900
	-0.027826	17.015755	-25.792200
	-0.027833	17.005935	-25.866700
	-0.027840	17.090484	-25.838700
	-0.027847	17.116575	-25.730700
	-0.027854	17.227730	-25.833100
	-0.027860	17.073337	-25.829400
	-0.027867	17.080736	-25.781000
	-0.027874	17.032875	-25.799600
	-0.027881	16.990689	-25.764200
	-0.027887	17.046353	-25.835000
	-0.027894	16.950497	-25.980300
	-0.027901	17.088409	-26.086500
	-0.027908	17.157297	-26.066000
	-0.027915	17.046756	-26.082700
	-0.027921	17.066509	-26.155400
	-0.027928	17.146118	-26.194500
	-0.027935	17.250619	-26.207500
	-0.027942	17.154263	-26.216800
	-0.027948	17.303122	-26.187000
	-0.027955	17.180258	-26.291400
	-0.027962	17.296038	-26.347200
	-0.027969	17.090702	-26.226200
	-0.027976	17.139628	-26.270900
	-0.027982	17.096834	-26.457100
	-0.027989	17.088097	-26.583800
	-0.027996	17.130197	-26.602400
	-0.028003	17.131830	-26.697400
	-0.028009	17.197704	-26.762600
	-0.028016	17.275738	-26.712300
	-0.028023	17.287088	-26.730900
	-0.028030	17.234698	-26.790500
	-0.028037	17.265589	-26.799900
	-0.028043	17.292786	-26.794300
	-0.028050	17.466161	-26.738400
	-0.028057	17.398895	-25.518400
	-0.028064	17.436005	-22.525100
	-0.028071	19.109767	-19.962100
	-0.028077	20.215335	-18.019300
	-0.028084	21.052481	-17.058200
	-0.028091	20.843322	-16.641000
	-0.028098	20.886610	-16.469600
	-0.028104	20.739661	-16.475200
	-0.028111	20.912707	-16.525500
	-0.028118	20.754073	-16.596300
	-0.028125	20.909930	-16.713600
	-0.028132	21.034486	-16.747200
	-0.028138	20.931300	-16.801200
	-0.028145	20.872897	-16.745300
	-0.028152	20.839755	-16.743400
	-0.028159	20.770209	-16.709900
	-0.028165	20.935281	-16.670800
	-0.028172	20.875221	-16.622400
	-0.028179	20.851895	-16.713600
	-0.028186	20.890031	-16.791900
	-0.028193	20.993109	-16.821700
	-0.028199	20.840570	-16.831000
	-0.028206	20.830789	-16.793700
	-0.028213	20.796723	-16.806800
	-0.028220	20.911096	-16.909200
	-0.028226	20.862301	-16.974400
	-0.028233	20.916017	-17.043300
	-0.028240	20.871286	-16.937100
	-0.028247	21.028050	-16.862600
	-0.028254	21.064896	-16.927800
	-0.028260	21.054390	-16.980000
	-0.028267	21.009684	-16.927800
	-0.028274	21.115034	-16.935300
	-0.028281	21.079211	-16.922200
	-0.028288	20.997582	-16.957600
	-0.028294	20.930783	-16.916700
	-0.028301	20.931349	-16.948300
	-0.028308	21.191667	-16.991200
	-0.028315	20.930504	-16.957600
	-0.028321	21.087260	-16.905500
	-0.028328	21.046961	-16.978100
	-0.028335	21.088948	-17.069400
	-0.028342	21.145792	-17.104800
	-0.028349	21.143675	-17.149500
	-0.028355	21.046339	-17.240800
	-0.028362	21.065186	-17.186700
	-0.028369	21.254805	-17.093600
	-0.028376	21.282195	-17.052600
	-0.028382	21.119797	-17.009800
	-0.028389	21.119308	-17.151400
	-0.028396	21.083864	-17.114100
	-0.028403	21.338185	-17.032100
	-0.028410	21.135395	-16.994900
	-0.028416	21.100169	-17.045200
	-0.028423	21.345797	-16.981900
	-0.028430	21.359176	-16.976300
	-0.028437	21.253197	-17.058200
	-0.028443	21.350058	-17.166300
	-0.028450	21.341479	-17.164400
	-0.028457	21.382924	-17.201600
	-0.028464	21.257079	-17.238900
	-0.028471	21.284032	-17.400900
	-0.028477	21.327089	-17.509000
	-0.028484	21.280043	-17.479200
	-0.028491	21.470742	-17.350700
	-0.028498	21.323475	-17.432600
	-0.028504	21.213660	-17.507100
	-0.028511	21.387389	-17.417700
	-0.028518	21.516780	-17.343200
	-0.028525	21.455805	-17.302200
	-0.028532	21.422944	-17.341300
	-0.028538	21.458571	-17.356200
	-0.028545	21.465874	-14.426200
	-0.028552	21.360171	-5.926970
	-0.028559	28.497091	-0.922013
	-0.028566	28.515584	1.398850
	-0.028572	28.482325	2.248230
	-0.028579	28.469612	2.805160
	-0.028586	28.763387	3.078970
	-0.028593	28.641175	3.194450
	-0.028599	28.653528	3.324840
	-0.028606	28.616899	3.367680
	-0.028613	28.808966	3.404930
	-0.028620	28.506874	3.479440
	-0.028627	28.775887	3.566980
	-0.028633	28.639371	3.593060
	-0.028640	28.724528	3.473850
	-0.028647	28.718802	3.404930
	-0.028654	28.641694	3.403070
	-0.028660	28.646289	3.375130
	-0.028667	28.852525	3.390030
	-0.028674	28.795267	3.388170
	-0.028681	28.830626	3.282000
	-0.028688	28.723621	3.462670
	-0.028694	28.768686	3.656390
	-0.028701	29.023754	3.732760
	-0.028708	28.873486	3.837080
	-0.028715	28.939625	3.928350
	-0.028721	28.840589	3.943250
	-0.028728	29.084776	3.935800
	-0.028735	28.886248	3.926490
	-0.028742	28.781999	3.887370
	-0.028749	28.850544	3.866880
	-0.028755	28.881968	3.878060
	-0.028762	28.913080	3.784910
	-0.028769	28.941899	3.770010
	-0.028776	28.903061	3.838940
	-0.028783	28.937978	3.872470
	-0.028789	28.909723	3.889230
	-0.028796	28.912906	3.920900
	-0.028803	28.939119	3.913450
	-0.028810	28.983524	3.868740
	-0.028816	28.865235	3.853840
	-0.028823	28.772516	3.851980
	-0.028830	28.879962	3.870610
	-0.028837	28.826782	3.814730
	-0.028844	28.898389	3.732760
	-0.028850	28.929310	3.729030
	-0.028857	29.185052	3.717850
	-0.028864	28.862691	3.734620
	-0.028871	28.938260	3.766280
	-0.028877	28.801923	3.833350
	-0.028884	28.932601	3.995400
	-0.028891	28.973668	4.064320
	-0.028898	28.927401	4.021480
	-0.028905	29.183057	3.963740
	-0.028911	29.016658	3.954420
	-0.028918	29.013357	3.917170
	-0.028925	29.048143	3.984230
	-0.028932	29.142164	4.107160
	-0.028938	29.098132	4.155590
	-0.028945	29.197516	4.161180
	-0.028952	29.224478	4.274800
	-0.028959	29.433137	4.312050
	-0.028966	29.385010	4.310190
	-0.028972	29.088605	4.401460
	-0.028979	29.427365	4.529980
	-0.028986	29.351857	4.598900
	-0.028993	29.278772	4.619390
	-0.029000	29.428622	4.682720
	-0.029006	29.229227	4.762810
	-0.029013	29.190680	4.852220
	-0.029020	29.298019	4.854080
	-0.029027	29.420557	4.857810
	-0.029033	29.261171	4.963980
	-0.029040	29.480297	5.027310
	-0.029047	29.270214	5.163280
	-0.029054	29.397660	5.215440
	-0.029061	29.431750	5.189360
	-0.029067	29.297066	5.224750
	-0.029074	29.439271	5.302980
	-0.029081	29.543736	5.245240
	-0.029088	29.304987	5.241510
	-0.029094	29.473414	5.310430
	-0.029101	29.530747	5.409150
	-0.029108	29.503705	5.459440
	-0.029115	29.711806	5.519050
	-0.029122	29.647707	5.617770
	-0.029128	29.738569	5.696000
	-0.029135	29.620521	5.709040
	-0.029142	29.755918	8.283240
	-0.029149	29.720701	14.921700
	-0.029155	38.427600	18.777400
	-0.029162	38.671129	20.520900
	-0.029169	38.666827	21.539700
	-0.029176	38.583659	24.007700
	-0.029183	41.357897	25.673000
	-0.029189	41.307026	26.371400
	-0.029196	41.527655	26.641500
	-0.029203	41.396422	26.665700
	-0.029210	41.419482	26.634100
	-0.029216	41.444922	26.643400
	-0.029223	41.341628	26.656400
	-0.029230	41.259115	26.628500
	-0.029237	41.548201	26.727200
	-0.029244	41.314683	26.742100
	-0.029250	41.482919	26.758900
	-0.029257	41.496088	26.803600
	-0.029264	41.434245	26.798000
	-0.029271	41.401578	26.706700
	-0.029278	41.256239	26.839000
	-0.029284	41.369427	26.913500
	-0.029291	41.393244	26.947000
	-0.029298	41.372837	26.950700
	-0.029305	41.270165	27.107200
	-0.029311	41.383643	27.185400
	-0.029318	41.380844	27.196600
	-0.029325	41.377376	27.191000
	-0.029332	41.475094	27.233900
	-0.029339	41.484803	27.263700
	-0.029345	41.400039	27.265500
	-0.029352	41.363633	27.204000
	-0.029359	41.617073	27.230100
	-0.029366	41.463434	27.300900
	-0.029372	41.735477	27.371700
	-0.029379	41.358154	27.299000
	-0.029386	41.597406	27.218900
	-0.029393	41.488475	27.204000
	-0.029400	41.253727	27.284100
	-0.029406	41.472693	27.235700
	-0.029413	41.550707	27.211500
	-0.029420	41.543557	27.114600
	-0.029427	41.485185	27.246900
	-0.029433	41.518410	27.418300
	-0.029440	41.650663	27.490900
	-0.029447	41.659455	27.612000
	-0.029454	41.609248	27.660400
	-0.029461	41.451647	27.705100
	-0.029467	41.665968	27.755400
	-0.029474	41.555885	27.725600
	-0.029481	41.407573	27.680900
	-0.029488	41.557438	27.695800
	-0.029495	41.529134	27.835500
	-0.029501	41.705407	27.885800
	-0.029508	41.623721	27.952800
	-0.029515	41.613077	27.954700
	-0.029522	41.625660	27.937900
	-0.029528	41.572077	27.930500
	-0.029535	41.574166	28.018000
	-0.029542	41.571795	28.023600
	-0.029549	41.846063	28.019900
	-0.029556	41.797359	28.027300
	-0.029562	41.793941	28.019900
	-0.029569	41.878957	27.999400
	-0.029576	41.820474	28.101800
	-0.029583	41.922842	28.141000
	-0.029589	41.782112	28.278800
	-0.029596	41.863658	28.273200
	-0.029603	41.947361	28.265800
	-0.029610	41.863025	28.293700
	-0.029617	41.760389	28.249000
	-0.029623	41.875647	28.265800
	-0.029630	41.853523	28.282500
	-0.029637	41.921461	28.247100
	-0.029644	41.831385	28.271300
	-0.029650	41.711815	28.282500
	-0.029657	41.850080	28.325400
	-0.029664	41.935201	28.360800
	-0.029671	41.675970	28.351400
	-0.029678	41.828457	28.312300
	-0.029684	41.720120	28.301100
	-0.029691	41.853865	28.269500
	-0.029698	41.907319	28.206200
	-0.029705	41.771350	28.224800
	-0.029712	41.965365	28.301100
	-0.029718	41.974820	28.364500
	-0.029725	41.776108	28.420400
	-0.029732	42.000199	28.522800
	-0.029739	42.009593	28.619700
	-0.029745	41.960063	28.662500
	-0.029752	42.081291	28.720200
	-0.029759	42.055183	28.753800
	-0.029766	42.181979	28.649500
	-0.029773	42.117529	28.642000
	-0.029779	42.007676	28.761200
	-0.029786	42.138677	28.874800
	-0.029793	42.158466	28.910200
	-0.029800	42.229609	28.895300
	-0.029806	42.163821	28.820800
	-0.029813	42.170043	28.954900
	-0.029820	42.051705	29.053700
	-0.029827	42.073055	28.940000
	-0.029834	42.107684	28.902800
	-0.029840	42.121759	28.949300
	-0.029847	42.103871	28.869300
	-0.029854	42.092217	28.826400
	-0.029861	42.097809	28.845000
	-0.029867	41.959472	28.813400
	-0.029874	42.057405	28.789200
	-0.029881	42.291399	28.943800
	-0.029888	41.921883	29.049900
	-0.029895	42.413912	29.051800
	-0.029901	42.146245	29.068600
	-0.029908	42.088426	29.009000
	-0.029915	42.133328	28.979100
	-0.029922	42.136403	29.023900
	-0.029928	42.181225	29.109500
	-0.029935	42.130659	29.208300
	-0.029942	42.193941	29.433600
	-0.029949	42.360895	29.618000
	-0.029956	42.279775	29.845300
	-0.029962	42.435588	29.979400
	-0.029969	42.409259	30.022200
	-0.029976	42.499757	30.011100
	-0.029983	42.361143	29.990600
	-0.029990	42.379316	29.971900
	-0.029996	42.555673	30.033400
	-0.030003	42.580159	30.106000
	-0.030010	42.574815	30.139600
	-0.030017	42.266777	30.098600
	-0.030023	42.544388	30.052000
	-0.030030	42.607842	30.065100
	-0.030037	42.478164	30.076200
	-0.030044	42.553318	30.027800
	-0.030051	42.484966	29.979400
	-0.030057	42.617642	30.093000
	-0.030064	42.560372	30.148900
	-0.030071	42.594938	30.178700
	-0.030078	42.519651	30.065100
	-0.030084	42.644176	30.130300
	-0.030091	42.441070	30.240200
	-0.030098	42.632341	30.409700
	-0.030105	42.712743	30.510200
	-0.030112	42.728111	30.638900
	-0.030118	42.665053	30.637000
	-0.030125	42.748950	30.551300
	-0.030132	42.800017	30.577400
	-0.030139	42.902089	30.517800
	-0.030145	42.846251	30.480400
	-0.030152	42.797345	30.398500
	-0.030159	42.744449	30.415200
	-0.030166	42.881173	30.532700
	-0.030173	42.782789	30.556900
	-0.030179	42.810138	30.564400
	-0.030186	42.873240	30.549500
	-0.030193	42.979882	30.605400
	-0.030200	43.085591	30.542000
	-0.030207	43.080985	30.525300
	-0.030213	43.223359	30.661200
	-0.030220	43.033693	30.851200
	-0.030227	43.154763	30.858700
	-0.030234	43.119040	30.925700
	-0.030240	43.410262	31.015100
	-0.030247	43.104929	31.160400
	-0.030254	43.011403	31.065400
	-0.030261	43.057137	30.959300
	-0.030268	43.117562	31.067300
	-0.030274	43.217493	31.147400
	-0.030281	42.937566	31.141800
	-0.030288	43.132905	31.182800
	-0.030295	43.031416	31.274000
	-0.030301	43.110378	31.663300
	-0.030308	43.441498	31.879400
	-0.030315	43.890418	31.916700
	-0.030322	43.929241	32.030300
	-0.030329	43.750055	32.024700
	-0.030335	43.671654	31.966900
	-0.030342	43.718283	32.056400
	-0.030349	43.715468	32.166300
	-0.030356	44.171309	32.259400
	-0.030362	44.085936	32.304100
	-0.030369	44.006372	32.209100
	-0.030376	44.074762	32.155100
	-0.030383	44.101434	32.235200
	-0.030390	44.096770	32.341300
	-0.030396	44.111768	32.255700
	-0.030403	44.114282	32.168100
	-0.030410	44.182305	32.143900
	-0.030417	43.994289	32.279900
	-0.030424	44.260245	32.322700
	-0.030430	44.195082	32.361800
	-0.030437	44.152108	32.449400
	-0.030444	44.126586	32.460500
	-0.030451	44.075116	32.430700
	-0.030457	44.195507	32.373000
	-0.030464	44.277476	32.307800
	-0.030471	44.256156	32.441900
	-0.030478	44.253316	32.611400
	-0.030485	44.265094	32.712000
	-0.030491	44.173511	32.661700
	-0.030498	44.163149	32.659900
	-0.030505	44.144344	32.494100
	-0.030512	44.171919	32.505300
	-0.030518	44.176268	32.458700
	-0.030525	44.154631	32.430700
	-0.030532	44.200572	32.492200
	-0.030539	43.996181	32.611400
	-0.030546	44.206435	32.505300
	-0.030552	44.264981	32.458700
	-0.030559	44.065912	32.460500
	-0.030566	44.172593	32.510800
	-0.030573	44.022748	32.518300
	-0.030579	44.276951	32.447500
	-0.030586	44.336411	32.421400
	-0.030593	44.033709	32.475500
	-0.030600	44.231526	32.656100
	-0.030607	44.106098	32.792100
	-0.030613	44.148945	32.823800
	-0.030620	44.258038	32.766000
	-0.030627	44.273784	32.730600
	-0.030634	44.117620	32.687800
	-0.030640	44.232540	32.807000
	-0.030647	44.180974	32.807000
	-0.030654	44.103451	32.726900
	-0.030661	44.263572	32.648700
	-0.030668	44.278614	32.713900
	-0.030674	44.066147	32.784700
	-0.030681	44.445187	32.844300
	-0.030688	44.471030	32.946700
	-0.030695	44.151373	33.038000
	-0.030702	44.269211	33.151600
	-0.030708	44.185740	33.187000
	-0.030715	44.265675	33.203700
	-0.030722	44.307792	33.214900
	-0.030729	44.200221	33.077100
	-0.030735	44.134397	33.034200
	-0.030742	44.238149	33.123700
	-0.030749	44.221872	33.224200
	-0.030756	44.161748	33.255900
	-0.030763	44.242783	33.356500
	-0.030769	44.267993	33.438400
	-0.030776	44.063649	33.425400
	-0.030783	44.292869	33.453300
	-0.030790	44.027735	33.526000
	-0.030796	44.305971	33.488700
	-0.030803	44.139241	33.544600
	-0.030810	44.207339	33.665700
	-0.030817	44.302456	33.691800
	-0.030824	44.168869	33.650800
	-0.030830	44.244764	33.628400
	-0.030837	44.270966	33.598600
	-0.030844	44.231319	33.531600
	-0.030851	44.335530	33.417900
	-0.030857	44.115970	33.440300
	-0.030864	44.370118	33.440300
	-0.030871	44.237967	33.481300
	-0.030878	44.249660	33.505500
	-0.030885	44.237931	33.514800
	-0.030891	44.406156	33.540900
	-0.030898	44.315987	33.621000
	-0.030905	44.337508	33.673100
	-0.030912	44.381504	33.693600
	-0.030919	44.382626	33.775600
	-0.030925	44.340409	33.727100
	-0.030932	44.322461	33.725300
	-0.030939	44.423812	33.771900
	-0.030946	44.384508	33.773700
	-0.030952	44.393189	33.729000
	-0.030959	44.239970	33.702900
	-0.030966	44.172569	33.734600
	-0.030973	44.458988	33.757000
	-0.030980	44.191086	33.706700
	-0.030986	44.383239	33.691800
	-0.030993	44.321170	33.740200
	-0.031000	44.432049	33.781200
	-0.031007	44.337110	33.868700
	-0.031013	44.208303	33.906000
	-0.031020	44.354946	33.933900
	-0.031027	44.379023	33.965600
	-0.031034	44.268239	33.945100
	-0.031041	44.257330	33.913400
	-0.031047	44.367515	33.902200
	-0.031054	44.324481	33.915300
	-0.031061	44.379211	33.898500
	-0.031068	44.341907	33.900400
	-0.031074	44.447632	33.958100
	-0.031081	44.326705	34.030800
	-0.031088	44.303852	33.948800
	-0.031095	44.363782	33.995400
	-0.031102	44.381023	34.166700
	-0.031108	44.230706	34.289700
	-0.031115	44.261386	34.334400
	-0.031122	44.268040	34.207700
	-0.031129	44.312177	34.043800
	-0.031136	44.288287	34.051200
	-0.031142	44.337989	34.217000
	-0.031149	44.336428	34.289700
	-0.031156	44.335140	34.218900
	-0.031163	44.279628	34.194700
	-0.031169	44.381460	34.192800
	-0.031176	44.324340	34.248700
	-0.031183	44.258809	34.325100
	-0.031190	44.407911	34.425600
	-0.031197	44.375185	34.477800
	-0.031203	44.298682	34.487100
	-0.031210	44.293184	34.438700
	-0.031217	44.382991	34.371600
	-0.031224	44.511312	34.390300
	-0.031230	44.171510	34.468500
	-0.031237	44.424063	34.479700
	-0.031244	44.434494	34.470300
	-0.031251	44.149301	34.485200
	-0.031258	44.156944	34.429400
	-0.031264	44.218532	34.438700
	-0.031271	44.402813	34.479700
	-0.031278	44.331286	34.595100
	-0.031285	44.586898	34.671500
	-0.031291	44.405031	34.610000
	-0.031298	44.318106	34.595100
	-0.031305	44.468515	34.611900
	-0.031312	44.374826	34.740400
	-0.031319	44.162179	34.863400
	-0.031325	44.327915	34.913700
	-0.031332	44.379114	34.945300
	-0.031339	44.344565	34.997500
	-0.031346	44.369905	35.088700
	-0.031353	44.323726	35.289900
	-0.031359	44.543943	35.479900
	-0.031366	44.408460	35.519000
	-0.031373	44.384751	35.399800
	-0.031380	44.501318	35.301100
	-0.031386	44.369286	35.193100
	-0.031393	44.437942	35.183700
	-0.031400	44.298367	35.228400
	-0.031407	44.448458	35.334600
	-0.031414	44.476893	35.362600
	-0.031420	44.391117	35.321600
	-0.031427	44.486881	35.256400
	-0.031434	44.610397	35.269400
	-0.031441	44.632018	35.282500
	-0.031447	44.477688	35.278700
	-0.031454	44.474989	35.245200
	-0.031461	44.458190	35.189300
	-0.031468	44.459817	35.113000
	-0.031475	44.447392	35.165100
	-0.031481	44.438815	35.062700
	-0.031488	44.545822	35.008600
	-0.031495	44.629810	35.189300
	-0.031502	44.450782	35.289900
	-0.031508	44.675484	35.338300
	-0.031515	44.588191	35.235900
	-0.031522	44.506507	35.215400
	-0.031529	44.468634	35.284300
	-0.031536	44.492244	35.435200
	-0.031542	44.568266	35.621500
	-0.031549	44.524815	35.798400
	-0.031556	44.563641	35.893400
	-0.031563	44.585748	35.994000
	-0.031569	44.570217	36.016300
	-0.031576	44.597939	36.068500
	-0.031583	44.708530	36.068500
	-0.031590	44.672919	35.990300
	-0.031597	44.549395	35.921300
	-0.031603	44.701824	35.986500
	-0.031610	44.734944	36.008900
	-0.031617	44.582118	36.040600
	-0.031624	44.583477	36.005200
	-0.031631	44.612633	36.012600
	-0.031637	44.671781	36.051700
	-0.031644	44.570720	36.089000
	-0.031651	44.655009	36.243600
	-0.031658	44.560574	36.295700
	-0.031664	44.651373	36.342300
	-0.031671	44.565219	36.258500
	-0.031678	44.625694	36.144900
	-0.031685	44.476550	36.012600
	-0.031692	44.606457	35.990300
	-0.031698	44.727266	35.908300
	-0.031705	44.714907	35.785400
	-0.031712	44.705606	35.733200
	-0.031719	44.686044	35.675500
	-0.031725	44.546347	35.677300
	-0.031732	44.729321	35.757400
	-0.031739	44.502995	35.820800
	-0.031746	44.585096	35.874800
	-0.031753	44.636207	35.869200
	-0.031759	44.747245	35.856200
	-0.031766	44.649290	35.781600
	-0.031773	44.623599	35.886000
	-0.031780	44.659814	35.919500
	-0.031786	44.644927	36.064800
	-0.031793	44.762144	36.111300
	-0.031800	44.613417	36.103900
	-0.031807	44.436177	36.077800
	-0.031814	44.486790	36.059200
	-0.031820	44.572168	36.154200
	-0.031827	44.512660	36.170900
	-0.031834	44.684054	36.111300
	-0.031841	44.709955	36.064800
	-0.031848	44.671648	35.994000
	-0.031854	44.584997	35.995900
	-0.031861	44.574674	36.023800
	-0.031868	44.618402	36.068500
	-0.031875	44.701426	36.053600
	-0.031881	44.724569	36.109500
	-0.031888	44.592703	36.221200
	-0.031895	44.721408	36.213800
	-0.031902	44.711818	36.256600
	-0.031909	44.471076	36.292000
	-0.031915	44.569557	36.338600
