	0.049617	-0.101067	38.644500
	0.047700	-0.054023	38.562600
	0.045783	-0.073641	38.251500
	0.043866	-0.197925	37.920000
	0.041949	0.174108	37.489700
	0.040033	0.216446	37.143200
	0.038116	0.191777	36.752100
	0.036199	0.325351	36.245400
	0.034282	0.311936	35.831900
	0.032365	0.500279	35.381200
	0.030448	0.406051	34.693900
	0.028531	0.516866	34.097800
	0.026614	0.695278	33.507400
	0.024698	0.598400	32.881500
	0.022781	0.756894	32.166300
	0.020864	0.893291	31.348600
	0.018947	1.204891	30.510200
	0.017030	1.206957	29.748400
	0.015113	1.400403	28.891600
	0.013196	1.445480	27.913700
	0.011279	1.507090	26.885500
	0.009363	1.843689	25.874100
	0.007446	1.928877	24.764000
	0.005529	2.112439	23.592400
	0.003612	2.277661	22.288500
	0.001695	2.705432	20.949300
	-0.000222	2.656198	19.714400
	-0.002139	2.961983	18.231700
	-0.004056	2.948060	16.579500
	-0.005972	3.510400	14.774600
	-0.007889	3.531919	12.936100
	-0.009806	3.778714	10.777300
	-0.011723	4.098168	8.374510
	-0.013640	4.839915	5.660610
	-0.015557	5.116277	2.354400
	-0.017474	5.615459	-1.410030
	-0.019391	6.313555	-5.824520
	-0.021307	7.887229	-11.151700
	-0.023224	8.762414	-17.261200
	-0.025141	9.731396	-22.988900
	-0.025141	11.260281	-26.336100
	-0.025148	14.040097	-27.788900
	-0.025155	14.254446	-28.371900
	-0.025161	14.346129	-28.470600
	-0.025168	14.222052	-28.597300
	-0.025175	14.302769	-28.563800
	-0.025182	14.342686	-28.487400
	-0.025189	14.451359	-28.511600
	-0.025195	14.395035	-28.520900
	-0.025202	14.345955	-28.560100
	-0.025209	14.508096	-28.565600
	-0.025216	14.256966	-28.580500
	-0.025223	14.180791	-28.664400
	-0.025229	14.458093	-28.742600
	-0.025236	14.442570	-28.699800
	-0.025243	14.319662	-28.710900
	-0.025250	14.241932	-28.802200
	-0.025256	14.409635	-28.802200
	-0.025263	14.399845	-28.833900
	-0.025270	14.278810	-28.867400
	-0.025277	14.515130	-28.960500
	-0.025284	14.349876	-29.029400
	-0.025290	14.240031	-28.975400
	-0.025297	14.408966	-29.018300
	-0.025304	14.300321	-29.012700
	-0.025311	14.526514	-29.027600
	-0.025317	14.343631	-29.083500
	-0.025324	14.372323	-29.072300
	-0.025331	14.476995	-29.100200
	-0.025338	14.341857	-29.225000
	-0.025345	14.365890	-29.279000
	-0.025351	14.651464	-29.226900
	-0.025358	14.596444	-29.094600
	-0.025365	14.538094	-28.934400
	-0.025372	14.494159	-28.874800
	-0.025378	14.435077	-28.902800
	-0.025385	14.600735	-29.018300
	-0.025392	14.254797	-29.012700
	-0.025399	14.406468	-28.990300
	-0.025406	14.561790	-29.033200
	-0.025412	14.260408	-29.007100
	-0.025419	14.382632	-29.018300
	-0.025426	14.399425	-29.022000
	-0.025433	14.451329	-28.975400
	-0.025439	14.482109	-28.986600
	-0.025446	14.513901	-29.154200
	-0.025453	14.752481	-29.206400
	-0.025460	14.646046	-29.213800
	-0.025467	14.684712	-29.303200
	-0.025473	14.442951	-29.301400
	-0.025480	14.529164	-29.325600
	-0.025487	14.487511	-29.534200
	-0.025494	14.533195	-29.655300
	-0.025501	14.513707	-29.625500
	-0.025507	14.402092	-29.366600
	-0.025514	14.468449	-29.429900
	-0.025521	14.468587	-29.472800
	-0.025528	14.377454	-29.491400
	-0.025534	14.500580	-29.504400
	-0.025541	14.504973	-29.388900
	-0.025548	14.549489	-29.372200
	-0.025555	14.510151	-29.448500
	-0.025562	14.602863	-29.580800
	-0.025568	14.624804	-29.592000
	-0.025575	14.448113	-29.575200
	-0.025582	14.569499	-29.731700
	-0.025589	14.684917	-29.804300
	-0.025595	14.500920	-29.821100
	-0.025602	14.484499	-29.847100
	-0.025609	14.533065	-29.768900
	-0.025616	14.600296	-29.705600
	-0.025623	14.467462	-29.562200
	-0.025629	14.519026	-29.489500
	-0.025636	14.541241	-29.571500
	-0.025643	14.609955	-29.629200
	-0.025650	14.470817	-29.683200
	-0.025656	14.551080	-29.752100
	-0.025663	14.542888	-29.718600
	-0.025670	14.585287	-29.605000
	-0.025677	14.493103	-29.556600
	-0.025684	14.444198	-29.539800
	-0.025690	14.531783	-29.636700
	-0.025697	14.465070	-29.811800
	-0.025704	14.380311	-29.953300
	-0.025711	14.678484	-29.985000
	-0.025718	14.500564	-29.958900
	-0.025724	14.533856	-29.971900
	-0.025731	14.526539	-29.977500
	-0.025738	14.514103	-30.012900
	-0.025745	14.717830	-30.057600
	-0.025751	14.507640	-30.031500
	-0.025758	14.628495	-29.953300
	-0.025765	14.595894	-29.781900
	-0.025772	14.538492	-29.705600
	-0.025779	14.292907	-29.763300
	-0.025785	14.601351	-29.895600
	-0.025792	14.561478	-29.893700
	-0.025799	14.660044	-29.899300
	-0.025806	14.689940	-29.927200
	-0.025812	14.540282	-29.783800
	-0.025819	14.677912	-29.687000
	-0.025826	14.550003	-29.675800
	-0.025833	14.662746	-29.781900
	-0.025840	14.602277	-29.716800
	-0.025846	14.516125	-29.690700
	-0.025853	14.660743	-29.705600
	-0.025860	14.475448	-29.761500
	-0.025867	14.606968	-29.815500
	-0.025873	14.658391	-29.768900
	-0.025880	14.637807	-29.724200
	-0.025887	14.548417	-29.822900
	-0.025894	14.688663	-29.755900
	-0.025901	14.542252	-29.718600
	-0.025907	14.538945	-29.761500
	-0.025914	14.658063	-29.761500
	-0.025921	14.596375	-29.687000
	-0.025928	14.597441	-29.619900
	-0.025935	14.494852	-29.720500
	-0.025941	14.563771	-29.802400
	-0.025948	14.620129	-29.852700
	-0.025955	14.611135	-29.815500
	-0.025962	14.655308	-29.748400
	-0.025968	14.565086	-29.692500
	-0.025975	14.574972	-29.720500
	-0.025982	14.545347	-29.724200
	-0.025989	14.610875	-29.703700
	-0.025996	14.561179	-29.707400
	-0.026002	14.658842	-29.627400
	-0.026009	14.717396	-29.698100
	-0.026016	14.569792	-29.767000
	-0.026023	14.516683	-29.530500
	-0.026029	14.655554	-29.372200
	-0.026036	14.693988	-29.407600
	-0.026043	14.631302	-29.426200
	-0.026050	14.634731	-29.409400
	-0.026057	14.747422	-29.348000
	-0.026063	14.689205	-29.456000
	-0.026070	14.858914	-29.506300
	-0.026077	14.731521	-29.510000
	-0.026084	14.635234	-29.593800
	-0.026090	14.576807	-29.673900
	-0.026097	14.770872	-29.627400
	-0.026104	14.740534	-29.532400
	-0.026111	14.694209	-29.515600
	-0.026118	14.503012	-29.625500
	-0.026124	14.697859	-29.754000
	-0.026131	14.767871	-29.856500
	-0.026138	14.578738	-29.878800
	-0.026145	14.794173	-29.873200
	-0.026151	14.576804	-29.811800
	-0.026158	14.536652	-29.806200
	-0.026165	14.636939	-29.934700
	-0.026172	14.765589	-30.018500
	-0.026179	14.780783	-30.052000
	-0.026185	14.815948	-29.942100
	-0.026192	14.744629	-29.944000
	-0.026199	14.556982	-30.016600
	-0.026206	14.663171	-29.904900
	-0.026213	14.724530	-29.781900
	-0.026219	14.700854	-29.890000
	-0.026226	14.779960	-30.022200
	-0.026233	14.725688	-30.070700
	-0.026240	14.747079	-30.044600
	-0.026246	14.713390	-30.029700
	-0.026253	14.628575	-30.044600
	-0.026260	14.456209	-30.001700
	-0.026267	14.537702	-29.904900
	-0.026274	14.700304	-29.886300
	-0.026280	14.711060	-29.971900
	-0.026287	14.526177	-30.068800
	-0.026294	14.671251	-30.193600
	-0.026301	14.653730	-30.212200
	-0.026307	14.704034	-30.180600
	-0.026314	14.670864	-30.188000
	-0.026321	14.725453	-30.117200
	-0.026328	14.519952	-30.122800
	-0.026335	14.720839	-30.093000
	-0.026341	14.623011	-30.018500
	-0.026348	14.711591	-29.973800
	-0.026355	14.813702	-30.026000
	-0.026362	14.825262	-30.033400
	-0.026368	14.839757	-30.066900
	-0.026375	14.736550	-30.128400
	-0.026382	14.789984	-29.925400
	-0.026389	14.812765	-29.780100
	-0.026396	14.924541	-29.752100
	-0.026402	14.813890	-29.828500
	-0.026409	14.887848	-29.798700
	-0.026416	14.837398	-29.694400
	-0.026423	14.788182	-29.575200
	-0.026430	14.916078	-29.700000
	-0.026436	14.792451	-29.921600
	-0.026443	14.830736	-29.986800
	-0.026450	14.874063	-29.973800
	-0.026457	14.869245	-29.931000
	-0.026463	14.962840	-29.988700
	-0.026470	14.813334	-29.903000
	-0.026477	14.774779	-29.742800
	-0.026484	14.915818	-29.731700
	-0.026491	14.785535	-29.660900
	-0.026497	14.739918	-29.705600
	-0.026504	14.788240	-29.863900
	-0.026511	14.957830	-29.990600
	-0.026518	14.785466	-30.039000
	-0.026524	14.989898	-30.048300
	-0.026531	14.913420	-30.063200
	-0.026538	14.922499	-30.143300
	-0.026545	14.980772	-29.994300
	-0.026552	14.958831	-29.932800
	-0.026558	15.073939	-30.098600
	-0.026565	14.929344	-30.236400
	-0.026572	14.865675	-30.160100
	-0.026579	14.782844	-30.068800
	-0.026585	14.945499	-30.044600
	-0.026592	15.009582	-29.992400
	-0.026599	15.039702	-30.012900
	-0.026606	14.975790	-30.053900
	-0.026613	15.100577	-30.134000
	-0.026619	14.999541	-30.195500
	-0.026626	14.890738	-30.227100
	-0.026633	14.925934	-30.163800
	-0.026640	14.939133	-30.312800
	-0.026647	14.815548	-30.353800
	-0.026653	15.080789	-30.387300
	-0.026660	14.988912	-30.420800
	-0.026667	14.975127	-30.307200
	-0.026674	15.078263	-30.398500
	-0.026680	15.142092	-30.538300
	-0.026687	14.882162	-30.465500
	-0.026694	14.893849	-30.424600
	-0.026701	15.023011	-30.432000
	-0.026708	15.179752	-30.471100
	-0.026714	15.220761	-30.506500
	-0.026721	15.088691	-30.547600
	-0.026728	14.844054	-30.527100
	-0.026735	15.124301	-30.698500
	-0.026741	15.093993	-30.815800
	-0.026748	15.073574	-30.825100
	-0.026755	15.138732	-30.774900
	-0.026762	15.125318	-30.679900
	-0.026769	15.022679	-30.551300
	-0.026775	15.139285	-30.504700
	-0.026782	14.995872	-30.560700
	-0.026789	15.138368	-30.616500
	-0.026796	15.280493	-30.584900
	-0.026802	15.220540	-30.575600
	-0.026809	15.334364	-30.577400
	-0.026816	15.216694	-30.553200
	-0.026823	15.231109	-30.575600
	-0.026830	15.391131	-30.573700
	-0.026836	15.405012	-30.476700
	-0.026843	15.428457	-30.446900
	-0.026850	15.259107	-30.433900
	-0.026857	15.526716	-30.532700
	-0.026863	15.384626	-30.508400
	-0.026870	15.267203	-30.387300
	-0.026877	15.474702	-30.327700
	-0.026884	15.385193	-30.242000
	-0.026891	15.401097	-30.145200
	-0.026897	15.567158	-30.154500
	-0.026904	15.437312	-30.204800
	-0.026911	15.545173	-30.223400
	-0.026918	15.591214	-30.156300
	-0.026925	15.370717	-30.031500
	-0.026931	15.552675	-29.899300
	-0.026938	15.457377	-29.752100
	-0.026945	15.443626	-29.780100
	-0.026952	15.487754	-29.770800
	-0.026958	15.550550	-29.770800
	-0.026965	15.666813	-29.733500
	-0.026972	15.557924	-29.815500
	-0.026979	15.543186	-29.867600
	-0.026986	15.590882	-29.850900
	-0.026992	15.424633	-29.841600
	-0.026999	15.431584	-29.973800
	-0.027006	15.489465	-30.132100
	-0.027013	15.476506	-30.208500
	-0.027019	15.508991	-30.186100
	-0.027026	15.667932	-30.184300
	-0.027033	15.451406	-30.242000
	-0.027040	15.435845	-30.346300
	-0.027047	15.523356	-30.378000
	-0.027053	15.645985	-30.309100
	-0.027060	15.770596	-30.385400
	-0.027067	15.467087	-30.383600
	-0.027074	15.649608	-30.465500
	-0.027080	15.560411	-30.433900
	-0.027087	15.644198	-30.465500
	-0.027094	15.673798	-30.635200
	-0.027101	15.664282	-30.687300
	-0.027108	15.595886	-30.733900
	-0.027114	15.610491	-30.670500
	-0.027121	15.788373	-30.551300
	-0.027128	15.592822	-30.599800
	-0.027135	15.606280	-30.698500
	-0.027142	15.812721	-30.715300
	-0.027148	15.749011	-30.674300
	-0.027155	15.729142	-30.586700
	-0.027162	15.733822	-30.668700
	-0.027169	15.579880	-30.666800
	-0.027175	15.702233	-30.765500
	-0.027182	15.720021	-30.819600
	-0.027189	15.740302	-30.795300
	-0.027196	15.701470	-30.849400
	-0.027203	15.714628	-30.854900
	-0.027209	15.910682	-30.845600
	-0.027216	15.628973	-30.823300
	-0.027223	15.737727	-30.752500
	-0.027230	15.691924	-30.808400
	-0.027236	15.721405	-30.877300
	-0.027243	15.853324	-31.000200
	-0.027250	15.827874	-31.024500
	-0.027257	15.733132	-30.948100
	-0.027264	15.883087	-30.838200
	-0.027270	15.815072	-30.812100
	-0.027277	15.579526	-30.836300
	-0.027284	15.691305	-30.771100
	-0.027291	15.838652	-30.795300
	-0.027297	15.653697	-30.886600
	-0.027304	15.683706	-30.840000
	-0.027311	15.853736	-30.886600
	-0.027318	15.988077	-30.936900
	-0.027325	15.799798	-30.996500
	-0.027331	15.707853	-31.067300
	-0.027338	16.015943	-30.963000
	-0.027345	15.864666	-30.940600
	-0.027352	15.600461	-30.856800
	-0.027359	15.987044	-30.748800
	-0.027365	15.909842	-30.620300
	-0.027372	15.840968	-30.480400
	-0.027379	15.822837	-30.465500
	-0.027386	16.044231	-30.506500
	-0.027392	15.888456	-30.499100
	-0.027399	15.925365	-30.255100
	-0.027406	16.095082	-30.044600
	-0.027413	16.164011	-29.923500
	-0.027420	16.251384	-29.834100
	-0.027426	16.150340	-29.916100
	-0.027433	16.140487	-30.022200
	-0.027440	16.061044	-30.152600
	-0.027447	16.207424	-30.208500
	-0.027453	16.230728	-30.139600
	-0.027460	16.125840	-30.117200
	-0.027467	16.230139	-30.145200
	-0.027474	16.156200	-30.161900
	-0.027481	16.170015	-30.124700
	-0.027487	16.327116	-30.085600
	-0.027494	16.397765	-30.128400
	-0.027501	16.263926	-30.249500
	-0.027508	16.275218	-30.402200
	-0.027514	16.188348	-30.581100
	-0.027521	16.155258	-30.545800
	-0.027528	16.374776	-30.487900
	-0.027535	16.159422	-30.437600
	-0.027542	16.384422	-30.197300
	-0.027548	16.505570	-29.955200
	-0.027555	16.589100	-29.856500
	-0.027562	16.629197	-29.727900
	-0.027569	16.552735	-29.329300
	-0.027575	16.627172	-28.643900
	-0.027582	17.115747	-28.383100
	-0.027589	17.511276	-28.273200
	-0.027596	17.372325	-28.155900
	-0.027603	17.579266	-28.154000
	-0.027609	17.458792	-28.236000
	-0.027616	17.522784	-28.362600
	-0.027623	17.461188	-28.355200
	-0.027630	17.479274	-28.437100
	-0.027637	17.489677	-28.455700
	-0.027643	17.441330	-28.439000
	-0.027650	17.505836	-28.468800
	-0.027657	17.428078	-28.470600
	-0.027664	17.510215	-28.528400
	-0.027670	17.533535	-28.556300
	-0.027677	17.601083	-28.511600
	-0.027684	17.670112	-28.627100
	-0.027691	17.693852	-28.744500
	-0.027698	17.585607	-28.671800
	-0.027704	17.506407	-28.535800
	-0.027711	17.560489	-28.461300
	-0.027718	17.500754	-28.608500
	-0.027725	17.442299	-28.591700
	-0.027731	17.506548	-28.625200
	-0.027738	17.665017	-28.442700
	-0.027745	17.614205	-28.187500
	-0.027752	17.732441	-28.168900
	-0.027759	17.677448	-28.245300
	-0.027765	17.830261	-28.191300
	-0.027772	17.700486	-28.073900
	-0.027779	17.742620	-27.999400
	-0.027786	17.898494	-27.924900
	-0.027792	17.885334	-28.003100
	-0.027799	17.750448	-27.995700
	-0.027806	17.806278	-27.990100
	-0.027813	17.879915	-28.034800
	-0.027820	17.688539	-28.122300
	-0.027826	17.837431	-28.081400
	-0.027833	17.866885	-27.975200
	-0.027840	17.908093	-27.923000
	-0.027847	17.841830	-27.937900
	-0.027854	17.856651	-28.062700
	-0.027860	17.900975	-28.157700
	-0.027867	17.876321	-28.088800
	-0.027874	17.769568	-28.027300
	-0.027881	17.947499	-27.848500
	-0.027887	17.870811	-27.731200
	-0.027894	17.769294	-27.587800
	-0.027901	17.898038	-27.598900
	-0.027908	17.854371	-27.593300
	-0.027915	17.903277	-27.643600
	-0.027921	17.991763	-27.530000
	-0.027928	17.897734	-27.541200
	-0.027935	17.971621	-27.572900
	-0.027942	17.842866	-27.584000
	-0.027948	17.929899	-27.757300
	-0.027955	18.128390	-27.898800
	-0.027962	18.136983	-27.859700
	-0.027969	18.054150	-27.723700
	-0.027976	18.038260	-26.976800
	-0.027982	18.084751	-25.466200
	-0.027989	19.348008	-24.629900
	-0.027996	19.415023	-24.277800
	-0.028003	19.615584	-24.207100
	-0.028009	19.609662	-24.167900
	-0.028016	19.471035	-24.182800
	-0.028023	19.380758	-24.149300
	-0.028030	19.393623	-24.188400
	-0.028037	19.449707	-24.210800
	-0.028043	19.328948	-24.123200
	-0.028050	19.664525	-24.095300
	-0.028057	19.578081	-24.065500
	-0.028064	19.526274	-24.022700
	-0.028071	19.559969	-24.056200
	-0.028077	19.446112	-24.123200
	-0.028084	19.480565	-24.242400
	-0.028091	19.640874	-24.380300
	-0.028098	19.389954	-24.365400
	-0.028104	19.499273	-24.290900
	-0.028111	19.591269	-24.194000
	-0.028118	19.666727	-24.246200
	-0.028125	19.551755	-24.344900
	-0.028132	19.497848	-24.391500
	-0.028138	19.436519	-24.289000
	-0.028145	19.711909	-24.268500
	-0.028152	19.552680	-24.389600
	-0.028159	19.597262	-24.408200
	-0.028165	19.740846	-24.292700
	-0.028172	19.586177	-24.276000
	-0.028179	19.690606	-24.181000
	-0.028186	19.679006	-24.084100
	-0.028193	19.727686	-23.992800
	-0.028199	19.703749	-23.903400
	-0.028206	19.770996	-23.886700
	-0.028213	19.839476	-23.858700
	-0.028220	19.890031	-23.948100
	-0.028226	19.792689	-24.013300
	-0.028233	19.745330	-23.950000
	-0.028240	19.811063	-23.869900
	-0.028247	20.003139	-23.834500
	-0.028254	19.883773	-23.819600
	-0.028260	19.919195	-23.836400
	-0.028267	19.963890	-23.789800
	-0.028274	19.755606	-23.786100
	-0.028281	19.799058	-23.752600
	-0.028288	19.967882	-23.791700
	-0.028294	19.950547	-23.784200
	-0.028301	19.918405	-23.575600
	-0.028308	20.152373	-23.476900
	-0.028315	20.045941	-23.497400
	-0.028321	20.161632	-23.575600
	-0.028328	20.004606	-23.307400
	-0.028335	20.203968	-20.943700
	-0.028342	21.437133	-19.144400
	-0.028349	22.269490	-18.272700
	-0.028355	22.507325	-17.879600
	-0.028362	22.522930	-17.756700
	-0.028369	22.338279	-17.784700
	-0.028376	22.385544	-17.862900
	-0.028382	22.628233	-17.881500
	-0.028389	22.538580	-17.814500
	-0.028396	22.626318	-17.821900
	-0.028403	22.485635	-17.782800
	-0.028410	22.510640	-17.702700
	-0.028416	22.522814	-17.829400
	-0.028423	22.445361	-17.918800
	-0.028430	22.428236	-17.982100
	-0.028437	22.485342	-17.963500
	-0.028443	22.363597	-17.877800
	-0.028450	22.425713	-17.840500
	-0.028457	22.398367	-17.877800
	-0.028464	22.469327	-17.877800
	-0.028471	22.437680	-17.926200
	-0.028477	22.584204	-17.911300
	-0.028484	22.339967	-17.937400
	-0.028491	22.458690	-18.036100
	-0.028498	22.633441	-18.060300
	-0.028504	22.630253	-18.038000
	-0.028511	22.521168	-17.976500
	-0.028518	22.645991	-17.922500
	-0.028525	22.602199	-17.911300
	-0.028532	22.730877	-18.026800
	-0.028538	22.633010	-18.177700
	-0.028545	22.641578	-18.084500
	-0.028552	22.751254	-17.961600
	-0.028559	22.752691	-18.069600
	-0.028566	22.704653	-18.123700
	-0.028572	22.749478	-18.119900
	-0.028579	22.914285	-18.213100
	-0.028586	22.712939	-18.220500
	-0.028593	22.832667	-18.250300
	-0.028599	22.901326	-18.239100
	-0.028606	22.666070	-18.244700
	-0.028613	22.816034	-18.399300
	-0.028620	23.001768	-18.477600
	-0.028627	22.869875	-18.373200
	-0.028633	22.802937	-18.434700
	-0.028640	22.903260	-18.511100
	-0.028647	22.838260	-18.447800
	-0.028654	22.885044	-18.242900
	-0.028660	22.847071	-18.129200
	-0.028667	22.911630	-18.177700
	-0.028674	22.934831	-18.228000
	-0.028681	22.789542	-18.406800
	-0.028688	22.776498	-18.609800
	-0.028694	22.962564	-18.613500
	-0.028701	22.788851	-18.518500
	-0.028708	22.881217	-15.912700
	-0.028715	23.074221	-9.555430
	-0.028721	26.448884	-5.938140
	-0.028728	28.299160	-4.401460
	-0.028735	28.348066	-3.796090
	-0.028742	28.290771	-0.715259
	-0.028749	28.251705	6.640360
	-0.028755	36.850774	10.905800
	-0.028762	36.792849	12.872800
	-0.028769	36.765912	13.599200
	-0.028776	36.675937	13.880500
	-0.028783	36.636011	13.996000
	-0.028789	36.895596	13.981100
	-0.028796	36.857037	13.882400
	-0.028803	36.773066	13.878600
	-0.028810	36.645656	13.921500
	-0.028816	36.659754	14.044400
	-0.028823	36.834392	14.068600
	-0.028830	36.711795	14.020200
	-0.028837	36.702075	14.124500
	-0.028844	36.947574	14.161700
	-0.028850	36.878819	14.059300
	-0.028857	36.850213	14.050000
	-0.028864	36.890578	13.988500
	-0.028871	36.866783	14.413200
	-0.028877	37.314465	14.964500
	-0.028884	38.312928	15.299900
	-0.028891	38.419507	15.398600
	-0.028898	38.298746	15.400500
	-0.028905	38.202545	15.368800
	-0.028911	38.396994	15.417200
	-0.028918	38.309054	15.469400
	-0.028925	38.230167	15.502900
	-0.028932	38.489876	15.657500
	-0.028938	38.414633	15.776700
	-0.028945	38.466493	15.765500
	-0.028952	38.349881	15.750600
	-0.028959	38.366512	15.737600
	-0.028966	38.367324	15.838200
	-0.028972	38.260574	15.927600
	-0.028979	38.378912	15.963000
	-0.028986	38.336594	15.933200
	-0.028993	38.411757	15.976000
	-0.029000	38.283991	16.121300
	-0.029006	38.448980	16.166000
	-0.029013	38.291620	16.141800
	-0.029020	38.460082	16.208900
	-0.029027	38.285082	16.324300
	-0.029033	38.401918	16.277800
	-0.029040	38.312572	16.248000
	-0.029047	38.463031	16.341100
	-0.029054	38.520214	16.328100
	-0.029061	38.428807	16.363500
	-0.029067	38.337870	16.302000
	-0.029074	38.530606	16.162300
	-0.029081	38.519153	16.134300
	-0.029088	38.602034	16.102700
	-0.029094	38.414299	16.106400
	-0.029101	38.530421	16.037500
	-0.029108	38.652921	15.976000
	-0.029115	38.529360	16.024500
	-0.029122	38.531048	16.009600
	-0.029128	38.562215	16.085900
	-0.029135	38.575950	16.166000
	-0.029142	38.428048	16.063600
	-0.029149	38.547488	15.957400
	-0.029155	38.628075	16.026300
	-0.029162	38.716371	16.177200
	-0.029169	38.486721	16.348600
	-0.029176	38.638158	16.395100
	-0.029183	38.570220	16.378400
	-0.029189	38.620701	16.251700
	-0.029196	38.554385	16.100800
	-0.029203	38.709729	16.043100
	-0.029210	38.477592	16.249800
	-0.029216	38.788116	16.324300
	-0.029223	38.917020	16.255400
	-0.029230	38.773536	16.339200
	-0.029237	38.627249	16.514300
	-0.029244	38.776254	16.685700
	-0.029250	38.696170	16.698700
	-0.029257	38.673911	16.747200
	-0.029264	38.679700	16.641000
	-0.029271	38.784966	16.585100
	-0.029278	38.745344	16.618600
	-0.029284	38.639948	16.680100
	-0.029291	38.722787	16.816100
	-0.029298	38.887724	16.829100
	-0.029305	38.852448	16.754600
	-0.029311	38.682712	16.741600
	-0.029318	38.917391	16.939000
	-0.029325	38.930128	17.104800
	-0.029332	38.809950	17.194200
	-0.029339	38.964553	17.319000
	-0.029345	38.753763	18.065900
	-0.029352	39.481294	18.742100
	-0.029359	39.997035	19.142500
	-0.029366	40.032405	19.395800
	-0.029372	40.037611	19.440500
	-0.029379	40.097364	19.412600
	-0.029386	40.222027	19.483400
	-0.029393	40.219336	19.483400
	-0.029400	40.198420	19.418200
	-0.029406	40.111572	19.399600
	-0.029413	40.270201	19.490800
	-0.029420	40.131333	19.485200
	-0.029427	40.365664	19.446100
	-0.029433	40.094888	19.418200
	-0.029440	40.136735	19.353000
	-0.029447	40.097068	19.319500
	-0.029454	40.080183	19.408900
	-0.029461	40.277553	19.518800
	-0.029467	40.120178	19.496400
	-0.029474	40.012519	19.461000
	-0.029481	40.097091	19.509500
	-0.029488	40.201031	19.496400
	-0.029495	40.120673	19.505700
	-0.029501	40.059021	19.563500
	-0.029508	40.229918	19.582100
	-0.029515	40.074149	19.569100
	-0.029522	40.210237	19.507600
	-0.029528	40.118465	19.423800
	-0.029535	40.201114	19.449900
	-0.029542	40.421458	19.492700
	-0.029549	40.319087	19.498300
	-0.029556	40.323292	19.412600
	-0.029562	40.503412	19.433100
	-0.029569	40.557725	19.442400
	-0.029576	40.742805	19.451700
	-0.029583	40.571483	19.563500
	-0.029589	40.828211	19.513200
	-0.029596	40.703473	19.477800
	-0.029603	40.907170	19.423800
	-0.029610	40.784696	19.349300
	-0.029617	40.773035	19.485200
	-0.029623	40.753504	19.518800
	-0.029630	40.612903	19.427500
	-0.029637	40.816774	19.421900
	-0.029644	40.614036	19.479700
	-0.029650	40.774038	19.483400
	-0.029657	40.708234	19.557900
	-0.029664	40.852293	19.624900
	-0.029671	40.872381	19.772100
	-0.029678	40.701116	19.848500
	-0.029684	40.931043	19.714400
	-0.029691	40.918231	19.408900
	-0.029698	41.034486	19.300800
	-0.029705	41.041437	19.258000
	-0.029712	41.061060	19.384700
	-0.029718	40.957195	19.379100
	-0.029725	41.181206	19.395800
	-0.029732	41.021389	19.421900
	-0.029739	41.078772	19.433100
	-0.029745	41.235740	19.420100
	-0.029752	41.051520	19.328800
	-0.029759	41.066194	19.304600
	-0.029766	40.959231	19.412600
	-0.029773	40.960361	19.541100
	-0.029779	41.125437	19.505700
	-0.029786	41.012193	19.433100
	-0.029793	41.139746	19.448000
	-0.029800	41.132071	19.513200
	-0.029806	41.052116	19.580200
	-0.029813	41.163801	19.652900
	-0.029820	41.202136	19.727400
	-0.029827	41.178899	19.733000
	-0.029834	41.097649	19.777700
	-0.029840	41.179128	19.733000
	-0.029847	41.174392	19.801900
	-0.029854	41.372980	19.962100
	-0.029861	41.209378	20.006800
	-0.029867	41.259607	19.928600
	-0.029874	41.226688	19.965800
	-0.029881	41.319714	19.982600
	-0.029888	41.138083	19.978800
	-0.029895	41.293454	20.001200
	-0.029901	41.196510	19.924800
	-0.029908	41.233513	19.872700
	-0.029915	41.348671	19.861500
	-0.029922	41.258847	19.839100
	-0.029928	41.256515	19.846600
	-0.029935	41.208027	19.909900
	-0.029942	41.335502	19.861500
	-0.029949	41.299986	19.865200
	-0.029956	41.293258	19.917400
	-0.029962	41.284897	19.908100
	-0.029969	41.264304	19.727400
	-0.029976	41.268927	19.550400
	-0.029983	41.458278	19.461000
	-0.029990	41.450602	19.418200
	-0.029996	41.304954	19.664100
	-0.030003	41.730813	19.848500
	-0.030010	41.660519	19.895000
	-0.030017	41.712945	19.757200
	-0.030023	41.731816	19.775800
	-0.030030	41.809524	19.986300
	-0.030037	41.750544	20.075700
	-0.030044	41.756477	20.150200
	-0.030051	41.686232	20.677300
	-0.030057	41.918990	21.100200
	-0.030064	41.842650	21.282700
	-0.030071	41.837323	21.428000
	-0.030078	41.854885	21.577000
	-0.030084	41.785276	21.802400
	-0.030091	41.788196	22.018400
	-0.030098	41.852531	22.038900
	-0.030105	41.807375	21.992400
	-0.030112	41.979316	22.087400
	-0.030118	42.137500	22.189800
	-0.030125	42.199760	22.230800
	-0.030132	42.528780	22.214000
	-0.030139	42.204156	22.197300
	-0.030145	42.244554	22.182400
	-0.030152	42.456007	22.141400
	-0.030159	42.386859	22.126500
	-0.030166	42.323005	22.072500
	-0.030173	42.153976	22.087400
	-0.030179	42.400218	22.119000
	-0.030186	42.199862	22.117200
	-0.030193	42.129609	22.141400
	-0.030200	42.066730	22.340700
	-0.030207	42.287135	22.672200
	-0.030213	43.084369	22.718800
	-0.030220	42.828001	22.767200
	-0.030227	43.047497	22.765400
	-0.030234	42.986707	22.821200
	-0.030240	43.030148	22.923700
	-0.030247	43.041004	22.949800
	-0.030254	43.127042	22.990700
	-0.030261	43.174116	23.160200
	-0.030268	43.044789	23.136000
	-0.030274	43.208999	23.007500
	-0.030281	43.026373	23.100600
	-0.030288	43.189691	23.111800
	-0.030295	43.144844	23.225400
	-0.030301	43.205526	23.134200
	-0.030308	43.163340	22.905100
	-0.030315	43.141468	22.795200
	-0.030322	43.157935	22.800800
	-0.030329	43.321963	22.823100
	-0.030335	43.177152	23.016800
	-0.030342	43.317001	23.117400
	-0.030349	43.350694	23.231000
	-0.030356	43.348688	23.244100
	-0.030362	43.300202	23.175100
	-0.030369	43.201194	23.171400
	-0.030376	43.244181	23.115500
	-0.030383	43.203128	23.033600
	-0.030390	43.301956	23.052200
	-0.030396	43.252478	23.022400
	-0.030403	43.272397	23.110000
	-0.030410	43.298549	23.137900
	-0.030417	43.429261	23.257100
	-0.030424	43.390669	23.350200
	-0.030430	43.261312	23.354000
	-0.030437	43.450025	23.419200
	-0.030444	43.333764	23.372600
	-0.030451	43.213473	23.329700
	-0.030457	43.243838	23.339100
	-0.030464	43.234527	23.331600
	-0.030471	43.271013	23.376300
	-0.030478	43.437599	23.409800
	-0.030485	43.342728	23.456400
	-0.030491	43.352752	23.592400
	-0.030498	43.353495	23.655700
	-0.030505	43.358820	23.827100
	-0.030512	43.197455	23.994700
	-0.030518	43.346248	24.091600
	-0.030525	43.325859	24.199600
	-0.030532	43.382698	24.587000
	-0.030539	43.340081	24.967000
	-0.030546	43.791017	25.138400
	-0.030552	43.852603	25.283700
	-0.030559	43.902782	25.447600
	-0.030566	44.056568	25.516500
	-0.030573	43.886041	25.510900
	-0.030579	44.020977	25.460600
	-0.030586	44.001887	25.458800
	-0.030593	44.053656	25.380500
	-0.030600	44.036088	25.419600
	-0.030607	44.115755	25.263200
	-0.030613	44.016202	25.257600
	-0.030620	44.097701	25.274300
	-0.030627	44.013003	25.203600
	-0.030634	44.187072	25.147700
	-0.030640	44.029208	25.253900
	-0.030647	44.099953	25.231500
	-0.030654	44.001821	25.311600
	-0.030661	44.076755	25.315300
	-0.030668	44.092786	25.194300
	-0.030674	44.155894	25.108600
	-0.030681	44.005407	25.183100
	-0.030688	43.838937	25.317200
	-0.030695	44.026464	25.380500
	-0.030702	44.072994	25.358200
	-0.030708	44.168899	25.382400
	-0.030715	44.146107	25.343300
	-0.030722	44.212627	25.356300
	-0.030729	44.119391	25.412200
	-0.030735	44.016866	25.581700
	-0.030742	44.118402	25.704600
	-0.030749	44.267258	25.762400
	-0.030756	44.238315	25.678500
	-0.030763	44.100973	25.510900
	-0.030769	44.198602	25.535100
	-0.030776	44.282554	25.557500
	-0.030783	44.161328	25.628300
	-0.030790	44.025390	25.527700
	-0.030796	44.211831	25.473700
	-0.030803	44.025752	25.458800
	-0.030810	44.052490	25.443800
	-0.030817	44.087191	25.412200
	-0.030824	44.050796	25.313500
	-0.030830	44.257927	25.274300
	-0.030837	44.183447	25.330200
	-0.030844	44.287530	25.436400
	-0.030851	44.247803	25.309700
	-0.030857	44.176252	25.240800
	-0.030864	44.037782	25.279900
	-0.030871	44.218797	25.315300
	-0.030878	44.269667	25.307900
	-0.030885	44.062978	25.328400
	-0.030891	44.310594	25.281800
	-0.030898	44.307043	25.334000
	-0.030905	44.227191	25.391700
	-0.030912	44.104167	25.445700
	-0.030919	44.281698	25.479200
	-0.030925	44.136373	25.566800
	-0.030932	44.205849	25.587300
	-0.030939	44.083651	25.386100
	-0.030946	44.225166	25.367500
	-0.030952	44.233911	25.445700
	-0.030959	44.204413	25.449400
	-0.030966	44.236608	25.421500
	-0.030973	44.023828	25.263200
	-0.030980	43.981374	25.145800
	-0.030986	44.231430	25.121600
	-0.030993	44.240995	25.145800
	-0.031000	44.098234	25.285500
	-0.031007	44.030684	25.311600
	-0.031013	44.257399	25.345100
	-0.031020	44.084693	25.430800
	-0.031027	44.102608	25.443800
	-0.031034	44.322367	25.367500
	-0.031041	44.209057	25.373100
	-0.031047	44.210779	25.380500
	-0.031054	44.227058	25.389800
	-0.031061	44.297464	25.425200
	-0.031068	44.359494	25.410300
	-0.031074	44.231493	25.373100
	-0.031081	44.207618	25.382400
	-0.031088	44.299621	25.430800
	-0.031095	44.304822	25.425200
	-0.031102	44.150188	25.544400
	-0.031108	44.447140	25.589100
	-0.031115	44.393786	25.466200
	-0.031122	44.238835	25.447600
	-0.031129	44.364987	25.591000
	-0.031136	44.416971	25.654300
	-0.031142	44.389760	25.665500
	-0.031149	44.331142	25.572400
	-0.031156	44.250514	25.538800
	-0.031163	44.286865	25.460600
	-0.031169	44.535757	25.501600
	-0.031176	44.555485	25.551900
	-0.031183	44.514909	25.659900
	-0.031190	44.592968	25.650600
	-0.031197	44.497917	25.585400
	-0.031203	44.466797	25.626400
	-0.031210	44.353042	25.728800
	-0.031217	44.450691	25.917000
	-0.031224	44.461806	26.006400
	-0.031230	44.511022	25.963500
	-0.031237	44.317905	25.909500
	-0.031244	44.370350	25.998900
	-0.031251	44.553987	26.045500
	-0.031258	44.286624	26.030600
	-0.031264	44.439003	26.185200
	-0.031271	44.495648	26.229900
	-0.031278	44.501003	26.129300
	-0.031285	44.579816	26.000800
	-0.031291	44.386638	25.898300
	-0.031298	44.485621	25.890900
	-0.031305	44.354598	25.889000
	-0.031312	44.392871	26.093900
	-0.031319	44.601843	26.229900
	-0.031325	44.520245	26.203800
	-0.031332	44.490213	26.220600
	-0.031339	44.461323	26.125600
	-0.031346	44.630838	25.950500
	-0.031353	44.471850	25.818200
	-0.031359	44.457811	25.680400
	-0.031366	44.438439	25.656200
	-0.031373	44.540807	25.551900
	-0.031380	44.481374	25.399100
	-0.031386	44.628073	25.527700
	-0.031393	44.577351	25.589100
	-0.031400	44.508994	25.578000
	-0.031407	44.429186	25.620800
	-0.031414	44.474152	25.712100
	-0.031420	44.592573	25.695300
	-0.031427	44.546941	25.760500
	-0.031434	44.494847	25.764200
	-0.031441	44.556073	25.745600
	-0.031447	44.560555	25.633800
	-0.031454	44.503064	25.523900
	-0.031461	44.617852	25.598400
	-0.031468	44.463008	25.646900
	-0.031475	44.391319	25.725100
	-0.031481	44.537204	25.740000
	-0.031488	44.590039	25.713900
	-0.031495	44.712168	25.764200
	-0.031502	44.569756	25.814500
	-0.031508	44.502835	25.907600
	-0.031515	44.628520	25.950500
	-0.031522	44.539871	25.930000
	-0.031529	44.713884	25.840600
	-0.031536	44.479700	25.782900
	-0.031542	44.687558	25.777300
	-0.031549	44.559041	25.797800
	-0.031556	44.746151	25.782900
	-0.031563	44.674052	25.784700
	-0.031569	44.456927	25.823800
	-0.031576	44.535395	25.775400
	-0.031583	44.713196	25.842500
	-0.031590	44.480330	25.849900
	-0.031597	44.620502	25.866700
	-0.031603	44.685077	25.883400
	-0.031610	44.517601	25.799600
	-0.031617	44.752467	25.643200
	-0.031624	44.758259	25.570500
	-0.031631	44.703299	25.555600
	-0.031637	44.600970	25.551900
	-0.031644	44.739130	25.507200
	-0.031651	44.677313	25.475500
	-0.031658	44.832206	25.499700
	-0.031664	44.682438	25.589100
	-0.031671	44.667415	25.686000
	-0.031678	44.724362	25.659900
	-0.031685	44.517880	25.673000
	-0.031692	44.519629	25.658100
	-0.031698	44.671687	25.544400
	-0.031705	44.822309	25.356300
	-0.031712	44.651205	25.287400
	-0.031719	44.639697	25.103000
	-0.031725	44.755971	25.032200
	-0.031732	44.745319	24.983800
	-0.031739	44.679001	24.937200
	-0.031746	44.764669	24.905500
	-0.031753	44.813677	24.907400
	-0.031759	44.883419	24.927900
	-0.031766	44.683378	24.905500
	-0.031773	44.870264	24.918600
	-0.031780	44.893510	24.888800
	-0.031786	44.733897	24.952100
	-0.031793	44.831012	24.907400
	-0.031800	44.843689	25.060100
	-0.031807	45.061304	25.142100
	-0.031814	44.850323	25.045200
	-0.031820	44.857875	25.049000
	-0.031827	44.883289	25.108600
	-0.031834	44.833994	25.179400
	-0.031841	44.867841	25.207300
	-0.031848	44.748980	25.231500
	-0.031854	44.954915	25.261300
	-0.031861	44.801376	25.296700
	-0.031868	44.679451	25.248300
	-0.031875	44.960472	25.283700
	-0.031881	44.856084	25.237100
	-0.031888	44.729128	25.283700
	-0.031895	44.831584	25.255700
	-0.031902	44.849293	25.190500
	-0.031909	44.893971	25.196100
	-0.031915	44.838122	25.188700
