	0.049617	-0.052362	54.609300
	0.047700	0.004393	54.609300
	0.045783	-0.057118	54.609300
	0.043866	0.223762	54.609300
	0.041949	0.121303	54.609300
	0.040033	0.319803	54.609300
	0.038116	0.366918	54.609300
	0.036199	0.222577	54.609300
	0.034282	0.453332	54.609300
	0.032365	0.513522	54.609300
	0.030448	0.530302	54.609300
	0.028531	0.641747	54.609300
	0.026614	0.980109	54.609300
	0.024698	0.920248	54.609300
	0.022781	0.941064	54.609300
	0.020864	0.968488	54.609300
	0.018947	1.256416	54.609300
	0.017030	1.446270	54.609300
	0.015113	1.416172	54.609300
	0.013196	1.643476	54.609300
	0.011279	1.749030	54.609300
	0.009363	1.933090	54.609300
	0.007446	2.183903	54.609300
	0.005529	1.980446	54.609300
	0.003612	2.388415	54.609300
	0.001695	2.775735	54.523600
	-0.000222	2.703783	53.238400
	-0.002139	3.074447	51.681200
	-0.004056	3.000008	49.999200
	-0.005972	3.424226	48.311700
	-0.007889	3.802606	46.534700
	-0.009806	3.906128	44.638500
	-0.011723	4.379147	42.390300
	-0.013640	5.165584	39.693200
	-0.015557	5.443667	36.811700
	-0.017474	6.040385	33.473800
	-0.019391	6.420383	29.476500
	-0.021307	7.878937	24.479000
	-0.023224	8.560135	18.682400
	-0.025141	9.837713	12.869100
	-0.025141	11.127097	9.056240
	-0.025148	13.705496	7.374240
	-0.025155	13.809115	6.672020
	-0.025161	13.908187	6.388900
	-0.025168	13.835129	6.314400
	-0.025175	13.807369	6.290180
	-0.025182	13.840293	6.275280
	-0.025189	13.884378	6.262240
	-0.025195	13.735582	6.169110
	-0.025202	13.790863	6.189600
	-0.025209	13.790606	6.176560
	-0.025216	13.827376	6.144900
	-0.025223	13.865556	6.131860
	-0.025229	13.786041	6.126270
	-0.025236	13.886293	6.031270
	-0.025243	13.930974	5.969810
	-0.025250	13.931466	5.949320
	-0.025256	13.878501	5.887850
	-0.025263	13.802548	5.925100
	-0.025270	13.939995	6.025690
	-0.025277	13.786469	6.023820
	-0.025284	13.870162	5.878540
	-0.025290	13.924906	5.768640
	-0.025297	14.014415	5.725800
	-0.025304	13.946170	5.744430
	-0.025311	13.911599	5.774230
	-0.025317	13.823762	5.826380
	-0.025324	13.960207	5.714620
	-0.025331	13.936486	5.632670
	-0.025338	13.986925	5.524630
	-0.025345	13.844792	5.573060
	-0.025351	13.977086	5.757470
	-0.025358	13.954341	5.763050
	-0.025365	13.895082	5.774230
	-0.025372	13.965401	5.731390
	-0.025378	13.917194	5.751880
	-0.025385	13.940658	5.809620
	-0.025392	13.975492	5.679230
	-0.025399	14.105380	5.608450
	-0.025406	13.966553	5.513460
	-0.025412	13.845601	5.504150
	-0.025419	13.795209	5.506010
	-0.025426	13.775348	5.541400
	-0.025433	13.993736	5.537670
	-0.025439	14.170565	5.612180
	-0.025446	13.876072	5.610320
	-0.025453	13.994828	5.627080
	-0.025460	13.863738	5.574930
	-0.025467	13.871212	5.519050
	-0.025473	14.014506	5.334640
	-0.025480	14.006443	5.245240
	-0.025487	14.112608	5.276900
	-0.025494	14.102365	5.170730
	-0.025501	13.971510	5.120440
	-0.025507	14.078810	5.077600
	-0.025514	13.839197	5.034760
	-0.025521	13.894866	5.003090
	-0.025528	13.938520	5.112990
	-0.025534	13.979824	5.127890
	-0.025541	14.162704	5.207980
	-0.025548	14.039453	5.262000
	-0.025555	14.065777	5.250830
	-0.025562	13.903142	5.127890
	-0.025568	14.042551	5.209850
	-0.025575	14.008903	5.269450
	-0.025582	14.115407	5.278770
	-0.025589	14.010273	5.286220
	-0.025595	14.010577	5.176320
	-0.025602	14.189324	5.112990
	-0.025609	13.704512	4.982600
	-0.025616	14.108469	4.921140
	-0.025623	13.938265	4.906240
	-0.025629	13.904338	4.867120
	-0.025636	13.938191	4.973290
	-0.025643	13.998933	5.031030
	-0.025650	13.897491	5.049660
	-0.025656	14.064558	5.068290
	-0.025663	14.184171	5.036620
	-0.025670	14.199854	4.870850
	-0.025677	13.943534	4.760950
	-0.025684	13.956305	4.764680
	-0.025690	13.989528	4.872710
	-0.025697	13.987304	4.882020
	-0.025704	13.990899	4.913690
	-0.025711	14.181477	5.036620
	-0.025718	14.015199	5.019860
	-0.025724	14.100566	4.982600
	-0.025731	13.989487	4.861530
	-0.025738	13.905974	4.744190
	-0.025745	14.126393	4.792620
	-0.025751	14.111713	4.958390
	-0.025758	13.937986	4.984470
	-0.025765	14.160251	4.896920
	-0.025772	14.119872	4.835460
	-0.025779	14.025130	4.727420
	-0.025785	14.147171	4.673410
	-0.025792	14.021789	4.559780
	-0.025799	14.210853	4.500180
	-0.025806	14.033518	4.472240
	-0.025812	14.010209	4.427540
	-0.025819	14.051677	4.431260
	-0.025826	13.946378	4.379110
	-0.025833	14.078440	4.379110
	-0.025840	13.968863	4.390280
	-0.025846	14.007482	4.462930
	-0.025853	13.847762	4.552330
	-0.025860	14.095673	4.559780
	-0.025867	14.138641	4.414500
	-0.025873	13.960185	4.312050
	-0.025880	14.004382	4.284110
	-0.025887	13.977824	4.297150
	-0.025894	13.969010	4.220780
	-0.025901	14.104440	4.129510
	-0.025907	14.103457	4.245000
	-0.025914	14.089824	4.315780
	-0.025921	14.000387	4.304600
	-0.025928	13.962823	4.190980
	-0.025935	14.082609	4.129510
	-0.025941	14.050724	4.243130
	-0.025948	14.055775	4.332540
	-0.025955	13.949384	4.310190
	-0.025962	13.878266	4.321370
	-0.025968	14.032018	4.328820
	-0.025975	14.103957	4.353030
	-0.025982	14.227210	4.375380
	-0.025989	13.989619	4.306460
	-0.025996	13.912362	4.235680
	-0.026002	13.997411	4.241270
	-0.026009	14.106615	4.291560
	-0.026016	13.763315	4.317640
	-0.026023	14.058140	4.265490
	-0.026029	13.978186	4.148140
	-0.026036	13.920353	4.094120
	-0.026043	14.117410	4.088540
	-0.026050	14.055645	4.002850
	-0.026057	14.013006	4.045690
	-0.026063	14.076301	3.984230
	-0.026070	13.963975	3.846390
	-0.026077	14.091272	3.814730
	-0.026084	14.146378	3.783050
	-0.026090	13.937793	3.710400
	-0.026097	14.162995	3.719720
	-0.026104	13.980761	3.693640
	-0.026111	13.938409	3.742070
	-0.026118	14.206877	3.853840
	-0.026124	13.856595	3.898550
	-0.026131	13.920245	3.928350
	-0.026138	14.105681	3.950700
	-0.026145	13.988699	3.960010
	-0.026151	14.120623	3.928350
	-0.026158	14.140633	3.945110
	-0.026165	14.063066	3.902270
	-0.026172	14.103247	3.807260
	-0.026179	14.035726	3.831490
	-0.026185	14.069828	3.820310
	-0.026192	14.107750	3.740210
	-0.026199	14.184126	3.676880
	-0.026206	14.141545	3.809120
	-0.026213	14.023414	3.814730
	-0.026219	14.125381	3.749520
	-0.026226	14.013257	3.719720
	-0.026233	14.102907	3.719720
	-0.026240	14.286193	3.678740
	-0.026246	14.090981	3.676880
	-0.026253	14.075757	3.708540
	-0.026260	14.136102	3.751380
	-0.026267	14.203103	3.822180
	-0.026274	14.204092	3.768150
	-0.026280	14.240661	3.695500
	-0.026287	14.301437	3.550220
	-0.026294	14.276183	3.507380
	-0.026301	14.098027	3.686190
	-0.026307	14.131952	3.812850
	-0.026314	14.096339	3.756970
	-0.026321	14.239321	3.719720
	-0.026328	14.129418	3.717850
	-0.026335	14.192518	3.675010
	-0.026341	14.305382	3.768150
	-0.026348	14.340293	3.797950
	-0.026355	14.443761	3.676880
	-0.026362	14.232148	3.634040
	-0.026368	14.151299	3.714130
	-0.026375	14.319242	3.704820
	-0.026382	14.417537	3.621000
	-0.026389	14.496706	3.540900
	-0.026396	14.424127	3.421690
	-0.026402	14.522187	3.388170
	-0.026409	14.310469	3.524140
	-0.026416	14.222425	3.645210
	-0.026423	14.354728	3.740210
	-0.026430	14.237243	3.656390
	-0.026436	14.296621	3.507380
	-0.026443	14.426572	3.432870
	-0.026450	14.336806	3.408660
	-0.026457	14.332750	3.501790
	-0.026463	14.449246	3.492470
	-0.026470	14.432463	3.607960
	-0.026477	14.262331	3.602370
	-0.026484	14.375011	3.598640
	-0.026491	14.363555	3.544630
	-0.026497	14.587450	3.436590
	-0.026504	14.356921	3.451500
	-0.026511	14.385519	3.436590
	-0.026518	14.338602	3.423560
	-0.026524	14.465048	3.501790
	-0.026531	14.538506	3.384440
	-0.026538	14.338033	3.304350
	-0.026545	14.447510	3.328560
	-0.026552	14.333687	3.343460
	-0.026558	14.691634	3.369540
	-0.026565	14.478843	3.278270
	-0.026572	14.429595	3.282000
	-0.026579	14.347756	3.289450
	-0.026585	14.219267	3.285720
	-0.026592	14.280203	3.203760
	-0.026599	14.567902	3.242880
	-0.026606	14.391755	3.198180
	-0.026613	14.310839	3.129260
	-0.026619	14.492131	3.075240
	-0.026626	14.393728	3.075240
	-0.026633	14.686395	3.032400
	-0.026640	14.499331	3.026810
	-0.026647	14.442927	3.051030
	-0.026653	14.544822	3.125530
	-0.026660	14.521615	3.173960
	-0.026667	14.523541	3.108770
	-0.026674	14.648395	2.974660
	-0.026680	14.565255	2.950440
	-0.026687	14.497533	2.877800
	-0.026694	14.497886	2.786530
	-0.026701	14.449989	2.795840
	-0.026708	14.389959	2.827510
	-0.026714	14.486113	2.769770
	-0.026721	14.495554	2.786530
	-0.026728	14.653617	2.769770
	-0.026735	14.617722	2.717610
	-0.026741	14.591705	2.659870
	-0.026748	14.779371	2.652420
	-0.026755	14.879175	2.630070
	-0.026762	14.747052	2.704580
	-0.026769	14.709439	2.713890
	-0.026775	14.761928	2.689670
	-0.026782	14.683900	2.792120
	-0.026789	14.895015	2.820060
	-0.026796	14.986569	2.937410
	-0.026802	15.059917	3.028680
	-0.026809	14.979379	3.077100
	-0.026816	14.967866	3.123670
	-0.026823	15.010900	3.134850
	-0.026830	14.978180	3.136710
	-0.026836	15.173991	3.142300
	-0.026843	15.110618	3.268960
	-0.026850	15.161903	3.386300
	-0.026857	15.374320	3.391890
	-0.026863	15.163724	3.330420
	-0.026870	15.200464	3.326700
	-0.026877	15.326108	3.242880
	-0.026884	15.128733	3.166510
	-0.026891	14.998337	3.114360
	-0.026897	15.111433	3.078970
	-0.026904	15.067286	3.030540
	-0.026911	15.029379	2.954170
	-0.026918	15.311798	2.976520
	-0.026925	15.114862	2.918780
	-0.026931	15.207413	2.887110
	-0.026938	15.303316	2.838690
	-0.026945	15.191573	2.840550
	-0.026952	15.147610	2.797710
	-0.026958	15.174204	2.726930
	-0.026965	15.313343	2.751140
	-0.026972	15.280974	2.786530
	-0.026979	15.375660	3.110630
	-0.026986	15.268327	3.485020
	-0.026992	15.675423	3.673150
	-0.026999	15.606394	3.751380
	-0.027006	15.592537	3.715990
	-0.027013	15.685873	3.745790
	-0.027019	15.620850	3.906000
	-0.027026	15.668103	3.924620
	-0.027033	15.569800	3.878060
	-0.027040	15.562995	3.814730
	-0.027047	15.559742	3.796090
	-0.027053	15.545485	3.719720
	-0.027060	15.562798	3.529730
	-0.027067	15.587392	3.585610
	-0.027074	15.640023	3.576290
	-0.027080	15.656814	3.568840
	-0.027087	15.572748	3.578160
	-0.027094	15.664105	3.641490
	-0.027101	15.721107	3.609820
	-0.027108	15.667869	3.667560
	-0.027114	15.630109	3.663840
	-0.027121	15.737268	3.622860
	-0.027128	15.681957	3.663840
	-0.027135	15.738771	3.660110
	-0.027142	15.834933	3.626580
	-0.027148	15.793501	3.565120
	-0.027155	15.632778	3.464530
	-0.027162	15.641233	3.371400
	-0.027169	15.832875	3.386300
	-0.027175	15.799138	3.315520
	-0.027182	15.720778	3.203760
	-0.027189	15.762373	3.160920
	-0.027196	15.849207	3.153470
	-0.027203	15.879987	3.233570
	-0.027209	15.727816	3.375130
	-0.027216	15.820670	3.419830
	-0.027223	15.842393	3.404930
	-0.027230	15.799798	3.324840
	-0.027236	15.907391	3.255920
	-0.027243	15.731438	3.106910
	-0.027250	15.981935	3.039850
	-0.027257	15.773174	3.078970
	-0.027264	15.991191	3.110630
	-0.027270	15.991780	3.127400
	-0.027277	15.764141	3.065930
	-0.027284	16.031427	2.991420
	-0.027291	15.931333	2.881530
	-0.027297	15.956319	2.820060
	-0.027304	16.022008	2.890840
	-0.027311	16.097884	2.864760
	-0.027318	15.872477	3.021220
	-0.027325	16.115998	3.078970
	-0.027331	15.866625	3.123670
	-0.027338	16.118526	3.116220
	-0.027345	16.070342	3.194450
	-0.027352	16.031601	3.280130
	-0.027359	16.141739	3.369540
	-0.027365	16.049964	3.388170
	-0.027372	16.039760	3.276410
	-0.027379	16.051147	3.255920
	-0.027386	16.030203	3.207490
	-0.027392	16.077459	3.270820
	-0.027399	16.284679	3.417970
	-0.027406	16.326619	3.488750
	-0.027413	16.261370	3.444050
	-0.027420	16.426354	3.436590
	-0.027426	16.277807	3.362090
	-0.027433	16.392913	3.403070
	-0.027440	16.278479	3.457080
	-0.027447	16.329772	3.501790
	-0.027453	16.385701	3.565120
	-0.027460	16.352962	3.565120
	-0.027467	16.312467	3.529730
	-0.027474	16.178520	3.540900
	-0.027481	16.382731	3.434730
	-0.027487	16.255974	3.388170
	-0.027494	16.405778	3.291310
	-0.027501	16.326376	3.261510
	-0.027508	16.385922	3.213080
	-0.027514	16.387268	3.254060
	-0.027521	16.345817	3.227980
	-0.027528	16.443562	3.244740
	-0.027535	16.378095	3.179550
	-0.027542	16.517954	3.153470
	-0.027548	16.329125	3.218670
	-0.027555	16.423350	3.332290
	-0.027562	16.351216	3.460810
	-0.027569	16.420286	3.596780
	-0.027575	16.406921	3.654520
	-0.027582	16.360762	3.645210
	-0.027589	16.395938	3.574430
	-0.027596	16.516567	3.483160
	-0.027603	16.449099	3.421690
	-0.027609	16.408753	3.417970
	-0.027616	16.276442	3.380720
	-0.027623	16.356872	3.417970
	-0.027630	16.577542	3.423560
	-0.027637	16.476263	3.347190
	-0.027643	16.454570	3.295030
	-0.027650	16.696425	3.265230
	-0.027657	16.381032	3.224250
	-0.027664	16.396828	3.175820
	-0.027670	16.587340	3.149750
	-0.027677	16.418471	3.092010
	-0.027684	16.455711	2.976520
	-0.027691	16.500768	2.924370
	-0.027698	16.424621	2.779080
	-0.027704	16.477329	2.706440
	-0.027711	16.524069	2.706440
	-0.027718	16.566559	2.816330
	-0.027725	16.481347	2.892700
	-0.027731	16.605291	5.004960
	-0.027738	17.598400	9.281620
	-0.027745	20.299854	11.669500
	-0.027752	20.158538	12.891400
	-0.027759	20.229192	13.578700
	-0.027765	20.412917	13.813400
	-0.027772	20.506231	13.917700
	-0.027779	20.487141	13.865600
	-0.027786	20.592504	13.902800
	-0.027792	20.514224	13.971800
	-0.027799	20.544742	14.046300
	-0.027806	20.645140	14.135700
	-0.027813	20.649193	14.189700
	-0.027820	20.672237	14.154300
	-0.027826	20.658245	14.130100
	-0.027833	20.549862	14.191600
	-0.027840	20.559922	14.163600
	-0.027847	20.550694	14.091000
	-0.027854	20.732532	14.171100
	-0.027860	20.667385	14.191600
	-0.027867	20.859651	14.247400
	-0.027874	20.599619	14.351700
	-0.027881	20.653838	14.444900
	-0.027887	20.617703	14.487700
	-0.027894	20.488268	14.489600
	-0.027901	20.560820	14.497000
	-0.027908	20.689600	14.456000
	-0.027915	20.716808	14.413200
	-0.027921	20.729985	14.366600
	-0.027928	20.630197	14.422500
	-0.027935	20.635052	14.312600
	-0.027942	20.658538	14.193400
	-0.027948	20.736077	14.102100
	-0.027955	20.591360	14.096600
	-0.027962	20.720145	14.085400
	-0.027969	20.674036	14.061200
	-0.027976	20.795068	14.064900
	-0.027982	20.699273	14.014600
	-0.027989	20.764398	14.091000
	-0.027996	20.651163	14.081700
	-0.028003	20.761262	14.264200
	-0.028009	20.510196	14.362900
	-0.028016	20.765277	14.312600
	-0.028023	20.684411	14.359200
	-0.028030	20.789774	14.361100
	-0.028037	20.634903	14.269800
	-0.028043	20.954017	14.172900
	-0.028050	20.852249	14.040700
	-0.028057	20.761422	13.999700
	-0.028064	20.855214	14.145000
	-0.028071	20.964047	14.359200
	-0.028077	20.954902	14.554800
	-0.028084	21.012669	14.698200
	-0.028091	21.169687	14.769000
	-0.028098	21.061105	14.752200
	-0.028104	21.113812	14.769000
	-0.028111	20.960594	14.806200
	-0.028118	21.127141	14.755900
	-0.028125	21.019441	14.660900
	-0.028132	20.906435	14.759700
	-0.028138	20.966636	14.918000
	-0.028145	21.157786	14.873300
	-0.028152	21.116551	14.748500
	-0.028159	21.250094	14.715000
	-0.028165	21.075091	14.746600
	-0.028172	21.164006	14.726100
	-0.028179	21.175624	14.724300
	-0.028186	21.219656	14.659100
	-0.028193	21.303139	14.647900
	-0.028199	21.210853	14.685200
	-0.028206	21.174362	14.677700
	-0.028213	21.385508	14.606900
	-0.028220	21.364984	14.519400
	-0.028226	21.405971	14.558500
	-0.028233	21.176492	14.564100
	-0.028240	21.430811	14.627400
	-0.028247	21.368272	14.631100
	-0.028254	21.438039	14.701900
	-0.028260	21.427589	14.709400
	-0.028267	21.327876	14.642300
	-0.028274	21.403962	14.705600
	-0.028281	21.388810	14.785700
	-0.028288	21.535273	14.804400
	-0.028294	21.315498	14.841600
	-0.028301	21.350301	14.772700
	-0.028308	21.484726	14.728000
	-0.028315	21.512478	14.776400
	-0.028321	21.595325	14.823000
	-0.028328	21.618744	14.815500
	-0.028335	21.419043	14.837900
	-0.028342	21.309679	14.772700
	-0.028349	21.533698	14.720500
	-0.028355	21.527310	14.715000
	-0.028362	21.553719	14.796900
	-0.028369	21.500666	14.854700
	-0.028376	21.405932	16.175300
	-0.028382	22.654703	17.853600
	-0.028389	23.555800	18.682400
	-0.028396	23.391661	19.066200
	-0.028403	23.639901	19.189100
	-0.028410	23.560110	19.189100
	-0.028416	23.791037	19.118300
	-0.028423	23.584115	19.209600
	-0.028430	23.514288	19.194700
	-0.028437	23.624041	19.118300
	-0.028443	23.598765	19.079200
	-0.028450	23.600030	19.088500
	-0.028457	23.601743	19.086600
	-0.028464	23.593896	19.030800
	-0.028471	23.716075	18.868700
	-0.028477	23.673494	18.725300
	-0.028484	23.516960	18.678700
	-0.028491	23.541136	18.617300
	-0.028498	23.503426	18.578100
	-0.028504	23.572038	18.550200
	-0.028511	23.611561	18.581900
	-0.028518	23.495634	18.587500
	-0.028525	23.610964	18.637700
	-0.028532	23.805924	18.604200
	-0.028538	23.523795	18.593000
	-0.028545	23.624865	18.565100
	-0.028552	23.592730	18.604200
	-0.028559	23.754891	18.637700
	-0.028566	23.730363	18.701100
	-0.028572	23.855866	18.770000
	-0.028579	23.904993	19.164900
	-0.028586	23.826627	20.023600
	-0.028593	24.482035	20.513400
	-0.028599	24.181385	20.852400
	-0.028606	24.731543	21.023800
	-0.028613	24.972403	21.148600
	-0.028620	25.094178	21.232400
	-0.028627	24.941515	21.204500
	-0.028633	24.966979	21.184000
	-0.028640	25.018095	21.167200
	-0.028647	25.122671	21.359100
	-0.028654	25.032582	21.616100
	-0.028660	25.153622	21.828500
	-0.028667	25.247585	21.794900
	-0.028674	25.285839	21.781900
	-0.028681	25.036066	21.845200
	-0.028688	25.177567	21.865700
	-0.028694	25.189885	21.994200
	-0.028701	25.221936	22.083600
	-0.028708	25.238846	22.169300
	-0.028715	25.149356	22.184200
	-0.028721	25.449668	22.247600
	-0.028728	25.306297	22.374200
	-0.028735	25.326387	22.495300
	-0.028742	25.363426	22.489700
	-0.028749	25.264335	22.344400
	-0.028755	25.260254	22.256900
	-0.028762	25.459124	22.269900
	-0.028769	25.285234	22.355600
	-0.028776	25.303189	22.383500
	-0.028783	25.408814	22.456200
	-0.028789	25.407792	22.536300
	-0.028796	25.370225	22.540000
	-0.028803	25.346745	22.513900
	-0.028810	25.567979	22.506500
	-0.028816	25.356792	22.642400
	-0.028823	25.448721	22.627500
	-0.028830	25.440614	22.491600
	-0.028837	25.470590	22.478500
	-0.028844	25.625566	22.502700
	-0.028850	25.581441	22.579100
	-0.028857	25.569068	22.607000
	-0.028864	25.563100	22.623800
	-0.028871	25.631209	22.573500
	-0.028877	25.466305	22.495300
	-0.028884	25.715633	22.933000
	-0.028891	25.614545	26.207500
	-0.028898	28.183704	29.878800
	-0.028905	29.059698	32.551800
	-0.028911	30.806582	33.840800
	-0.028918	30.600967	34.258000
	-0.028925	30.661989	34.470300
	-0.028932	30.826354	34.576500
	-0.028938	30.807808	34.660300
	-0.028945	30.739442	34.667800
	-0.028952	30.718896	34.684500
	-0.028959	30.834983	34.585800
	-0.028966	30.768761	34.515000
	-0.028972	30.495878	34.490800
	-0.028979	30.811574	34.554200
	-0.028986	30.745659	40.004300
	-0.028993	32.557112	47.045100
	-0.029000	41.578523	50.761000
	-0.029006	41.520930	52.282800
	-0.029013	41.628142	52.871400
	-0.029020	41.578653	53.165700
	-0.029027	41.608165	53.260700
	-0.029033	41.672298	53.370600
	-0.029040	41.688771	53.493500
	-0.029047	41.552614	53.549400
	-0.029054	41.655728	53.709600
	-0.029061	41.485710	53.745000
	-0.029067	41.561713	53.653700
	-0.029074	41.597864	53.657500
	-0.029081	41.560486	53.754300
	-0.029088	41.489796	53.832500
	-0.029094	41.558154	53.845600
	-0.029101	41.751401	53.949900
	-0.029108	41.700884	53.920100
	-0.029115	41.750829	53.910800
	-0.029122	41.763967	53.970400
	-0.029128	41.648472	54.072800
	-0.029135	41.750857	54.082100
	-0.029142	41.493471	54.149200
	-0.029149	41.778744	54.244200
	-0.029155	41.607656	54.264700
	-0.029162	41.697640	54.283300
	-0.029169	41.779921	54.136200
	-0.029176	41.542443	54.007600
	-0.029183	41.700727	53.998300
	-0.029189	41.608974	54.035600
	-0.029196	41.791037	54.119400
	-0.029203	41.693960	54.169700
	-0.029210	41.752976	54.214400
	-0.029216	41.714730	54.249800
	-0.029223	41.540799	54.311200
	-0.029230	41.766167	54.508700
	-0.029237	41.822176	54.585000
	-0.029244	41.960939	54.605500
	-0.029250	41.962345	54.609300
	-0.029257	41.963426	54.609300
	-0.029264	41.887365	54.609300
	-0.029271	41.949356	54.609300
	-0.029278	41.927559	54.609300
	-0.029284	41.834582	54.609300
	-0.029291	41.879907	54.609300
	-0.029298	41.914752	54.609300
	-0.029305	41.970651	54.609300
	-0.029311	41.973403	54.609300
	-0.029318	42.045413	54.609300
	-0.029325	41.974942	54.609300
	-0.029332	41.787989	54.609300
	-0.029339	42.085265	54.581300
	-0.029345	41.798306	54.566400
	-0.029352	41.899702	54.566400
	-0.029359	41.908831	54.525400
	-0.029366	41.969065	54.540300
	-0.029372	41.816354	54.549700
	-0.029379	41.813453	54.609300
	-0.029386	41.919844	54.609300
	-0.029393	41.849475	54.609300
	-0.029400	41.989238	54.609300
	-0.029406	41.939000	54.609300
	-0.029413	42.166255	54.609300
	-0.029420	41.994739	54.609300
	-0.029427	41.861981	54.609300
	-0.029433	42.012660	54.609300
	-0.029440	41.960356	54.609300
	-0.029447	41.939268	54.609300
	-0.029454	41.941484	54.609300
	-0.029461	42.030556	54.609300
	-0.029467	42.048008	54.609300
	-0.029474	41.922038	54.609300
	-0.029481	42.010292	54.609300
	-0.029488	42.028131	54.609300
	-0.029495	42.025373	54.609300
	-0.029501	41.850279	54.609300
	-0.029508	42.023933	54.609300
	-0.029515	42.063550	54.609300
	-0.029522	41.983140	54.609300
	-0.029528	41.983176	54.609300
	-0.029535	42.055504	54.609300
	-0.029542	42.002827	54.609300
	-0.029549	42.222394	54.609300
	-0.029556	42.221869	54.609300
	-0.029562	42.146088	54.609300
	-0.029569	42.029490	54.609300
	-0.029576	42.192938	54.609300
	-0.029583	42.167167	54.609300
	-0.029589	42.041780	54.609300
	-0.029596	42.055841	54.609300
	-0.029603	42.124765	54.609300
	-0.029610	42.154330	54.609300
	-0.029617	42.134737	54.609300
	-0.029623	42.267302	54.609300
	-0.029630	42.212959	54.609300
	-0.029637	42.245720	54.609300
	-0.029644	42.180402	54.609300
	-0.029650	42.345148	54.609300
	-0.029657	42.440338	54.609300
	-0.029664	42.454714	54.609300
	-0.029671	42.285897	54.609300
	-0.029678	42.431684	54.609300
	-0.029684	42.265664	54.609300
	-0.029691	42.341631	54.609300
	-0.029698	42.361331	54.609300
	-0.029705	42.549356	54.609300
	-0.029712	42.480968	54.609300
	-0.029718	42.507336	54.609300
	-0.029725	42.493291	54.609300
	-0.029732	42.491407	54.609300
	-0.029739	42.300066	54.609300
	-0.029745	42.389998	54.609300
	-0.029752	42.445471	54.609300
	-0.029759	42.517302	54.609300
	-0.029766	42.531139	54.609300
	-0.029773	42.589716	54.609300
	-0.029779	42.673000	54.609300
	-0.029786	42.434812	54.609300
	-0.029793	42.638310	54.609300
	-0.029800	42.542838	54.609300
	-0.029806	42.420518	54.609300
	-0.029813	42.468996	54.609300
	-0.029820	42.598121	54.609300
	-0.029827	42.540468	54.609300
	-0.029834	42.432759	54.609300
	-0.029840	42.518927	54.609300
	-0.029847	42.505015	54.609300
	-0.029854	42.609649	54.609300
	-0.029861	42.488194	54.609300
	-0.029867	42.621632	54.609300
	-0.029874	42.577105	54.609300
	-0.029881	42.556463	54.609300
	-0.029888	42.682104	54.609300
	-0.029895	42.550309	54.609300
	-0.029901	42.548699	54.609300
	-0.029908	42.450564	54.609300
	-0.029915	42.330543	54.609300
	-0.029922	42.642139	54.609300
	-0.029928	42.608737	54.609300
	-0.029935	42.371195	54.609300
	-0.029942	42.614335	54.609300
	-0.029949	42.647099	54.609300
	-0.029956	42.412975	54.609300
	-0.029962	42.439846	54.609300
	-0.029969	42.578012	54.609300
	-0.029976	42.511707	54.609300
	-0.029983	42.468780	54.609300
	-0.029990	42.599677	54.609300
	-0.029996	42.526652	54.609300
	-0.030003	42.528564	54.609300
	-0.030010	42.428573	54.609300
	-0.030017	42.653741	54.609300
	-0.030023	42.439619	54.609300
	-0.030030	42.524218	54.609300
	-0.030037	43.170596	54.609300
	-0.030044	43.383712	54.609300
	-0.030051	43.500804	54.609300
	-0.030057	43.553877	54.609300
	-0.030064	43.611171	54.609300
	-0.030071	43.358079	54.609300
	-0.030078	43.441835	54.609300
	-0.030084	43.399837	54.609300
	-0.030091	43.501254	54.609300
	-0.030098	43.432858	54.609300
	-0.030105	43.440067	54.609300
	-0.030112	43.489616	54.609300
	-0.030118	43.435430	54.609300
	-0.030125	43.462323	54.609300
	-0.030132	43.479833	54.609300
	-0.030139	43.632687	54.609300
	-0.030145	43.611215	54.609300
	-0.030152	43.523182	54.609300
	-0.030159	43.564650	54.609300
	-0.030166	43.619712	54.609300
	-0.030173	43.555979	54.609300
	-0.030179	43.633016	54.609300
	-0.030186	43.504136	54.609300
	-0.030193	43.473624	54.609300
	-0.030200	43.612481	54.609300
	-0.030207	43.603448	54.609300
	-0.030213	43.373848	54.609300
	-0.030220	43.625271	54.609300
	-0.030227	43.493493	54.609300
	-0.030234	43.780382	54.609300
	-0.030240	43.486491	54.609300
	-0.030247	43.623635	54.609300
	-0.030254	43.508949	54.609300
	-0.030261	43.561815	54.609300
	-0.030268	43.444397	54.609300
	-0.030274	43.547215	54.609300
	-0.030281	43.542910	54.609300
	-0.030288	43.579907	54.609300
	-0.030295	43.460817	54.609300
	-0.030301	43.586682	54.609300
	-0.030308	43.371126	54.609300
	-0.030315	43.623165	54.609300
	-0.030322	43.622889	54.609300
	-0.030329	43.691540	54.609300
	-0.030335	43.623627	54.609300
	-0.030342	43.622787	54.609300
	-0.030349	43.772002	54.609300
	-0.030356	43.542007	54.609300
	-0.030362	43.819178	54.609300
	-0.030369	43.859505	54.609300
	-0.030376	43.473707	54.609300
	-0.030383	43.478310	54.609300
	-0.030390	43.673580	54.609300
	-0.030396	43.657485	54.609300
	-0.030403	43.887008	54.609300
	-0.030410	43.944966	54.609300
	-0.030417	43.713495	54.609300
	-0.030424	43.771419	54.609300
	-0.030430	43.592435	54.609300
	-0.030437	43.606057	54.609300
	-0.030444	43.682330	54.609300
	-0.030451	43.864956	54.609300
	-0.030457	43.591067	54.609300
	-0.030464	43.824655	54.609300
	-0.030471	43.626064	54.609300
	-0.030478	43.819225	54.609300
	-0.030485	43.844659	54.609300
	-0.030491	43.663600	54.609300
	-0.030498	43.735646	54.609300
	-0.030505	43.569507	54.609300
	-0.030512	43.642407	54.609300
	-0.030518	43.773643	54.609300
	-0.030525	43.636348	54.609300
	-0.030532	43.776442	54.609300
	-0.030539	43.782858	54.609300
	-0.030546	43.814346	54.609300
	-0.030552	43.726779	54.609300
	-0.030559	43.584618	54.609300
	-0.030566	43.701719	54.609300
	-0.030573	43.796577	54.609300
	-0.030579	43.849760	54.609300
	-0.030586	43.758549	54.609300
	-0.030593	43.730932	54.609300
	-0.030600	43.933734	54.609300
	-0.030607	44.528321	54.609300
	-0.030613	44.393427	54.609300
	-0.030620	44.368374	54.609300
	-0.030627	44.412265	54.609300
	-0.030634	44.394847	54.609300
	-0.030640	44.315874	54.609300
	-0.030647	44.505606	54.609300
	-0.030654	44.478255	54.609300
	-0.030661	44.432347	54.609300
	-0.030668	44.399359	54.609300
	-0.030674	44.382565	54.609300
	-0.030681	44.487249	54.609300
	-0.030688	44.256327	54.609300
	-0.030695	44.595916	54.609300
	-0.030702	44.400655	54.609300
	-0.030708	44.297853	54.609300
	-0.030715	44.350702	54.609300
	-0.030722	44.220761	54.609300
	-0.030729	44.492023	54.609300
	-0.030735	44.356722	54.609300
	-0.030742	44.363340	54.609300
	-0.030749	44.638810	54.609300
	-0.030756	44.496436	54.609300
	-0.030763	44.389459	54.609300
	-0.030769	44.518405	54.609300
	-0.030776	44.519449	54.609300
	-0.030783	44.401453	54.609300
	-0.030790	44.270253	54.609300
	-0.030796	44.539995	54.609300
	-0.030803	44.633275	54.609300
	-0.030810	44.316216	54.609300
	-0.030817	44.411547	54.609300
	-0.030824	44.284016	54.609300
	-0.030830	44.339666	54.609300
	-0.030837	44.447220	54.609300
	-0.030844	44.500718	54.609300
	-0.030851	44.386986	54.609300
	-0.030857	44.459759	54.609300
	-0.030864	44.475724	54.609300
	-0.030871	44.486442	54.609300
	-0.030878	44.366280	54.609300
	-0.030885	44.614644	54.609300
	-0.030891	44.563575	54.609300
	-0.030898	44.337776	54.609300
	-0.030905	44.344814	54.609300
	-0.030912	44.470958	54.609300
	-0.030919	44.496325	54.609300
	-0.030925	44.389072	54.609300
	-0.030932	44.424395	54.609300
	-0.030939	44.498207	54.609300
	-0.030946	44.326091	54.609300
	-0.030952	44.511909	54.609300
	-0.030959	44.434016	54.609300
	-0.030966	44.639531	54.609300
	-0.030973	44.571281	54.609300
	-0.030980	44.485237	54.609300
	-0.030986	44.609179	54.609300
	-0.030993	44.612387	54.609300
	-0.031000	44.526509	54.609300
	-0.031007	44.407449	54.609300
	-0.031013	44.381593	54.609300
	-0.031020	44.424193	54.609300
	-0.031027	44.551937	54.609300
	-0.031034	44.473152	54.609300
	-0.031041	44.453446	54.609300
	-0.031047	44.360099	54.609300
	-0.031054	44.542753	54.609300
	-0.031061	44.532524	54.609300
	-0.031068	44.587312	54.609300
	-0.031074	44.427111	54.609300
	-0.031081	44.554015	54.609300
	-0.031088	44.573886	54.609300
	-0.031095	44.427934	54.609300
	-0.031102	44.365589	54.609300
	-0.031108	44.461453	54.609300
	-0.031115	44.439826	54.609300
	-0.031122	44.576440	54.609300
	-0.031129	44.493750	54.609300
	-0.031136	44.426274	54.609300
	-0.031142	44.352365	54.609300
	-0.031149	44.496005	54.609300
	-0.031156	44.638464	54.609300
	-0.031163	44.516487	54.609300
	-0.031169	44.482960	54.609300
	-0.031176	44.530670	54.609300
	-0.031183	44.587870	54.609300
	-0.031190	44.554570	54.609300
	-0.031197	44.368507	54.609300
	-0.031203	44.535071	54.609300
	-0.031210	44.420974	54.609300
	-0.031217	44.580352	54.609300
	-0.031224	44.456184	54.609300
	-0.031230	44.534718	54.609300
	-0.031237	44.351100	54.609300
	-0.031244	44.477094	54.609300
	-0.031251	44.622964	54.609300
	-0.031258	44.547831	54.609300
	-0.031264	44.392775	54.609300
	-0.031271	44.535574	54.609300
	-0.031278	44.492750	54.609300
	-0.031285	44.661177	54.609300
	-0.031291	44.571590	54.609300
	-0.031298	44.522364	54.609300
	-0.031305	44.494568	54.609300
	-0.031312	44.512472	54.609300
	-0.031319	44.516404	54.609300
	-0.031325	44.483889	54.609300
	-0.031332	44.510967	54.609300
	-0.031339	44.588669	54.609300
	-0.031346	44.771745	54.609300
	-0.031353	44.647867	54.609300
	-0.031359	44.600064	54.609300
	-0.031366	44.619620	54.609300
	-0.031373	44.392509	54.609300
	-0.031380	44.485121	54.609300
	-0.031386	44.295540	54.609300
	-0.031393	44.427871	54.609300
	-0.031400	44.479236	54.609300
	-0.031407	44.485259	54.609300
	-0.031414	44.623751	54.609300
	-0.031420	44.614854	54.609300
	-0.031427	44.407690	54.609300
	-0.031434	44.346842	54.609300
	-0.031441	44.442725	54.609300
	-0.031447	44.529413	54.609300
	-0.031454	44.516846	54.609300
	-0.031461	44.648397	54.609300
	-0.031468	44.660353	54.609300
	-0.031475	44.655515	54.609300
	-0.031481	44.568405	54.609300
	-0.031488	44.477415	54.609300
	-0.031495	44.564777	54.609300
	-0.031502	44.663368	54.609300
	-0.031508	44.628161	54.609300
	-0.031515	44.639061	54.609300
	-0.031522	44.631369	54.609300
	-0.031529	44.673143	54.609300
	-0.031536	44.545013	54.609300
	-0.031542	44.609019	54.609300
	-0.031549	44.603656	54.609300
	-0.031556	44.610558	54.609300
	-0.031563	44.564959	54.609300
	-0.031569	44.508961	54.609300
	-0.031576	44.630181	54.609300
	-0.031583	44.617819	54.609300
	-0.031590	44.694720	54.609300
	-0.031597	44.648594	54.609300
	-0.031603	44.626774	54.609300
	-0.031610	44.625028	54.609300
	-0.031617	44.666459	54.609300
	-0.031624	44.519200	54.609300
	-0.031631	44.676216	54.609300
	-0.031637	44.545969	54.609300
	-0.031644	44.784546	54.609300
	-0.031651	44.532723	54.609300
	-0.031658	44.579819	54.609300
	-0.031664	44.452169	54.609300
	-0.031671	44.487832	54.609300
	-0.031678	44.571364	54.609300
	-0.031685	44.656220	54.609300
	-0.031692	44.411293	54.609300
	-0.031698	44.486718	54.609300
	-0.031705	44.429614	54.609300
	-0.031712	44.507195	54.609300
	-0.031719	44.614296	54.609300
	-0.031725	44.544269	54.609300
	-0.031732	44.684632	54.609300
	-0.031739	44.680929	54.609300
	-0.031746	44.799889	54.609300
	-0.031753	44.696513	54.609300
	-0.031759	44.775290	54.609300
	-0.031766	44.737923	54.609300
	-0.031773	44.636409	54.609300
	-0.031780	44.654078	54.609300
	-0.031786	44.793601	54.609300
	-0.031793	44.763771	54.609300
	-0.031800	44.694225	54.609300
	-0.031807	44.615269	54.609300
	-0.031814	44.782297	54.609300
	-0.031820	44.778998	54.609300
	-0.031827	44.708035	54.609300
	-0.031834	44.775876	54.609300
	-0.031841	44.745129	54.609300
	-0.031848	44.721590	54.609300
	-0.031854	44.901047	54.609300
	-0.031861	44.763044	54.609300
	-0.031868	44.783181	54.609300
	-0.031875	44.659867	54.609300
	-0.031881	44.885784	54.609300
	-0.031888	44.725531	54.609300
	-0.031895	44.703354	54.609300
	-0.031902	44.913000	54.609300
	-0.031909	44.720557	54.609300
	-0.031915	44.849420	54.609300
